1476 0.012625
0.356254 0.215524 0.356793
0.408742 0.210873 0.322396
0.455156 0.207125 0.312903
0.49973 0.207237 0.313164
0.540471 0.207158 0.314487
0.589695 0.210098 0.323612
0.321076 0.214867 0.405698
0.374325 0.280809 0.372536
0.449322 0.281868 0.352984
0.497943 0.278463 0.350594
0.558431 0.282047 0.355559
0.628675 0.261976 0.376872
0.321317 0.196919 0.455066
0.351764 0.283027 0.449031
0.447017 0.299813 0.445331
0.49927 0.297016 0.442414
0.562612 0.300461 0.44578
0.649401 0.265608 0.451184
0.3197 0.208321 0.497949
0.352075 0.277771 0.499718
0.449256 0.297571 0.496587
0.501303 0.293098 0.497547
0.561746 0.297662 0.49807
0.654904 0.257683 0.501242
0.321134 0.213562 0.542428
0.357055 0.283265 0.562094
0.448749 0.302052 0.565115
0.498597 0.296899 0.563668
0.558191 0.301425 0.55799
0.652953 0.256886 0.549715
0.34254 0.212231 0.587928
0.370016 0.239424 0.634621
0.446841 0.256337 0.649039
0.500083 0.256322 0.64849
0.548265 0.270913 0.642025
0.624935 0.258539 0.615414
0.351789 0.250753 0.353095
0.341232 0.213489 0.594992
0.333314 0.266703 0.505185
0.556325 0.297159 0.49244
0.458654 0.292619 0.606726
0.550124 0.218284 0.306761
0.331032 0.221688 0.608593
0.352217 0.212006 0.609337
0.67087 0.194272 0.481734
0.472161 0.222125 0.298411
0.631129 0.220259 0.629673
0.623022 0.268305 0.609043
0.506307 0.283511 0.624643
0.495952 0.295302 0.521451
0.569225 0.297581 0.472216
0.670108 0.196571 0.46657
0.31302 0.228933 0.551828
0.368524 0.215723 0.3383
0.531237 0.245225 0.65719
0.356918 0.231642 0.631202
0.37579 0.271538 0.618242
0.440612 0.303279 0.568371
0.315345 0.223416 0.564885
0.518199 0.296481 0.573158
0.389695 0.211606 0.645554
0.672193 0.226335 0.563803
0.520248 0.294796 0.528532
0.450547 0.26528 0.641196
0.656817 0.242758 0.596567
0.467247 0.294002 0.497468
0.483952 0.22595 0.661847
0.664553 0.242635 0.572896
0.550532 0.296303 0.478905
0.663218 0.215869 0.587491
0.513223 0.249367 0.652029
0.316036 0.222089 0.406096
0.333708 0.235664 0.605821
0.324982 0.261063 0.435829
0.615635 0.285314 0.599542
0.650782 0.263209 0.440345
0.463536 0.295526 0.449492
0.547894 0.219711 0.306451
0.47796 0.257242 0.647137
0.469365 0.216171 0.664875
0.541058 0.295618 0.51542
0.509873 0.29307 0.496637
0.547542 0.213004 0.668621
0.587444 0.292523 0.390385
0.478972 0.288476 0.476855
0.636762 0.273233 0.521827
0.42712 0.304155 0.558212
0.362897 0.285525 0.555758
0.667997 0.241265 0.412365
0.391848 0.216371 0.653457
0.610958 0.293324 0.583693
0.475541 0.290238 0.460526
0.361204 0.245187 0.625091
0.502408 0.290751 0.476884
0.36796 0.284457 0.597077
0.602454 0.292531 0.409788
0.463464 0.296907 0.440992
0.316796 0.217399 0.532137
0.63397 0.269686 0.592775
0.354957 0.213202 0.62745
0.538551 0.206191 0.661458
0.679403 0.218582 0.466162
0.63874 0.2655 0.405748
0.522366 0.279379 0.630626
0.44685 0.281973 0.625076
0.314334 0.223474 0.55916
0.461463 0.286371 0.617562
0.630458 0.255668 0.612149
0.310784 0.241093 0.461591
0.314875 0.247294 0.462236
0.410282 0.23443 0.317548
0.669609 0.242572 0.450226
0.678015 0.228456 0.439131
0.535161 0.227946 0.308173
0.661617 0.253273 0.460845
0.652467 0.256153 0.580391
0.536002 0.293827 0.602989
0.329184 0.263562 0.467493
0.50607 0.269736 0.337785
0.625607 0.281715 0.525984
0.447375 0.274425 0.342575
0.66078 0.228758 0.36637
0.551025 0.296292 0.497966
0.364397 0.272559 0.61048
0.521418 0.259785 0.6461
0.316987 0.250056 0.495651
0.480413 0.296213 0.433115
0.674728 0.202895 0.477973
0.668422 0.238623 0.496675
0.514868 0.295051 0.538272
0.507844 0.293649 0.459583
0.601026 0.293527 0.470868
0.441518 0.229459 0.666813
0.35206 0.220124 0.352285
0.550878 0.294432 0.387212
0.542506 0.301608 0.418581
0.486647 0.252452 0.65016
0.465094 0.276151 0.348174
0.517259 0.293004 0.497699
0.645126 0.220257 0.362522
0.396605 0.224044 0.320296
0.676101 0.231546 0.454572
0.641586 0.219975 0.354388
0.445305 0.296953 0.463037
0.397374 0.211194 0.639721
0.314579 0.246856 0.486031
0.572459 0.297853 0.465668
0.678206 0.218778 0.457358
0.4881 0.289675 0.381136
0.521139 0.236304 0.311175
0.430039 0.226595 0.669054
0.431821 0.300753 0.522737
0.529512 0.22578 0.663154
0.611843 0.289831 0.427925
0.455203 0.297582 0.445528
0.581654 0.218792 0.672149
0.397823 0.248497 0.646747
0.323122 0.25022 0.547631
0.669018 0.19859 0.461832
0.381451 0.244113 0.638245
0.405684 0.297121 0.492964
0.356664 0.22328 0.34154
0.376798 0.219369 0.645315
0.498531 0.289994 0.480063
0.5329 0.283819 0.359661
0.522498 0.278794 0.630112
0.606196 0.221607 0.323312
0.588485 0.296452 0.514287
0.406676 0.297204 0.490326
0.313308 0.206708 0.481297
0.493573 0.296103 0.575364
0.352977 0.280962 0.574807
0.397226 0.30016 0.571882
0.58973 0.217666 0.664856
0.403128 0.283014 0.619433
0.468946 0.29741 0.416698
0.669619 0.200979 0.459085
0.566444 0.19772 0.663233
0.519842 0.299389 0.433996
0.582957 0.217876 0.670479
0.331567 0.262968 0.533565
0.324159 0.256609 0.512239
0.348053 0.275886 0.584909
0.670987 0.202195 0.464143
0.321143 0.221066 0.401261
0.50599 0.24089 0.313367
0.600907 0.292666 0.489866
0.609625 0.290199 0.4674
0.53926 0.25916 0.328701
0.460975 0.284594 0.364226
0.36973 0.284289 0.509273
0.645497 0.265763 0.435747
0.345102 0.272873 0.525386
0.410766 0.287884 0.364342
0.45586 0.285926 0.36503
0.404424 0.218837 0.660534
0.663438 0.229614 0.377402
0.313463 0.221601 0.527983
0.647918 0.263207 0.500668
0.31373 0.211752 0.491055
0.441797 0.252582 0.651154
0.52822 0.209843 0.65672
0.360494 0.284855 0.575073
0.569035 0.303019 0.569727
0.40739 0.228805 0.317499
0.345026 0.216294 0.608018
0.448713 0.276074 0.345783
0.564833 0.247703 0.322786
0.308154 0.222919 0.514448
0.429646 0.289905 0.613899
0.64801 0.221414 0.358467
0.644928 0.264854 0.510121
0.647783 0.259738 0.534529
0.547083 0.29719 0.543724
0.356509 0.279352 0.535594
0.426306 0.298836 0.495845
0.337433 0.265612 0.399142
0.330855 0.260712 0.540328
0.528998 0.219503 0.310465
0.3161 0.205443 0.464298
0.51572 0.250826 0.321687
0.490515 0.245153 0.31684
0.40166 0.219615 0.323229
0.383299 0.290838 0.394489
0.544581 0.300496 0.425648
0.656827 0.222248 0.375374
0.32296 0.218485 0.567492
0.663338 0.239103 0.540219
0.313501 0.214282 0.438607
0.467579 0.296302 0.582027
0.557276 0.217524 0.310737
0.412615 0.22237 0.315074
0.532656 0.289273 0.611903
0.6677 0.223998 0.397534
0.502389 0.244904 0.31694
0.521927 0.291375 0.49894
0.307884 0.224565 0.510047
0.554954 0.276857 0.349422
0.499654 0.294116 0.448756
0.549968 0.270245 0.640862
0.352293 0.277747 0.547218
0.312887 0.232699 0.425082
0.36781 0.284396 0.538806
0.39346 0.292975 0.496439
0.649752 0.264269 0.475778
0.623579 0.281884 0.514743
0.568046 0.2994 0.442652
0.38419 0.273044 0.619331
0.537839 0.23493 0.663175
0.49913 0.298329 0.418559
0.56787 0.247519 0.662031
0.584565 0.226212 0.314051
0.35465 0.223378 0.629089
0.400683 0.24331 0.328426
0.40275 0.301875 0.4195
0.396815 0.291237 0.385022
0.515602 0.293056 0.588477
0.487943 0.246095 0.318474
0.5024 0.2196 0.308639
0.513407 0.298448 0.412068
0.402645 0.294057 0.47364
0.320688 0.251389 0.506945
0.587981 0.300246 0.555656
0.597208 0.236821 0.324886
0.62692 0.229513 0.643629
0.571155 0.302559 0.569994
0.441607 0.301377 0.417841
0.466249 0.29435 0.441186
0.488234 0.293981 0.440811
0.346581 0.233199 0.351819
0.532456 0.223406 0.6636
0.60869 0.230492 0.32769
0.661078 0.206041 0.514118
0.603736 0.24167 0.65203
0.552248 0.29605 0.460773
0.658338 0.253795 0.476072
0.474451 0.21043 0.312148
0.376682 0.277676 0.368674
0.473018 0.265081 0.637747
0.664039 0.208757 0.516071
0.534956 0.292037 0.519677
0.428793 0.295903 0.473595
0.32385 0.247925 0.550789
0.664048 0.229416 0.594187
0.453338 0.29393 0.390011
0.521143 0.27124 0.341855
0.517536 0.286634 0.614151
0.524226 0.293934 0.574029
0.320001 0.249925 0.489056
0.389462 0.283352 0.372058
0.580267 0.29571 0.523928
0.417537 0.297284 0.391218
0.333942 0.260381 0.554595
0.473603 0.249369 0.322831
0.667302 0.216014 0.520497
0.65579 0.222215 0.381161
0.422173 0.300061 0.532972
0.586945 0.293951 0.475414
0.512817 0.251474 0.647777
0.651356 0.259425 0.481257
0.64327 0.262654 0.549488
0.638714 0.263963 0.410699
0.554076 0.263465 0.335635
0.471565 0.285647 0.473286
0.398913 0.218357 0.646541
0.660073 0.207134 0.527525
0.448234 0.295276 0.502455
0.463039 0.237746 0.312569
0.583043 0.296892 0.409495
0.638646 0.239424 0.351092
0.641514 0.222111 0.357762
0.649508 0.255611 0.515847
0.455591 0.2963 0.529007
0.368837 0.281923 0.518191
0.414052 0.302262 0.410972
0.505793 0.211534 0.653264
0.470856 0.286304 0.475968
0.60142 0.28471 0.390347
0.58228 0.231929 0.669009
0.450203 0.234175 0.311259
0.363539 0.279496 0.502478
0.478381 0.270195 0.63271
0.397319 0.228366 0.325522
0.315512 0.236713 0.425108
0.359693 0.263693 0.364256
0.427041 0.300071 0.542637
0.447056 0.264788 0.636975
0.485949 0.218396 0.310113
0.333298 0.267548 0.430031
0.471574 0.251718 0.326098
0.436169 0.298143 0.531193
0.456508 0.273754 0.348081
0.664463 0.235685 0.563298
0.608082 0.260816 0.624883
0.400688 0.271717 0.625444
0.582419 0.26721 0.640635
0.587825 0.295299 0.454898
0.366498 0.288243 0.408993
0.420777 0.297843 0.457355
0.521496 0.292512 0.578421
0.661921 0.203137 0.505144
0.318885 0.246538 0.516129
0.48541 0.289767 0.451653
0.55302 0.295441 0.541918
0.557143 0.298888 0.426531
0.348322 0.223159 0.620167
0.382591 0.236927 0.335204
0.329682 0.232256 0.387741
0.524041 0.212598 0.653556
0.410055 0.294843 0.482247
0.502273 0.28569 0.474886
0.423571 0.232643 0.316163
0.374924 0.283942 0.527721
0.437598 0.244525 0.321493
0.386407 0.294914 0.408842
0.340044 0.246316 0.374287
0.63333 0.252334 0.607127
0.49968 0.29153 0.542091
0.651048 0.22272 0.612651
0.616214 0.244035 0.637937
0.376534 0.238462 0.339772
0.643014 0.264045 0.48428
0.336357 0.270606 0.423846
0.520257 0.21637 0.652358
0.403296 0.226595 0.326366
0.457222 0.267088 0.341329
0.470151 0.292905 0.557961
0.49394 0.286434 0.49708
0.59317 0.291355 0.491513
0.499245 0.285642 0.488007
0.480266 0.28544 0.492945
0.398855 0.290999 0.476195
0.308722 0.223133 0.468962
0.672177 0.225034 0.437267
0.66125 0.230032 0.590499
0.561782 0.292383 0.484099
0.386953 0.217022 0.63487
0.520041 0.237442 0.3172
0.373657 0.285188 0.460534
0.44989 0.222622 0.663126
0.460128 0.28994 0.493554
0.378121 0.284252 0.471154
0.316781 0.220885 0.423579
0.327368 0.255088 0.519805
0.381289 0.291809 0.406614
0.622671 0.265744 0.603508
0.66613 0.206157 0.492982
0.550285 0.291322 0.497022
0.652228 0.250502 0.507597
0.506318 0.293945 0.437537
0.533131 0.284043 0.369419
0.444012 0.293135 0.464697
0.33379 0.22578 0.592314
0.662246 0.237093 0.554289
0.659949 0.22219 0.400657
0.607453 0.282757 0.60645
0.340726 0.264014 0.556476
0.639311 0.263083 0.50529
0.521866 0.286189 0.521882
0.529142 0.20851 0.65232
0.546009 0.209479 0.660457
0.441073 0.280826 0.358514
0.624993 0.269051 0.403345
0.670122 0.230796 0.453034
0.590594 0.295857 0.547196
0.325522 0.25266 0.460074
0.411826 0.299644 0.56188
0.425904 0.285418 0.613612
0.65644 0.228731 0.382013
0.348948 0.239582 0.611139
0.434709 0.2989 0.558687
0.56378 0.292104 0.511323
0.6202 0.278793 0.522533
0.50603 0.288327 0.536499
0.605709 0.231291 0.649908
0.594117 0.22511 0.655739
0.33749 0.257743 0.396698
0.420438 0.296806 0.523332
0.455966 0.243022 0.651952
0.329901 0.24396 0.570719
0.354495 0.241544 0.614653
0.629623 0.26619 0.40657
0.581154 0.226918 0.66714
0.396539 0.238025 0.645387
0.547162 0.29108 0.465525
0.656481 0.226128 0.387049
0.446288 0.291025 0.48096
0.591084 0.294194 0.539605
0.62153 0.239092 0.342263
0.61368 0.284536 0.458018
0.526851 0.285298 0.475146
0.405162 0.295511 0.452171
0.339239 0.270115 0.430158
0.635858 0.262225 0.525221
0.365914 0.219943 0.610608
0.538662 0.203522 0.652184
0.411622 0.249994 0.645261
0.419769 0.289566 0.376029
0.408859 0.291049 0.602767
0.4658 0.266178 0.345308
0.571175 0.272223 0.632738
0.582545 0.296099 0.419478
0.364901 0.224707 0.623929
0.453916 0.271081 0.34873
0.629776 0.256991 0.5993
0.412651 0.29612 0.449997
0.548019 0.288595 0.500601
0.566254 0.294447 0.540917
0.482558 0.284318 0.384487
0.49143 0.277255 0.364832
0.525061 0.284282 0.511818
0.477803 0.214479 0.319784
0.596963 0.264484 0.627554
0.431777 0.290828 0.604481
0.558919 0.290395 0.509093
0.351416 0.224756 0.608074
0.313224 0.225846 0.466113
0.647978 0.24954 0.532737
0.54899 0.289169 0.469847
0.590009 0.293278 0.445834
0.478697 0.289507 0.401278
0.485572 0.230249 0.655033
0.328645 0.228644 0.565587
0.378102 0.232675 0.631722
0.575661 0.293674 0.458986
0.528994 0.215619 0.322246
0.364806 0.281964 0.577371
0.562175 0.249181 0.655449
0.387031 0.225739 0.63403
0.629307 0.237422 0.349234
0.548222 0.275117 0.357514
0.627787 0.258749 0.597154
0.412955 0.29278 0.50254
0.416668 0.289622 0.380386
0.530609 0.284079 0.609607
0.579674 0.28754 0.387115
0.463977 0.21461 0.658069
0.633789 0.26539 0.554986
0.599361 0.274437 0.616325
0.414862 0.293789 0.515891
0.612001 0.281555 0.497731
0.518317 0.289324 0.447673
0.408569 0.293702 0.595635
0.599743 0.239059 0.64802
0.428891 0.28495 0.610716
0.515236 0.254399 0.332636
0.577266 0.291234 0.467642
0.563691 0.28967 0.512581
0.569324 0.252346 0.652163
0.497604 0.282572 0.503552
0.638143 0.258166 0.517742
0.392947 0.285639 0.474904
0.443574 0.288148 0.605696
0.662096 0.214954 0.502958
0.655942 0.235162 0.518715
0.491471 0.282301 0.463534
0.381084 0.281503 0.47201
0.658895 0.222267 0.567432
0.481196 0.224184 0.315261
0.590223 0.237178 0.655718
0.470227 0.289673 0.565933
0.554647 0.27023 0.633177
0.322261 0.230516 0.522363
0.513741 0.282715 0.508886
0.345351 0.262404 0.511566
0.638023 0.248874 0.388067
0.342711 0.259685 0.486977
0.640279 0.246812 0.593966
0.625645 0.270833 0.489555
0.396266 0.286895 0.391896
0.3196 0.228998 0.452179
0.415593 0.232186 0.330192
0.464898 0.273259 0.360826
0.485255 0.283589 0.529295
0.527548 0.223519 0.32239
0.433855 0.245077 0.64846
0.550272 0.288413 0.39247
0.558226 0.26444 0.637591
0.53358 0.282925 0.525905
0.607392 0.22994 0.338128
0.66131 0.207302 0.480813
0.500394 0.285221 0.545613
0.475142 0.207389 0.657028
0.406787 0.291096 0.522175
0.49237 0.282421 0.521505
0.505775 0.287002 0.56554
0.377818 0.287522 0.410519
0.399158 0.288346 0.515343
0.416472 0.293874 0.452491
0.636438 0.233528 0.616391
0.562619 0.226159 0.321548
0.342877 0.226756 0.57795
0.325573 0.217675 0.439055
0.482687 0.282822 0.520908
0.356728 0.275859 0.447216
0.423277 0.290523 0.386699
0.418693 0.233416 0.653873
0.518229 0.280194 0.496504
0.521856 0.258335 0.636655
0.346939 0.245753 0.378237
0.370923 0.236477 0.617661
0.486189 0.243908 0.642719
0.483757 0.280826 0.522066
0.337322 0.227533 0.564981
0.437518 0.294185 0.425824
0.396006 0.286257 0.394715
0.565614 0.275386 0.623619
0.640879 0.24996 0.511327
0.375884 0.283165 0.573272
0.50006 0.286315 0.440069
0.657047 0.212024 0.497268
0.577671 0.273584 0.359848
0.347313 0.261615 0.513464
0.462964 0.283399 0.459304
0.652335 0.245962 0.420385
0.654276 0.218879 0.539843
0.470719 0.279946 0.384881
0.328479 0.244074 0.533388
0.491196 0.277474 0.467504
0.461705 0.254688 0.635617
0.486489 0.246589 0.33149
0.532874 0.249588 0.331653
0.581071 0.298716 0.580581
0.438129 0.267778 0.624479
0.608518 0.230923 0.341362
0.503607 0.251211 0.638391
0.460414 0.287228 0.539826
0.619549 0.260617 0.599118
0.652143 0.244905 0.461331
0.425332 0.230304 0.329068
0.580191 0.226592 0.655325
0.357532 0.276006 0.40782
0.520465 0.280842 0.53483
0.383326 0.227551 0.624749
0.347293 0.228809 0.581047
0.484826 0.274816 0.474336
0.344708 0.256644 0.492165
0.487911 0.216026 0.651888
0.614531 0.248407 0.615139
0.341514 0.239534 0.581511
0.618655 0.26902 0.410008
0.376638 0.281695 0.404995
0.361564 0.267247 0.469253
0.444856 0.286389 0.459985
0.39916 0.24842 0.627839
0.363673 0.278831 0.411254
0.615927 0.276364 0.549355
0.617858 0.271921 0.495618
0.327186 0.224196 0.436722
0.504967 0.240445 0.642935
0.44111 0.246766 0.332725
0.652819 0.225644 0.563757
0.358066 0.234343 0.605869
0.332662 0.230285 0.412267
0.410928 0.23156 0.635995
0.616008 0.248651 0.613296
0.369918 0.270229 0.597248
0.55034 0.292091 0.419585
0.324169 0.23189 0.470598
0.444328 0.22274 0.651459
0.630904 0.256709 0.524131
0.506438 0.287683 0.4268
0.416538 0.266399 0.34855
0.473554 0.283 0.400141
0.554948 0.287155 0.396694
0.545165 0.280636 0.611541
0.513068 0.288739 0.412642
0.507237 0.274691 0.483712
0.475671 0.228583 0.651156
0.652464 0.217613 0.515346
0.524787 0.257601 0.340914
0.601407 0.234377 0.63736
0.347782 0.2555 0.487715
0.352118 0.264075 0.401055
0.623409 0.26682 0.430463
0.45712 0.280017 0.495286
0.457986 0.284679 0.545318
0.370341 0.278947 0.409446
0.39868 0.248534 0.623925
0.455734 0.228223 0.651543
0.540381 0.2782 0.520908
0.435764 0.28616 0.460275
0.60369 0.258173 0.36575
0.39718 0.277714 0.380662
0.456237 0.287703 0.423807
0.493821 0.271389 0.472534
0.406779 0.244664 0.632698
0.41525 0.293103 0.562304
0.45837 0.280703 0.390013
0.528944 0.235443 0.32953
0.453547 0.287961 0.410794
0.448209 0.289795 0.573546
0.34055 0.256935 0.45153
0.656189 0.219356 0.475779
0.567638 0.237265 0.655738
0.512839 0.259941 0.627586
0.576503 0.290024 0.543308
0.401154 0.276995 0.374813
0.363243 0.234885 0.60446
0.330514 0.225519 0.459074
0.462208 0.277173 0.48098
0.643931 0.233578 0.389906
0.545178 0.289079 0.410606
0.340634 0.252287 0.505193
0.487635 0.236687 0.643313
0.512807 0.263145 0.624586
0.591852 0.255041 0.626376
0.400121 0.236782 0.628824
0.381899 0.269985 0.382506
0.384288 0.275131 0.534974
0.495118 0.270241 0.495589
0.507428 0.279624 0.444564
0.460452 0.284615 0.425585
0.366575 0.276336 0.412986
0.507544 0.23517 0.641086
0.541852 0.228532 0.333066
0.428376 0.291164 0.56658
0.469852 0.267294 0.61541
0.509261 0.239199 0.333834
0.34367 0.252348 0.516516
0.422443 0.24832 0.638309
0.605837 0.27601 0.47794
0.597882 0.275299 0.395083
0.487408 0.206233 0.646863
0.382403 0.280271 0.585415
0.543973 0.225628 0.649665
0.491253 0.245026 0.338753
0.52851 0.285603 0.425862
0.331851 0.234375 0.462254
0.386574 0.277189 0.395593
0.603625 0.236836 0.628334
0.586276 0.281523 0.479507
0.631532 0.233017 0.373074
0.443654 0.23478 0.336089
0.455997 0.234327 0.334722
0.592954 0.280234 0.478641
0.372173 0.267446 0.526667
0.503731 0.212616 0.642582
0.33641 0.245707 0.516063
0.61392 0.267968 0.512679
0.380816 0.283016 0.41732
0.532184 0.28006 0.54997
0.550131 0.287727 0.590334
0.646505 0.220744 0.519222
0.360777 0.259402 0.585236
0.439685 0.268831 0.361104
0.358759 0.26057 0.570609
0.560771 0.274443 0.376382
0.46497 0.244277 0.634841
0.363232 0.273341 0.416331
0.592846 0.247799 0.624397
0.365652 0.255351 0.377562
0.6215 0.253488 0.588228
0.500135 0.281378 0.411849
0.432314 0.232918 0.642282
0.613875 0.228135 0.614704
0.372132 0.265251 0.532231
0.338626 0.240403 0.477982
0.479611 0.264826 0.476577
0.534067 0.282359 0.43558
0.335696 0.239689 0.455219
0.576897 0.265653 0.622169
0.518788 0.238855 0.636187
0.610669 0.264939 0.588263
0.648331 0.206726 0.476486
0.453008 0.245341 0.635892
0.405666 0.227004 0.618184
0.591581 0.231862 0.631874
0.419287 0.282892 0.477349
0.461697 0.24315 0.636421
0.513649 0.278401 0.39956
0.496309 0.267138 0.495501
0.632544 0.251419 0.564189
0.367214 0.237218 0.593983
0.489027 0.245392 0.632086
0.500653 0.270244 0.528158
0.624231 0.253716 0.509299
0.553809 0.276599 0.503801
0.502206 0.272454 0.536918
0.59017 0.286644 0.420976
0.363005 0.257182 0.46763
0.431123 0.281291 0.399766
0.514739 0.241563 0.340552
0.579058 0.277847 0.389308
0.614941 0.25731 0.586445
0.341108 0.252183 0.425318
0.452212 0.27401 0.491611
0.499103 0.242503 0.630836
0.607086 0.237154 0.360824
0.388481 0.271764 0.394721
0.350615 0.261018 0.416555
0.339938 0.236362 0.458583
0.339698 0.235769 0.456506
0.421723 0.248816 0.63125
0.588625 0.284411 0.436013
0.536106 0.270538 0.467148
0.547666 0.229132 0.643839
0.583277 0.277435 0.482225
0.437915 0.277854 0.497704
0.478407 0.251745 0.623179
0.552937 0.256403 0.350837
0.470024 0.254703 0.359519
0.474315 0.27232 0.543454
0.620399 0.25148 0.399061
0.426571 0.242145 0.346312
0.466338 0.274691 0.446644
0.471771 0.273882 0.54808
0.378248 0.231338 0.592573
0.556392 0.275558 0.52511
0.499563 0.27021 0.539081
0.401526 0.277537 0.397598
0.614149 0.253306 0.592
0.540236 0.268836 0.612538
0.513113 0.273943 0.39604
0.395449 0.238204 0.611279
0.409352 0.285508 0.589589
0.411358 0.231079 0.619559
0.427463 0.282594 0.428669
0.346279 0.235301 0.466056
0.594222 0.27308 0.403946
0.484446 0.271349 0.594008
0.342244 0.233023 0.435038
0.557565 0.245442 0.347646
0.635254 0.236157 0.549064
0.633945 0.245867 0.423782
0.554783 0.244112 0.347074
0.63582 0.23499 0.475503
0.359894 0.251089 0.549867
0.612544 0.240411 0.369479
0.470024 0.263896 0.492471
0.393403 0.267364 0.386896
0.536563 0.264284 0.490405
0.474622 0.265644 0.525847
0.539094 0.220443 0.636019
0.629618 0.235849 0.393166
0.62033 0.24282 0.590935
0.480047 0.271965 0.591477
0.475441 0.272804 0.430826
0.57398 0.281079 0.453375
0.626589 0.251528 0.448493
0.382856 0.261453 0.517545
0.467673 0.275248 0.571872
0.431211 0.27526 0.38713
0.515689 0.271025 0.445697
0.499422 0.259521 0.491335
0.641145 0.214719 0.486748
0.629617 0.240351 0.482977
0.460018 0.262529 0.372226
0.49789 0.260565 0.37566
0.478338 0.255034 0.616073
0.551992 0.281886 0.412442
0.573242 0.278304 0.463103
0.384326 0.256985 0.520763
0.427782 0.277315 0.453606
0.496224 0.266746 0.550446
0.606223 0.264514 0.416108
0.63423 0.221407 0.544863
0.641441 0.232614 0.440591
0.403448 0.267552 0.519681
0.475273 0.259221 0.50564
0.636223 0.226308 0.477155
0.464145 0.234287 0.634
0.569845 0.271052 0.51521
0.404165 0.25879 0.367313
0.597331 0.273718 0.564712
0.503027 0.228719 0.348209
0.494675 0.220799 0.635702
0.536535 0.261439 0.513867
0.357702 0.260651 0.430136
0.536482 0.261163 0.507703
0.539455 0.271139 0.545963
0.498591 0.234201 0.628284
0.393877 0.263346 0.483886
0.489781 0.254714 0.484936
0.399214 0.225882 0.606521
0.622172 0.242948 0.48359
0.364833 0.260625 0.409778
0.47628 0.258354 0.387226
0.372939 0.251406 0.518674
0.372309 0.255629 0.553071
0.440994 0.274134 0.455789
0.478927 0.27173 0.41857
0.519502 0.266714 0.551943
0.574864 0.275009 0.465532
0.458311 0.265027 0.473297
0.44383 0.270354 0.493044
0.440739 0.271162 0.496809
0.41604 0.259412 0.60857
0.39025 0.254926 0.503559
0.583091 0.271631 0.400431
0.44353 0.266939 0.391277
0.628092 0.229833 0.4084
0.363932 0.238837 0.484023
0.625298 0.245042 0.44543
0.441001 0.270891 0.536847
0.503351 0.242228 0.617097
0.566763 0.272013 0.398497
0.366576 0.238217 0.502535
0.629031 0.242218 0.44197
0.52767 0.255558 0.527729
0.398597 0.269861 0.584497
0.463664 0.242752 0.357745
0.39121 0.257436 0.476296
0.574843 0.274612 0.456907
0.404217 0.266476 0.536055
0.410369 0.260627 0.371498
0.476826 0.264451 0.55465
0.401734 0.274134 0.422216
0.609 0.251591 0.529271
0.514433 0.228531 0.352057
0.626462 0.236195 0.409034
0.610958 0.246668 0.586292
0.536359 0.255342 0.478222
0.633536 0.214588 0.496655
0.510983 0.257509 0.533913
0.50011 0.261499 0.397449
0.638459 0.226948 0.450761
0.538854 0.257074 0.488211
0.365997 0.235431 0.523336
0.366621 0.235694 0.52117
0.501994 0.256429 0.461125
0.546723 0.261193 0.509228
0.436845 0.27692 0.560209
0.377952 0.256193 0.573859
0.397534 0.250374 0.588073
0.459914 0.248645 0.610749
0.520825 0.26443 0.429256
0.398765 0.248448 0.371488
0.511376 0.261806 0.436263
0.620314 0.244297 0.447659
0.625665 0.234627 0.417279
0.415441 0.267575 0.475255
0.513385 0.260015 0.553495
0.368284 0.255119 0.440001
0.430701 0.275029 0.56068
0.385046 0.246115 0.580291
0.529579 0.261501 0.397683
0.630582 0.208316 0.508687
0.484696 0.233586 0.36053
0.573373 0.239781 0.622567
0.526354 0.245501 0.48205
0.535409 0.238841 0.357729
0.492981 0.252042 0.388271
0.455055 0.258251 0.494876
0.593068 0.265368 0.413586
0.54601 0.256943 0.472142
0.507926 0.253965 0.535435
0.361681 0.246161 0.414498
0.445611 0.261343 0.387253
0.5044 0.244218 0.481625
0.40405 0.270184 0.426709
0.46801 0.262742 0.411876
0.610569 0.247941 0.468481
0.481317 0.231485 0.62254
0.552869 0.268062 0.45141
0.606155 0.248767 0.529
0.580008 0.246053 0.36811
0.43265 0.236839 0.62461
0.549998 0.263332 0.533606
0.499237 0.250944 0.382133
0.399646 0.250004 0.487393
0.462485 0.224426 0.629053
0.383721 0.238164 0.5066
0.412199 0.252061 0.372694
0.377568 0.257962 0.424898
0.603453 0.253194 0.453308
0.473564 0.257271 0.554328
0.536681 0.265163 0.428008
0.512511 0.23571 0.608798
0.546474 0.264485 0.407509
0.405741 0.233768 0.597869
0.389091 0.260428 0.419875
0.50443 0.243053 0.604462
0.408608 0.25619 0.383565
0.567673 0.257845 0.601453
0.582323 0.25108 0.380239
0.452522 0.250675 0.374014
0.5314 0.244999 0.515461
0.406709 0.260719 0.548469
0.603573 0.241753 0.500247
0.508211 0.24554 0.602124
0.557415 0.255569 0.510177
0.607609 0.247933 0.457584
0.361464 0.231331 0.451011
0.419417 0.266732 0.543352
0.50279 0.245831 0.602197
0.374624 0.233543 0.535816
0.618123 0.225257 0.518982
0.534142 0.265419 0.423096
0.604116 0.248182 0.540849
0.481567 0.244522 0.513417
0.441852 0.250288 0.606043
0.544657 0.260505 0.452257
0.391517 0.243822 0.524746
0.451295 0.234476 0.62279
0.628051 0.213197 0.533735
0.399795 0.253649 0.403183
0.485267 0.231856 0.478899
0.537557 0.259815 0.585197
0.458488 0.245652 0.601006
0.397404 0.247405 0.576134
0.597549 0.251132 0.454937
0.561181 0.263059 0.547658
0.364933 0.226646 0.45124
0.433836 0.239808 0.364944
0.589059 0.249883 0.514734
0.566931 0.256368 0.595729
0.383949 0.232371 0.518023
0.484881 0.236736 0.503451
0.484018 0.238238 0.384843
0.476773 0.244022 0.400637
0.368106 0.231048 0.461294
0.408561 0.247419 0.527926
0.553288 0.247935 0.494572
0.452841 0.248267 0.506581
0.40807 0.250796 0.384588
0.498261 0.233177 0.60659
0.615914 0.229685 0.464037
0.366072 0.226836 0.459123
0.420489 0.256853 0.587976
0.491204 0.235819 0.374626
0.524663 0.254694 0.564678
0.439714 0.254363 0.594223
0.534122 0.250108 0.540373
0.483636 0.236295 0.468247
0.483572 0.238259 0.512202
0.571385 0.252295 0.599088
0.609898 0.221239 0.597133
0.472741 0.244856 0.527618
0.411246 0.250433 0.489471
0.401582 0.253165 0.574742
0.588221 0.25735 0.459172
0.405009 0.246421 0.55053
0.484993 0.228845 0.495595
0.408541 0.250388 0.402434
0.470355 0.231394 0.607002
0.529073 0.25299 0.571426
0.58099 0.2556 0.458683
0.413563 0.25527 0.441257
0.487943 0.238014 0.397272
0.421919 0.259635 0.420113
0.484675 0.228437 0.493513
0.523493 0.23792 0.37654
0.405342 0.213135 0.604441
0.456608 0.252228 0.433277
0.522028 0.23234 0.525815
0.553927 0.223895 0.617978
0.376814 0.225794 0.479389
0.586193 0.254005 0.452847
0.532049 0.238746 0.374171
0.618132 0.222798 0.417545
0.534973 0.246399 0.392986
0.434783 0.246627 0.510798
0.620441 0.208803 0.499096
0.464123 0.209229 0.628013
0.426299 0.235992 0.368782
0.482722 0.237774 0.531001
0.52909 0.248204 0.405668
0.393756 0.242824 0.456812
0.424775 0.250731 0.383774
0.42202 0.259771 0.430004
0.60278 0.230673 0.471098
0.504608 0.24543 0.410812
0.472282 0.247845 0.41901
0.429236 0.244088 0.598111
0.371867 0.23277 0.415458
0.546446 0.25035 0.395193
0.450273 0.246145 0.593588
0.41113 0.237887 0.533236
0.621076 0.209566 0.461779
0.61152 0.21327 0.510499
0.499287 0.23896 0.584474
0.543829 0.232117 0.498851
0.558621 0.244531 0.459937
0.448138 0.243773 0.456249
0.51855 0.220237 0.487221
0.393434 0.206486 0.594844
0.395717 0.239445 0.403426
0.576584 0.255698 0.550559
0.517046 0.222428 0.50624
0.54043 0.24153 0.451639
0.478351 0.233005 0.532895
0.483321 0.218901 0.481211
0.404242 0.246819 0.419212
0.605313 0.228201 0.541012
0.421357 0.238839 0.509133
0.555595 0.252651 0.414046
0.465516 0.228397 0.475167
0.60135 0.23643 0.559677
0.397469 0.235827 0.390678
0.434772 0.249412 0.408763
0.440508 0.242197 0.480968
0.612693 0.214663 0.587325
0.428093 0.243324 0.495103
0.514786 0.223517 0.468476
0.522065 0.221992 0.501859
0.597609 0.239258 0.426816
0.40909 0.233042 0.513628
0.603632 0.228557 0.406683
0.534424 0.226613 0.488028
0.473146 0.231043 0.598354
0.478541 0.242192 0.423944
0.551438 0.242105 0.45998
0.420113 0.248912 0.553469
0.40371 0.236809 0.445136
0.618709 0.198708 0.476854
0.474167 0.221316 0.601844
0.509675 0.229501 0.583311
0.436806 0.236504 0.482538
0.541974 0.231019 0.460656
0.545414 0.230752 0.593396
0.377209 0.222046 0.44966
0.380746 0.226497 0.417153
0.541071 0.222205 0.375877
0.528267 0.212009 0.604902
0.522157 0.217839 0.595082
0.511295 0.210999 0.375932
0.509422 0.234058 0.41792
0.569676 0.244751 0.452721
0.408428 0.239086 0.443652
0.519505 0.223425 0.456162
0.402582 0.235673 0.407828
0.483607 0.234317 0.560475
0.594907 0.216556 0.48593
0.53051 0.217708 0.485997
0.403222 0.238782 0.436469
0.512144 0.232665 0.579265
0.441394 0.232105 0.514275
0.610046 0.206608 0.494317
0.43435 0.231789 0.597014
0.47951 0.227215 0.592371
0.41872 0.222845 0.596568
0.535353 0.226918 0.379996
0.513767 0.215307 0.470444
0.532251 0.222295 0.468469
0.395559 0.226241 0.541393
0.427543 0.243471 0.406689
0.450775 0.236585 0.586735
0.45973 0.22787 0.521174
0.534884 0.232462 0.450981
0.416514 0.222056 0.584612
0.616933 0.194718 0.491912
0.584717 0.235521 0.43265
0.519756 0.219619 0.582781
0.565555 0.224242 0.474455
0.529353 0.216915 0.461971
0.416837 0.226776 0.480472
0.493106 0.21999 0.398997
0.379727 0.214977 0.457459
0.460536 0.217714 0.601984
0.491331 0.222917 0.408408
0.534018 0.229825 0.43835
0.495504 0.224074 0.551769
0.545801 0.232425 0.547219
0.408898 0.229562 0.407197
0.414964 0.228908 0.465151
0.447309 0.211768 0.613205
0.396022 0.220206 0.533791
0.405254 0.226688 0.458091
0.483186 0.206138 0.489248
0.467287 0.226371 0.408996
0.420643 0.228881 0.47609
0.596902 0.208917 0.491309
0.435295 0.235272 0.550122
0.581626 0.228904 0.393871
0.432499 0.235722 0.45319
0.438701 0.235015 0.448982
0.538086 0.222048 0.46033
0.493697 0.210228 0.603212
0.37966 0.218461 0.428482
0.471476 0.220499 0.531112
0.49452 0.197434 0.619452
0.37997 0.211129 0.478351
0.416909 0.225873 0.493646
0.58587 0.221019 0.587323
0.418465 0.227989 0.577726
0.411385 0.217375 0.491643
0.616553 0.19112 0.508481
0.458678 0.211954 0.498277
0.530103 0.21358 0.585169
0.457066 0.218837 0.454689
0.518124 0.203302 0.464409
0.51847 0.183008 0.618391
0.598287 0.206316 0.59316
0.383641 0.207971 0.492903
0.601327 0.213969 0.565283
0.453757 0.219706 0.456177
0.546966 0.215398 0.521324
0.474114 0.200272 0.480961
0.586654 0.223885 0.443816
0.496678 0.191349 0.619547
0.419003 0.219927 0.485891
0.613913 0.194185 0.519011
0.378473 0.207228 0.439961
0.566824 0.215282 0.595981
0.615791 0.191346 0.498249
0.405876 0.216345 0.568491
0.434922 0.219711 0.5177
0.432361 0.226672 0.404167
0.432363 0.222787 0.585323
0.57905 0.223075 0.526511
0.442929 0.226428 0.551098
0.407235 0.218418 0.556153
0.435557 0.227826 0.553027
0.447519 0.227573 0.56002
0.496822 0.18834 0.621775
0.401822 0.202743 0.59166
0.591982 0.222086 0.433926
0.587715 0.220313 0.544899
0.38056 0.207217 0.423189
0.49425 0.219078 0.421595
0.523644 0.199088 0.475681
0.412058 0.212534 0.404572
0.615292 0.188819 0.52637
0.560232 0.221404 0.5749
0.540822 0.207177 0.588061
0.587324 0.214319 0.446229
0.507735 0.193572 0.468136
0.379121 0.197864 0.50422
0.474773 0.213134 0.558462
0.38994 0.204344 0.538145
0.511843 0.20428 0.544022
0.413388 0.210762 0.499209
0.551214 0.196762 0.608138
0.448536 0.216619 0.411291
0.383303 0.197527 0.557709
0.576209 0.221121 0.567027
0.421881 0.212451 0.508219
0.526572 0.212096 0.431747
0.609951 0.200045 0.56383
0.499912 0.193496 0.501354
0.498946 0.194052 0.504295
0.575085 0.209672 0.498652
0.444319 0.220678 0.564538
0.509003 0.210326 0.56712
0.427431 0.206456 0.37836
0.558892 0.225687 0.432606
0.442142 0.217847 0.409642
0.607096 0.204552 0.437696
0.558384 0.223605 0.416314
0.390401 0.20576 0.521609
0.604157 0.204431 0.559148
0.567261 0.227599 0.429268
0.452847 0.20621 0.484881
0.544011 0.184831 0.617923
0.584666 0.216219 0.566827
0.390164 0.204738 0.48707
0.407817 0.192717 0.606998
0.413681 0.205018 0.54532
0.610587 0.189855 0.545012
0.435714 0.210861 0.412984
0.552113 0.199843 0.591668
0.476138 0.203555 0.424288
0.496864 0.184543 0.471796
0.485185 0.197413 0.401966
0.583086 0.197793 0.511669
0.390915 0.191585 0.582882
0.420732 0.204318 0.51673
0.6139 0.188227 0.549621
0.56502 0.20902 0.458489
0.428743 0.206619 0.581569
0.416664 0.207507 0.451363
0.427857 0.20669 0.531141
0.423358 0.206168 0.532621
0.453734 0.203098 0.588511
0.604215 0.191272 0.464271
0.425689 0.208559 0.403975
0.382184 0.194371 0.508071
0.505133 0.200781 0.422822
0.449538 0.191116 0.613577
0.58915 0.192401 0.484211
0.419592 0.209321 0.418256
0.541813 0.20795 0.566665
0.447971 0.200884 0.507373
0.568257 0.210017 0.540368
0.453197 0.199003 0.50866
0.582757 0.196101 0.49445
0.477775 0.189325 0.512365
0.497808 0.184512 0.489615
0.547336 0.205275 0.544519
0.504562 0.19626 0.445612
0.554807 0.197541 0.488347
0.534989 0.204785 0.559503
0.518157 0.186761 0.50242
0.406931 0.19453 0.46555
0.386366 0.190496 0.423085
0.588508 0.187688 0.473941
0.603129 0.187955 0.549938
0.479725 0.194514 0.583109
0.494469 0.178149 0.472216
0.570237 0.205472 0.405306
0.423927 0.197119 0.524788
0.54411 0.173344 0.622446
0.446998 0.189857 0.377949
0.539874 0.191712 0.537483
0.543955 0.197476 0.555744
0.391993 0.192065 0.501986
0.489918 0.186368 0.451438
0.569804 0.195247 0.58958
0.463907 0.182243 0.616795
0.411322 0.194625 0.480092
0.626345 0.177115 0.440483
0.453623 0.184656 0.613976
0.453999 0.195793 0.402811
0.493623 0.193411 0.430166
0.495034 0.192536 0.551675
0.375094 0.182423 0.487002
0.46523 0.19765 0.557206
0.612236 0.190455 0.41879
0.467804 0.182481 0.483475
0.381941 0.182811 0.583916
0.381837 0.187944 0.526199
0.529529 0.187344 0.531307
0.61242 0.179533 0.483384
0.592177 0.194904 0.56598
0.480256 0.196767 0.562427
0.431958 0.19718 0.522627
0.574221 0.200847 0.454496
0.497408 0.185542 0.529249
0.473651 0.19334 0.417123
0.407999 0.174675 0.618285
0.381601 0.182221 0.439068
0.458942 0.188515 0.550823
0.616888 0.176448 0.556869
0.612516 0.179346 0.560536
0.481969 0.171544 0.47579
0.433561 0.190683 0.539193
0.531381 0.175084 0.483009
0.544466 0.190914 0.420307
0.596004 0.181291 0.603841
0.498976 0.180685 0.593954
0.554886 0.192106 0.398247
0.622929 0.176607 0.434854
0.526631 0.18233 0.58396
0.417192 0.19002 0.555594
0.465359 0.178904 0.381262
0.578314 0.192293 0.390196
0.612035 0.18033 0.576424
0.372529 0.174203 0.505921
0.584832 0.192569 0.410724
0.426706 0.185047 0.59915
0.50454 0.177593 0.601629
0.461642 0.185192 0.403534
0.457879 0.183406 0.597571
0.594969 0.184655 0.556884
0.471359 0.184011 0.592101
0.59133 0.184547 0.458008
0.513595 0.177871 0.379949
0.477436 0.173817 0.498482
0.4738 0.186331 0.431111
0.522956 0.181731 0.387714
0.579871 0.173447 0.623568
0.384742 0.177614 0.594501
0.541538 0.175347 0.613335
0.393737 0.178873 0.600814
0.591549 0.184725 0.551472
0.403553 0.179003 0.517804
0.37613 0.173051 0.455455
0.572363 0.179525 0.378327
0.373309 0.173162 0.563409
0.49842 0.176437 0.547964
0.468615 0.169595 0.479192
0.540536 0.180824 0.427839
0.392479 0.179235 0.439475
0.545458 0.174614 0.465147
0.501239 0.176886 0.584144
0.455943 0.175824 0.383874
0.5681 0.176888 0.486741
0.597229 0.17254 0.617561
0.567059 0.179259 0.467021
0.501552 0.170602 0.519345
0.466292 0.17656 0.40641
0.499066 0.176975 0.550629
0.605849 0.172962 0.467047
0.547892 0.181789 0.404698
0.469633 0.177199 0.415641
0.610191 0.169011 0.521534
0.512926 0.174997 0.387326
0.542015 0.180972 0.568096
0.45139 0.172461 0.373958
0.584361 0.180011 0.454228
0.47305 0.17715 0.437307
0.55084 0.181844 0.571622
0.395381 0.176707 0.482033
0.42224 0.181046 0.463206
0.590023 0.176308 0.376338
0.452248 0.177587 0.45653
0.431236 0.183056 0.433854
0.595496 0.181662 0.417639
0.508115 0.171649 0.525069
0.541447 0.180987 0.422563
0.462921 0.177813 0.441676
0.402676 0.168491 0.602769
0.424659 0.174147 0.437267
0.37719 0.167247 0.49897
0.470936 0.164196 0.471749
0.503087 0.162473 0.619234
0.462739 0.165431 0.480281
0.463267 0.171356 0.431068
0.577645 0.170969 0.466602
0.624079 0.162213 0.530634
0.559773 0.172387 0.549044
0.558505 0.165574 0.619111
0.526595 0.166291 0.446855
0.542657 0.169874 0.44718
0.464295 0.166143 0.467648
0.559456 0.173853 0.384574
0.561244 0.173213 0.555042
0.421461 0.172461 0.587409
0.384715 0.171247 0.424972
0.616888 0.16739 0.57882
0.61921 0.168012 0.439216
0.583228 0.170192 0.539529
0.618401 0.163339 0.523165
0.625382 0.164945 0.587634
0.544208 0.172788 0.41133
0.460813 0.168352 0.385144
0.520423 0.167704 0.376514
0.420594 0.17352 0.405142
0.518971 0.165696 0.522187
0.567883 0.172526 0.543855
0.612866 0.168114 0.569166
0.396579 0.161995 0.628358
0.539411 0.168063 0.454347
0.438983 0.172862 0.585689
0.543913 0.170687 0.443795
0.453625 0.165186 0.619709
0.632131 0.158727 0.518192
0.398995 0.16388 0.588985
0.569716 0.166087 0.383477
0.589016 0.161647 0.622431
0.508365 0.160134 0.450372
0.515185 0.162579 0.551431
0.446224 0.161952 0.484184
0.491156 0.160827 0.444541
0.615285 0.161183 0.561115
0.576999 0.164353 0.462355
0.471999 0.161202 0.446514
0.610598 0.160457 0.531954
0.389324 0.161976 0.60247
0.362738 0.158317 0.459347
0.408619 0.163246 0.475773
0.468529 0.159849 0.508899
0.591868 0.161566 0.48737
0.445068 0.164838 0.432929
0.515952 0.16348 0.562243
0.553107 0.16421 0.583954
0.531989 0.160749 0.521287
0.503627 0.161069 0.599044
0.382348 0.163365 0.404625
0.603101 0.159 0.361375
0.56578 0.16309 0.525805
0.618466 0.161023 0.455021
0.401485 0.163072 0.471686
0.544118 0.164829 0.4144
0.633772 0.157201 0.367424
0.482398 0.16062 0.531511
0.404006 0.156508 0.637647
0.508074 0.158747 0.615519
0.615251 0.159954 0.528261
0.483921 0.165105 0.5771
0.378245 0.161999 0.462738
0.454884 0.163632 0.407695
0.603326 0.160719 0.48507
0.393929 0.156075 0.481651
0.572256 0.158588 0.400781
0.438537 0.157562 0.43168
0.521678 0.15489 0.453898
0.385138 0.156648 0.534995
0.42982 0.156581 0.488025
0.615076 0.156135 0.60217
0.462399 0.155215 0.512984
0.58051 0.156113 0.513893
0.360141 0.154698 0.414806
0.566549 0.1573 0.589511
0.397193 0.157315 0.423114
0.618373 0.156635 0.375274
0.448096 0.154647 0.628564
0.569494 0.156928 0.463775
0.597352 0.155631 0.514634
0.637739 0.154434 0.613303
0.503277 0.155522 0.437047
0.466704 0.154344 0.47229
0.400849 0.156919 0.531092
0.423653 0.157071 0.511392
0.388553 0.1565 0.450328
0.41339 0.157554 0.544154
0.563846 0.15782 0.568999
0.604732 0.156339 0.619624
0.402545 0.157287 0.587795
0.500188 0.155802 0.544104
0.505273 0.154087 0.481217
0.421592 0.156741 0.492249
0.533027 0.156429 0.58281
0.425477 0.158133 0.410693
0.449387 0.156576 0.601292
0.434221 0.156927 0.373277
0.623918 0.154271 0.360231
0.622422 0.154764 0.485888
0.457675 0.153639 0.356515
0.389872 0.15 0.462201
0.438232 0.15 0.639975
0.368723 0.15 0.560065
0.564634 0.15 0.431017
0.393965 0.15 0.461625
0.410674 0.15 0.492827
0.352298 0.15 0.624722
0.499117 0.15 0.618404
0.530859 0.15 0.43945
0.555066 0.15 0.59601
0.623943 0.15 0.495546
0.541534 0.15 0.590114
0.427804 0.15 0.385405
0.387721 0.15 0.643893
0.470469 0.15 0.602272
0.632019 0.15 0.437884
0.373301 0.15 0.442929
0.351392 0.15 0.589106
0.391365 0.15 0.474213
0.599397 0.15 0.624822
0.629281 0.15 0.572828
0.424197 0.15 0.615658
0.3796 0.15 0.597703
0.588969 0.15 0.402159
0.480577 0.15 0.404439
0.566135 0.15 0.399385
0.639993 0.15 0.561026
0.627679 0.15 0.613662
0.622185 0.15 0.474351
0.603059 0.15 0.356116
0.54505 0.15 0.386824
0.526894 0.15 0.3873
0.483781 0.15 0.35249
0.448148 0.15 0.377119
0.628402 0.15 0.552026
0.422649 0.15 0.614669
