2916 0.012625
0.376239 0.409592 0.381925
0.459113 0.336569 0.335587
0.478549 0.24828 0.34379
0.490077 0.249001 0.354557
0.498388 0.283367 0.352731
0.527148 0.356056 0.339415
0.341345 0.356107 0.455573
0.40122 0.328053 0.396839
0.436537 0.277927 0.318254
0.499626 0.237211 0.291616
0.550546 0.293699 0.339692
0.587192 0.3637 0.404614
0.32711 0.311845 0.473991
0.320466 0.263007 0.436387
0.360269 0.468722 0.349171
0.510977 0.492298 0.32747
0.672246 0.438162 0.372636
0.666757 0.244957 0.447327
0.340514 0.276627 0.481849
0.302407 0.251315 0.505209
0.359923 0.513547 0.506043
0.522594 0.523676 0.504362
0.696768 0.452741 0.514854
0.683291 0.2032 0.50092
0.345283 0.314334 0.495453
0.360762 0.293919 0.543913
0.373057 0.38232 0.676592
0.502483 0.431247 0.710446
0.642197 0.38093 0.647126
0.653853 0.229762 0.535183
0.360008 0.379746 0.554294
0.41837 0.381242 0.581794
0.456104 0.269822 0.645984
0.496044 0.2217 0.680743
0.5415 0.241469 0.664699
0.579185 0.333648 0.569722
0.403443 0.38613 0.405136
0.362962 0.383698 0.552505
0.311974 0.220891 0.5026
0.679008 0.469145 0.499634
0.421551 0.300091 0.682241
0.504747 0.255153 0.361746
0.37506 0.368575 0.530271
0.370281 0.400266 0.569001
0.661225 0.289052 0.489285
0.479604 0.205175 0.36705
0.591695 0.377885 0.590356
0.591746 0.299683 0.574212
0.509772 0.254088 0.714482
0.512032 0.520188 0.576137
0.712851 0.429127 0.444287
0.664312 0.303703 0.481842
0.354657 0.254213 0.502822
0.412842 0.404137 0.3622
0.515087 0.223809 0.659571
0.410638 0.389984 0.569795
0.408168 0.312948 0.574393
0.358739 0.364249 0.664683
0.355814 0.286977 0.501583
0.553794 0.389012 0.716943
0.406656 0.385486 0.619946
0.633507 0.264864 0.518429
0.578466 0.495799 0.606902
0.449432 0.256316 0.6542
0.612278 0.320378 0.543392
0.432719 0.52756 0.504602
0.48769 0.224656 0.649381
0.631696 0.281049 0.528774
0.654544 0.489175 0.463888
0.62516 0.338482 0.53846
0.50534 0.220975 0.670982
0.347945 0.327498 0.457376
0.379618 0.353713 0.528203
0.334007 0.24309 0.450636
0.607436 0.285827 0.588056
0.654692 0.254607 0.444699
0.413669 0.498728 0.357216
0.504975 0.248557 0.362132
0.475537 0.224006 0.682163
0.482703 0.251018 0.647995
0.638876 0.483339 0.564107
0.54305 0.522405 0.502699
0.513342 0.297609 0.644048
0.600112 0.298829 0.372089
0.463025 0.5263 0.444241
0.692896 0.226423 0.532768
0.334543 0.35633 0.635546
0.357119 0.300915 0.54417
0.633668 0.275027 0.453268
0.419038 0.386231 0.621232
0.627646 0.284747 0.596356
0.448682 0.518865 0.392252
0.41211 0.375467 0.565129
0.522678 0.524644 0.446404
0.382747 0.287548 0.57208
0.623244 0.294909 0.384859
0.412685 0.478583 0.328526
0.348644 0.282982 0.489562
0.614208 0.279922 0.566569
0.389458 0.410008 0.579033
0.511158 0.296707 0.652573
0.658899 0.22591 0.475246
0.614367 0.332502 0.427172
0.5308 0.24343 0.70489
0.430504 0.283194 0.643711
0.35545 0.277752 0.499816
0.43163 0.281069 0.68033
0.584965 0.333483 0.565598
0.340252 0.18636 0.468299
0.330775 0.186315 0.465907
0.45936 0.281962 0.342814
0.657751 0.214574 0.459378
0.647223 0.226024 0.464221
0.505449 0.219453 0.357504
0.671642 0.216255 0.459576
0.625456 0.282615 0.541817
0.570068 0.292236 0.685137
0.308675 0.206786 0.460495
0.506125 0.217463 0.305514
0.689192 0.254753 0.543792
0.44306 0.258629 0.320551
0.596161 0.376074 0.426463
0.663724 0.480182 0.513593
0.397583 0.303234 0.565094
0.516024 0.222194 0.684436
0.325443 0.18708 0.491082
0.456635 0.468178 0.29969
0.663549 0.261769 0.484307
0.66175 0.194273 0.493068
0.561284 0.486107 0.635563
0.532397 0.517577 0.394958
0.720183 0.300609 0.444512
0.465492 0.307953 0.639127
0.384487 0.410984 0.386418
0.58451 0.302791 0.316474
0.601706 0.376124 0.299424
0.484585 0.220704 0.677692
0.452276 0.24454 0.301459
0.562015 0.520025 0.506536
0.59353 0.400644 0.400452
0.457468 0.332284 0.34461
0.652973 0.212301 0.466302
0.583464 0.403693 0.394655
0.346695 0.495152 0.403458
0.403444 0.377026 0.622709
0.326716 0.178806 0.483581
0.71451 0.413334 0.428223
0.656518 0.235158 0.471933
0.482618 0.301183 0.260103
0.503552 0.200647 0.347306
0.457392 0.340514 0.635714
0.297146 0.432822 0.578533
0.508509 0.249877 0.642444
0.650436 0.287228 0.397953
0.387493 0.482565 0.346405
0.525455 0.323656 0.635576
0.434153 0.349244 0.601309
0.343291 0.24579 0.514105
0.663735 0.306587 0.479019
0.423442 0.370155 0.590802
0.259131 0.35229 0.50409
0.404319 0.408396 0.378722
0.412943 0.390553 0.605197
0.513885 0.525668 0.455145
0.53806 0.270899 0.307225
0.530933 0.243749 0.704475
0.530608 0.357969 0.355731
0.727848 0.344904 0.545772
0.257667 0.358704 0.496525
0.343717 0.257768 0.478584
0.488583 0.384844 0.728821
0.365935 0.282122 0.549235
0.353825 0.294109 0.594142
0.533341 0.334678 0.634768
0.409203 0.308993 0.599164
0.425007 0.395207 0.276706
0.662269 0.302906 0.477305
0.527691 0.333651 0.657459
0.559127 0.447164 0.29927
0.526961 0.326309 0.636531
0.33179 0.239598 0.517582
0.32417 0.210459 0.50276
0.370863 0.280492 0.548005
0.663682 0.289807 0.478987
0.346307 0.352824 0.453368
0.497333 0.192856 0.338776
0.730162 0.299916 0.486715
0.70717 0.285041 0.44294
0.520298 0.243502 0.32696
0.438757 0.280795 0.30165
0.302661 0.278262 0.518789
0.646802 0.270218 0.44107
0.324795 0.252714 0.521536
0.413994 0.310162 0.361443
0.433813 0.288445 0.307027
0.430896 0.379343 0.62952
0.607015 0.370226 0.434092
0.351412 0.256833 0.490988
0.690485 0.211985 0.50194
0.345955 0.247965 0.481696
0.454507 0.288995 0.63797
0.507417 0.280348 0.652602
0.369981 0.290904 0.554444
0.636163 0.336808 0.640737
0.460263 0.293125 0.3427
0.371804 0.392701 0.555374
0.441477 0.263806 0.319306
0.517602 0.272252 0.339763
0.355473 0.231077 0.490228
0.40508 0.2932 0.635898
0.589334 0.397975 0.405595
0.691473 0.212346 0.513705
0.671634 0.216574 0.534121
0.639818 0.426098 0.636038
0.33325 0.279349 0.532392
0.278546 0.436078 0.507401
0.368278 0.29913 0.43333
0.336386 0.245049 0.51893
0.500418 0.231094 0.359823
0.338908 0.266741 0.474357
0.505856 0.201568 0.32649
0.488091 0.189198 0.328529
0.456652 0.338919 0.340758
0.379695 0.302055 0.392489
0.609066 0.399479 0.304482
0.607193 0.38986 0.422175
0.349473 0.325893 0.508541
0.646513 0.214398 0.520161
0.344059 0.273554 0.467404
0.423617 0.349837 0.712102
0.505181 0.272787 0.355734
0.463759 0.287063 0.340565
0.558096 0.278962 0.689177
0.626161 0.344985 0.453976
0.496067 0.192779 0.331483
0.575616 0.51808 0.511179
0.355911 0.222194 0.489879
0.541235 0.290829 0.336748
0.511704 0.507047 0.352489
0.542189 0.244476 0.661556
0.342829 0.275468 0.535289
0.347803 0.250753 0.460823
0.334735 0.289867 0.541845
0.268398 0.311247 0.508504
0.690612 0.220313 0.469412
0.700915 0.256409 0.52873
0.681229 0.411891 0.368751
0.40978 0.312444 0.581415
0.514395 0.239365 0.646403
0.504415 0.410701 0.2666
0.528543 0.265498 0.640559
0.515271 0.30353 0.353174
0.402158 0.399492 0.570831
0.449591 0.329311 0.349049
0.358082 0.322865 0.380678
0.389705 0.30251 0.378379
0.544995 0.33109 0.722394
0.486254 0.189871 0.325701
0.492411 0.215022 0.359958
0.540952 0.382224 0.261608
0.269318 0.343728 0.447555
0.327117 0.199103 0.498078
0.661959 0.324135 0.604295
0.525113 0.326695 0.354765
0.56702 0.369694 0.588955
0.635421 0.333291 0.636798
0.368582 0.365694 0.309789
0.420104 0.480233 0.327366
0.48082 0.489451 0.319919
0.3928 0.406292 0.400973
0.509176 0.258999 0.642323
0.532183 0.351905 0.36056
0.653922 0.246607 0.499833
0.545621 0.32659 0.608802
0.652313 0.486125 0.414684
0.682472 0.211206 0.47327
0.482873 0.224691 0.35447
0.405283 0.3394 0.39506
0.46412 0.236095 0.687171
0.649069 0.241735 0.499155
0.623719 0.486755 0.577724
0.289929 0.447851 0.440416
0.34493 0.254068 0.513126
0.617047 0.328374 0.53711
0.412233 0.327748 0.305252
0.52024 0.231076 0.31125
0.53513 0.27118 0.712421
0.567221 0.37721 0.712044
0.319914 0.186167 0.485854
0.405142 0.327511 0.386195
0.709424 0.360613 0.57217
0.383296 0.302894 0.357815
0.345386 0.267399 0.522699
0.474734 0.194428 0.318182
0.639247 0.225688 0.500441
0.611582 0.386948 0.425432
0.301999 0.383821 0.593007
0.734489 0.343408 0.451722
0.505783 0.224493 0.676475
0.689683 0.216064 0.477564
0.655498 0.237052 0.54241
0.618679 0.328513 0.429765
0.527836 0.278485 0.333795
0.441688 0.524382 0.432351
0.414874 0.379164 0.622731
0.647357 0.244228 0.50394
0.35158 0.510742 0.523573
0.471533 0.196162 0.339031
0.633014 0.315516 0.358182
0.57084 0.375058 0.404934
0.585273 0.401261 0.396396
0.681553 0.203582 0.515942
0.377306 0.499532 0.603184
0.312442 0.285022 0.527179
0.361526 0.328778 0.35974
0.498346 0.271378 0.653939
0.440697 0.525065 0.44019
0.594084 0.324294 0.388444
0.527424 0.304862 0.631016
0.468055 0.208987 0.344041
0.302819 0.27117 0.509571
0.465308 0.238251 0.698145
0.453769 0.340385 0.34505
0.345331 0.251225 0.459472
0.403058 0.35601 0.40676
0.316539 0.383246 0.614778
0.445591 0.266184 0.646035
0.486098 0.21098 0.357171
0.339587 0.262769 0.441971
0.472851 0.200397 0.314229
0.313351 0.435276 0.604055
0.446247 0.255687 0.31156
0.637612 0.266197 0.523952
0.571195 0.313766 0.587319
0.418007 0.317876 0.594369
0.557371 0.273036 0.621751
0.712699 0.345646 0.411111
0.364486 0.299054 0.413745
0.286872 0.400451 0.401333
0.559943 0.360411 0.719287
0.658258 0.255113 0.497382
0.336185 0.206796 0.500866
0.47404 0.513042 0.36107
0.655125 0.417178 0.625842
0.634992 0.389852 0.32574
0.390171 0.392945 0.558647
0.434906 0.380273 0.362606
0.361955 0.375855 0.438851
0.506119 0.272339 0.653878
0.256339 0.37786 0.471474
0.522513 0.523367 0.440719
0.463696 0.256212 0.338747
0.316648 0.287076 0.541772
0.463176 0.242711 0.329087
0.366089 0.299234 0.393703
0.38312 0.376388 0.425752
0.591161 0.332267 0.5631
0.516633 0.493137 0.644157
0.603784 0.368918 0.55806
0.561589 0.348965 0.58898
0.425116 0.390289 0.370738
0.694989 0.223537 0.480223
0.344985 0.267863 0.436992
0.504714 0.262853 0.653813
0.454433 0.333947 0.341854
0.453 0.24405 0.311841
0.420901 0.435251 0.692072
0.504511 0.523714 0.50225
0.7335 0.323702 0.490133
0.516175 0.525515 0.4774
0.468581 0.525868 0.489359
0.26851 0.332081 0.455672
0.353212 0.205342 0.47607
0.649917 0.252254 0.464928
0.618992 0.328549 0.538689
0.697063 0.453765 0.478143
0.400879 0.382538 0.609225
0.503106 0.204012 0.341452
0.302041 0.280025 0.436637
0.469697 0.298522 0.64582
0.407414 0.52587 0.494037
0.286326 0.27888 0.447039
0.343708 0.293355 0.462245
0.327592 0.22401 0.506325
0.369352 0.3014 0.39959
0.594953 0.302583 0.572644
0.661247 0.252344 0.491687
0.662666 0.480544 0.510791
0.677779 0.203319 0.506334
0.527117 0.472338 0.308599
0.545204 0.276376 0.300435
0.340472 0.493396 0.40914
0.364814 0.361273 0.531089
0.642285 0.246604 0.522841
0.626707 0.356306 0.447188
0.597071 0.290586 0.592491
0.348181 0.277985 0.526731
0.692975 0.2204 0.508766
0.585946 0.49993 0.585603
0.508653 0.281014 0.656641
0.515306 0.297899 0.653629
0.425872 0.29835 0.326679
0.609579 0.344006 0.409813
0.656187 0.226953 0.465409
0.670296 0.318342 0.590351
0.321206 0.205274 0.461059
0.344454 0.324539 0.603043
0.40516 0.298143 0.628242
0.609146 0.378077 0.428715
0.392702 0.371599 0.54802
0.341917 0.375045 0.647602
0.702834 0.430264 0.550079
0.691826 0.261209 0.539726
0.536232 0.499882 0.627464
0.54924 0.343847 0.610772
0.54139 0.337828 0.62655
0.368907 0.324371 0.436607
0.289293 0.384819 0.57496
0.466333 0.267813 0.653339
0.353815 0.306925 0.516626
0.399017 0.374288 0.554778
0.612667 0.343906 0.416468
0.527691 0.312105 0.634727
0.428461 0.36475 0.606137
0.635675 0.497053 0.42632
0.614488 0.375577 0.432308
0.35332 0.507403 0.45793
0.68022 0.320168 0.581249
0.550334 0.36903 0.380463
0.685923 0.290615 0.433917
0.579191 0.5178 0.445225
0.298264 0.346194 0.404599
0.341017 0.269372 0.438391
0.68437 0.22547 0.532137
0.381985 0.397934 0.580312
0.514284 0.29656 0.660882
0.436166 0.339774 0.609417
0.401285 0.296561 0.351554
0.3909 0.299782 0.60757
0.458912 0.237123 0.303197
0.558524 0.276564 0.627536
0.648807 0.328288 0.357947
0.396155 0.402755 0.581937
0.445166 0.260616 0.314871
0.598834 0.313643 0.565429
0.298729 0.362785 0.389828
0.657421 0.482981 0.520067
0.672397 0.383411 0.609154
0.469651 0.305615 0.260742
0.488256 0.260913 0.282019
0.593811 0.506094 0.552939
0.483716 0.220282 0.34647
0.570982 0.294326 0.600781
0.396141 0.299229 0.639102
0.692229 0.448548 0.543827
0.38058 0.389892 0.558531
0.348533 0.201366 0.474379
0.666942 0.215013 0.527334
0.645631 0.492395 0.439799
0.697802 0.339233 0.393785
0.45149 0.348558 0.259846
0.487264 0.225308 0.657281
0.348591 0.317021 0.510754
0.408548 0.387266 0.594187
0.713003 0.39366 0.415242
0.497721 0.257694 0.346826
0.374959 0.298283 0.556381
0.529015 0.262687 0.645802
0.40743 0.380528 0.60487
0.563492 0.382152 0.390296
0.542933 0.289804 0.327936
0.600846 0.3086 0.567172
0.265976 0.364911 0.527337
0.398524 0.297164 0.358319
0.555257 0.279341 0.690786
0.594713 0.296904 0.364265
0.478086 0.278961 0.654535
0.644718 0.258046 0.549649
0.583309 0.294216 0.596642
0.277837 0.364868 0.559678
0.711227 0.272213 0.502916
0.555873 0.493564 0.345413
0.382506 0.297652 0.60905
0.547297 0.331203 0.611098
0.403106 0.298071 0.632565
0.507263 0.221833 0.317333
0.723293 0.384492 0.432803
0.702868 0.426591 0.553253
0.535132 0.278257 0.637659
0.515218 0.520964 0.52207
0.687765 0.219053 0.522022
0.275532 0.309621 0.452488
0.406467 0.297744 0.658208
0.657275 0.231209 0.495592
0.657062 0.198963 0.50906
0.494378 0.521718 0.404973
0.284753 0.28266 0.448193
0.639135 0.296886 0.528031
0.483573 0.201236 0.348566
0.538405 0.32029 0.623503
0.421731 0.399846 0.704044
0.546673 0.263473 0.648669
0.344092 0.237145 0.49526
0.559811 0.515073 0.541985
0.317357 0.249377 0.508102
0.604497 0.370323 0.413626
0.298012 0.224906 0.4837
0.606786 0.322524 0.555715
0.701288 0.249458 0.487599
0.385546 0.307675 0.38289
0.342395 0.213571 0.468363
0.451792 0.319225 0.338981
0.446635 0.268189 0.30179
0.478895 0.517374 0.59563
0.500204 0.235735 0.345457
0.446397 0.325981 0.6287
0.587119 0.310345 0.318738
0.542857 0.264221 0.645411
0.621081 0.4796 0.597279
0.541865 0.362974 0.360628
0.667992 0.263298 0.485695
0.517252 0.482987 0.656409
0.485326 0.266039 0.65168
0.289706 0.334284 0.566124
0.502501 0.519298 0.574477
0.521174 0.416926 0.715833
0.366063 0.303895 0.406836
0.283043 0.314007 0.548773
0.294852 0.378321 0.392166
0.592855 0.368219 0.570696
0.508681 0.28383 0.343643
0.360826 0.361481 0.541689
0.334884 0.278228 0.466123
0.473899 0.520987 0.569399
0.325878 0.274194 0.43691
0.390967 0.299416 0.351025
0.43726 0.359741 0.625319
0.565131 0.518423 0.502898
0.519327 0.229639 0.689793
0.381362 0.378595 0.422342
0.401474 0.391143 0.579112
0.484602 0.232749 0.677106
0.476902 0.520383 0.572859
0.346173 0.336141 0.521718
0.355708 0.378759 0.323307
0.383411 0.308928 0.384169
0.562103 0.28796 0.628729
0.683689 0.217488 0.512327
0.372298 0.301399 0.563954
0.512885 0.480459 0.315029
0.663543 0.240861 0.494384
0.555268 0.319183 0.365254
0.318972 0.255395 0.509488
0.412616 0.511103 0.388525
0.633553 0.300785 0.448134
0.650592 0.243777 0.51496
0.442793 0.300391 0.280179
0.337867 0.246903 0.505947
0.494956 0.522792 0.417936
0.456517 0.252989 0.668281
0.485617 0.207197 0.31338
0.513425 0.242344 0.324816
0.62176 0.309073 0.625564
0.428904 0.303124 0.629689
0.545937 0.367711 0.363142
0.498974 0.23313 0.684478
0.399039 0.490109 0.636885
0.595528 0.310475 0.573231
0.670449 0.236854 0.461039
0.45556 0.29832 0.33304
0.536785 0.322502 0.636008
0.368611 0.304189 0.42263
0.578948 0.48253 0.627689
0.398669 0.384556 0.597312
0.366767 0.368159 0.548378
0.478707 0.524441 0.4383
0.30323 0.232043 0.490386
0.489734 0.254889 0.65459
0.578862 0.347892 0.580994
0.367402 0.350479 0.533529
0.616703 0.328662 0.407055
0.374182 0.313477 0.408151
0.298992 0.256132 0.452318
0.344791 0.489467 0.39402
0.419161 0.354495 0.597903
0.365421 0.306243 0.419931
0.653767 0.274272 0.561968
0.702277 0.261719 0.498805
0.335146 0.268799 0.464339
0.499176 0.234571 0.673165
0.455593 0.267521 0.325377
0.641616 0.290867 0.530494
0.389337 0.384068 0.561419
0.342387 0.344503 0.450688
0.420173 0.358324 0.616783
0.580695 0.347706 0.578844
0.393567 0.309747 0.562766
0.615611 0.370328 0.313084
0.332644 0.19078 0.474204
0.457399 0.31979 0.645977
0.683889 0.231426 0.530962
0.524703 0.428412 0.274858
0.431648 0.321572 0.352826
0.441152 0.337086 0.270314
0.59721 0.315768 0.324249
0.560229 0.279152 0.660705
0.539268 0.377823 0.260413
0.533864 0.523423 0.465776
0.481233 0.233231 0.66046
0.655528 0.223729 0.503392
0.516139 0.243031 0.315978
0.560112 0.344334 0.605008
0.298442 0.234373 0.484931
0.37351 0.319723 0.42815
0.636907 0.31223 0.422838
0.395745 0.522763 0.498999
0.391581 0.471562 0.654628
0.3683 0.311212 0.415347
0.416176 0.355476 0.595819
0.467789 0.288509 0.652041
0.642903 0.472907 0.578475
0.312147 0.462097 0.40088
0.567678 0.362312 0.382522
0.400228 0.328406 0.385181
0.395056 0.405194 0.290515
0.503227 0.522229 0.433484
0.423012 0.350466 0.606076
0.345836 0.327589 0.607522
0.423042 0.325096 0.30346
0.50509 0.235698 0.330864
0.396964 0.354002 0.287368
0.378873 0.351257 0.678122
0.321982 0.251255 0.451127
0.673798 0.248138 0.478733
0.529639 0.287588 0.642719
0.512442 0.235016 0.698869
0.678668 0.348431 0.601234
0.406455 0.333929 0.380266
0.390969 0.384785 0.566913
0.330542 0.217862 0.47056
0.415247 0.524409 0.454298
0.612651 0.377732 0.419228
0.599573 0.345235 0.301345
0.315741 0.236599 0.499321
0.486776 0.236113 0.67156
0.514073 0.239586 0.703039
0.566562 0.310721 0.601994
0.414004 0.362277 0.604745
0.395318 0.341156 0.399222
0.3265 0.293176 0.553095
0.508268 0.521675 0.49783
0.530102 0.490821 0.330995
0.404313 0.416087 0.286559
0.364604 0.309905 0.419819
0.500684 0.23994 0.671213
0.505654 0.268132 0.331178
0.349656 0.342392 0.636174
0.444526 0.271117 0.688548
0.498585 0.228708 0.321013
0.323098 0.255952 0.506505
0.433657 0.333746 0.615742
0.711642 0.275391 0.464451
0.599362 0.322956 0.385669
0.489097 0.28123 0.659648
0.382555 0.306385 0.573777
0.518251 0.266959 0.657004
0.489248 0.224574 0.308836
0.577902 0.400398 0.287558
0.323859 0.21019 0.468345
0.385401 0.322408 0.397929
0.568631 0.344279 0.599149
0.734233 0.331759 0.462865
0.594314 0.393477 0.389919
0.458248 0.279831 0.322401
0.468923 0.250271 0.316059
0.727909 0.303451 0.46215
0.324415 0.298382 0.533838
0.497611 0.268999 0.66182
0.325799 0.240301 0.50158
0.698769 0.264497 0.524983
0.357933 0.304732 0.407834
0.600235 0.433022 0.664826
0.591986 0.312251 0.670004
0.658226 0.217618 0.507906
0.386755 0.331167 0.546233
0.424947 0.309833 0.331235
0.374003 0.323437 0.539691
0.574454 0.293185 0.338962
0.463032 0.256128 0.669589
0.36178 0.308866 0.423755
0.567817 0.322846 0.601189
0.390842 0.369176 0.409406
0.606848 0.310951 0.571111
0.505823 0.377453 0.256788
0.438851 0.341982 0.630388
0.589173 0.357006 0.591482
0.331719 0.301206 0.537236
0.305896 0.205574 0.474757
0.465178 0.523423 0.444005
0.587977 0.436171 0.307436
0.321251 0.234492 0.462424
0.567829 0.296339 0.615781
0.510782 0.242442 0.678242
0.607595 0.304555 0.581905
0.673633 0.287848 0.483258
0.454434 0.270389 0.653292
0.404411 0.355159 0.607963
0.563505 0.336628 0.610512
0.269726 0.407219 0.453869
0.461818 0.259539 0.66449
0.535341 0.335036 0.258798
0.511426 0.521149 0.497432
0.631739 0.290198 0.552097
0.389206 0.374592 0.565927
0.484135 0.242491 0.686557
0.524603 0.513215 0.597158
0.693013 0.240458 0.51556
0.682474 0.462155 0.527734
0.525677 0.501227 0.626631
0.645725 0.312825 0.370333
0.303273 0.261315 0.452288
0.382606 0.319244 0.347966
0.503185 0.246425 0.316173
0.597116 0.301975 0.364737
0.609315 0.308034 0.577126
0.34523 0.310124 0.444526
0.376644 0.516388 0.487842
0.494277 0.244845 0.685762
0.56808 0.378896 0.371575
0.38734 0.33245 0.398244
0.359244 0.312573 0.434487
0.317733 0.238478 0.463431
0.319312 0.24291 0.462745
0.427475 0.332086 0.614511
0.674513 0.329867 0.379272
0.60189 0.508535 0.426278
0.524822 0.272818 0.658054
0.737769 0.340971 0.469133
0.308725 0.477256 0.508849
0.467718 0.246461 0.693559
0.534191 0.302337 0.332969
0.459393 0.25739 0.298381
0.443988 0.494288 0.644151
0.610494 0.35217 0.40009
0.433814 0.331331 0.341929
0.421436 0.491029 0.343674
0.434004 0.477856 0.663866
0.38899 0.365553 0.574347
0.68442 0.420322 0.581144
0.517654 0.498628 0.632425
0.384915 0.32093 0.384528
0.601035 0.316562 0.576759
0.551862 0.274988 0.667304
0.532519 0.321365 0.261967
0.402702 0.364004 0.592215
0.380468 0.303028 0.60397
0.409302 0.34747 0.611184
0.341585 0.362233 0.343237
0.309816 0.23968 0.465319
0.61415 0.308345 0.380528
0.471222 0.296425 0.726528
0.331763 0.305993 0.453868
0.531421 0.312375 0.333155
0.651486 0.265577 0.537305
0.629528 0.339977 0.430843
0.528874 0.309682 0.330236
0.682863 0.258825 0.474423
0.348564 0.316639 0.531691
0.578229 0.381586 0.37676
0.443366 0.524504 0.48767
0.394018 0.343677 0.39257
0.616969 0.504974 0.488623
0.451502 0.519012 0.579272
0.52299 0.272897 0.667266
0.613184 0.36993 0.400974
0.604312 0.324412 0.57225
0.460365 0.304552 0.722522
0.441641 0.445112 0.289662
0.707681 0.390917 0.405566
0.652477 0.301021 0.445707
0.304982 0.294678 0.532235
0.420931 0.366044 0.709814
0.39418 0.307327 0.34256
0.549994 0.484001 0.331828
0.518287 0.520824 0.485481
0.675225 0.265353 0.489701
0.688331 0.256424 0.481272
0.438536 0.297847 0.305742
0.499549 0.276064 0.281842
0.462146 0.257025 0.698643
0.612695 0.346437 0.313619
0.716625 0.392071 0.425162
0.307654 0.297973 0.536647
0.294476 0.419 0.386772
0.503216 0.468734 0.673421
0.628149 0.308132 0.39562
0.656674 0.268646 0.532631
0.648139 0.307473 0.453896
0.293774 0.317542 0.55579
0.459478 0.521415 0.522544
0.681942 0.267485 0.478017
0.465332 0.264157 0.666242
0.715761 0.386495 0.554669
0.410365 0.353462 0.373618
0.644782 0.302642 0.596691
0.494221 0.265877 0.30947
0.491821 0.257942 0.668659
0.633514 0.485278 0.556449
0.349009 0.30831 0.43488
0.630555 0.492452 0.537523
0.620345 0.430772 0.647678
0.493476 0.253111 0.683814
0.26654 0.309337 0.475217
0.493732 0.521603 0.467448
0.395322 0.358076 0.597315
0.691761 0.261889 0.480742
0.369293 0.331402 0.423577
0.456519 0.298855 0.274776
0.316561 0.306585 0.524596
0.359331 0.326528 0.545793
0.33206 0.472901 0.383692
0.449161 0.393933 0.270617
0.568235 0.439499 0.678556
0.721552 0.380368 0.430177
0.399587 0.516824 0.431105
0.336328 0.499338 0.4926
0.32011 0.487706 0.504233
0.406678 0.324438 0.604971
0.283797 0.292653 0.515422
0.614597 0.309586 0.367825
0.397442 0.32574 0.326436
0.625972 0.351666 0.4082
0.293508 0.263778 0.479891
0.648533 0.315256 0.442786
0.327619 0.440821 0.617408
0.499547 0.252015 0.69781
0.61081 0.316662 0.343839
0.310138 0.29168 0.502285
0.645298 0.320233 0.442771
0.606997 0.482442 0.601715
0.383585 0.315047 0.584322
0.455308 0.274344 0.306459
0.277836 0.29951 0.45735
0.712715 0.382531 0.414267
0.329318 0.320456 0.5704
0.408564 0.341382 0.369806
0.443206 0.45111 0.687249
0.364618 0.330738 0.391853
0.678437 0.273578 0.544499
0.502502 0.278471 0.309236
0.624097 0.348104 0.408278
0.608935 0.317714 0.579621
0.60747 0.507907 0.456435
0.676644 0.26558 0.498929
0.553831 0.495061 0.619845
0.507525 0.324633 0.26154
0.656956 0.300138 0.459024
0.622945 0.502128 0.483075
0.322057 0.316993 0.519949
0.320512 0.315279 0.518648
0.52089 0.515129 0.398735
0.663783 0.471613 0.540945
0.347189 0.369558 0.648752
0.382086 0.331528 0.559799
0.391199 0.33607 0.580503
0.438106 0.282249 0.667732
0.561599 0.409132 0.282784
0.401327 0.367144 0.377868
0.538882 0.44791 0.294867
0.653325 0.313654 0.44079
0.631169 0.339396 0.41326
0.269436 0.386633 0.448881
0.549811 0.442027 0.685307
0.337472 0.314083 0.433968
0.343175 0.351738 0.636691
0.385631 0.339745 0.56978
0.561113 0.314401 0.285626
0.675107 0.267902 0.50838
0.478887 0.268676 0.29263
0.564662 0.314985 0.622215
0.577117 0.514807 0.461409
0.523943 0.296973 0.313624
0.492979 0.299774 0.26837
0.391509 0.519787 0.493995
0.629881 0.306465 0.378266
0.638938 0.493614 0.446458
0.544898 0.496676 0.622189
0.36009 0.34702 0.427188
0.405584 0.327047 0.324035
0.5272 0.518368 0.458317
0.357335 0.330923 0.389885
0.426486 0.356995 0.275207
0.684135 0.292037 0.457648
0.475195 0.25951 0.688256
0.652131 0.472398 0.390344
0.680197 0.27849 0.544782
0.570128 0.332643 0.367197
0.425737 0.32718 0.628788
0.664853 0.431019 0.603234
0.502902 0.286659 0.277013
0.265844 0.32844 0.483851
0.462901 0.273392 0.665665
0.293381 0.301093 0.514238
0.405412 0.345385 0.368183
0.351344 0.319989 0.419294
0.680671 0.301021 0.430581
0.43725 0.451792 0.68423
0.591879 0.401717 0.298126
0.513483 0.265346 0.698718
0.595163 0.337839 0.309082
0.394938 0.346386 0.593655
0.36003 0.323919 0.405425
0.505382 0.27201 0.704671
0.398415 0.34619 0.378243
0.585484 0.304372 0.637057
0.585394 0.322584 0.367869
0.431026 0.317643 0.315478
0.620964 0.489786 0.558288
0.342806 0.328635 0.577961
0.699179 0.282397 0.504389
0.512936 0.275403 0.705956
0.699938 0.43482 0.542197
0.67692 0.300513 0.44011
0.320157 0.303836 0.449634
0.315862 0.350911 0.595958
0.504445 0.275271 0.707674
0.330565 0.318853 0.541759
0.684043 0.261056 0.522462
0.585793 0.382262 0.293169
0.666872 0.28566 0.558716
0.479856 0.516887 0.54225
0.416293 0.308884 0.646196
0.620742 0.487056 0.383193
0.304949 0.302468 0.546891
0.445356 0.281773 0.651847
0.668123 0.261635 0.527158
0.380578 0.352554 0.390055
0.482455 0.518381 0.452368
0.576392 0.315145 0.678707
0.431627 0.29585 0.674497
0.376151 0.330606 0.580978
0.691732 0.302839 0.429083
0.658697 0.381595 0.620457
0.318393 0.311064 0.448797
0.414099 0.336538 0.339058
0.716825 0.304423 0.53314
0.592053 0.307277 0.641013
0.301181 0.306645 0.529037
0.487654 0.516452 0.514648
0.474152 0.300572 0.271822
0.454163 0.330833 0.271037
0.309588 0.294738 0.452345
0.303745 0.334389 0.566424
0.683791 0.459086 0.501929
0.384339 0.518608 0.522288
0.395847 0.351913 0.378363
0.493751 0.269885 0.701697
0.674593 0.303498 0.457221
0.310961 0.297762 0.453543
0.386018 0.323141 0.606877
0.485063 0.286089 0.283523
0.567984 0.389608 0.703657
0.400356 0.318684 0.647625
0.613537 0.452094 0.632678
0.47639 0.520049 0.423818
0.486411 0.515699 0.538724
0.58979 0.308895 0.632838
0.605018 0.346052 0.585201
0.452915 0.517011 0.577665
0.261067 0.369321 0.489023
0.373124 0.324585 0.58497
0.706002 0.32081 0.427895
0.341882 0.33488 0.579114
0.487153 0.516389 0.493239
0.381906 0.346858 0.381052
0.453232 0.274808 0.687267
0.572503 0.36009 0.705876
0.713969 0.344002 0.424052
0.320394 0.348472 0.378616
0.481452 0.3255 0.26372
0.357992 0.3451 0.354374
0.48582 0.516634 0.488114
0.527382 0.288624 0.293562
0.388885 0.351835 0.6074
0.396495 0.438475 0.305521
0.594212 0.490489 0.590118
0.552558 0.303611 0.652811
0.285009 0.288433 0.472266
0.70308 0.332124 0.418324
0.536993 0.295797 0.302187
0.639442 0.32635 0.404106
0.562355 0.308273 0.294379
0.297719 0.456573 0.534946
0.682931 0.289432 0.503274
0.465293 0.284342 0.668613
0.405123 0.340473 0.34862
0.482619 0.51348 0.590148
0.564491 0.333631 0.283915
0.307106 0.328398 0.431463
0.397882 0.325947 0.35768
0.340093 0.351664 0.355348
0.693342 0.296871 0.461175
0.515 0.362152 0.256935
0.436323 0.387486 0.27595
0.396803 0.325028 0.62738
0.353459 0.350158 0.417439
0.579269 0.317604 0.319944
0.4179 0.311422 0.667284
0.305495 0.346548 0.572751
0.674878 0.318588 0.458073
0.686788 0.286702 0.514818
0.506769 0.310368 0.720741
0.647299 0.48434 0.506295
0.684994 0.449181 0.426106
0.363197 0.490737 0.386062
0.558387 0.512859 0.470914
0.373466 0.358876 0.599042
0.373906 0.361164 0.388392
0.664838 0.342857 0.600391
0.572638 0.509569 0.523577
0.60598 0.49048 0.379765
0.47154 0.51309 0.592733
0.480054 0.516217 0.45953
0.365481 0.343685 0.384821
0.667702 0.289677 0.553627
0.274241 0.391736 0.529769
0.619448 0.355105 0.323999
0.429996 0.518507 0.440491
0.647023 0.312683 0.578944
0.37899 0.373183 0.380113
0.376625 0.335229 0.335839
0.332716 0.492453 0.453841
0.619976 0.340814 0.582878
0.283992 0.439753 0.494585
0.549022 0.510425 0.423258
0.58095 0.509643 0.508585
0.658268 0.314942 0.38731
0.276536 0.342618 0.537739
0.625948 0.323118 0.38517
0.604654 0.506662 0.477404
0.455203 0.284317 0.699684
0.452808 0.413859 0.276225
0.654601 0.481292 0.422694
0.328387 0.348039 0.607769
0.309414 0.351969 0.399967
0.693021 0.315605 0.477054
0.460449 0.278454 0.695779
0.52704 0.316399 0.718852
0.319427 0.482043 0.458135
0.613692 0.499628 0.415934
0.572838 0.306331 0.664556
0.314377 0.325691 0.440448
0.350285 0.344216 0.40885
0.55039 0.307492 0.30716
0.532196 0.288633 0.688563
0.535273 0.295646 0.699034
0.510301 0.307069 0.285315
0.527656 0.381707 0.264978
0.706827 0.40056 0.413683
0.310978 0.355157 0.388624
0.559544 0.50053 0.37886
0.371163 0.353794 0.380337
0.467447 0.427405 0.709987
0.710345 0.299154 0.482514
0.587999 0.510381 0.469964
0.328366 0.33893 0.390761
0.532546 0.332102 0.72112
0.330519 0.490987 0.537288
0.693075 0.301283 0.497329
0.401023 0.327864 0.644243
0.467723 0.290694 0.713865
0.389079 0.339921 0.616837
0.54643 0.302596 0.298503
0.546389 0.509826 0.430011
0.587552 0.507457 0.429323
0.330336 0.32599 0.566149
0.376652 0.337888 0.351658
0.417297 0.325924 0.675966
0.423428 0.518984 0.552337
0.590937 0.49057 0.3707
0.37464 0.341868 0.614114
0.692218 0.312837 0.495867
0.678678 0.346544 0.381148
0.545312 0.322275 0.710028
0.721515 0.410579 0.461483
0.578969 0.505262 0.408766
0.272623 0.406508 0.460102
0.49118 0.336155 0.265187
0.302605 0.321734 0.447158
0.442614 0.294547 0.681718
0.485325 0.361322 0.260409
0.584957 0.443255 0.317096
0.508221 0.466604 0.670258
0.633403 0.426424 0.633226
0.368355 0.354557 0.369423
0.283185 0.393155 0.428337
0.437934 0.300147 0.658967
0.312603 0.326301 0.560919
0.289065 0.363256 0.423062
0.484511 0.513107 0.479833
0.433334 0.358042 0.277113
0.279139 0.419325 0.446024
0.707889 0.303123 0.491124
0.332879 0.421736 0.633262
0.614745 0.331983 0.360804
0.313777 0.448207 0.387726
0.336663 0.461908 0.371226
0.600579 0.502339 0.412527
0.488618 0.285047 0.69998
0.333454 0.341222 0.416036
0.45772 0.513526 0.583726
0.487919 0.289782 0.686107
0.281563 0.304655 0.474092
0.270378 0.399689 0.491125
0.605275 0.32936 0.60682
0.366252 0.342245 0.617626
0.266747 0.383258 0.488091
0.69061 0.311236 0.512687
0.422921 0.519812 0.494076
0.560809 0.322875 0.694984
0.404266 0.504074 0.390814
0.554181 0.506403 0.416133
0.514799 0.309269 0.692973
0.612346 0.342169 0.598965
0.283173 0.313766 0.494691
0.646139 0.331337 0.580983
0.392318 0.502135 0.394521
0.663542 0.459034 0.557397
0.46332 0.513622 0.464291
0.697753 0.341906 0.411658
0.489501 0.296276 0.688186
0.274142 0.41803 0.470404
0.68915 0.305291 0.522146
0.315423 0.343536 0.432416
0.59818 0.334662 0.652147
0.69355 0.313691 0.503073
0.344221 0.350176 0.605156
0.310405 0.469031 0.539441
0.378058 0.343494 0.331659
0.385449 0.342522 0.653946
0.706039 0.331995 0.554168
0.369318 0.459953 0.64281
0.325744 0.355091 0.593626
0.341588 0.426201 0.640727
0.392338 0.424019 0.68014
0.489684 0.300184 0.687765
0.370968 0.352241 0.608697
0.680876 0.336691 0.395382
0.673249 0.318822 0.571362
0.330002 0.346609 0.407087
0.494898 0.402871 0.272431
0.564344 0.50702 0.44483
0.36285 0.361233 0.354541
0.688501 0.308762 0.528123
0.619114 0.353742 0.661291
0.571991 0.330735 0.682942
0.699676 0.33956 0.418867
0.532494 0.50733 0.432472
0.290848 0.32057 0.508969
0.455677 0.438503 0.697408
0.314858 0.332114 0.561269
0.553436 0.476239 0.639975
0.271514 0.389505 0.500959
0.566988 0.317787 0.668041
0.403411 0.375114 0.292808
0.335808 0.350677 0.573271
0.641958 0.347712 0.615059
0.278636 0.418684 0.514633
0.568282 0.413344 0.293808
0.654037 0.32726 0.570241
0.525059 0.508338 0.507688
0.52454 0.508162 0.5165
0.731254 0.356237 0.505366
0.392582 0.405162 0.681761
0.52509 0.396808 0.717658
0.395442 0.358172 0.327249
0.648792 0.432039 0.350334
0.389291 0.365186 0.30158
0.671821 0.319747 0.416938
0.62351 0.38062 0.327875
0.291998 0.320982 0.537604
0.658575 0.322139 0.570404
0.665206 0.407648 0.360218
0.403094 0.51569 0.463579
0.549565 0.316359 0.680856
0.64624 0.344076 0.601217
0.27495 0.323795 0.487913
0.381254 0.354697 0.628498
0.306372 0.387826 0.582802
0.680737 0.315631 0.551312
0.376623 0.374836 0.314712
0.583008 0.340565 0.67501
0.458177 0.433339 0.284797
0.512655 0.507218 0.448034
0.474979 0.365877 0.264504
0.722211 0.338581 0.521026
0.349933 0.360853 0.6078
0.280485 0.417283 0.528751
0.675949 0.316997 0.554403
0.703283 0.425361 0.433809
0.376956 0.355296 0.66022
0.292274 0.412058 0.409668
0.301474 0.439975 0.562358
0.292811 0.420066 0.563315
0.433472 0.328442 0.690402
0.698783 0.315934 0.452349
0.371012 0.353794 0.330275
0.288512 0.322784 0.516288
0.518747 0.411581 0.277732
0.440179 0.307604 0.672532
0.722055 0.322669 0.477818
0.350184 0.373118 0.345282
0.592004 0.392249 0.67946
0.391745 0.515196 0.508723
0.681763 0.372904 0.581502
0.413141 0.517867 0.514423
0.726323 0.338912 0.494797
0.478178 0.508742 0.538498
0.515987 0.507393 0.483946
0.636295 0.445498 0.613222
0.52471 0.498898 0.357628
0.671226 0.465038 0.481345
0.587061 0.417232 0.673246
0.562936 0.505743 0.508957
0.277965 0.385305 0.446626
0.314945 0.365406 0.393495
0.721373 0.328464 0.462422
0.680805 0.328687 0.562201
0.476431 0.32882 0.718222
0.509523 0.505488 0.453008
0.63042 0.368878 0.3418
0.29314 0.439211 0.541602
0.5502 0.327417 0.686502
0.431987 0.358409 0.301653
0.62132 0.469361 0.596332
0.608051 0.432629 0.647261
0.278116 0.340958 0.509974
0.497079 0.509551 0.399682
0.61424 0.354159 0.654975
0.458741 0.30238 0.68575
0.271939 0.397913 0.467827
0.673145 0.334033 0.430033
0.445338 0.309986 0.679889
0.424882 0.379102 0.286243
0.500529 0.455629 0.300754
0.510774 0.471265 0.660587
0.285064 0.333738 0.494133
0.444181 0.454035 0.679904
0.659307 0.33264 0.396625
0.457726 0.510713 0.475161
0.341344 0.370206 0.604812
0.297394 0.331021 0.541193
0.599581 0.484314 0.588012
0.706996 0.323297 0.480844
0.657869 0.353278 0.588472
0.470009 0.425277 0.70839
0.318536 0.476306 0.539483
0.71379 0.386336 0.42999
0.524465 0.505131 0.587762
0.455627 0.418181 0.281513
0.385764 0.36331 0.651232
0.294907 0.363831 0.43439
0.440262 0.490011 0.639328
0.677757 0.33323 0.559933
0.673763 0.337568 0.566082
0.489715 0.504377 0.467251
0.345369 0.484359 0.576731
0.570648 0.504272 0.466219
0.589851 0.403104 0.307112
0.619558 0.3535 0.621447
0.504466 0.327307 0.713109
0.589393 0.356367 0.31252
0.671726 0.334315 0.423382
0.546264 0.354119 0.71206
0.314436 0.420341 0.60308
0.454721 0.357373 0.280207
0.620833 0.355699 0.344291
0.653884 0.35843 0.581404
0.288894 0.344343 0.516057
0.649745 0.367381 0.363941
0.398539 0.352216 0.668793
0.510267 0.323841 0.709359
0.439746 0.395475 0.283484
0.44677 0.323077 0.695762
0.676158 0.350019 0.573893
0.466852 0.317829 0.711236
0.709827 0.338934 0.438319
0.515725 0.349092 0.276578
0.477469 0.505893 0.507643
0.46074 0.479027 0.322813
0.530599 0.351953 0.275127
0.590123 0.36089 0.659416
0.348503 0.372317 0.617122
0.554031 0.328205 0.689445
0.359737 0.367444 0.625441
0.683651 0.352223 0.570335
0.281093 0.396001 0.522978
0.279103 0.355914 0.464112
0.592462 0.354333 0.327976
0.322488 0.370459 0.576997
0.516229 0.485092 0.637894
0.466427 0.505476 0.476377
0.584463 0.435176 0.316511
0.293306 0.385846 0.42556
0.6003 0.49926 0.437703
0.505047 0.358174 0.720075
0.442078 0.37266 0.283831
0.700148 0.436216 0.477124
0.6149 0.363308 0.636354
0.695725 0.435163 0.449261
0.52495 0.503741 0.558261
0.450139 0.419863 0.285998
0.516755 0.478748 0.646899
0.7097 0.326237 0.456107
0.582343 0.374827 0.304564
0.454978 0.44369 0.294976
0.712333 0.340083 0.520455
0.51681 0.365574 0.274944
0.583533 0.410179 0.67447
0.444136 0.36665 0.289354
0.715333 0.365478 0.432329
0.463169 0.502616 0.367033
0.594839 0.403289 0.669155
0.272156 0.377335 0.483828
0.304257 0.449168 0.434799
0.614936 0.364361 0.344992
0.423088 0.510615 0.424825
0.35531 0.469978 0.370905
0.669036 0.356148 0.381158
0.540796 0.501459 0.572936
0.58431 0.417519 0.306948
0.443528 0.505798 0.388601
0.364368 0.374141 0.646027
0.336741 0.473296 0.397117
0.282477 0.366533 0.508447
0.474681 0.502488 0.467545
0.507169 0.340957 0.706769
0.457963 0.505778 0.478279
0.447246 0.495605 0.359064
0.714387 0.402947 0.449792
0.702225 0.339828 0.527631
0.646018 0.452276 0.587312
0.569383 0.356699 0.681872
0.558251 0.496812 0.392551
0.587429 0.496273 0.399582
0.462932 0.505472 0.458093
0.580206 0.35872 0.31223
0.642566 0.445537 0.60135
0.380878 0.385073 0.669062
0.303382 0.392501 0.410069
0.661814 0.368635 0.578051
0.686646 0.341369 0.427387
0.703265 0.389592 0.551989
0.708674 0.342119 0.520374
0.653393 0.375629 0.579895
0.579417 0.399978 0.304878
0.451568 0.388445 0.282364
0.522649 0.360628 0.280426
0.368261 0.421746 0.324777
0.560921 0.497848 0.561766
0.675336 0.432515 0.566183
0.673652 0.361513 0.572146
0.380874 0.379483 0.65367
0.580251 0.499901 0.41618
0.416118 0.377444 0.692861
0.590259 0.492707 0.389938
0.448614 0.333128 0.690667
0.700041 0.344455 0.51759
0.348537 0.398781 0.638827
0.596616 0.375163 0.321034
0.603706 0.376421 0.654221
0.529227 0.500131 0.415533
0.539179 0.481278 0.631669
0.430992 0.510428 0.47552
0.504887 0.50426 0.409726
0.688517 0.364478 0.561293
0.70223 0.421574 0.444537
0.476624 0.508179 0.421012
0.715273 0.360715 0.528299
0.353214 0.39111 0.637165
0.279133 0.376798 0.473461
0.298346 0.439933 0.456409
0.459972 0.503681 0.531666
0.726455 0.381421 0.476986
0.417964 0.499311 0.384683
0.537268 0.455458 0.664406
0.582514 0.399209 0.675304
0.586925 0.494917 0.549492
0.50587 0.367167 0.716266
0.320728 0.408655 0.375517
0.612922 0.387007 0.340716
0.668908 0.45696 0.526525
0.703996 0.343756 0.444563
0.290693 0.424213 0.458674
0.579941 0.419854 0.308302
0.633983 0.395357 0.371957
0.482978 0.503999 0.58142
0.398374 0.38272 0.663398
0.51157 0.3557 0.710941
0.713265 0.354413 0.523885
0.478804 0.403249 0.712218
0.277594 0.385914 0.470376
0.438919 0.453098 0.310314
0.725322 0.358227 0.476152
0.295943 0.435353 0.469361
0.625544 0.416693 0.334719
0.412595 0.499757 0.392437
0.547233 0.496844 0.420093
0.291013 0.409906 0.537728
0.391182 0.505856 0.470778
0.64612 0.396348 0.605318
0.449707 0.504309 0.534958
0.695145 0.432775 0.502355
0.309158 0.394665 0.419552
0.596401 0.410594 0.658705
0.314058 0.439112 0.397372
0.636159 0.388686 0.366154
0.444082 0.351836 0.691726
0.660004 0.466264 0.447861
0.716794 0.392473 0.50578
0.644639 0.40567 0.591626
0.520508 0.499923 0.392145
0.47046 0.499223 0.474006
0.298171 0.443649 0.527329
0.356352 0.497458 0.492048
0.296752 0.420423 0.44062
0.324999 0.470935 0.554548
0.618221 0.448712 0.618535
0.621017 0.384844 0.634498
0.352145 0.418289 0.64526
0.509685 0.497175 0.605697
0.523947 0.497122 0.476337
0.353199 0.493447 0.468318
0.550413 0.412289 0.691131
0.387697 0.46422 0.344723
0.435362 0.37203 0.701161
0.433478 0.402234 0.295679
0.626541 0.399751 0.358036
0.71661 0.354026 0.480995
0.467762 0.37921 0.286217
0.307493 0.443313 0.450129
0.437084 0.364504 0.686494
0.306085 0.411679 0.562166
0.615194 0.484285 0.395268
0.312135 0.449537 0.446952
0.337103 0.483425 0.469577
0.348864 0.425566 0.619072
0.501083 0.375179 0.711149
0.558448 0.492754 0.390847
0.574145 0.410128 0.673077
0.716619 0.363727 0.490086
0.558514 0.414704 0.682642
0.418285 0.43885 0.310946
0.386765 0.402082 0.655421
0.464608 0.386134 0.710632
0.697234 0.363983 0.433667
0.299125 0.414838 0.442556
0.323108 0.418032 0.581261
0.310768 0.450533 0.461723
0.60862 0.394471 0.644031
0.680772 0.376504 0.562807
0.413652 0.387154 0.681851
0.33976 0.424403 0.625884
0.659494 0.422364 0.366642
0.486507 0.469237 0.319584
0.602203 0.425923 0.324042
0.687629 0.362604 0.549655
0.642354 0.406773 0.603323
0.71911 0.363951 0.46923
0.609127 0.399568 0.336698
0.560277 0.398135 0.301138
0.535429 0.406649 0.291495
0.48955 0.385895 0.291981
0.449183 0.420183 0.294606
0.700838 0.364035 0.542626
0.411611 0.389602 0.680778
0.391435 0.407837 0.655417
0.450283 0.411756 0.298197
0.505816 0.388375 0.296784
0.655315 0.467648 0.422301
0.594793 0.493307 0.415423
0.317742 0.462572 0.481759
0.487671 0.495963 0.499367
0.68625 0.373442 0.55297
0.558931 0.496319 0.496963
0.421267 0.49463 0.617043
0.651589 0.453898 0.558148
0.577972 0.423232 0.314365
0.366848 0.433294 0.64984
0.406681 0.506788 0.498556
0.658611 0.44929 0.555712
0.711735 0.366446 0.466901
0.575272 0.388366 0.667179
0.705336 0.363798 0.454905
0.594719 0.405573 0.332388
0.463248 0.361875 0.701708
0.574988 0.495932 0.464178
0.444664 0.419129 0.299651
0.47985 0.496299 0.505429
0.67622 0.444469 0.433564
0.456172 0.451737 0.676148
0.651224 0.465505 0.511901
0.657805 0.426973 0.369298
0.506388 0.49898 0.401927
0.598484 0.488959 0.397728
0.426955 0.421112 0.685191
0.458089 0.49805 0.471811
0.705113 0.36952 0.468791
0.414426 0.503147 0.41636
0.351657 0.472719 0.599972
0.508624 0.368886 0.701729
0.627134 0.48431 0.468821
0.313688 0.452626 0.540035
0.456542 0.497118 0.519072
0.331561 0.461029 0.40959
0.66002 0.410361 0.388234
0.559732 0.387323 0.679829
0.321849 0.464214 0.487804
0.688221 0.435041 0.479585
0.43089 0.46246 0.660165
0.361912 0.498117 0.532021
0.482434 0.461326 0.317038
0.477227 0.498837 0.578589
0.559262 0.493271 0.556108
0.305407 0.430889 0.504654
0.546261 0.495634 0.517653
0.460531 0.370555 0.701834
0.319064 0.451385 0.556051
0.558752 0.495627 0.514596
0.308296 0.414588 0.439062
0.654467 0.413783 0.572009
0.579327 0.495684 0.496873
0.552739 0.493775 0.482899
0.490925 0.420532 0.696071
0.543665 0.495425 0.513958
0.642457 0.42399 0.586492
0.556739 0.418891 0.307446
0.705133 0.412164 0.478176
0.302314 0.420472 0.459701
0.353489 0.484369 0.442714
0.506881 0.492366 0.477431
0.688296 0.411672 0.542712
0.648816 0.450094 0.567482
0.607431 0.48964 0.462423
0.694009 0.365158 0.530451
0.377136 0.502744 0.525865
0.445265 0.411403 0.693375
0.514889 0.410731 0.296734
0.331366 0.457166 0.411845
0.448831 0.498033 0.555168
0.568181 0.492416 0.546679
0.664385 0.409197 0.41122
0.414752 0.422084 0.673278
0.316005 0.449811 0.503289
0.433038 0.43816 0.319548
0.652726 0.459393 0.515108
0.412988 0.464266 0.652666
0.361016 0.442181 0.380048
0.424446 0.437211 0.673385
0.539559 0.382619 0.691862
0.680917 0.390746 0.422211
0.569551 0.409316 0.321039
0.593547 0.457911 0.618867
0.351579 0.465041 0.602326
0.43349 0.466013 0.335465
0.654052 0.407198 0.559855
0.566168 0.491906 0.46679
0.342067 0.482367 0.498152
0.451734 0.464393 0.326777
0.501295 0.412749 0.309953
0.669834 0.420093 0.396429
0.639183 0.427171 0.379301
0.534676 0.479282 0.623057
0.618093 0.430967 0.620566
0.660438 0.422649 0.567486
0.608475 0.459795 0.605066
0.413957 0.500888 0.422244
0.420244 0.501869 0.4999
0.497432 0.379776 0.690723
0.322953 0.454189 0.552062
0.589864 0.418765 0.643839
0.328885 0.4526 0.410247
0.661291 0.417744 0.391627
0.314902 0.431572 0.538885
0.330435 0.468655 0.522542
0.697126 0.38616 0.44753
0.683712 0.387514 0.543478
0.38548 0.445857 0.359669
0.633984 0.461984 0.551422
0.320906 0.451613 0.506921
0.700838 0.391579 0.506483
0.487604 0.456817 0.321036
0.310292 0.43231 0.466778
0.342147 0.452658 0.588436
0.56103 0.485048 0.394431
0.3443 0.449689 0.390621
0.460834 0.492978 0.540528
0.453906 0.493771 0.537917
0.311532 0.423286 0.481491
0.384132 0.493776 0.47838
0.55895 0.398398 0.668498
0.511621 0.446813 0.66776
0.566992 0.425873 0.658335
0.443229 0.443439 0.673075
0.416658 0.500319 0.575385
0.553617 0.486404 0.43829
0.491799 0.490478 0.603911
0.311037 0.42336 0.461819
0.369814 0.488864 0.471525
0.464074 0.425457 0.690565
0.521778 0.485917 0.452839
0.536778 0.437578 0.668513
0.338329 0.47098 0.461957
0.370054 0.432759 0.629481
0.342436 0.47677 0.550856
0.678038 0.377881 0.542044
0.333256 0.472061 0.51883
0.580429 0.482734 0.577427
0.469932 0.435085 0.309501
0.485561 0.382574 0.692973
0.33761 0.470825 0.516577
0.377989 0.484168 0.593427
0.680966 0.431742 0.469702
0.570613 0.490288 0.492077
0.646566 0.459994 0.501479
0.322879 0.445621 0.51143
0.688297 0.380064 0.521769
0.509181 0.489885 0.415497
0.667292 0.389916 0.544457
0.480888 0.446947 0.31964
0.581509 0.446591 0.343064
0.688893 0.420371 0.476171
0.326565 0.452985 0.528478
0.409277 0.49756 0.535826
0.64458 0.442315 0.38342
0.644793 0.466389 0.435228
0.394613 0.495464 0.560858
0.65455 0.454427 0.497815
0.318208 0.44276 0.468713
0.34765 0.477355 0.491721
0.364283 0.471724 0.600749
0.355676 0.480453 0.558632
0.664643 0.412022 0.54989
0.511956 0.430398 0.318091
0.678228 0.378554 0.515408
0.576235 0.490471 0.490896
0.426393 0.414222 0.668922
0.587417 0.436692 0.349705
0.501454 0.422118 0.684389
0.583768 0.490437 0.503189
0.453014 0.493653 0.574085
0.365504 0.454048 0.620114
0.38103 0.494481 0.518211
0.663051 0.441608 0.410707
0.681375 0.417226 0.528474
0.606658 0.441201 0.612042
0.366631 0.463497 0.389869
0.397633 0.463118 0.636661
0.429289 0.481924 0.621032
0.587494 0.487392 0.493748
0.429287 0.492213 0.515824
0.3302 0.437536 0.513222
0.469487 0.469537 0.339886
0.653271 0.430924 0.410523
0.620318 0.43324 0.57484
0.397697 0.434924 0.614873
0.524987 0.482441 0.425697
0.650018 0.436907 0.553839
0.679283 0.391179 0.451412
0.482303 0.459539 0.332798
0.431919 0.415287 0.659088
0.656878 0.451854 0.463779
0.679195 0.398232 0.440272
0.577633 0.447264 0.348241
0.568208 0.412346 0.641683
0.584771 0.487388 0.483482
0.689094 0.409885 0.483731
0.412855 0.448845 0.654052
0.405618 0.492859 0.491855
0.522621 0.476541 0.351844
0.651553 0.433706 0.407333
0.553091 0.409408 0.661832
0.327592 0.450152 0.479022
0.44983 0.48788 0.499139
0.425938 0.489411 0.603998
0.343108 0.467395 0.458101
0.377185 0.440603 0.627946
0.499237 0.449595 0.328505
0.360001 0.447494 0.602793
0.565577 0.437507 0.641778
0.490508 0.392154 0.684549
0.448913 0.488272 0.507725
0.378033 0.460914 0.618229
0.427713 0.494317 0.439093
0.588032 0.434885 0.601918
0.686987 0.401145 0.458032
0.448642 0.470048 0.353426
0.337835 0.436516 0.513816
0.58663 0.458915 0.364931
0.439547 0.483864 0.376169
0.518046 0.444346 0.336156
0.350757 0.469846 0.490221
0.404078 0.492265 0.438059
0.638793 0.464779 0.420072
0.581277 0.429092 0.613595
0.578627 0.453528 0.358584
0.646582 0.45772 0.421872
0.666993 0.387383 0.531799
0.581833 0.454347 0.612159
0.580012 0.444061 0.362613
0.647816 0.43436 0.549855
0.622764 0.440004 0.411378
0.665258 0.438041 0.487842
0.463199 0.486721 0.567719
0.472331 0.482056 0.504165
0.578097 0.472982 0.587003
0.373076 0.484363 0.510285
0.592137 0.465777 0.590061
0.437313 0.488721 0.545777
0.337531 0.454867 0.512559
0.372894 0.445556 0.6094
0.571894 0.470845 0.373726
0.496859 0.485369 0.382862
0.418794 0.470693 0.365083
0.603026 0.46161 0.375994
0.626909 0.462363 0.536847
0.432677 0.445198 0.658607
0.396375 0.463292 0.371874
0.355631 0.468429 0.495544
0.423253 0.489217 0.477748
0.463657 0.486692 0.450304
0.686203 0.391489 0.472123
0.60813 0.450499 0.38539
0.666963 0.389672 0.514118
0.374079 0.475075 0.577894
0.54569 0.402857 0.643988
0.53881 0.475492 0.379965
0.619483 0.470609 0.444109
0.342163 0.451251 0.50644
0.661268 0.430798 0.50893
0.605593 0.474144 0.537081
0.669579 0.408361 0.524822
0.418206 0.450725 0.361052
0.644667 0.40767 0.540631
0.493165 0.479777 0.503257
0.611486 0.47223 0.506299
0.543625 0.472279 0.442945
0.492749 0.456447 0.346884
0.501609 0.476698 0.365788
0.48995 0.449838 0.654772
0.570514 0.456416 0.362789
0.557107 0.423899 0.641676
0.406547 0.452454 0.369026
0.629318 0.466726 0.419595
0.431501 0.442322 0.357383
0.532012 0.409995 0.664942
0.649268 0.439526 0.534114
0.432455 0.418829 0.635745
0.380117 0.483177 0.514855
0.560365 0.47479 0.441783
0.54364 0.473452 0.462345
0.564397 0.476011 0.436155
0.630764 0.453289 0.400866
0.54826 0.482607 0.567153
0.361304 0.466928 0.494178
0.665354 0.400002 0.514156
0.437743 0.483046 0.58679
0.426746 0.460163 0.366903
0.460243 0.477818 0.521812
0.661473 0.394761 0.512815
0.392049 0.481971 0.416923
0.617042 0.465178 0.508629
0.399107 0.442429 0.61431
0.67171 0.395321 0.499351
0.400551 0.44511 0.625665
0.399391 0.485658 0.421414
0.365297 0.458883 0.568405
0.626023 0.458546 0.4093
0.405676 0.439353 0.620794
0.418066 0.480376 0.600618
0.563711 0.45216 0.613967
0.469625 0.476357 0.508287
0.610267 0.469385 0.519893
0.609267 0.439421 0.570663
0.488643 0.472422 0.613837
0.556727 0.423028 0.634654
0.480522 0.481681 0.582305
0.640642 0.406186 0.534838
0.377263 0.460714 0.429556
0.478664 0.454077 0.356344
0.370294 0.443071 0.573333
0.442685 0.443802 0.359512
0.503819 0.401027 0.66266
0.488035 0.479445 0.447907
0.43404 0.481939 0.516318
0.385664 0.479736 0.50319
0.560626 0.471291 0.461899
0.407422 0.484621 0.562993
0.408234 0.439651 0.627566
0.659341 0.420337 0.521233
0.436752 0.443654 0.381099
0.654289 0.40761 0.522206
0.551829 0.414083 0.626145
0.439325 0.465449 0.375574
0.666908 0.399577 0.491174
0.657401 0.410513 0.513046
0.534767 0.465507 0.605406
0.401388 0.478957 0.497055
0.395662 0.466878 0.407079
0.522385 0.467547 0.449966
0.615343 0.439368 0.425423
0.410269 0.480902 0.547503
0.360162 0.432614 0.493489
0.636066 0.394763 0.519622
0.487852 0.456825 0.634001
0.433839 0.45607 0.633322
0.4794 0.472554 0.507716
0.470256 0.440297 0.35956
0.486084 0.480032 0.411866
0.49488 0.409902 0.66037
0.381451 0.473693 0.495933
0.577866 0.454671 0.378854
0.628552 0.457832 0.451135
0.598975 0.430631 0.562582
0.643062 0.402866 0.52731
0.493642 0.472148 0.499384
0.647786 0.43106 0.444854
0.627744 0.456895 0.478715
0.452996 0.44626 0.647366
0.617087 0.449628 0.414402
0.371174 0.431152 0.550875
0.531841 0.478279 0.571084
0.486949 0.473349 0.601694
0.370109 0.467052 0.460149
0.56823 0.468004 0.394415
0.45565 0.482195 0.401497
0.373706 0.461366 0.548777
0.637145 0.423378 0.53254
0.415673 0.481642 0.462311
0.452271 0.469165 0.386799
0.494718 0.467525 0.472939
0.641431 0.432497 0.511533
0.365008 0.448225 0.47726
0.55498 0.465162 0.399458
0.368739 0.455172 0.470451
0.385497 0.472801 0.456774
0.620839 0.457562 0.447916
0.461617 0.416417 0.651214
0.615595 0.444843 0.426979
0.392088 0.47497 0.438458
0.621407 0.453069 0.51489
0.451182 0.428355 0.644698
0.403389 0.46947 0.410655
0.429548 0.476161 0.544271
0.407383 0.456887 0.612642
0.42701 0.418255 0.577731
0.605693 0.447674 0.417706
0.633822 0.448421 0.449186
0.432374 0.423435 0.612292
0.597011 0.438343 0.42249
0.649922 0.419236 0.461814
0.493678 0.428335 0.64987
0.56998 0.473388 0.551756
0.453094 0.443787 0.641752
0.374817 0.453091 0.55852
0.472074 0.424041 0.657078
0.536256 0.432744 0.363106
0.418916 0.429994 0.581173
0.468197 0.395911 0.645267
0.58583 0.419837 0.558291
0.433018 0.474884 0.519095
0.616411 0.453054 0.542351
0.393855 0.47079 0.451464
0.612235 0.436943 0.548571
0.564818 0.472179 0.523138
0.465372 0.468748 0.397606
0.373033 0.427441 0.473459
0.612829 0.454463 0.514089
0.496626 0.428208 0.641814
0.431629 0.450954 0.397441
0.371915 0.442769 0.506198
0.57578 0.458024 0.399287
0.541494 0.463599 0.488342
0.453648 0.473777 0.460022
0.581804 0.454121 0.576462
0.445121 0.465972 0.599773
0.38199 0.460945 0.508883
0.469043 0.391822 0.637529
0.579297 0.466895 0.554003
0.442861 0.468314 0.396479
0.646658 0.424973 0.482997
0.498633 0.386839 0.637426
0.532038 0.4616 0.596687
0.644104 0.424163 0.490785
0.482786 0.469772 0.553505
0.622548 0.429346 0.451142
0.584255 0.446788 0.577903
0.495036 0.467211 0.443748
0.509521 0.46128 0.384984
0.624559 0.446698 0.446847
0.639057 0.416381 0.504994
0.617002 0.45068 0.529606
0.48441 0.468219 0.457154
0.479663 0.470641 0.407191
0.381638 0.46136 0.468392
0.635022 0.431567 0.50816
0.614328 0.442155 0.546686
0.44529 0.474055 0.465611
0.403452 0.468591 0.448391
0.496585 0.375838 0.627173
0.51372 0.391276 0.63294
0.525606 0.424294 0.631297
0.502681 0.461541 0.589748
0.59887 0.45827 0.517105
0.498711 0.456843 0.479741
0.390928 0.457707 0.547899
0.497961 0.456843 0.391242
0.632933 0.413882 0.472993
0.526847 0.417795 0.633075
0.533291 0.412265 0.629875
0.421537 0.447845 0.603491
0.432808 0.473206 0.451844
0.379035 0.441124 0.475867
0.502134 0.403449 0.637637
0.406718 0.448324 0.424505
0.538564 0.393668 0.593692
0.377587 0.420161 0.527161
0.599924 0.415287 0.538713
0.510948 0.458208 0.453049
0.384463 0.453944 0.535459
0.417452 0.472583 0.427525
0.448269 0.442341 0.391344
0.539022 0.414359 0.622507
0.417236 0.468631 0.41831
0.486677 0.40258 0.641469
0.481181 0.459144 0.477906
0.513092 0.453129 0.606424
0.453829 0.396387 0.604174
0.50676 0.459869 0.440526
0.623846 0.396488 0.471108
0.39899 0.466846 0.463754
0.48658 0.436737 0.632818
0.382941 0.452092 0.531604
0.504794 0.460531 0.436923
0.392254 0.449697 0.519104
0.39531 0.436052 0.549034
0.589983 0.411056 0.440888
0.556794 0.45154 0.577625
0.384731 0.404834 0.50599
0.590053 0.456869 0.519569
0.442855 0.429809 0.61049
0.587073 0.448253 0.432557
0.464335 0.45881 0.586973
0.577382 0.386541 0.438343
0.37508 0.406959 0.48139
0.428722 0.466474 0.421877
0.512522 0.451487 0.399375
0.605805 0.429333 0.536094
0.479568 0.392824 0.6359
0.543269 0.460248 0.524269
0.490317 0.41925 0.631243
0.484304 0.382622 0.632635
0.422015 0.452709 0.414413
0.422244 0.456073 0.414987
0.500683 0.432195 0.62451
0.466551 0.391293 0.622124
0.565297 0.46015 0.54363
0.440934 0.460793 0.477108
0.471407 0.460191 0.553164
0.522244 0.424007 0.377257
0.38316 0.42403 0.507375
0.44767 0.455913 0.489176
0.488136 0.4264 0.6296
0.622985 0.41783 0.487475
0.461864 0.406179 0.622814
0.6124 0.439118 0.461437
0.495215 0.398515 0.632286
0.62108 0.396085 0.471516
0.515257 0.455683 0.511693
0.614937 0.403304 0.507426
0.399023 0.443122 0.502714
0.536062 0.452147 0.517869
0.569958 0.451977 0.504892
0.602699 0.431466 0.530536
0.388855 0.4263 0.468676
0.562079 0.454845 0.532246
0.473587 0.390558 0.626894
0.614964 0.385102 0.499164
0.405767 0.449124 0.50232
0.546608 0.45376 0.544788
0.454828 0.41959 0.396395
0.541716 0.45073 0.566423
0.609708 0.407306 0.464782
0.544363 0.445467 0.585657
0.381028 0.403596 0.486155
0.563662 0.449378 0.460048
0.505263 0.448443 0.455981
0.612466 0.415153 0.492729
0.570226 0.43539 0.419677
0.589657 0.446072 0.479992
0.461618 0.417065 0.390216
0.470134 0.450092 0.522788
0.520068 0.425747 0.617648
0.469193 0.44638 0.602469
0.57181 0.401634 0.547046
0.423202 0.453597 0.493858
0.513444 0.452545 0.52992
0.540581 0.435265 0.602022
0.419206 0.44456 0.57311
0.396721 0.44075 0.537306
0.521306 0.415741 0.620737
0.395014 0.436924 0.513788
0.527773 0.418478 0.618663
0.463413 0.444702 0.476353
0.510329 0.448961 0.587058
0.604596 0.436253 0.491479
0.437203 0.431824 0.414258
0.537872 0.446498 0.544233
0.446785 0.431517 0.594126
0.596718 0.410933 0.524736
0.512684 0.44343 0.431869
0.547609 0.44613 0.543037
0.559402 0.444152 0.500173
0.469705 0.429583 0.475135
0.413867 0.44599 0.539893
0.445668 0.446536 0.518827
0.392911 0.401183 0.459932
0.527133 0.411006 0.391344
0.537157 0.393856 0.582034
0.600674 0.428328 0.470649
0.469536 0.444062 0.45467
0.560534 0.442181 0.481877
0.466905 0.397082 0.612594
0.551704 0.404429 0.413823
0.513219 0.444947 0.56605
0.455231 0.435253 0.492829
0.598801 0.398649 0.520652
0.48245 0.445902 0.574259
0.613412 0.376947 0.497592
0.47801 0.396173 0.621286
0.605194 0.415716 0.49022
0.453333 0.432864 0.597952
0.484676 0.389002 0.379533
0.444954 0.451348 0.450829
0.601949 0.402953 0.51406
0.511059 0.438926 0.493082
0.471438 0.442789 0.407321
0.50083 0.433338 0.602153
0.493057 0.439802 0.407128
0.472771 0.368288 0.610472
0.45119 0.403917 0.406407
0.478636 0.392813 0.38261
0.454683 0.389056 0.408774
0.410047 0.430966 0.491491
0.615297 0.358676 0.476643
0.406654 0.403841 0.521553
0.508319 0.359755 0.596185
0.530921 0.43772 0.55333
0.590277 0.425476 0.503075
0.512658 0.437039 0.561861
0.617473 0.3334 0.487409
0.591262 0.388456 0.454902
0.460065 0.403054 0.597425
0.425958 0.441831 0.535153
0.469048 0.354098 0.594126
0.526624 0.435859 0.465198
0.409013 0.398136 0.527049
0.572892 0.426516 0.439382
0.457331 0.424539 0.47628
0.46679 0.436757 0.520311
0.457966 0.439839 0.558214
0.59651 0.348739 0.515631
0.510772 0.386205 0.603348
0.496726 0.435601 0.452005
0.591581 0.423291 0.519902
0.471442 0.417812 0.474646
0.492782 0.436063 0.573167
0.566696 0.432843 0.440474
0.557116 0.417678 0.42048
0.53922 0.436029 0.556528
0.531494 0.439263 0.533577
0.581581 0.434626 0.530731
0.543241 0.417289 0.40963
0.543711 0.409096 0.409763
0.526633 0.418606 0.401243
0.515818 0.390805 0.396336
0.414008 0.439388 0.452959
0.45986 0.40328 0.597227
0.462531 0.365038 0.580767
0.537094 0.429752 0.444191
0.555594 0.424609 0.545495
0.428176 0.431635 0.521568
0.539056 0.424492 0.560258
0.517218 0.429113 0.552125
0.598486 0.362988 0.506939
0.518172 0.369907 0.401036
0.562346 0.420196 0.435009
0.518047 0.422894 0.581456
0.478517 0.429559 0.525101
0.534573 0.428123 0.428759
0.500643 0.372645 0.400016
0.481284 0.405741 0.477682
0.534012 0.426716 0.423651
0.562286 0.357929 0.538198
0.490799 0.423242 0.578417
0.552283 0.396563 0.422741
0.413868 0.38673 0.522625
0.519837 0.373705 0.401135
0.474017 0.416514 0.404765
0.523385 0.413825 0.590326
0.536323 0.411119 0.577699
0.497063 0.422123 0.581272
0.436657 0.297745 0.567636
0.473268 0.425668 0.515397
0.466328 0.422432 0.411544
0.421264 0.402458 0.437607
0.451671 0.428602 0.512435
0.439278 0.347104 0.551396
0.461484 0.377201 0.408071
0.391589 0.386456 0.473272
0.557177 0.390676 0.427423
0.416456 0.385634 0.443031
0.410285 0.418359 0.497344
0.426028 0.407303 0.547418
0.42002 0.412776 0.512711
0.536963 0.418222 0.462023
0.465442 0.374119 0.409447
0.446197 0.424862 0.525398
0.448445 0.424917 0.540166
0.505801 0.419633 0.546265
0.477518 0.419788 0.41951
0.445575 0.389033 0.560508
0.578498 0.411261 0.471823
0.445037 0.424992 0.53855
0.450816 0.41816 0.563029
0.554005 0.418239 0.50192
0.491343 0.414352 0.563998
0.507378 0.375014 0.58439
0.435748 0.354429 0.422745
0.558329 0.287932 0.565997
0.40201 0.392728 0.483481
0.568974 0.415916 0.511982
0.545548 0.418893 0.459274
0.461003 0.390663 0.414028
0.429819 0.376224 0.538929
0.525228 0.3483 0.406552
0.405776 0.381075 0.495399
0.492805 0.364984 0.589801
0.600347 0.330966 0.499239
0.484948 0.339855 0.597232
0.421528 0.412336 0.517856
0.522016 0.418817 0.498895
0.392754 0.372088 0.480427
0.501942 0.41823 0.55158
0.598596 0.383299 0.472748
0.496932 0.419857 0.518683
0.533962 0.417592 0.464265
0.575488 0.386975 0.527303
0.541267 0.413047 0.553996
0.505471 0.411028 0.46523
0.433407 0.403248 0.440923
0.53524 0.402129 0.474475
0.532208 0.404083 0.466519
0.461782 0.414458 0.526673
0.563872 0.403939 0.507614
0.49518 0.408189 0.540223
0.561017 0.40188 0.529278
0.514509 0.410387 0.534376
0.576289 0.396774 0.494785
0.580854 0.391053 0.500665
0.434526 0.290454 0.568199
0.527623 0.368578 0.568023
0.463019 0.393578 0.492429
0.557423 0.402792 0.483208
0.488324 0.377111 0.581911
0.579579 0.324345 0.445909
0.542125 0.354066 0.420999
0.542861 0.404023 0.43525
0.489044 0.367012 0.584111
0.538942 0.387392 0.423573
0.561503 0.402893 0.490212
0.548629 0.405398 0.440304
0.486128 0.400789 0.417802
0.490895 0.359383 0.406279
0.579068 0.366281 0.454158
0.470862 0.386471 0.471419
0.580854 0.301371 0.440634
0.461105 0.344162 0.572476
0.584822 0.388878 0.466583
0.601238 0.323736 0.492928
0.521826 0.408858 0.503557
0.557685 0.373648 0.536366
0.507673 0.4115 0.523424
0.555519 0.402817 0.481662
0.477024 0.356507 0.405015
0.436409 0.327986 0.549967
0.445787 0.384391 0.545574
0.53642 0.390947 0.486126
0.436359 0.391149 0.526884
0.473242 0.398895 0.524832
0.464654 0.38987 0.503645
0.486781 0.392952 0.535868
0.439989 0.398072 0.461725
0.399037 0.310373 0.485433
0.566383 0.386244 0.52003
0.486329 0.375372 0.4846
0.575211 0.366321 0.45527
0.574473 0.386441 0.465678
0.456026 0.397728 0.43686
0.558325 0.276878 0.570081
0.550322 0.395547 0.526704
0.590324 0.315624 0.46042
0.497013 0.396794 0.526243
0.531974 0.396336 0.535706
0.415051 0.366445 0.493042
0.469086 0.387339 0.423408
0.499195 0.390111 0.428231
0.572044 0.389363 0.47628
0.531359 0.3869 0.549952
0.489052 0.395179 0.434967
0.569114 0.37987 0.521115
0.487292 0.38862 0.549351
0.575262 0.383183 0.4953
0.533684 0.390334 0.465857
0.523628 0.377243 0.420199
0.479166 0.38682 0.458144
0.47844 0.38165 0.575269
0.471242 0.363751 0.414537
0.481666 0.342431 0.587482
0.517233 0.358517 0.414149
0.597743 0.342513 0.477802
0.500101 0.379961 0.482558
0.416268 0.361702 0.480809
0.536952 0.379658 0.498519
0.507573 0.281451 0.590315
0.480456 0.378582 0.520727
0.584647 0.349822 0.490202
0.479601 0.379655 0.537484
0.516388 0.364511 0.558169
0.489815 0.371598 0.459958
0.537742 0.338525 0.553754
0.405861 0.333196 0.473194
0.539437 0.375686 0.470845
0.577999 0.354208 0.505881
0.455801 0.33239 0.56204
0.411321 0.333393 0.49037
0.424853 0.360543 0.503185
0.5952 0.294684 0.471283
0.422155 0.372763 0.469168
0.525908 0.376321 0.455487
0.548799 0.343816 0.43025
0.562055 0.364388 0.448863
0.466565 0.360736 0.566221
0.576803 0.363576 0.496973
0.405268 0.323686 0.48415
0.480782 0.365781 0.466428
0.564197 0.377657 0.468155
0.488457 0.377829 0.429649
0.513767 0.290692 0.588669
0.459895 0.383168 0.543393
0.489305 0.279143 0.595885
0.563988 0.334825 0.439943
0.421243 0.314439 0.438371
0.536048 0.376292 0.465046
0.439728 0.379544 0.44781
0.496936 0.377573 0.535117
0.498164 0.379084 0.512002
0.420956 0.262358 0.419714
0.423392 0.355402 0.471921
0.437713 0.360778 0.47692
0.474361 0.344912 0.478162
0.500516 0.360809 0.503331
0.583828 0.315502 0.463902
0.472187 0.365779 0.540005
0.529312 0.327194 0.564496
0.514058 0.368901 0.518876
0.526652 0.371079 0.513059
0.525657 0.286427 0.584494
0.562337 0.287591 0.426511
0.478177 0.364033 0.43345
0.494048 0.291573 0.588119
0.581001 0.328338 0.495278
0.538749 0.298551 0.417415
0.431409 0.279594 0.417333
0.463 0.368152 0.534013
0.444199 0.343634 0.540581
0.505027 0.328747 0.416539
0.495849 0.348824 0.482922
0.571 0.290892 0.433689
0.585567 0.270534 0.440989
0.590277 0.282152 0.509181
0.494657 0.357397 0.545642
0.472916 0.355706 0.499802
0.591635 0.266632 0.496785
0.443123 0.308261 0.416225
0.523839 0.362553 0.436587
0.445828 0.296841 0.566636
0.415978 0.335038 0.469666
0.487399 0.3037 0.405853
0.590168 0.284511 0.504492
0.47798 0.356155 0.425225
0.564308 0.317038 0.533929
0.494748 0.344245 0.563127
0.558888 0.294871 0.552573
0.449729 0.283291 0.572965
0.444177 0.341381 0.486828
0.561191 0.326543 0.526567
0.509312 0.350408 0.506879
0.492495 0.339925 0.428998
0.464527 0.349481 0.541311
0.439168 0.340994 0.488064
0.405734 0.283716 0.487014
0.513954 0.33719 0.554317
0.480514 0.32269 0.574639
0.542709 0.347724 0.452357
0.480486 0.334135 0.493707
0.480825 0.342185 0.516201
0.420023 0.26787 0.426988
0.445792 0.30841 0.555986
0.428817 0.309312 0.433207
0.587414 0.287624 0.478061
0.413315 0.311052 0.472138
0.45849 0.351261 0.523974
0.405244 0.281316 0.488442
0.516804 0.3496 0.534958
0.407452 0.276892 0.462402
0.460111 0.34818 0.459998
0.492585 0.286023 0.585778
0.46939 0.340568 0.426903
0.409999 0.236187 0.573051
0.589052 0.263396 0.493285
0.438561 0.341033 0.509316
0.570874 0.296911 0.532445
0.507049 0.32642 0.422208
0.426025 0.340014 0.470148
0.481135 0.330563 0.568922
0.431044 0.337604 0.485237
0.553165 0.345782 0.485511
0.430358 0.319742 0.436542
0.474586 0.329718 0.479482
0.43071 0.319155 0.499748
0.447791 0.327209 0.497539
0.469912 0.291549 0.410479
0.517606 0.338554 0.5112
0.40905 0.243044 0.430847
0.454846 0.326261 0.541788
0.517501 0.259387 0.40737
0.496621 0.324099 0.458608
0.519046 0.258318 0.407001
0.583224 0.252586 0.533964
0.505883 0.313726 0.477608
0.488535 0.286893 0.581084
0.459414 0.323573 0.472027
0.440617 0.326477 0.509345
0.493724 0.331384 0.52825
0.42372 0.306246 0.449675
0.512258 0.245695 0.589637
0.415957 0.250486 0.566655
0.586758 0.275741 0.467941
0.510565 0.326359 0.492635
0.470644 0.314299 0.479099
0.408754 0.277939 0.484759
0.5114 0.268048 0.584375
0.491396 0.287468 0.412651
0.457446 0.332207 0.53094
0.404186 0.259784 0.471887
0.544986 0.256813 0.581417
0.528483 0.26075 0.408458
0.53439 0.33794 0.514821
0.410307 0.241532 0.567152
0.572378 0.308917 0.504872
0.545681 0.305305 0.429668
0.402253 0.26232 0.524831
0.51867 0.310881 0.422791
0.531749 0.321895 0.477508
0.558648 0.229279 0.589217
0.428615 0.302781 0.490662
0.553737 0.308923 0.471141
0.416215 0.28006 0.492937
0.54662 0.315361 0.498675
0.413749 0.257362 0.554711
0.440663 0.298648 0.544467
0.53912 0.279457 0.421461
0.51784 0.325041 0.519282
0.491554 0.314011 0.541741
0.524339 0.305348 0.471426
0.537458 0.290743 0.425869
0.582786 0.254426 0.490851
0.524311 0.303339 0.477566
0.589018 0.235279 0.514381
0.437062 0.312429 0.43973
0.449331 0.253309 0.580293
0.537596 0.305579 0.477686
0.501095 0.297079 0.477884
0.535343 0.313846 0.458264
0.46419 0.301147 0.560245
0.410554 0.270697 0.512581
0.447694 0.256212 0.409
0.501125 0.291657 0.421637
0.502957 0.306719 0.489888
0.548736 0.232178 0.588552
0.509176 0.319613 0.530533
0.462977 0.250351 0.403682
0.421148 0.290277 0.485801
0.476744 0.307236 0.503985
0.457369 0.313583 0.428018
0.456511 0.310155 0.496991
0.407596 0.258161 0.473576
0.441074 0.310892 0.521266
0.410172 0.250667 0.444927
0.530951 0.323746 0.51577
0.531898 0.289104 0.566933
0.428509 0.287589 0.488649
0.480481 0.287019 0.497177
0.408644 0.23686 0.562533
0.408469 0.24396 0.46085
0.509318 0.29604 0.454829
0.434486 0.281863 0.547131
0.552978 0.299948 0.506783
0.526837 0.300627 0.447684
0.580032 0.247576 0.487637
0.560489 0.290656 0.498812
0.553019 0.294637 0.494883
0.468373 0.280295 0.419345
0.588943 0.223203 0.48587
0.585437 0.244809 0.438359
0.418235 0.228975 0.413508
0.490506 0.26661 0.576908
0.589406 0.225324 0.537611
0.430152 0.296008 0.463457
0.573172 0.271593 0.500136
0.527573 0.309871 0.521973
0.595221 0.232311 0.445375
0.495505 0.289412 0.427622
0.453078 0.300022 0.522141
0.559247 0.286503 0.474995
0.530835 0.254947 0.413194
0.444966 0.297666 0.502373
0.435089 0.285478 0.542051
0.539223 0.302265 0.502443
0.411064 0.250784 0.550929
0.504593 0.285782 0.48227
0.474194 0.28684 0.492412
0.515656 0.287058 0.480388
0.450027 0.299727 0.521156
0.51885 0.290104 0.483211
0.580953 0.245448 0.48803
0.587563 0.224383 0.556554
0.436334 0.249939 0.419134
0.480999 0.278923 0.514531
0.498844 0.280301 0.432852
0.415928 0.250526 0.462772
0.422435 0.262422 0.448667
0.419435 0.253882 0.551799
0.446399 0.281421 0.429012
0.424001 0.233939 0.417164
0.582345 0.238797 0.515898
0.481941 0.262288 0.479406
0.515637 0.290502 0.534833
0.470455 0.269752 0.485855
0.574805 0.25175 0.437831
0.416393 0.258874 0.523743
0.485232 0.252864 0.577878
0.492848 0.21777 0.594175
0.52625 0.272931 0.475615
0.425425 0.251138 0.562734
0.510674 0.266745 0.423831
0.444311 0.28269 0.529029
0.528654 0.262556 0.569591
0.49966 0.274987 0.462936
0.509963 0.278022 0.459628
0.55407 0.27811 0.49569
0.523802 0.295098 0.517434
0.454067 0.226963 0.588344
0.599217 0.220225 0.453605
0.458171 0.222525 0.591483
0.564401 0.273374 0.525274
0.403577 0.221426 0.451952
0.417224 0.25477 0.545906
0.3999 0.23054 0.526045
0.411377 0.214755 0.584653
0.495421 0.256273 0.417712
0.499599 0.286052 0.539357
0.486816 0.264271 0.4745
0.430103 0.263148 0.527215
0.480502 0.26731 0.532252
0.587477 0.215692 0.495875
0.423508 0.253365 0.464835
0.525838 0.261479 0.429668
0.406081 0.225432 0.559348
0.522034 0.276995 0.532655
0.50547 0.2415 0.575473
0.584207 0.222594 0.553623
0.407179 0.2218 0.466426
0.48861 0.232471 0.582379
0.481297 0.258278 0.564384
0.548545 0.247101 0.566831
0.451367 0.277163 0.439221
0.547583 0.26925 0.537052
0.491912 0.232832 0.410118
0.468191 0.219856 0.400863
0.410728 0.228353 0.480935
0.456862 0.26996 0.537054
0.540502 0.272089 0.536598
0.483159 0.258245 0.501063
0.50668 0.264599 0.495096
0.579541 0.199591 0.595823
0.549828 0.273891 0.523012
0.514876 0.267862 0.436815
0.448378 0.26768 0.47139
0.562243 0.260612 0.530532
0.556613 0.257191 0.475945
0.520822 0.272053 0.501666
0.490064 0.219055 0.401742
0.554314 0.236372 0.414956
0.485987 0.224674 0.587531
0.578303 0.245115 0.451722
0.47364 0.267922 0.545811
0.422342 0.211484 0.402074
0.59121 0.197108 0.594629
0.428 0.248742 0.52274
0.531034 0.235228 0.418972
0.57102 0.242062 0.449435
0.530871 0.253132 0.55291
0.529529 0.213142 0.402001
0.397512 0.206416 0.56569
0.531978 0.257785 0.539421
0.518013 0.217929 0.406994
0.570279 0.240605 0.441822
0.474865 0.252517 0.520011
0.502305 0.254967 0.543682
0.429856 0.232095 0.422919
0.491558 0.229017 0.577684
0.428873 0.248903 0.445694
0.516083 0.248037 0.486703
0.393735 0.191583 0.594155
0.575472 0.230771 0.539474
0.462971 0.25433 0.430691
0.525409 0.254304 0.441449
0.512462 0.245613 0.470265
0.456396 0.256849 0.524069
0.423846 0.241322 0.551978
0.468672 0.217241 0.404292
0.460013 0.248223 0.469915
0.472446 0.246556 0.46254
0.501646 0.212324 0.40278
0.511567 0.254124 0.439558
0.39481 0.201854 0.51374
0.603031 0.188962 0.389206
0.411063 0.228455 0.523624
0.387107 0.190531 0.392325
0.507451 0.219828 0.408206
0.600146 0.206929 0.43837
0.50824 0.250958 0.45403
0.518054 0.263971 0.520661
0.477306 0.225118 0.581663
0.428845 0.236497 0.451419
0.532936 0.237431 0.433204
0.461016 0.236833 0.502345
0.54259 0.236531 0.558225
0.43928 0.196212 0.601881
0.602233 0.19403 0.570339
0.422548 0.227324 0.455708
0.405934 0.203885 0.578009
0.569768 0.225614 0.475233
0.599835 0.186141 0.502453
0.47273 0.204217 0.593338
0.433636 0.23592 0.489974
0.471965 0.237011 0.512353
0.462594 0.241747 0.546633
0.597949 0.199626 0.460504
0.392832 0.191493 0.393545
0.510646 0.232063 0.469862
0.452928 0.243388 0.540377
0.467387 0.234702 0.564421
0.420742 0.221553 0.47897
0.605825 0.187918 0.464974
0.428489 0.19413 0.60289
0.528854 0.244102 0.537869
0.457021 0.236662 0.497431
0.462447 0.212123 0.586618
0.506722 0.231368 0.485318
0.48017 0.238625 0.531417
0.507065 0.185606 0.605674
0.548346 0.219856 0.574743
0.505691 0.230485 0.483836
0.540402 0.23756 0.459016
0.600158 0.196156 0.462513
0.558442 0.233689 0.493597
0.482521 0.203068 0.59335
0.438511 0.21196 0.587201
0.570785 0.223166 0.488825
0.428035 0.222271 0.435803
0.435077 0.181531 0.613561
0.403831 0.181832 0.610102
0.57874 0.210566 0.540872
0.450486 0.231258 0.539433
0.590361 0.195808 0.57654
0.442748 0.227434 0.465322
0.433925 0.228242 0.443485
0.533761 0.213621 0.418313
0.532134 0.218979 0.424465
0.506163 0.230603 0.517346
0.537281 0.195838 0.394953
0.539305 0.23193 0.525823
0.415875 0.214658 0.557263
0.520718 0.227351 0.55355
0.421536 0.220056 0.555454
0.530307 0.225203 0.559392
0.552543 0.226144 0.447746
0.409243 0.205659 0.568935
0.559094 0.226345 0.538308
0.535061 0.228278 0.503529
0.458253 0.223565 0.500984
0.512671 0.207657 0.579528
0.470914 0.195073 0.59728
0.582369 0.209351 0.432457
0.417082 0.213928 0.563309
0.576954 0.212613 0.543288
0.595282 0.189716 0.485963
0.486517 0.220152 0.564652
0.552665 0.229446 0.532036
0.420169 0.21496 0.44434
0.442883 0.22764 0.513641
0.60378 0.181591 0.482277
0.567137 0.195544 0.390051
0.43777 0.221443 0.425284
0.549664 0.223248 0.464952
0.426377 0.213489 0.563479
0.434325 0.197742 0.40419
0.509863 0.21156 0.452633
0.595003 0.191339 0.54818
0.562405 0.213763 0.528224
0.581083 0.191797 0.582952
0.533986 0.194849 0.585
0.528479 0.189257 0.396251
0.535016 0.212273 0.4563
0.449158 0.190567 0.394145
0.473939 0.211099 0.565111
0.544955 0.209331 0.473602
0.522929 0.208651 0.465515
0.447365 0.214498 0.459292
0.603351 0.17687 0.520126
0.419617 0.196963 0.583393
0.466127 0.2058 0.480643
0.54041 0.212685 0.562745
0.554303 0.208959 0.481821
0.464703 0.21629 0.547669
0.480692 0.214709 0.43541
0.466407 0.215366 0.539341
0.583771 0.192887 0.503951
0.465832 0.196012 0.405319
0.568386 0.211148 0.550609
0.417882 0.20448 0.437549
0.545807 0.214108 0.43472
0.496048 0.203155 0.575809
0.440469 0.218869 0.532303
0.440427 0.212198 0.491734
0.569267 0.20603 0.498937
0.528172 0.206913 0.571567
0.564721 0.212913 0.541
0.534449 0.218209 0.531453
0.560142 0.208204 0.483121
0.440756 0.201547 0.586234
0.4248 0.193795 0.477716
0.432389 0.199142 0.421339
0.384258 0.176255 0.523989
0.613444 0.176909 0.557658
0.46563 0.200638 0.515806
0.572455 0.185935 0.589592
0.409371 0.186417 0.484993
0.403365 0.184208 0.584758
0.535304 0.199566 0.494115
0.595989 0.175986 0.607446
0.429117 0.170004 0.621623
0.558155 0.204781 0.549596
0.501392 0.182713 0.397569
0.479548 0.194225 0.57778
0.461871 0.196584 0.486849
0.413618 0.174408 0.614222
0.378906 0.177011 0.387749
0.532621 0.197935 0.464855
0.488198 0.173605 0.381805
0.583997 0.192814 0.557726
0.413925 0.18323 0.595167
0.472715 0.189394 0.587727
0.437297 0.204067 0.43
0.462307 0.204328 0.437705
0.55738 0.200943 0.463392
0.417707 0.195772 0.52555
0.510487 0.205165 0.532188
0.386797 0.17883 0.440324
0.385898 0.176437 0.504233
0.54093 0.202981 0.44655
0.508361 0.201916 0.561816
0.389268 0.181486 0.396043
0.531369 0.168637 0.617622
0.509764 0.198752 0.455761
0.473374 0.202691 0.543691
0.543105 0.197483 0.484592
0.421596 0.186092 0.461855
0.56118 0.170817 0.613803
0.569806 0.181062 0.388142
0.407541 0.18414 0.542513
0.475127 0.187796 0.460356
0.56202 0.177734 0.597897
0.431468 0.189321 0.499667
0.432919 0.194008 0.432637
0.498284 0.19173 0.435938
0.512871 0.191049 0.509839
0.474747 0.191411 0.536214
0.445466 0.191584 0.454085
0.588698 0.181197 0.405769
0.431391 0.183455 0.591738
0.626941 0.166013 0.6065
0.440492 0.196877 0.54597
0.411407 0.18137 0.492076
0.415488 0.181413 0.588144
0.427726 0.173807 0.379104
0.509476 0.177174 0.395702
0.57974 0.183254 0.403255
0.50508 0.184073 0.483229
0.412192 0.181803 0.464989
0.477644 0.191009 0.534228
0.461558 0.190977 0.519415
0.549512 0.167803 0.618449
0.382268 0.173136 0.550213
0.484348 0.191446 0.543184
0.54252 0.188023 0.491324
0.598032 0.172834 0.49615
0.612154 0.172168 0.548751
0.45796 0.188564 0.464309
0.578091 0.172703 0.609908
0.6077 0.169607 0.470875
0.471706 0.174755 0.605418
0.522773 0.188018 0.454898
0.412517 0.167069 0.615994
0.561487 0.172954 0.381288
0.440011 0.180001 0.467
0.415726 0.180318 0.548773
0.610357 0.168907 0.440128
0.551942 0.169498 0.606391
0.533682 0.171872 0.386621
0.541046 0.170138 0.379785
0.501314 0.174945 0.478295
0.421295 0.176983 0.487033
0.430555 0.176567 0.591942
0.453293 0.183555 0.536721
0.5661 0.179727 0.579714
0.469324 0.176385 0.47643
0.46121 0.184547 0.562704
0.438944 0.184141 0.575553
0.574986 0.177709 0.401049
0.401845 0.171749 0.478368
0.598331 0.169975 0.526077
0.391687 0.172445 0.396642
0.511769 0.180242 0.56956
0.513127 0.182371 0.526385
0.486049 0.163797 0.374513
0.471772 0.180872 0.574447
0.443248 0.180548 0.418493
0.551106 0.178373 0.4725
0.591505 0.175807 0.416756
0.625217 0.165997 0.394144
0.497698 0.178221 0.457605
0.469369 0.180861 0.447037
0.542639 0.16241 0.624706
0.552701 0.182933 0.521762
0.534494 0.182928 0.432896
0.578572 0.172116 0.379427
0.621733 0.165812 0.425753
0.391966 0.170873 0.593464
0.414039 0.169884 0.513673
0.563223 0.171108 0.399578
0.553525 0.173997 0.545497
0.422937 0.174733 0.555968
0.493629 0.171519 0.423806
0.541345 0.162412 0.615085
0.386955 0.165102 0.528344
0.398589 0.167074 0.592225
0.500386 0.172313 0.525065
0.574666 0.171301 0.462068
0.378882 0.165319 0.380042
0.458394 0.160294 0.369676
0.54151 0.171592 0.508619
0.504931 0.161494 0.615074
0.548157 0.173023 0.52433
0.436546 0.165686 0.605009
0.493073 0.172897 0.560946
0.376733 0.160306 0.628962
0.523982 0.171764 0.423554
0.531344 0.16929 0.40478
0.442797 0.171072 0.49195
0.524667 0.170834 0.575249
0.569822 0.173699 0.541095
0.465593 0.161215 0.618406
0.426528 0.176111 0.563363
0.559472 0.173334 0.575555
0.550862 0.173382 0.532427
0.503852 0.170003 0.500945
0.441983 0.173225 0.42068
0.58812 0.167972 0.386808
0.468465 0.172916 0.437944
0.405173 0.167964 0.590194
0.492706 0.17016 0.502461
0.542862 0.173511 0.54632
0.515397 0.16986 0.499779
0.516379 0.167407 0.479594
0.408854 0.162764 0.407982
0.565375 0.16574 0.4169
0.409468 0.156858 0.360556
0.430902 0.167033 0.563653
0.36572 0.157976 0.399338
0.529643 0.156651 0.62434
0.500293 0.162361 0.409456
0.517318 0.164071 0.545916
0.500765 0.163677 0.577383
0.473965 0.164585 0.431015
0.606433 0.161175 0.432556
0.470359 0.162411 0.463863
0.519749 0.164129 0.431896
0.546301 0.162626 0.490436
0.37715 0.158519 0.48337
0.434667 0.154626 0.637018
0.406577 0.161889 0.465084
0.363301 0.155328 0.507418
0.441002 0.164935 0.580767
0.406551 0.162574 0.407407
0.638979 0.155646 0.402072
0.538871 0.155807 0.630701
0.39159 0.161076 0.450572
0.45954 0.160132 0.388375
0.406615 0.162683 0.450824
0.567801 0.166186 0.420243
0.512958 0.160733 0.389029
0.374314 0.158967 0.615269
0.378478 0.160234 0.374595
0.442951 0.160966 0.601673
0.387499 0.159975 0.508139
0.512423 0.160686 0.388658
0.444908 0.164782 0.580802
0.51081 0.162477 0.454644
0.405009 0.163435 0.579497
0.370839 0.155444 0.635713
0.404767 0.155601 0.384657
0.436445 0.152928 0.357342
0.630901 0.15235 0.482348
0.467033 0.156844 0.545975
0.374661 0.154793 0.612069
0.515521 0.152479 0.63442
0.53169 0.156794 0.421039
0.555781 0.154093 0.362082
0.450522 0.156621 0.509962
0.377287 0.155278 0.602964
0.374867 0.154513 0.62307
0.612492 0.154113 0.626188
0.620779 0.154145 0.442338
0.494421 0.155753 0.500078
0.560984 0.15474 0.617219
0.46205 0.157401 0.56609
0.429838 0.157024 0.583339
0.499192 0.153871 0.368979
0.366067 0.154438 0.588547
0.59546 0.154927 0.490446
0.554735 0.156579 0.458404
0.577895 0.156209 0.508279
0.357301 0.152314 0.49741
0.479707 0.155776 0.506382
0.563332 0.156629 0.524416
0.445897 0.156933 0.517231
0.359331 0.15351 0.396809
0.488873 0.155853 0.45912
0.572047 0.152676 0.642493
0.505619 0.155198 0.38619
0.500434 0.155564 0.490228
0.588972 0.155806 0.461243
0.492604 0.157229 0.569556
0.62566 0.152735 0.473855
0.399658 0.153568 0.359055
0.625589 0.1544 0.604263
0.401115 0.15 0.562326
0.433544 0.15 0.375105
0.47544 0.15 0.577378
0.478883 0.15 0.554224
0.533184 0.15 0.59763
0.501524 0.15 0.644452
0.362781 0.15 0.583512
0.393031 0.15 0.602748
0.44866 0.15 0.566126
0.557108 0.15 0.57693
0.620483 0.15 0.38686
0.62832 0.15 0.437042
0.596834 0.15 0.353955
0.539905 0.15 0.359494
0.370069 0.15 0.575474
0.462412 0.15 0.598656
0.629263 0.15 0.477931
0.485118 0.15 0.52998
0.56804 0.15 0.470167
0.462119 0.15 0.499318
0.474406 0.15 0.361628
0.594948 0.15 0.562592
0.449109 0.15 0.394505
0.473563 0.15 0.550269
0.549728 0.15 0.399174
0.447616 0.15 0.641046
0.607125 0.15 0.532205
0.649927 0.15 0.579044
0.511293 0.15 0.606355
0.643857 0.15 0.619027
0.413393 0.15 0.572013
0.416698 0.15 0.53377
0.440887 0.15 0.359265
0.590846 0.15 0.368284
0.572599 0.15 0.440182
0.474433 0.15 0.474964
