3276 0.012625
0.368754 0.437663 0.376593
0.458682 0.405793 0.328344
0.482922 0.30621 0.339536
0.489723 0.312433 0.350674
0.493983 0.361371 0.345887
0.533449 0.416184 0.325798
0.329253 0.424192 0.452213
0.417338 0.416304 0.408426
0.447494 0.313965 0.334521
0.498207 0.239022 0.306221
0.535967 0.342471 0.35367
0.59132 0.448045 0.400428
0.314016 0.385553 0.475987
0.333917 0.286533 0.4507
0.336061 0.453943 0.325621
0.515663 0.508309 0.283017
0.687301 0.413904 0.355771
0.656279 0.2784 0.460316
0.33427 0.347092 0.481849
0.314151 0.263179 0.500427
0.318482 0.542262 0.510818
0.531116 0.57474 0.509367
0.732818 0.449343 0.520387
0.667304 0.200904 0.497178
0.334901 0.396901 0.492752
0.368974 0.368168 0.525517
0.373764 0.357456 0.659753
0.501798 0.416891 0.739621
0.639212 0.356858 0.642858
0.646616 0.259449 0.519844
0.35777 0.432139 0.559825
0.409062 0.46906 0.59559
0.466989 0.338359 0.643241
0.493197 0.230832 0.670554
0.527359 0.265904 0.652314
0.568628 0.431556 0.562507
0.394596 0.464992 0.395859
0.35709 0.437862 0.559867
0.322859 0.224211 0.49723
0.719216 0.474797 0.501782
0.429844 0.315282 0.654078
0.496617 0.32614 0.361466
0.35908 0.453127 0.535258
0.363394 0.444433 0.578271
0.66919 0.363381 0.492138
0.483152 0.259334 0.371356
0.592231 0.431098 0.593175
0.57414 0.384841 0.551244
0.506301 0.250292 0.696779
0.520036 0.564637 0.603034
0.734734 0.407162 0.428917
0.677165 0.379827 0.484729
0.35413 0.31656 0.495227
0.40196 0.443977 0.354178
0.507103 0.251265 0.651957
0.396527 0.47427 0.587149
0.424404 0.419394 0.559641
0.366935 0.346538 0.643642
0.349989 0.369979 0.4929
0.559958 0.362891 0.724642
0.395739 0.428162 0.62173
0.636855 0.340728 0.509332
0.605982 0.512024 0.640959
0.46215 0.306218 0.645828
0.615209 0.411413 0.53738
0.416262 0.580157 0.509798
0.488145 0.267836 0.647212
0.63591 0.363243 0.519766
0.693594 0.506901 0.454029
0.63467 0.417871 0.538994
0.499912 0.23721 0.662003
0.338854 0.406791 0.458634
0.366284 0.450225 0.527591
0.338781 0.275417 0.463188
0.585865 0.344053 0.563468
0.646942 0.30369 0.460664
0.38705 0.507716 0.321009
0.497267 0.315848 0.362798
0.478072 0.237283 0.673279
0.485917 0.315122 0.64971
0.67364 0.488793 0.586233
0.556054 0.574003 0.506156
0.511908 0.378219 0.651912
0.572593 0.350434 0.403224
0.45554 0.579473 0.42867
0.679538 0.224156 0.523623
0.349986 0.337069 0.619478
0.366052 0.372736 0.527621
0.637553 0.359125 0.466611
0.404771 0.437387 0.627927
0.603965 0.321346 0.570974
0.432527 0.558244 0.358591
0.40473 0.47266 0.577325
0.532642 0.575473 0.430262
0.399366 0.361519 0.548963
0.597494 0.341309 0.413697
0.387917 0.47214 0.294779
0.341027 0.360929 0.486471
0.603037 0.351189 0.54518
0.370953 0.457865 0.594494
0.510648 0.370331 0.658826
0.657594 0.261048 0.478574
0.615486 0.426604 0.433792
0.52347 0.240673 0.687057
0.448906 0.34037 0.626433
0.350802 0.356284 0.492031
0.440926 0.302087 0.657881
0.576133 0.429387 0.557685
0.353372 0.205868 0.473691
0.345977 0.196717 0.471385
0.465967 0.349782 0.340622
0.651829 0.242082 0.467322
0.646322 0.271532 0.472399
0.499568 0.267383 0.361729
0.662409 0.231703 0.466087
0.625419 0.361764 0.52863
0.556421 0.297422 0.664261
0.321804 0.202934 0.466201
0.502948 0.217302 0.319326
0.673615 0.262382 0.531574
0.456593 0.291622 0.332844
0.611142 0.467045 0.416391
0.703814 0.490237 0.521074
0.409772 0.402237 0.547759
0.509407 0.225459 0.672018
0.342639 0.191653 0.489445
0.441137 0.460059 0.263268
0.665013 0.317887 0.487451
0.648115 0.210011 0.490255
0.583284 0.493823 0.672034
0.543808 0.556365 0.362528
0.702418 0.292024 0.446473
0.466789 0.394811 0.65311
0.373513 0.448163 0.378013
0.567049 0.30082 0.34472
0.598086 0.350183 0.309126
0.484954 0.233825 0.668918
0.460746 0.256349 0.314801
0.581594 0.572138 0.510399
0.608483 0.455444 0.380114
0.459746 0.408243 0.337448
0.64918 0.244051 0.471891
0.599537 0.458315 0.371982
0.311885 0.496247 0.377372
0.397814 0.41922 0.61878
0.345744 0.185046 0.484059
0.725292 0.384918 0.414891
0.657347 0.279311 0.47758
0.481627 0.294096 0.272184
0.49875 0.232591 0.355512
0.452228 0.419712 0.649876
0.280543 0.407903 0.587608
0.503853 0.31394 0.64019
0.623487 0.322573 0.422582
0.360003 0.475607 0.316138
0.525663 0.407749 0.648542
0.435702 0.445142 0.606376
0.34806 0.290038 0.504486
0.678097 0.383636 0.481216
0.41882 0.461388 0.599468
0.264933 0.337145 0.507942
0.392637 0.454332 0.367304
0.399292 0.44855 0.614902
0.521342 0.57784 0.442348
0.528066 0.292877 0.324265
0.523535 0.241313 0.686656
0.536805 0.427321 0.33781
0.721844 0.322592 0.543125
0.260342 0.344709 0.499843
0.338221 0.317312 0.480736
0.485448 0.362679 0.740819
0.375668 0.353141 0.527394
0.37931 0.317134 0.568076
0.535038 0.409906 0.646075
0.429707 0.396029 0.580357
0.415884 0.373031 0.279408
0.676295 0.381422 0.479731
0.532317 0.392261 0.668409
0.571381 0.425826 0.272813
0.527676 0.407828 0.649367
0.340093 0.267565 0.507884
0.335246 0.21764 0.497121
0.379019 0.357976 0.526025
0.673003 0.365276 0.482597
0.335392 0.424641 0.45123
0.494531 0.214319 0.351056
0.717283 0.284387 0.485606
0.687838 0.289733 0.448568
0.512774 0.273278 0.336507
0.446616 0.303384 0.320471
0.317362 0.299705 0.512356
0.639757 0.333367 0.458642
0.335312 0.28125 0.511229
0.435109 0.365105 0.381877
0.441659 0.3161 0.326994
0.417572 0.435865 0.63656
0.622653 0.459159 0.42848
0.347296 0.319325 0.488376
0.675742 0.20943 0.497906
0.341829 0.30102 0.483364
0.463653 0.369736 0.639524
0.506307 0.350064 0.655247
0.38037 0.364813 0.532027
0.61747 0.328415 0.620358
0.46524 0.364429 0.339685
0.360808 0.44906 0.565412
0.454463 0.297751 0.332723
0.509817 0.333254 0.342978
0.354845 0.280576 0.488846
0.427699 0.339269 0.609533
0.605793 0.461642 0.384602
0.676073 0.208361 0.507879
0.660444 0.226647 0.521792
0.65126 0.403051 0.647172
0.344978 0.328888 0.519787
0.254496 0.419377 0.512636
0.379868 0.379553 0.449738
0.343962 0.281075 0.508523
0.496104 0.286924 0.361589
0.332595 0.330938 0.477133
0.50158 0.209723 0.34061
0.487919 0.199753 0.343525
0.457309 0.410844 0.333468
0.404818 0.364606 0.416095
0.610341 0.369234 0.305386
0.623923 0.460291 0.407605
0.340602 0.407838 0.504849
0.640376 0.249261 0.506356
0.338188 0.342145 0.472252
0.420796 0.33716 0.692394
0.497633 0.348123 0.35254
0.468057 0.357742 0.336172
0.543385 0.288531 0.669269
0.64457 0.435673 0.454997
0.49382 0.206073 0.34575
0.600919 0.566787 0.517276
0.356931 0.267158 0.488603
0.530274 0.343326 0.346706
0.516701 0.535356 0.310231
0.527353 0.273505 0.649269
0.353149 0.33114 0.520275
0.345104 0.303794 0.4707
0.348819 0.337379 0.528382
0.282359 0.302086 0.510707
0.678516 0.224621 0.472068
0.684546 0.261507 0.521749
0.681125 0.381723 0.361765
0.428759 0.416197 0.566409
0.506669 0.29073 0.641318
0.506491 0.393426 0.250281
0.51927 0.336743 0.638253
0.509111 0.382373 0.345653
0.384564 0.469519 0.588615
0.455402 0.404544 0.347253
0.383568 0.3558 0.40617
0.415222 0.357661 0.402056
0.544198 0.312516 0.711317
0.486589 0.197586 0.340865
0.491368 0.264476 0.362669
0.545417 0.359698 0.259066
0.279496 0.33783 0.444897
0.340882 0.205191 0.494147
0.639881 0.324135 0.586633
0.522649 0.404724 0.342795
0.57145 0.447651 0.596419
0.615375 0.328827 0.615524
0.374857 0.349954 0.326397
0.396587 0.475786 0.292456
0.474245 0.500367 0.27456
0.378049 0.463683 0.388868
0.505368 0.32849 0.64159
0.536096 0.426182 0.344428
0.653682 0.29519 0.497171
0.539893 0.42046 0.613802
0.685439 0.492267 0.392375
0.670685 0.215881 0.475559
0.486112 0.273503 0.352088
0.41731 0.42754 0.403465
0.468664 0.249923 0.675825
0.649763 0.291351 0.495793
0.657006 0.494777 0.604764
0.269315 0.429332 0.428067
0.34858 0.305451 0.503346
0.625858 0.418235 0.535225
0.417295 0.343898 0.330488
0.513703 0.238786 0.324583
0.527968 0.268776 0.691869
0.571605 0.351163 0.712625
0.33757 0.185672 0.485559
0.422568 0.406196 0.399563
0.699399 0.337203 0.572647
0.409588 0.332107 0.384025
0.351278 0.325794 0.510037
0.478069 0.196113 0.33188
0.637384 0.275856 0.493312
0.627817 0.458572 0.412738
0.312188 0.365257 0.593664
0.725072 0.322847 0.447879
0.500531 0.236975 0.666495
0.677295 0.218702 0.478564
0.64637 0.266598 0.525353
0.619984 0.421444 0.437769
0.519445 0.335181 0.340393
0.426085 0.575478 0.410971
0.404743 0.429515 0.6244
0.647658 0.296304 0.498935
0.309426 0.53473 0.533148
0.476732 0.219739 0.345363
0.603274 0.325328 0.386394
0.5829 0.463886 0.391109
0.600557 0.457604 0.374841
0.665089 0.202129 0.509305
0.344462 0.509996 0.630998
0.327564 0.318361 0.51915
0.386389 0.344328 0.385711
0.498721 0.337762 0.655057
0.424934 0.57737 0.421257
0.57981 0.397203 0.408169
0.523336 0.394963 0.638118
0.475459 0.241833 0.344369
0.315023 0.292352 0.504245
0.468761 0.245001 0.684464
0.455586 0.414051 0.338477
0.343794 0.30194 0.469698
0.406595 0.45024 0.408107
0.325422 0.360495 0.612308
0.460934 0.326629 0.636905
0.487441 0.256539 0.359108
0.346962 0.307027 0.457911
0.476844 0.200565 0.326769
0.295822 0.412333 0.613546
0.457807 0.280495 0.324951
0.639423 0.338171 0.51378
0.550255 0.4081 0.575081
0.435181 0.417771 0.582156
0.538621 0.345726 0.610129
0.694645 0.329759 0.413707
0.386878 0.365078 0.435442
0.290569 0.377833 0.394659
0.561881 0.334723 0.715471
0.658252 0.307314 0.496488
0.344707 0.225462 0.495561
0.464825 0.544503 0.320736
0.662767 0.390102 0.63472
0.627012 0.35989 0.334796
0.375908 0.463205 0.571853
0.430462 0.445161 0.354737
0.352221 0.446843 0.435302
0.504585 0.337507 0.654098
0.251639 0.365876 0.469022
0.532727 0.574027 0.422507
0.472189 0.313501 0.336842
0.33395 0.31599 0.530135
0.472576 0.283486 0.331781
0.391079 0.349801 0.41978
0.376757 0.460818 0.423112
0.58283 0.425133 0.554819
0.525829 0.511142 0.685631
0.609817 0.441091 0.563559
0.557808 0.441197 0.592882
0.418234 0.451871 0.362319
0.682693 0.226278 0.480358
0.354429 0.316996 0.454998
0.502481 0.323288 0.652281
0.456597 0.405877 0.337171
0.46311 0.26513 0.322433
0.402605 0.419201 0.712176
0.509242 0.575186 0.506731
0.723881 0.30779 0.487316
0.523529 0.579594 0.473022
0.464263 0.57899 0.489858
0.278859 0.330073 0.454437
0.356795 0.241441 0.479584
0.654512 0.31225 0.473937
0.626571 0.415503 0.536359
0.733879 0.450992 0.471233
0.39454 0.431424 0.609875
0.498898 0.230311 0.349013
0.319097 0.294796 0.446666
0.471234 0.381813 0.65988
0.380077 0.57148 0.496582
0.301643 0.285261 0.452858
0.337696 0.367682 0.466566
0.335292 0.240823 0.499512
0.394108 0.360909 0.42394
0.577865 0.386753 0.55092
0.660645 0.300973 0.492596
0.702938 0.491547 0.517546
0.662556 0.205284 0.500964
0.536464 0.471619 0.265487
0.534206 0.288891 0.319583
0.30522 0.493854 0.383985
0.353262 0.438633 0.533936
0.639929 0.300922 0.511053
0.643778 0.439738 0.445342
0.574936 0.352037 0.567141
0.35449 0.344084 0.513302
0.679445 0.219323 0.503384
0.616896 0.523338 0.618461
0.507401 0.347052 0.657766
0.514368 0.370087 0.659017
0.437293 0.338413 0.348093
0.605271 0.424755 0.414927
0.654068 0.264254 0.472351
0.649007 0.318637 0.575345
0.332724 0.208407 0.467594
0.371508 0.339259 0.578762
0.427606 0.3524 0.602689
0.623965 0.45918 0.419542
0.383215 0.461588 0.554937
0.349462 0.35459 0.63339
0.726879 0.412772 0.563859
0.675802 0.272604 0.528905
0.551845 0.52147 0.666551
0.549044 0.426166 0.617714
0.541924 0.413722 0.634643
0.374489 0.411056 0.446725
0.299419 0.363767 0.577622
0.472893 0.335099 0.654418
0.351376 0.390299 0.506832
0.390489 0.465155 0.563527
0.610843 0.429292 0.420325
0.525265 0.398336 0.643233
0.424129 0.447848 0.611679
0.670974 0.516282 0.405929
0.629776 0.455492 0.424897
0.31121 0.53029 0.446001
0.660244 0.315889 0.569091
0.5582 0.444404 0.36488
0.667086 0.312414 0.444067
0.605148 0.561169 0.427728
0.319456 0.34427 0.410972
0.350346 0.316153 0.455147
0.672483 0.227559 0.522043
0.374354 0.445538 0.587518
0.513807 0.362698 0.663868
0.439823 0.43293 0.611847
0.42537 0.333137 0.376798
0.414794 0.356932 0.582287
0.466386 0.248777 0.314461
0.539629 0.343607 0.615288
0.61922 0.327225 0.383086
0.380168 0.458167 0.596066
0.456853 0.291006 0.327941
0.585666 0.401212 0.548916
0.317407 0.35046 0.394355
0.697373 0.494361 0.53011
0.666625 0.356632 0.611964
0.468334 0.299191 0.272858
0.487966 0.264446 0.295956
0.627179 0.539396 0.575325
0.486572 0.259339 0.345532
0.550576 0.374548 0.583073
0.418855 0.335264 0.611338
0.72265 0.439515 0.558419
0.370502 0.453781 0.567346
0.353373 0.231263 0.478176
0.657279 0.229797 0.515384
0.68232 0.510779 0.423229
0.675453 0.328002 0.40363
0.446432 0.33765 0.267844
0.487598 0.260814 0.653588
0.343029 0.398021 0.505192
0.398335 0.452975 0.603257
0.713426 0.36836 0.40478
0.494675 0.319661 0.344709
0.38487 0.378066 0.535108
0.519254 0.326191 0.641914
0.400634 0.439866 0.608219
0.574676 0.455082 0.373186
0.533418 0.332084 0.340956
0.586461 0.392923 0.548832
0.272102 0.343461 0.530648
0.424096 0.336886 0.383304
0.541415 0.289304 0.67125
0.565685 0.343947 0.395391
0.481164 0.353084 0.660758
0.635814 0.306526 0.529729
0.561301 0.364658 0.573134
0.290229 0.34328 0.560912
0.694397 0.277108 0.502798
0.575897 0.506409 0.305628
0.407206 0.343602 0.582316
0.542772 0.419966 0.615873
0.425721 0.346351 0.606149
0.503973 0.230792 0.327821
0.723348 0.355899 0.422848
0.724741 0.407465 0.566685
0.5253 0.354531 0.635758
0.522348 0.570452 0.532632
0.674399 0.218505 0.514169
0.288878 0.313128 0.453493
0.423752 0.324715 0.629342
0.654798 0.266937 0.492459
0.645406 0.220644 0.500122
0.495491 0.566488 0.375533
0.299755 0.289095 0.453193
0.645369 0.377788 0.523794
0.485372 0.235154 0.351996
0.534042 0.407763 0.629268
0.410456 0.380353 0.707016
0.530667 0.313802 0.638251
0.344851 0.279047 0.491998
0.58133 0.564582 0.559832
0.326414 0.272343 0.501891
0.61082 0.44735 0.406859
0.308807 0.225286 0.483495
0.600806 0.409654 0.545605
0.687435 0.257895 0.488329
0.410626 0.365065 0.406016
0.344324 0.242537 0.474302
0.455892 0.386851 0.340097
0.454934 0.289738 0.317937
0.475686 0.560108 0.627342
0.497301 0.280999 0.346391
0.450108 0.411318 0.632147
0.569401 0.309947 0.348055
0.528269 0.320936 0.636974
0.652732 0.478647 0.626828
0.548769 0.427623 0.346629
0.667736 0.316699 0.488667
0.526207 0.495315 0.697315
0.488086 0.334873 0.654374
0.313598 0.325785 0.561069
0.508028 0.565606 0.600569
0.525046 0.400156 0.739699
0.390291 0.367048 0.42937
0.304586 0.307604 0.544368
0.309185 0.362141 0.391621
0.591272 0.441635 0.574549
0.503344 0.353749 0.341316
0.356987 0.429347 0.54341
0.33181 0.342077 0.470632
0.469028 0.570632 0.592062
0.338988 0.30802 0.451016
0.415954 0.328637 0.376897
0.431057 0.432359 0.63099
0.586039 0.570738 0.505493
0.512553 0.232463 0.676195
0.375713 0.458115 0.41986
0.390774 0.46032 0.591089
0.484974 0.254364 0.668903
0.473044 0.569663 0.596872
0.341277 0.409471 0.521249
0.363254 0.36213 0.337734
0.408449 0.366094 0.40742
0.544034 0.352325 0.615063
0.671371 0.22003 0.505599
0.38618 0.372251 0.541692
0.518014 0.487642 0.270156
0.66003 0.277686 0.493443
0.538922 0.39081 0.371674
0.327753 0.283652 0.502887
0.383905 0.537576 0.353297
0.638695 0.389072 0.458788
0.648232 0.289583 0.506452
0.444407 0.305805 0.29895
0.341732 0.287994 0.499001
0.49705 0.570974 0.392394
0.464392 0.291137 0.659286
0.486959 0.209098 0.325445
0.508241 0.271012 0.333759
0.598614 0.325334 0.600524
0.44528 0.376895 0.615658
0.554013 0.430358 0.349161
0.495765 0.245338 0.673302
0.371706 0.494076 0.668813
0.577618 0.394016 0.553282
0.663433 0.266396 0.468783
0.459373 0.36151 0.334999
0.534817 0.398009 0.641327
0.387389 0.380983 0.440702
0.605567 0.487996 0.662609
0.393079 0.440834 0.600568
0.363652 0.435532 0.550282
0.476012 0.57861 0.42136
0.313224 0.238057 0.488726
0.490686 0.313429 0.65385
0.566951 0.434264 0.577088
0.359804 0.433689 0.531343
0.606855 0.404825 0.419369
0.398199 0.387648 0.427466
0.31095 0.266945 0.459461
0.311165 0.486591 0.36771
0.422964 0.443907 0.596815
0.385643 0.378691 0.438588
0.639663 0.312469 0.541563
0.687271 0.273387 0.499213
0.333666 0.32543 0.47038
0.495856 0.257604 0.664491
0.463598 0.317057 0.33066
0.64511 0.367785 0.524218
0.381613 0.457627 0.569887
0.336056 0.413036 0.449856
0.419724 0.429548 0.613371
0.568696 0.434289 0.574731
0.404321 0.4064 0.546054
0.606024 0.345337 0.327352
0.34536 0.202383 0.477415
0.456459 0.394314 0.653306
0.671895 0.236459 0.521173
0.529647 0.408937 0.251168
0.444469 0.386838 0.36461
0.438857 0.330892 0.285144
0.576317 0.317001 0.354462
0.543011 0.312948 0.644713
0.543193 0.356252 0.258691
0.545563 0.575621 0.456127
0.483406 0.272634 0.657215
0.652082 0.255173 0.496176
0.510681 0.263315 0.327594
0.555513 0.423856 0.605504
0.308468 0.239285 0.484561
0.386197 0.406743 0.441089
0.626725 0.386746 0.436999
0.364495 0.5654 0.503752
0.365578 0.458974 0.681877
0.390413 0.384442 0.434031
0.420729 0.443768 0.594423
0.471053 0.364433 0.659364
0.676617 0.470871 0.602635
0.28623 0.447039 0.382563
0.568152 0.43449 0.379081
0.418626 0.401571 0.400094
0.387305 0.38091 0.290021
0.508432 0.574089 0.413342
0.42644 0.436822 0.60372
0.371913 0.34051 0.58304
0.426256 0.348309 0.329169
0.501843 0.267126 0.336992
0.399827 0.34123 0.306045
0.38539 0.337287 0.653308
0.329251 0.277642 0.461958
0.669583 0.285429 0.483114
0.523432 0.364596 0.644371
0.507384 0.235897 0.683761
0.662352 0.330913 0.592395
0.42295 0.406189 0.393731
0.385407 0.456794 0.575094
0.334232 0.238347 0.475214
0.389531 0.57049 0.440232
0.623161 0.449076 0.409895
0.587162 0.326047 0.322296
0.32407 0.252091 0.495084
0.486842 0.265155 0.664661
0.509078 0.239266 0.686793
0.548517 0.395355 0.589437
0.414944 0.437158 0.603374
0.408171 0.425088 0.409106
0.345006 0.323816 0.53843
0.513946 0.574532 0.501015
0.54216 0.505635 0.287841
0.393443 0.390289 0.280652
0.384733 0.382061 0.43784
0.497186 0.268185 0.662872
0.502325 0.323708 0.3343
0.369193 0.338592 0.61206
0.450347 0.290256 0.670353
0.497872 0.247544 0.32906
0.330121 0.289328 0.500274
0.439638 0.421966 0.613785
0.695367 0.280531 0.467769
0.582545 0.388897 0.407196
0.490973 0.349168 0.662642
0.39983 0.382549 0.55268
0.512461 0.323444 0.65314
0.490536 0.233788 0.31875
0.583764 0.36877 0.286151
0.332079 0.219315 0.473054
0.407137 0.39778 0.415327
0.559985 0.422919 0.594944
0.723431 0.314184 0.460056
0.60148 0.443098 0.375459
0.462412 0.333791 0.326345
0.475048 0.287468 0.320655
0.713837 0.288629 0.46154
0.338571 0.34459 0.525943
0.497722 0.327021 0.659572
0.332006 0.266108 0.496435
0.68253 0.277612 0.519064
0.382026 0.361119 0.430175
0.617088 0.409902 0.680836
0.577763 0.31347 0.646619
0.652812 0.24347 0.498663
0.387704 0.430299 0.535886
0.435627 0.353891 0.353159
0.373265 0.417655 0.525103
0.551543 0.324503 0.365421
0.468695 0.298986 0.662528
0.37966 0.380361 0.440931
0.551928 0.406031 0.590907
0.391074 0.450449 0.409575
0.58946 0.386762 0.552794
0.508066 0.361295 0.251354
0.438933 0.417746 0.631125
0.578332 0.421011 0.585217
0.344939 0.352667 0.528016
0.318283 0.201228 0.476842
0.458236 0.57796 0.428126
0.600475 0.411503 0.286777
0.32647 0.254648 0.469434
0.549485 0.366745 0.599459
0.505168 0.262152 0.667128
0.585571 0.369853 0.560315
0.677784 0.354397 0.486779
0.464452 0.330525 0.647945
0.411521 0.422111 0.599342
0.55481 0.410793 0.605369
0.258795 0.392822 0.445217
0.468431 0.308678 0.658691
0.534832 0.319328 0.267852
0.517799 0.574241 0.500452
0.626092 0.358222 0.537903
0.389053 0.451365 0.569282
0.484319 0.26243 0.676081
0.536126 0.551515 0.631928
0.679857 0.246349 0.510208
0.719638 0.462158 0.538448
0.538007 0.526551 0.667279
0.615557 0.325066 0.396469
0.314232 0.277948 0.4601
0.404622 0.341301 0.374378
0.501412 0.273618 0.325529
0.568601 0.347836 0.395961
0.588709 0.376575 0.557123
0.348399 0.377643 0.452323
0.338661 0.553386 0.487971
0.492486 0.264296 0.674502
0.573053 0.433332 0.362697
0.405519 0.409322 0.412728
0.369205 0.38763 0.446808
0.323207 0.258852 0.469812
0.324158 0.267224 0.469539
0.435961 0.418438 0.608014
0.646081 0.327784 0.397693
0.633478 0.541727 0.402593
0.518005 0.330036 0.654089
0.730774 0.324014 0.465906
0.265472 0.478616 0.512757
0.470621 0.262059 0.681023
0.529176 0.357028 0.337995
0.465285 0.275012 0.311388
0.427831 0.511096 0.683307
0.603547 0.419434 0.404329
0.441333 0.390646 0.353799
0.396328 0.494356 0.30759
0.414097 0.481163 0.699974
0.398369 0.442721 0.572244
0.69789 0.400245 0.594781
0.527595 0.52292 0.674206
0.408232 0.380339 0.405573
0.580148 0.392371 0.557824
0.536552 0.307613 0.652735
0.530912 0.308144 0.273163
0.408155 0.439678 0.590111
0.405238 0.351328 0.577474
0.417743 0.41881 0.600937
0.358639 0.352135 0.361081
0.316695 0.255238 0.47037
0.589818 0.358015 0.408273
0.47038 0.287834 0.711783
0.332383 0.368318 0.458387
0.529282 0.368858 0.334476
0.646386 0.319976 0.523569
0.631844 0.421943 0.434715
0.527416 0.365834 0.331599
0.677225 0.295399 0.479387
0.352781 0.39126 0.523643
0.581287 0.434565 0.369084
0.430591 0.579175 0.486942
0.407757 0.41872 0.403874
0.654294 0.541743 0.489593
0.437092 0.563172 0.60686
0.516703 0.321392 0.66052
0.612109 0.429123 0.396884
0.586182 0.400626 0.5573
0.459201 0.299605 0.706435
0.426885 0.427437 0.265698
0.705444 0.367236 0.396557
0.651427 0.369423 0.454281
0.323014 0.319472 0.525442
0.415584 0.349821 0.697347
0.415277 0.334017 0.368587
0.568508 0.491085 0.290574
0.526205 0.575707 0.48374
0.671843 0.313537 0.492234
0.679227 0.283505 0.484832
0.442883 0.328299 0.323559
0.498294 0.282887 0.296813
0.46522 0.270206 0.683524
0.595704 0.328265 0.335966
0.717796 0.365672 0.414238
0.326029 0.323668 0.529309
0.291263 0.392599 0.378879
0.507189 0.474987 0.714457
0.607269 0.363614 0.4193
0.652087 0.323542 0.521385
0.654989 0.384862 0.45883
0.317114 0.318658 0.549493
0.451343 0.573428 0.532043
0.67784 0.310742 0.482246
0.470475 0.31652 0.66152
0.721532 0.361162 0.563111
0.421509 0.418784 0.383182
0.621576 0.324848 0.575409
0.49428 0.301772 0.317139
0.49159 0.304411 0.663258
0.669076 0.496145 0.578393
0.359417 0.373358 0.447005
0.668179 0.511393 0.555808
0.634666 0.408039 0.661503
0.49206 0.280297 0.673059
0.274372 0.31373 0.477003
0.496345 0.577258 0.45981
0.405737 0.425311 0.58904
0.682013 0.288346 0.484202
0.382695 0.412156 0.435848
0.455688 0.300643 0.289194
0.329387 0.353321 0.522058
0.365794 0.400635 0.534497
0.302212 0.460635 0.359584
0.438191 0.377852 0.265454
0.585704 0.423988 0.701653
0.719271 0.352746 0.421031
0.368198 0.554854 0.408058
0.291581 0.519035 0.493122
0.275783 0.49769 0.508252
0.424341 0.403967 0.587671
0.300027 0.296941 0.513134
0.585723 0.344446 0.397603
0.409301 0.344903 0.3518
0.61998 0.416248 0.411366
0.301064 0.280287 0.480586
0.648436 0.386391 0.448404
0.309566 0.416461 0.628816
0.497072 0.263352 0.682949
0.583277 0.330257 0.374861
0.31832 0.332614 0.500546
0.646873 0.394381 0.447447
0.638122 0.484854 0.633505
0.405501 0.385763 0.56295
0.460618 0.307073 0.317178
0.28974 0.307247 0.459206
0.708849 0.35927 0.405939
0.353732 0.343824 0.556784
0.42417 0.402507 0.384306
0.426375 0.443964 0.716486
0.387373 0.379392 0.413992
0.665085 0.30229 0.531118
0.5016 0.317706 0.316245
0.617545 0.415336 0.412793
0.586002 0.384254 0.560895
0.641702 0.547036 0.442544
0.671248 0.310394 0.499823
0.574563 0.514788 0.657215
0.507688 0.316403 0.270364
0.66332 0.372981 0.463602
0.661559 0.537327 0.481936
0.329519 0.372572 0.521221
0.328284 0.369663 0.519728
0.529316 0.557715 0.366405
0.70152 0.473873 0.55728
0.3562 0.352734 0.631653
0.391253 0.417943 0.546845
0.410327 0.41934 0.567257
0.448239 0.320135 0.649962
0.569362 0.377046 0.275446
0.408286 0.426849 0.384157
0.54904 0.432284 0.265165
0.650217 0.378865 0.446947
0.623136 0.408774 0.420255
0.26664 0.373853 0.44142
0.565988 0.430885 0.712908
0.349351 0.368899 0.443999
0.359905 0.340071 0.616898
0.399361 0.422946 0.558131
0.55466 0.305026 0.304189
0.669244 0.313918 0.50632
0.480074 0.28824 0.302536
0.550509 0.38185 0.609477
0.602818 0.562793 0.449236
0.522117 0.339429 0.320635
0.492436 0.29564 0.279751
0.35822 0.561927 0.497129
0.602302 0.340185 0.406421
0.676883 0.516771 0.431305
0.563356 0.518305 0.660552
0.368295 0.419287 0.43414
0.414668 0.351384 0.348773
0.538112 0.572315 0.445062
0.380644 0.37122 0.412207
0.423377 0.346895 0.291405
0.677631 0.334346 0.462853
0.476608 0.290745 0.678466
0.683222 0.46638 0.36508
0.667067 0.3071 0.532499
0.553866 0.395545 0.379561
0.435837 0.400781 0.616247
0.679625 0.407675 0.619
0.501669 0.288933 0.290816
0.27326 0.327181 0.487693
0.46795 0.328604 0.660622
0.308972 0.319535 0.512828
0.420407 0.402022 0.383026
0.371491 0.380284 0.434799
0.66161 0.327575 0.441412
0.419206 0.444974 0.712381
0.596331 0.373488 0.296227
0.508745 0.279249 0.68171
0.580839 0.32549 0.333921
0.410746 0.4205 0.582036
0.383046 0.38157 0.425181
0.50268 0.283796 0.687145
0.41325 0.408457 0.391732
0.566181 0.33976 0.612474
0.563741 0.379581 0.39205
0.434611 0.355604 0.335955
0.655816 0.507036 0.582338
0.36787 0.359685 0.561147
0.687652 0.305906 0.50391
0.509116 0.285493 0.687738
0.72829 0.422121 0.556071
0.66431 0.338898 0.448487
0.327108 0.352016 0.454633
0.336192 0.341232 0.587616
0.502128 0.284667 0.689892
0.344257 0.367163 0.536998
0.672005 0.288452 0.516322
0.5873 0.356492 0.299596
0.652842 0.315507 0.542724
0.477118 0.569247 0.556179
0.432791 0.356738 0.62071
0.650823 0.49114 0.35174
0.325557 0.318802 0.538449
0.457108 0.340688 0.642072
0.660355 0.303696 0.517833
0.394967 0.412093 0.403791
0.481294 0.575398 0.439656
0.566005 0.31797 0.657256
0.439667 0.32473 0.651573
0.396996 0.396162 0.56215
0.67052 0.316596 0.438175
0.653488 0.357739 0.619765
0.325242 0.358031 0.452676
0.423819 0.37833 0.361102
0.703743 0.302006 0.528461
0.572589 0.333694 0.615626
0.319668 0.331044 0.525332
0.487504 0.568589 0.522152
0.473137 0.301487 0.280894
0.450983 0.329076 0.282145
0.318801 0.331156 0.457737
0.326808 0.336848 0.56149
0.723105 0.462453 0.504374
0.34875 0.556742 0.532723
0.409295 0.4116 0.391068
0.492614 0.28636 0.686046
0.673933 0.360181 0.459878
0.318963 0.337288 0.458356
0.408336 0.378541 0.582911
0.484872 0.298193 0.292945
0.575321 0.365893 0.708571
0.41789 0.352506 0.619273
0.634841 0.437626 0.655063
0.472359 0.572812 0.40037
0.485844 0.567889 0.552522
0.570435 0.343563 0.607564
0.583911 0.405881 0.574346
0.43863 0.562642 0.605186
0.25864 0.358698 0.490546
0.395827 0.38309 0.563023
0.684045 0.321101 0.433461
0.366893 0.363769 0.564009
0.487572 0.572176 0.494732
0.399776 0.398614 0.398368
0.456668 0.301818 0.672021
0.573635 0.337595 0.698662
0.696237 0.331236 0.424784
0.344043 0.343701 0.392157
0.480994 0.323299 0.270702
0.379282 0.35249 0.377856
0.486001 0.573198 0.487813
0.522827 0.307409 0.308634
0.402385 0.405777 0.592016
0.380634 0.417793 0.290863
0.625873 0.506395 0.62304
0.542718 0.352934 0.643445
0.29153 0.307922 0.474139
0.680635 0.329569 0.424393
0.532085 0.317679 0.316318
0.62218 0.380047 0.418849
0.55423 0.304846 0.314414
0.266519 0.443922 0.544474
0.679892 0.338917 0.503967
0.467898 0.342217 0.665309
0.417962 0.381235 0.369751
0.480655 0.559182 0.621893
0.560339 0.319442 0.301475
0.324263 0.352565 0.43654
0.41773 0.366074 0.380335
0.361839 0.347245 0.374279
0.685471 0.329183 0.464698
0.516929 0.348142 0.256506
0.426399 0.370606 0.2793
0.415903 0.374257 0.602694
0.368016 0.408636 0.425563
0.564032 0.324137 0.349207
0.42833 0.33941 0.638381
0.327503 0.344299 0.569639
0.677735 0.373949 0.455308
0.679729 0.327822 0.512498
0.505967 0.303451 0.70829
0.688722 0.503448 0.513266
0.712035 0.441382 0.407768
0.330007 0.492682 0.358129
0.577537 0.567524 0.46166
0.389187 0.402556 0.582864
0.386944 0.411938 0.402026
0.646759 0.339283 0.589354
0.598724 0.561916 0.534608
0.635218 0.498265 0.345676
0.464606 0.557832 0.625049
0.478283 0.574507 0.449349
0.386305 0.385001 0.405727
0.655719 0.323833 0.540282
0.271157 0.37058 0.534187
0.602891 0.338209 0.344857
0.409053 0.571045 0.420265
0.627568 0.345987 0.563881
0.387781 0.417223 0.390029
0.393205 0.344365 0.361428
0.291336 0.502973 0.439799
0.596472 0.391207 0.570694
0.25712 0.427262 0.498115
0.56711 0.556905 0.394485
0.609885 0.559287 0.514379
0.630159 0.334368 0.409672
0.292255 0.329532 0.539307
0.603947 0.367394 0.407466
0.639167 0.550799 0.472572
0.45677 0.302041 0.682572
0.440747 0.397429 0.262672
0.689069 0.489705 0.401679
0.34904 0.341428 0.593506
0.329413 0.35383 0.406216
0.696752 0.356853 0.47721
0.46228 0.301572 0.680926
0.525569 0.307925 0.707325
0.27735 0.486396 0.445534
0.646636 0.523594 0.389505
0.559249 0.326682 0.643974
0.324764 0.363403 0.443776
0.368812 0.393211 0.420964
0.54565 0.322962 0.323962
0.526348 0.316504 0.676721
0.530005 0.309977 0.684903
0.509801 0.318956 0.293715
0.532089 0.364872 0.260684
0.710458 0.377852 0.402034
0.331757 0.350195 0.396661
0.580115 0.528823 0.339824
0.389111 0.395141 0.399159
0.456275 0.410382 0.735964
0.700856 0.310798 0.482774
0.618109 0.558155 0.461206
0.352079 0.352071 0.406036
0.532225 0.317865 0.712026
0.287834 0.500612 0.552731
0.689528 0.338399 0.498253
0.41644 0.364706 0.618141
0.467623 0.297358 0.697926
0.405782 0.38821 0.595587
0.540843 0.313775 0.314817
0.56418 0.558966 0.404025
0.617118 0.54731 0.404697
0.352692 0.353888 0.555672
0.396363 0.3572 0.376627
0.422132 0.344876 0.647664
0.398371 0.564458 0.571344
0.618806 0.500743 0.334204
0.393545 0.376912 0.589866
0.693527 0.351853 0.497495
0.654251 0.338158 0.39299
0.542898 0.317596 0.697527
0.740886 0.391171 0.449639
0.60571 0.539012 0.37583
0.25948 0.396038 0.452578
0.491678 0.333496 0.269487
0.312766 0.351143 0.449307
0.44604 0.324175 0.663058
0.48446 0.35435 0.258141
0.600105 0.424109 0.292634
0.513789 0.474128 0.71125
0.645912 0.405869 0.645141
0.387959 0.382115 0.390861
0.286175 0.378622 0.420762
0.446581 0.349848 0.643547
0.335077 0.341285 0.555052
0.303422 0.360282 0.421504
0.484463 0.57255 0.476511
0.428724 0.351906 0.290493
0.266893 0.403047 0.435328
0.699273 0.318399 0.490939
0.323223 0.396423 0.639818
0.588875 0.356392 0.386139
0.29539 0.429436 0.37265
0.313669 0.446295 0.350368
0.631808 0.529435 0.383381
0.488579 0.309064 0.68746
0.352203 0.379311 0.424609
0.444644 0.559161 0.614051
0.488794 0.332969 0.679821
0.286621 0.322985 0.476441
0.256694 0.389994 0.49313
0.584164 0.372843 0.586438
0.385616 0.365581 0.592046
0.258731 0.374754 0.489031
0.690264 0.349775 0.513313
0.400195 0.573071 0.496452
0.555769 0.323507 0.67977
0.372811 0.527705 0.355709
0.573788 0.550958 0.383486
0.514962 0.33949 0.687137
0.591363 0.384692 0.583863
0.293195 0.325828 0.498649
0.625947 0.36261 0.570011
0.359332 0.521278 0.361836
0.695503 0.454935 0.575578
0.456148 0.57329 0.454663
0.678619 0.338478 0.416149
0.490455 0.337394 0.68235
0.253826 0.408433 0.465646
0.685888 0.344662 0.520871
0.327435 0.374565 0.433837
0.585597 0.343306 0.63123
0.69375 0.349386 0.504279
0.364681 0.359959 0.58807
0.270962 0.463572 0.552967
0.391416 0.350585 0.355975
0.397678 0.355806 0.626425
0.695112 0.328036 0.549812
0.345496 0.445423 0.663887
0.345841 0.354122 0.585392
0.329642 0.401523 0.64875
0.375251 0.398676 0.688613
0.490673 0.342252 0.683217
0.388079 0.386071 0.587233
0.657408 0.338749 0.40746
0.656156 0.329857 0.560808
0.349335 0.372952 0.415936
0.496089 0.391491 0.257381
0.587665 0.557892 0.424539
0.380114 0.37168 0.376431
0.685168 0.346273 0.526638
0.610353 0.337412 0.645651
0.566482 0.330098 0.665076
0.680498 0.338493 0.422314
0.546683 0.560278 0.407156
0.303938 0.338828 0.511758
0.440095 0.427123 0.72587
0.335984 0.348205 0.557326
0.575088 0.483708 0.678303
0.263169 0.377921 0.504852
0.558042 0.3381 0.650741
0.400539 0.364951 0.304934
0.358094 0.3764 0.566594
0.625521 0.352308 0.602045
0.261173 0.401762 0.520084
0.577041 0.38511 0.283589
0.639017 0.358751 0.562159
0.535813 0.564891 0.514019
0.535475 0.563543 0.52641
0.735709 0.340353 0.504535
0.381564 0.382408 0.679835
0.528501 0.378828 0.735482
0.400023 0.373469 0.347481
0.658548 0.408496 0.337152
0.391161 0.356048 0.317298
0.649547 0.349003 0.428616
0.613351 0.358476 0.341021
0.312941 0.330193 0.535511
0.643138 0.349264 0.561009
0.661884 0.382455 0.356766
0.371554 0.561962 0.453244
0.54599 0.339585 0.670182
0.628286 0.357174 0.589529
0.283111 0.327786 0.493112
0.393233 0.381795 0.606073
0.315107 0.37471 0.586765
0.670757 0.339868 0.546578
0.379828 0.363341 0.330265
0.577782 0.336217 0.657429
0.445284 0.420189 0.262392
0.520639 0.566314 0.429416
0.471496 0.361365 0.259506
0.719606 0.327137 0.518148
0.366513 0.372601 0.592011
0.265683 0.397017 0.534615
0.665513 0.342066 0.54943
0.72299 0.4055 0.417589
0.385963 0.353982 0.633424
0.289506 0.393133 0.400184
0.279206 0.420762 0.573515
0.281364 0.396975 0.571164
0.431387 0.345826 0.667766
0.688153 0.337464 0.453795
0.383128 0.354048 0.353265
0.30449 0.335853 0.518319
0.523506 0.395712 0.260157
0.443328 0.345903 0.655014
0.714327 0.318224 0.475582
0.3646 0.368638 0.363027
0.59944 0.369449 0.680395
0.357188 0.558312 0.516566
0.671955 0.358992 0.587236
0.386394 0.568149 0.523259
0.722712 0.326284 0.491649
0.473937 0.564466 0.552093
0.524224 0.567994 0.480662
0.656268 0.430477 0.631382
0.534924 0.529001 0.313823
0.714071 0.477771 0.476064
0.601297 0.395901 0.685162
0.58547 0.564041 0.513992
0.276204 0.375618 0.43855
0.33281 0.364238 0.39744
0.711161 0.322429 0.460445
0.668423 0.34007 0.558245
0.474627 0.327721 0.709063
0.516597 0.566008 0.436244
0.613685 0.359029 0.359075
0.269934 0.421673 0.550463
0.549548 0.342312 0.677598
0.428402 0.378044 0.316328
0.652742 0.467713 0.62555
0.624898 0.414139 0.663992
0.28744 0.337921 0.514616
0.498473 0.556575 0.365843
0.605398 0.345393 0.639769
0.457393 0.340787 0.674579
0.258631 0.391791 0.463095
0.660912 0.3683 0.431232
0.444716 0.345122 0.663614
0.418205 0.372559 0.296896
0.502764 0.453274 0.262706
0.517421 0.483572 0.702687
0.28943 0.346596 0.499125
0.426364 0.45175 0.711541
0.636116 0.35732 0.410675
0.448938 0.572278 0.469477
0.355751 0.374471 0.594869
0.315677 0.343796 0.541077
0.631975 0.498094 0.620873
0.705709 0.342033 0.479747
0.641625 0.362137 0.583792
0.459424 0.409687 0.735216
0.27569 0.476654 0.554757
0.714089 0.364388 0.419215
0.536769 0.54893 0.623083
0.442901 0.404572 0.265087
0.392198 0.373781 0.628252
0.304044 0.37117 0.431097
0.421849 0.509035 0.679047
0.667415 0.348353 0.559077
0.661073 0.350147 0.564279
0.490952 0.567575 0.45827
0.306583 0.485706 0.600751
0.595698 0.559369 0.454567
0.595026 0.379891 0.303415
0.60578 0.367815 0.60844
0.505048 0.32989 0.705304
0.582063 0.345819 0.330501
0.655544 0.366115 0.42722
0.549023 0.33997 0.710519
0.304219 0.399495 0.609677
0.446593 0.360075 0.283023
0.601514 0.355969 0.36511
0.637037 0.374829 0.579436
0.296611 0.353717 0.520023
0.6261 0.364758 0.376022
0.402476 0.359823 0.645774
0.510738 0.331446 0.701519
0.428772 0.383588 0.281297
0.443106 0.343547 0.678152
0.660684 0.350774 0.573637
0.465043 0.327381 0.697302
0.696619 0.337053 0.437213
0.518745 0.349293 0.278385
0.473114 0.563391 0.513591
0.444374 0.4869 0.27935
0.53322 0.345006 0.279218
0.587637 0.360567 0.647321
0.359285 0.373618 0.60417
0.55223 0.337281 0.678715
0.369922 0.373289 0.606982
0.670791 0.348528 0.571963
0.273889 0.379247 0.528108
0.277083 0.361266 0.461345
0.58161 0.356865 0.34815
0.340476 0.375118 0.579244
0.525463 0.507523 0.680849
0.459916 0.569353 0.471524
0.598518 0.41554 0.294134
0.299643 0.380829 0.419314
0.634651 0.539722 0.416156
0.504857 0.340345 0.723105
0.433571 0.370797 0.289187
0.735952 0.432002 0.468482
0.606358 0.365336 0.625427
0.724146 0.425031 0.431743
0.538119 0.556217 0.584718
0.436527 0.406476 0.269478
0.525883 0.496705 0.689563
0.699757 0.334487 0.455156
0.58236 0.358851 0.314383
0.440105 0.433515 0.267781
0.715296 0.340377 0.519877
0.52114 0.360394 0.273685
0.596552 0.389942 0.68391
0.436642 0.373507 0.294877
0.708556 0.348078 0.425842
0.447433 0.53558 0.324398
0.605122 0.380426 0.673657
0.263566 0.374739 0.483888
0.280687 0.438606 0.42053
0.599076 0.368565 0.362751
0.397767 0.558414 0.397611
0.326495 0.461741 0.344972
0.645088 0.352726 0.390745
0.559532 0.54892 0.605431
0.593645 0.393555 0.293966
0.423058 0.545979 0.350038
0.370264 0.369039 0.625993
0.302533 0.466229 0.370622
0.281341 0.363458 0.51313
0.470492 0.567335 0.459549
0.507762 0.347307 0.708195
0.448598 0.569857 0.473886
0.426391 0.518096 0.316633
0.728421 0.381609 0.435974
0.708211 0.350696 0.529299
0.672184 0.445187 0.608559
0.572416 0.350199 0.673092
0.579121 0.532511 0.35363
0.616771 0.522444 0.365425
0.454524 0.568775 0.445331
0.576629 0.351767 0.328832
0.66436 0.433792 0.620486
0.380134 0.369176 0.651664
0.30879 0.386379 0.403846
0.647847 0.376647 0.581502
0.672103 0.357078 0.427098
0.712493 0.373154 0.563457
0.714637 0.346266 0.520902
0.641612 0.388065 0.583506
0.585651 0.379416 0.30155
0.43959 0.381273 0.277907
0.526898 0.360666 0.281221
0.358932 0.400122 0.321029
0.587185 0.547661 0.590816
0.699088 0.420085 0.583179
0.660024 0.362874 0.576452
0.38257 0.378668 0.633577
0.608799 0.537745 0.383939
0.408343 0.370278 0.684511
0.619803 0.512684 0.354983
0.441707 0.357153 0.679208
0.712044 0.358631 0.520223
0.34649 0.382553 0.63387
0.591442 0.36383 0.333393
0.602544 0.368088 0.647085
0.541799 0.550851 0.382113
0.557669 0.499701 0.672199
0.40959 0.570671 0.469041
0.509319 0.555478 0.376918
0.683558 0.360307 0.569002
0.724155 0.405277 0.427945
0.471826 0.565039 0.393894
0.7251 0.347971 0.530961
0.353509 0.379884 0.628245
0.267835 0.381629 0.470813
0.273587 0.433672 0.444414
0.447643 0.562615 0.545587
0.74171 0.367441 0.472117
0.389035 0.527961 0.346338
0.554372 0.457874 0.699866
0.593428 0.38015 0.680024
0.620681 0.536133 0.57356
0.505658 0.351018 0.72474
0.322707 0.392694 0.370864
0.606493 0.382075 0.349098
0.708553 0.462725 0.538129
0.696879 0.349546 0.440202
0.271621 0.418134 0.447698
0.590376 0.397607 0.292929
0.630468 0.40409 0.368925
0.480201 0.556588 0.613079
0.393451 0.384932 0.651099
0.51226 0.35057 0.717015
0.723004 0.347296 0.525548
0.471935 0.386451 0.733747
0.265625 0.386686 0.466562
0.421396 0.445595 0.280718
0.731186 0.347555 0.47176
0.268633 0.433226 0.462913
0.628666 0.387828 0.330509
0.382017 0.529539 0.356006
0.56616 0.547085 0.38626
0.279017 0.395391 0.54547
0.353811 0.552228 0.464065
0.647452 0.387748 0.61043
0.433432 0.563364 0.550697
0.732389 0.431128 0.503955
0.311432 0.396849 0.411879
0.608334 0.392943 0.667103
0.298186 0.424898 0.382876
0.626339 0.393513 0.368693
0.434649 0.36606 0.68391
0.698338 0.479403 0.429656
0.73968 0.380727 0.508327
0.652187 0.404181 0.601521
0.52878 0.545091 0.353761
0.464565 0.565857 0.468255
0.269631 0.433931 0.536034
0.310777 0.528204 0.493074
0.28453 0.414119 0.428449
0.283625 0.467764 0.573567
0.640064 0.436982 0.639475
0.619286 0.376218 0.631217
0.342215 0.397054 0.648884
0.517799 0.538081 0.646086
0.534514 0.562108 0.468046
0.308141 0.521387 0.459832
0.564207 0.399608 0.711306
0.36245 0.455085 0.319523
0.425643 0.366209 0.695263
0.422269 0.397726 0.290871
0.624906 0.399648 0.357612
0.724427 0.349972 0.477225
0.460103 0.384844 0.27548
0.280889 0.441828 0.43647
0.426 0.376773 0.679231
0.296144 0.39994 0.572014
0.647045 0.496171 0.363717
0.282531 0.448844 0.432498
0.291283 0.502951 0.461213
0.333611 0.412914 0.628144
0.500107 0.362513 0.725244
0.579882 0.528188 0.350985
0.588591 0.3938 0.684156
0.728852 0.355864 0.488212
0.57366 0.401815 0.701116
0.400469 0.428469 0.290703
0.377176 0.392848 0.649449
0.454517 0.370434 0.722743
0.692161 0.365154 0.425591
0.287704 0.41344 0.430822
0.312302 0.409464 0.591151
0.276464 0.453348 0.450593
0.612611 0.384486 0.644784
0.674936 0.37272 0.575559
0.402532 0.383605 0.677454
0.327152 0.404265 0.633911
0.667366 0.399835 0.354819
0.4815 0.481059 0.270551
0.612815 0.40142 0.310055
0.689894 0.366684 0.5603
0.649273 0.398787 0.611799
0.726921 0.352957 0.462843
0.609177 0.387134 0.337908
0.56907 0.384168 0.29527
0.543817 0.394249 0.276638
0.490056 0.397056 0.276209
0.43496 0.413296 0.276107
0.708275 0.359608 0.550848
0.400108 0.384609 0.677005
0.377789 0.399459 0.654751
0.43685 0.411971 0.281705
0.510274 0.400622 0.281873
0.690482 0.475231 0.399713
0.627039 0.525472 0.384552
0.271777 0.472819 0.478201
0.487139 0.559142 0.503443
0.688401 0.372661 0.566209
0.581151 0.559652 0.496749
0.394203 0.519862 0.654522
0.683928 0.454947 0.577976
0.590189 0.404916 0.295725
0.349628 0.413551 0.660828
0.373959 0.559211 0.50457
0.689828 0.447779 0.574505
0.722387 0.360831 0.459041
0.585296 0.379758 0.667648
0.71086 0.363368 0.444367
0.600848 0.394087 0.327428
0.453564 0.366021 0.707135
0.603209 0.552887 0.450915
0.430441 0.415393 0.281506
0.47546 0.558192 0.511245
0.704847 0.444551 0.413933
0.439529 0.455356 0.711958
0.695042 0.48384 0.520289
0.669467 0.40587 0.354707
0.510644 0.549286 0.365665
0.629619 0.509053 0.364273
0.407455 0.412416 0.702778
0.447356 0.565847 0.464419
0.72057 0.370261 0.460338
0.384445 0.54529 0.384781
0.317479 0.465112 0.625526
0.509334 0.369428 0.717599
0.668214 0.520981 0.460784
0.279002 0.449548 0.554351
0.441125 0.560234 0.530487
0.300806 0.457606 0.386282
0.664714 0.397817 0.375345
0.571852 0.380141 0.687001
0.274494 0.477274 0.487009
0.727684 0.438935 0.471856
0.407501 0.466435 0.693834
0.317407 0.525854 0.546802
0.475674 0.473161 0.269173
0.471081 0.555306 0.610153
0.585821 0.547461 0.584333
0.276406 0.436054 0.513017
0.566019 0.558456 0.528265
0.44895 0.370119 0.709169
0.287145 0.444795 0.572315
0.582149 0.559154 0.522869
0.297546 0.419654 0.426726
0.669219 0.413497 0.588038
0.609442 0.552751 0.497977
0.572098 0.558794 0.476922
0.486683 0.416056 0.729421
0.562376 0.558393 0.522943
0.661656 0.421281 0.602864
0.569134 0.405769 0.287345
0.735826 0.40685 0.470261
0.28217 0.427692 0.44856
0.311535 0.504306 0.423798
0.513445 0.560618 0.470591
0.713309 0.405222 0.557577
0.678442 0.448978 0.58801
0.644953 0.535362 0.449521
0.711993 0.371171 0.539403
0.334807 0.540001 0.538657
0.428755 0.403685 0.711208
0.520843 0.411095 0.273863
0.301936 0.455199 0.389353
0.429494 0.55704 0.57944
0.597314 0.546689 0.570984
0.676368 0.410071 0.390809
0.391286 0.412868 0.687686
0.276205 0.460154 0.510084
0.414982 0.439059 0.295442
0.696542 0.476936 0.52449
0.385203 0.462607 0.683328
0.341004 0.445345 0.362531
0.400786 0.432181 0.695896
0.54944 0.380349 0.707944
0.685014 0.393888 0.407872
0.581434 0.402743 0.307938
0.621215 0.458649 0.648974
0.320582 0.455941 0.625266
0.40979 0.470166 0.299289
0.66999 0.416159 0.576367
0.591354 0.55367 0.453974
0.294932 0.506927 0.503003
0.431856 0.472244 0.285861
0.505882 0.431124 0.281034
0.681794 0.403573 0.378165
0.657929 0.422317 0.360872
0.552138 0.505178 0.6651
0.63527 0.419633 0.635741
0.681027 0.417402 0.585769
0.637019 0.458428 0.633488
0.383443 0.546415 0.392436
0.391502 0.561563 0.506268
0.496109 0.391062 0.714975
0.287999 0.451893 0.569601
0.606344 0.412565 0.659247
0.302437 0.449288 0.389282
0.671924 0.40332 0.374581
0.287684 0.433052 0.553378
0.282861 0.484504 0.53513
0.708558 0.384262 0.433145
0.699313 0.389239 0.558928
0.364063 0.449189 0.340741
0.672208 0.475915 0.574418
0.278576 0.465689 0.515074
0.729196 0.390016 0.50979
0.483483 0.473118 0.273461
0.280714 0.444756 0.458568
0.314597 0.44549 0.607008
0.584371 0.522508 0.354033
0.321255 0.444783 0.37
0.44628 0.556597 0.558866
0.436338 0.557206 0.556154
0.281057 0.444727 0.481806
0.341833 0.542138 0.475107
0.574434 0.394416 0.679775
0.51874 0.457283 0.707597
0.587044 0.418215 0.679627
0.422715 0.445916 0.702839
0.382931 0.54184 0.604953
0.576647 0.546519 0.41033
0.49277 0.537514 0.644496
0.286589 0.438947 0.451078
0.32453 0.529146 0.464678
0.448484 0.422256 0.722059
0.53273 0.553632 0.430337
0.554239 0.439712 0.701188
0.292595 0.491266 0.44921
0.350487 0.426146 0.642256
0.298384 0.486297 0.572173
0.690426 0.388039 0.558532
0.285429 0.490789 0.530306
0.612696 0.515961 0.612282
0.459378 0.446134 0.276153
0.479973 0.391958 0.717683
0.289294 0.493017 0.528146
0.341469 0.498503 0.62218
0.71916 0.439591 0.457089
0.597827 0.553827 0.490138
0.691614 0.484954 0.506816
0.282135 0.462517 0.521813
0.717631 0.389771 0.530392
0.514898 0.547746 0.380358
0.682779 0.403346 0.562317
0.474139 0.46662 0.275561
0.602373 0.442794 0.313655
0.727383 0.424702 0.465759
0.284344 0.465558 0.543563
0.373869 0.548808 0.55387
0.667713 0.435967 0.361158
0.682016 0.485924 0.413753
0.353469 0.533891 0.584895
0.699028 0.476071 0.501022
0.281603 0.458851 0.460677
0.2997 0.506818 0.494504
0.328344 0.471568 0.628596
0.312099 0.4952 0.581841
0.68752 0.416378 0.568002
0.519334 0.447927 0.28054
0.710461 0.401535 0.523045
0.605613 0.5517 0.488974
0.402384 0.417846 0.683772
0.607033 0.435907 0.324165
0.502664 0.426473 0.721317
0.616257 0.54705 0.507631
0.433755 0.549889 0.606836
0.339236 0.446713 0.640472
0.337296 0.537109 0.530015
0.687958 0.439338 0.386706
0.717056 0.420434 0.540189
0.629637 0.438502 0.63355
0.334177 0.469433 0.362455
0.368487 0.462882 0.666193
0.403972 0.509522 0.661157
0.621066 0.544659 0.494383
0.402134 0.558151 0.528179
0.289835 0.46316 0.526364
0.455062 0.494347 0.292436
0.676843 0.435552 0.385492
0.646523 0.449965 0.595646
0.37058 0.453736 0.636465
0.53717 0.543801 0.390422
0.68051 0.442875 0.573339
0.698206 0.407593 0.433831
0.474739 0.486036 0.28242
0.405799 0.429106 0.677461
0.698018 0.473241 0.448386
0.694518 0.409097 0.422471
0.599794 0.449776 0.316256
0.586496 0.420452 0.659133
0.617276 0.547115 0.478968
0.726061 0.417431 0.477341
0.385213 0.445984 0.67892
0.368617 0.550708 0.495757
0.53328 0.508069 0.303438
0.675608 0.437271 0.382503
0.571704 0.411021 0.68112
0.282232 0.474935 0.475723
0.431012 0.559422 0.505497
0.397265 0.524246 0.642886
0.298058 0.490537 0.443334
0.354031 0.437596 0.644839
0.501579 0.47379 0.281334
0.333789 0.445601 0.621727
0.587835 0.44166 0.669362
0.486693 0.40779 0.715125
0.428976 0.55854 0.517099
0.3476 0.461849 0.644135
0.401591 0.555786 0.415215
0.613885 0.45309 0.627552
0.711925 0.407619 0.441286
0.425802 0.492149 0.311456
0.295652 0.468606 0.528663
0.613976 0.466765 0.326878
0.414937 0.518633 0.333846
0.528476 0.473713 0.289092
0.302116 0.503405 0.493171
0.368326 0.543339 0.414699
0.674514 0.480924 0.394493
0.604963 0.445454 0.637493
0.603782 0.462613 0.321866
0.680467 0.471192 0.397321
0.692202 0.409358 0.5469
0.610687 0.466324 0.645242
0.603803 0.457832 0.328857
0.679553 0.44424 0.569328
0.652357 0.466541 0.383955
0.708711 0.457745 0.484778
0.448137 0.550427 0.598437
0.462254 0.552367 0.510843
0.609908 0.501127 0.624125
0.326762 0.525603 0.520258
0.625237 0.482219 0.625634
0.410519 0.551546 0.569677
0.289368 0.480959 0.525053
0.346133 0.44924 0.629521
0.599157 0.49239 0.331448
0.495789 0.53459 0.338946
0.389438 0.488033 0.328233
0.632323 0.46748 0.339245
0.667468 0.488388 0.558586
0.40789 0.45234 0.687316
0.366324 0.475269 0.340896
0.30721 0.504741 0.501835
0.392279 0.557657 0.473183
0.453305 0.559105 0.433016
0.71656 0.406298 0.46126
0.636378 0.463438 0.353302
0.702838 0.418548 0.521934
0.333173 0.494453 0.605752
0.565209 0.426509 0.667201
0.556184 0.516015 0.334704
0.658264 0.509863 0.424637
0.294367 0.483028 0.518307
0.703847 0.449685 0.515224
0.642486 0.512708 0.560568
0.706597 0.423125 0.536585
0.391478 0.471038 0.330801
0.673669 0.434654 0.558321
0.494646 0.550573 0.509151
0.652242 0.51844 0.516096
0.564471 0.541978 0.414205
0.49037 0.494633 0.29674
0.502732 0.519403 0.317883
0.487086 0.473849 0.699611
0.596647 0.472972 0.321611
0.578901 0.434459 0.667432
0.379225 0.472037 0.340123
0.66519 0.488074 0.392855
0.408176 0.470335 0.327748
0.548261 0.423765 0.69495
0.687356 0.45465 0.550727
0.407717 0.4519 0.658948
0.334235 0.528485 0.52691
0.58739 0.540397 0.414146
0.562706 0.546373 0.444029
0.592708 0.537873 0.406144
0.661774 0.46433 0.372825
0.573279 0.537371 0.603185
0.313168 0.507447 0.500063
0.70394 0.425538 0.521949
0.410317 0.533316 0.626989
0.398726 0.485858 0.330161
0.44123 0.549848 0.536662
0.698893 0.426573 0.520194
0.355102 0.518599 0.386563
0.659523 0.509492 0.51978
0.369764 0.460697 0.639657
0.70935 0.420983 0.501038
0.372151 0.455908 0.650699
0.362852 0.528239 0.391104
0.32368 0.477177 0.59557
0.660063 0.476524 0.379702
0.377107 0.458483 0.646005
0.385627 0.513273 0.637869
0.591086 0.47434 0.65136
0.456478 0.549572 0.517029
0.650064 0.513536 0.535999
0.639161 0.464876 0.596426
0.486202 0.520069 0.658356
0.578999 0.439846 0.661222
0.473975 0.544589 0.618951
0.67255 0.440922 0.550983
0.337014 0.501252 0.404597
0.468552 0.501041 0.307621
0.336559 0.467777 0.597494
0.420081 0.478319 0.325062
0.508266 0.432194 0.699509
0.486311 0.554587 0.428264
0.405868 0.553343 0.530424
0.340411 0.530827 0.512025
0.586662 0.543236 0.444535
0.366832 0.530425 0.591046
0.380096 0.455581 0.652538
0.7003 0.440118 0.532219
0.412614 0.495086 0.346228
0.692595 0.436087 0.533709
0.574193 0.443896 0.652558
0.413583 0.503267 0.334967
0.706863 0.430088 0.488591
0.698219 0.43849 0.520818
0.554603 0.50461 0.649162
0.360017 0.539804 0.504436
0.361114 0.502437 0.375865
0.533664 0.54438 0.422338
0.647658 0.481408 0.398768
0.369798 0.534172 0.572463
0.316326 0.488155 0.504085
0.672197 0.448345 0.529945
0.483451 0.494447 0.680304
0.407762 0.480199 0.671618
0.471819 0.546652 0.515239
0.456914 0.492115 0.315108
0.481605 0.545116 0.375635
0.494867 0.441423 0.700556
0.335195 0.525024 0.502292
0.607007 0.479199 0.337941
0.668463 0.496061 0.432744
0.62868 0.471834 0.589799
0.677909 0.440897 0.540718
0.495278 0.547899 0.503701
0.679891 0.459661 0.423618
0.672919 0.502977 0.474014
0.431738 0.469893 0.685678
0.650184 0.47869 0.384587
0.336484 0.471612 0.574894
0.550728 0.535774 0.609791
0.48345 0.528677 0.644609
0.32501 0.51053 0.446513
0.595824 0.505357 0.353151
0.436461 0.539009 0.362472
0.328401 0.495128 0.574279
0.674406 0.454464 0.549229
0.380427 0.547853 0.448923
0.429509 0.520529 0.344186
0.496297 0.549265 0.463889
0.685188 0.465682 0.520266
0.318931 0.502843 0.474142
0.57881 0.512593 0.356954
0.3231 0.506418 0.462629
0.341725 0.524886 0.441569
0.659765 0.500804 0.428691
0.440611 0.449533 0.685773
0.649399 0.48576 0.400332
0.351024 0.526619 0.415403
0.665253 0.496886 0.528541
0.428055 0.458749 0.677756
0.369073 0.512099 0.378437
0.39563 0.541672 0.57075
0.373991 0.477822 0.646688
0.399512 0.492941 0.61042
0.639241 0.486299 0.386742
0.672225 0.484921 0.429373
0.406676 0.473719 0.642241
0.629594 0.489774 0.392558
0.687006 0.45519 0.444267
0.492317 0.461709 0.693122
0.60255 0.531088 0.582318
0.431449 0.472443 0.680448
0.331894 0.485144 0.585608
0.458148 0.453615 0.697977
0.556708 0.476044 0.318912
0.387069 0.490009 0.614135
0.451088 0.445681 0.680329
0.614337 0.478917 0.586068
0.402364 0.548383 0.535569
0.654294 0.486755 0.568074
0.351765 0.528058 0.433302
0.646137 0.475733 0.574652
0.594863 0.543873 0.538677
0.448195 0.530923 0.356373
0.331714 0.49818 0.468361
0.654464 0.505137 0.528273
0.496125 0.467373 0.685543
0.405215 0.510587 0.361812
0.326517 0.497971 0.520355
0.60637 0.496862 0.359664
0.560855 0.544551 0.483922
0.436948 0.554335 0.446112
0.614656 0.490994 0.612091
0.420751 0.516741 0.64354
0.335428 0.515048 0.521638
0.453499 0.450266 0.673191
0.613493 0.51887 0.585448
0.418121 0.524734 0.355974
0.691918 0.465965 0.477514
0.499312 0.447815 0.67517
0.551229 0.508586 0.640988
0.688803 0.465057 0.48988
0.476611 0.547376 0.579824
0.658513 0.483136 0.432571
0.616466 0.482748 0.612092
0.494488 0.5477 0.419444
0.514485 0.51816 0.337305
0.662072 0.490622 0.426778
0.681852 0.459936 0.510972
0.657232 0.492166 0.550957
0.48057 0.549981 0.442559
0.470938 0.539259 0.368761
0.336635 0.518242 0.459341
0.679329 0.472639 0.516426
0.649862 0.478585 0.572865
0.423988 0.555735 0.454047
0.363602 0.53175 0.428243
0.495234 0.451218 0.663521
0.521134 0.45056 0.669351
0.54081 0.463597 0.670625
0.506433 0.524034 0.633737
0.635917 0.516664 0.532669
0.502335 0.544288 0.472961
0.346684 0.505611 0.574821
0.497651 0.520934 0.345632
0.675955 0.472006 0.463139
0.542691 0.457507 0.670535
0.552474 0.452533 0.663819
0.389363 0.48732 0.640077
0.405318 0.549976 0.43244
0.335282 0.508653 0.471655
0.504546 0.455317 0.677882
0.372282 0.512395 0.397268
0.557189 0.469768 0.623763
0.339234 0.481737 0.549274
0.631109 0.480346 0.563772
0.516898 0.542398 0.428682
0.33952 0.503402 0.559683
0.384374 0.533936 0.39787
0.426238 0.507883 0.354194
0.560933 0.455662 0.655129
0.384588 0.525709 0.38555
0.48055 0.455275 0.683715
0.475509 0.54613 0.473121
0.521209 0.504751 0.652885
0.436762 0.475441 0.634745
0.510279 0.541423 0.411147
0.663959 0.47148 0.46361
0.356838 0.531421 0.451163
0.480042 0.482532 0.678963
0.337832 0.502679 0.554691
0.507357 0.540905 0.406229
0.347676 0.512664 0.537643
0.35582 0.493564 0.577381
0.619814 0.493259 0.422176
0.585657 0.504818 0.616767
0.348695 0.488458 0.52112
0.624869 0.521398 0.536069
0.418509 0.484734 0.646448
0.621882 0.508959 0.404269
0.446326 0.526191 0.628961
0.601431 0.490083 0.425586
0.33703 0.490454 0.484044
0.399926 0.533498 0.389171
0.519197 0.517963 0.353874
0.640676 0.485084 0.561511
0.469512 0.455636 0.677591
0.570721 0.53987 0.543764
0.485384 0.472255 0.67567
0.477445 0.452653 0.672388
0.391846 0.517527 0.382232
0.391816 0.519775 0.382318
0.500885 0.482795 0.669663
0.451551 0.462266 0.657052
0.597404 0.528436 0.573682
0.414423 0.551651 0.472623
0.458473 0.542427 0.581342
0.536926 0.487921 0.330248
0.342044 0.496094 0.523282
0.422604 0.547819 0.491759
0.481996 0.478434 0.675019
0.667527 0.483215 0.486775
0.443299 0.467798 0.65824
0.652175 0.500604 0.446994
0.493329 0.458856 0.673205
0.661443 0.474047 0.464628
0.529025 0.540372 0.523342
0.654773 0.479499 0.516592
0.356281 0.517495 0.514809
0.561372 0.537944 0.533496
0.601144 0.533332 0.510856
0.637981 0.492678 0.55472
0.349492 0.506107 0.45949
0.593386 0.53148 0.556903
0.461121 0.460212 0.665923
0.652477 0.471673 0.505011
0.363647 0.524744 0.513742
0.575771 0.530034 0.577658
0.437283 0.501827 0.362929
0.567929 0.518259 0.606389
0.64783 0.487135 0.454864
0.570355 0.499662 0.626909
0.344105 0.491285 0.492334
0.592359 0.531701 0.442132
0.508415 0.539016 0.435003
0.654779 0.490511 0.495856
0.599743 0.502981 0.385574
0.626024 0.524229 0.47451
0.446801 0.498594 0.354673
0.454397 0.536945 0.538677
0.532194 0.478091 0.660799
0.454509 0.510528 0.64596
0.597194 0.488047 0.572171
0.386223 0.53794 0.500388
0.52676 0.536249 0.554875
0.564928 0.483168 0.642041
0.383242 0.504073 0.608324
0.355074 0.502672 0.564213
0.534003 0.469722 0.661348
0.352415 0.509231 0.531254
0.544672 0.468815 0.657597
0.446657 0.542996 0.471501
0.517766 0.515745 0.632307
0.644945 0.507683 0.494052
0.413641 0.516245 0.384211
0.564576 0.527706 0.577692
0.423031 0.499719 0.633532
0.629257 0.491633 0.544953
0.518095 0.529273 0.396644
0.57692 0.52641 0.575384
0.587545 0.533565 0.50274
0.454866 0.534836 0.469429
0.374005 0.516282 0.568456
0.416888 0.536741 0.537791
0.361469 0.494128 0.448603
0.543256 0.487026 0.349504
0.554805 0.48077 0.613456
0.639969 0.506647 0.461739
0.457092 0.54026 0.441016
0.586694 0.533103 0.475147
0.452025 0.473459 0.649247
0.573857 0.491205 0.382192
0.523378 0.524322 0.607678
0.431803 0.537317 0.495647
0.631739 0.487375 0.537072
0.474692 0.530211 0.612285
0.649221 0.468672 0.503229
0.467212 0.469433 0.663287
0.645859 0.497274 0.492408
0.431746 0.500054 0.638342
0.486353 0.481927 0.343385
0.421816 0.54366 0.432381
0.637718 0.489667 0.527751
0.520135 0.535188 0.490263
0.458021 0.524177 0.369356
0.501285 0.500093 0.647154
0.490066 0.520733 0.366358
0.464346 0.462506 0.644501
0.436003 0.499782 0.378077
0.476805 0.487781 0.346083
0.443424 0.494681 0.383131
0.370875 0.520806 0.497783
0.649692 0.458701 0.478308
0.373261 0.4985 0.541775
0.509925 0.466088 0.626773
0.553433 0.521499 0.590247
0.625173 0.509527 0.511571
0.522807 0.522621 0.601922
0.641981 0.437758 0.492481
0.62205 0.486433 0.447324
0.443782 0.486571 0.633045
0.389736 0.523384 0.563532
0.465054 0.467578 0.621819
0.539194 0.532026 0.445661
0.378576 0.495373 0.548189
0.603827 0.511128 0.415406
0.435243 0.535117 0.471701
0.449132 0.531893 0.535569
0.437812 0.529368 0.592769
0.621574 0.461303 0.521716
0.515344 0.472429 0.640605
0.49499 0.533982 0.432489
0.624476 0.503575 0.53842
0.456809 0.528579 0.468416
0.490726 0.522823 0.61294
0.59667 0.517775 0.415156
0.582167 0.501138 0.387876
0.565178 0.516811 0.593303
0.555739 0.5285 0.561264
0.613747 0.509318 0.555759
0.564902 0.496213 0.372466
0.564943 0.492285 0.374669
0.54188 0.497054 0.359036
0.526891 0.484612 0.358505
0.377591 0.523877 0.434649
0.443503 0.486775 0.632831
0.45771 0.481827 0.607281
0.555682 0.524615 0.416405
0.584097 0.511145 0.576845
0.393892 0.523821 0.54363
0.563671 0.508957 0.596444
0.531167 0.521779 0.588497
0.628827 0.470938 0.51458
0.527884 0.476716 0.369892
0.589722 0.511241 0.408834
0.530022 0.502493 0.625887
0.470338 0.529021 0.539993
0.552516 0.516442 0.393568
0.506374 0.481804 0.36904
0.472704 0.520426 0.470427
0.551752 0.512732 0.386787
0.577582 0.477426 0.548048
0.487811 0.513854 0.618919
0.573926 0.495436 0.395459
0.38678 0.496108 0.540361
0.53037 0.478126 0.368869
0.463973 0.510661 0.367451
0.538136 0.489764 0.632405
0.557218 0.491519 0.614406
0.496993 0.509571 0.623162
0.450525 0.427049 0.56229
0.460958 0.52794 0.52532
0.452301 0.515563 0.377508
0.396659 0.507758 0.421258
0.426358 0.530283 0.526382
0.436626 0.478489 0.559416
0.454836 0.489919 0.383186
0.358398 0.492864 0.472315
0.578646 0.496 0.404789
0.395375 0.497542 0.431952
0.373138 0.513919 0.507675
0.398607 0.503921 0.577173
0.386204 0.513639 0.529838
0.554092 0.522397 0.444517
0.460316 0.490279 0.384331
0.420386 0.526419 0.548394
0.424759 0.524372 0.570151
0.513321 0.522105 0.577025
0.467971 0.520111 0.387141
0.431459 0.501211 0.587504
0.6123 0.510353 0.465358
0.419685 0.52402 0.568489
0.430491 0.515057 0.598127
0.58032 0.522169 0.506318
0.48991 0.517312 0.599318
0.510642 0.482868 0.618425
0.432622 0.483327 0.412841
0.543645 0.410975 0.555911
0.368921 0.50049 0.487368
0.598627 0.515041 0.524995
0.566615 0.52123 0.442198
0.450586 0.500581 0.387245
0.412646 0.49683 0.558803
0.532677 0.466727 0.382929
0.376894 0.494215 0.50483
0.491086 0.476504 0.622482
0.622839 0.447195 0.503762
0.48339 0.457802 0.623789
0.388399 0.512949 0.537573
0.536213 0.526452 0.496549
0.362712 0.485111 0.484055
0.506767 0.520986 0.583853
0.637104 0.485639 0.470859
0.502059 0.526575 0.530302
0.549607 0.522743 0.447213
0.601975 0.491075 0.544735
0.565253 0.506602 0.585859
0.508879 0.522215 0.450334
0.410493 0.516765 0.425131
0.551124 0.51616 0.463927
0.547077 0.516758 0.451844
0.445007 0.522783 0.545655
0.591742 0.511679 0.517611
0.497535 0.519637 0.564396
0.58762 0.505215 0.550733
0.527719 0.520425 0.557016
0.607795 0.503567 0.499694
0.61258 0.497593 0.508341
0.449683 0.418287 0.560981
0.536442 0.488984 0.592589
0.44546 0.516987 0.49116
0.582764 0.514673 0.480882
0.486161 0.489402 0.61657
0.591043 0.451789 0.45175
0.554486 0.476908 0.403858
0.563525 0.509228 0.409209
0.487265 0.48261 0.616603
0.556676 0.495275 0.396005
0.588615 0.513273 0.491417
0.571073 0.51138 0.417599
0.48165 0.509229 0.385685
0.493993 0.480108 0.380291
0.604735 0.482326 0.452307
0.457401 0.511975 0.464159
0.585452 0.428047 0.451925
0.462222 0.476478 0.590761
0.618915 0.494378 0.46225
0.622638 0.44148 0.49733
0.536414 0.522361 0.503629
0.577205 0.489075 0.551575
0.518322 0.523458 0.538079
0.579972 0.515116 0.478329
0.477951 0.480229 0.380361
0.438056 0.463453 0.54961
0.43123 0.503944 0.569127
0.55373 0.511126 0.481549
0.414006 0.510071 0.547887
0.464886 0.517618 0.537898
0.449975 0.514566 0.505388
0.485556 0.514575 0.554336
0.415062 0.520264 0.454089
0.384116 0.440758 0.481691
0.592354 0.499301 0.534809
0.483223 0.504818 0.477761
0.600727 0.48509 0.453521
0.605445 0.498527 0.461677
0.442081 0.516233 0.418697
0.541532 0.395954 0.558027
0.574924 0.507768 0.544532
0.606505 0.441577 0.466622
0.501317 0.517463 0.539658
0.551785 0.510704 0.556289
0.390759 0.492162 0.49992
0.461101 0.505929 0.39852
0.498077 0.507719 0.400641
0.603998 0.503606 0.474973
0.547348 0.502506 0.572864
0.484488 0.514133 0.411556
0.594657 0.494209 0.535155
0.48634 0.510796 0.573719
0.605734 0.496737 0.500944
0.549267 0.509741 0.453276
0.534705 0.492358 0.390433
0.471489 0.511181 0.447454
0.473863 0.498257 0.609152
0.469141 0.48898 0.391167
0.480511 0.467482 0.613636
0.525305 0.480298 0.387911
0.627342 0.460854 0.481898
0.504183 0.506722 0.474835
0.391482 0.491876 0.483973
0.555058 0.50584 0.499262
0.503294 0.408735 0.598928
0.476188 0.510192 0.527906
0.613083 0.472203 0.49455
0.475847 0.508693 0.554557
0.522763 0.495955 0.578091
0.488673 0.502376 0.448305
0.541187 0.474968 0.561738
0.384871 0.468939 0.474687
0.557118 0.501881 0.463601
0.603647 0.477146 0.511978
0.459141 0.470152 0.571751
0.394037 0.469182 0.491542
0.40494 0.493747 0.511209
0.612986 0.422092 0.477956
0.396333 0.500928 0.467744
0.538071 0.503246 0.439055
0.560432 0.476216 0.420278
0.582663 0.489209 0.444495
0.463886 0.491019 0.5898
0.60535 0.484483 0.502734
0.387815 0.458693 0.483502
0.476393 0.499157 0.457233
0.591291 0.499114 0.465855
0.486038 0.50366 0.406182
0.508274 0.420323 0.598141
0.449462 0.506668 0.565481
0.490581 0.401967 0.608281
0.575465 0.466989 0.44017
0.422822 0.457149 0.443137
0.552395 0.502117 0.454911
0.422332 0.507799 0.438545
0.499162 0.507952 0.549646
0.501109 0.510059 0.514714
0.437898 0.391667 0.434329
0.400876 0.492379 0.472946
0.416525 0.50057 0.477547
0.469482 0.487215 0.472787
0.503371 0.499348 0.501841
0.600843 0.447019 0.469248
0.467365 0.500914 0.556065
0.5279 0.471337 0.576148
0.522395 0.506329 0.524248
0.540524 0.504916 0.517449
0.51677 0.419434 0.590841
0.558853 0.41924 0.436676
0.475768 0.497702 0.415042
0.493491 0.422333 0.600861
0.601999 0.458967 0.498177
0.537714 0.435849 0.414199
0.446238 0.415128 0.424434
0.455066 0.501654 0.54846
0.439984 0.481337 0.548056
0.509346 0.464846 0.398775
0.499007 0.489545 0.477149
0.570623 0.420834 0.446318
0.585097 0.393921 0.459678
0.601063 0.406017 0.506288
0.494988 0.495865 0.559822
0.466389 0.495938 0.496517
0.601442 0.389603 0.496435
0.453341 0.444092 0.413331
0.533737 0.495121 0.414822
0.458637 0.431355 0.565601
0.397977 0.474925 0.471412
0.491257 0.436724 0.39174
0.601932 0.409606 0.503227
0.477565 0.490062 0.405279
0.571363 0.452873 0.53248
0.495397 0.484561 0.581712
0.55116 0.426368 0.544401
0.464896 0.416249 0.573347
0.431302 0.487067 0.487771
0.573383 0.465021 0.528289
0.514213 0.493965 0.507139
0.495521 0.48079 0.412047
0.460724 0.489711 0.553491
0.425307 0.486841 0.489956
0.397711 0.416709 0.482876
0.515539 0.481963 0.565456
0.481995 0.463664 0.592387
0.557348 0.483608 0.444847
0.478726 0.481535 0.490696
0.477879 0.489697 0.518592
0.434177 0.401827 0.440146
0.453411 0.447207 0.554494
0.43418 0.452678 0.436609
0.60247 0.420219 0.483476
0.399323 0.454151 0.473383
0.45115 0.493682 0.531321
0.397854 0.413214 0.483814
0.522129 0.493696 0.542318
0.406015 0.409481 0.467892
0.452411 0.489051 0.454529
0.49256 0.418238 0.59722
0.471083 0.480351 0.411766
0.428994 0.341028 0.552107
0.597752 0.389519 0.494214
0.427678 0.485291 0.513203
0.576614 0.43374 0.525628
0.511669 0.467359 0.405796
0.408363 0.48398 0.471748
0.482306 0.473437 0.587122
0.415577 0.483715 0.487762
0.572356 0.483394 0.486442
0.432133 0.462981 0.438072
0.47175 0.477034 0.47582
0.421276 0.468201 0.49991
0.440451 0.476094 0.497956
0.477208 0.430214 0.398887
0.523897 0.487385 0.512247
0.421803 0.359494 0.45119
0.454943 0.470717 0.546149
0.510444 0.388503 0.407977
0.500251 0.472181 0.451569
0.511406 0.386628 0.407981
0.582786 0.374512 0.519536
0.510061 0.465315 0.473209
0.489754 0.423134 0.592309
0.454 0.472944 0.470321
0.43322 0.474343 0.51046
0.492937 0.482876 0.533271
0.421892 0.453761 0.45526
0.505688 0.36588 0.590569
0.432525 0.367099 0.547713
0.599107 0.409337 0.476765
0.515913 0.476468 0.489587
0.46819 0.465648 0.477183
0.402103 0.413433 0.482057
0.505574 0.398501 0.588708
0.49408 0.427145 0.403326
0.454408 0.478912 0.535946
0.400599 0.386894 0.475855
0.528678 0.375871 0.574815
0.51933 0.390823 0.409398
0.545059 0.483583 0.517335
0.426929 0.351029 0.546341
0.585507 0.448002 0.504867
0.548267 0.44631 0.428203
0.400454 0.383105 0.51139
0.522484 0.456148 0.409989
0.542123 0.470119 0.473348
0.53775 0.324363 0.575704
0.420386 0.4544 0.489946
0.565226 0.455945 0.471888
0.410666 0.42208 0.488663
0.556427 0.463209 0.497949
0.424701 0.379513 0.53737
0.445592 0.440755 0.539365
0.535601 0.422599 0.42227
0.522576 0.479489 0.521085
0.492056 0.467034 0.547934
0.530577 0.458488 0.466187
0.5373 0.436491 0.423651
0.587708 0.387106 0.492822
0.530402 0.457327 0.473022
0.589254 0.353808 0.505195
0.439703 0.45822 0.441329
0.46776 0.378731 0.576796
0.54595 0.456873 0.475431
0.502793 0.451881 0.474702
0.543279 0.461683 0.453708
0.470617 0.446463 0.566275
0.407712 0.403464 0.502495
0.462971 0.38219 0.416785
0.503902 0.43927 0.412612
0.505751 0.461271 0.487142
0.530734 0.33615 0.579687
0.51104 0.474605 0.534377
0.473594 0.373325 0.40791
0.413373 0.438381 0.484426
0.47641 0.462319 0.503603
0.46385 0.459905 0.421156
0.453284 0.462664 0.496125
0.404147 0.388859 0.477057
0.437704 0.46005 0.519514
0.417823 0.375164 0.460748
0.538602 0.475377 0.516897
0.522848 0.434436 0.571021
0.4228 0.439826 0.4874
0.48083 0.444466 0.494906
0.42369 0.346662 0.541806
0.410459 0.368795 0.471542
0.512321 0.449888 0.450233
0.442298 0.420916 0.538194
0.559578 0.448487 0.505724
0.531078 0.452721 0.441581
0.582721 0.383587 0.490789
0.567414 0.437377 0.498713
0.559564 0.443981 0.494591
0.475937 0.427109 0.411835
0.587721 0.345155 0.487946
0.57836 0.365206 0.46075
0.43655 0.34446 0.43483
0.491595 0.403819 0.582764
0.584868 0.336729 0.519128
0.425716 0.448282 0.466887
0.57857 0.412334 0.500237
0.532714 0.467498 0.523084
0.589797 0.342335 0.465933
0.499419 0.441666 0.419536
0.452676 0.453159 0.520805
0.567494 0.435621 0.478241
0.52202 0.389594 0.415274
0.442266 0.450169 0.500001
0.440397 0.427159 0.533979
0.54544 0.455222 0.500887
0.420712 0.371712 0.533449
0.505809 0.442625 0.479382
0.474048 0.443369 0.49008
0.51817 0.444032 0.477225
0.449449 0.452163 0.519259
0.522102 0.44722 0.479895
0.583328 0.38022 0.49085
0.57635 0.326777 0.530699
0.452569 0.382212 0.43106
0.482196 0.439633 0.513168
0.501542 0.433892 0.427218
0.417266 0.387124 0.471373
0.428228 0.404681 0.459631
0.430232 0.383431 0.535991
0.456037 0.427999 0.430641
0.441678 0.356354 0.436229
0.58138 0.365754 0.50706
0.482307 0.417508 0.475501
0.516332 0.450176 0.536939
0.470924 0.425582 0.481942
0.567628 0.380972 0.458065
0.41704 0.396244 0.513343
0.488554 0.387143 0.581336
0.493061 0.323436 0.592467
0.528055 0.431035 0.473416
0.441607 0.37688 0.546935
0.510444 0.417226 0.420521
0.446412 0.434007 0.523867
0.518267 0.403742 0.569117
0.500467 0.430616 0.460106
0.511188 0.433746 0.456709
0.556498 0.428534 0.495642
0.527319 0.456501 0.517243
0.470387 0.339602 0.58372
0.594898 0.324887 0.470931
0.472731 0.33136 0.588112
0.564739 0.416377 0.518387
0.409173 0.329894 0.468485
0.425259 0.385843 0.531069
0.404296 0.340862 0.513408
0.433565 0.311615 0.566529
0.496196 0.398901 0.416659
0.500212 0.443626 0.541783
0.487188 0.419583 0.471127
0.432725 0.410192 0.518329
0.482545 0.428337 0.531275
0.583365 0.336293 0.493174
0.42422 0.399931 0.471961
0.522812 0.412593 0.428327
0.420684 0.332353 0.538689
0.521394 0.439025 0.533001
0.500432 0.375162 0.574787
0.573323 0.330978 0.528827
0.409133 0.337221 0.476756
0.490299 0.357457 0.582191
0.485519 0.402665 0.566
0.533272 0.373264 0.557202
0.458393 0.426234 0.440982
0.541575 0.41833 0.531226
0.492334 0.359998 0.415257
0.477271 0.329808 0.407744
0.411893 0.352257 0.484973
0.462506 0.423218 0.533101
0.536141 0.425391 0.533002
0.483907 0.41702 0.495614
0.506522 0.424485 0.491947
0.554883 0.276289 0.573287
0.547935 0.42637 0.519134
0.514615 0.421208 0.434076
0.449478 0.420664 0.471584
0.557646 0.403368 0.521616
0.555778 0.408157 0.480413
0.521451 0.433419 0.499293
0.490022 0.330011 0.409234
0.537489 0.36002 0.430175
0.488845 0.341072 0.586727
0.575351 0.37977 0.469111
0.478038 0.422886 0.545978
0.441963 0.31645 0.423023
0.567813 0.268237 0.568946
0.431951 0.395084 0.514105
0.521715 0.373342 0.424641
0.564596 0.378144 0.465871
0.521987 0.40219 0.549195
0.515598 0.324731 0.414707
0.416584 0.299062 0.543943
0.52577 0.41436 0.536501
0.508585 0.336814 0.4169
0.561066 0.372788 0.460411
0.476953 0.414239 0.514982
0.499923 0.410611 0.541034
0.445993 0.359951 0.439912
0.491818 0.35788 0.576173
0.436745 0.388042 0.457905
0.514489 0.406539 0.484684
0.420793 0.26659 0.575391
0.567914 0.356792 0.522465
0.471268 0.402826 0.43192
0.522268 0.406649 0.441398
0.511459 0.401061 0.469504
0.461011 0.41389 0.518085
0.436363 0.373167 0.536175
0.477531 0.331544 0.411664
0.46241 0.398307 0.469868
0.475283 0.397351 0.461607
0.496776 0.323736 0.412774
0.510468 0.406039 0.439191
0.40488 0.297076 0.505202
0.583652 0.2586 0.41649
0.41586 0.35516 0.513082
0.409005 0.259321 0.416559
0.501636 0.340593 0.416812
0.589227 0.303405 0.463035
0.507645 0.404459 0.453896
0.517039 0.427865 0.519008
0.483701 0.348632 0.580483
0.435302 0.374362 0.464006
0.525143 0.381766 0.43852
0.464744 0.389131 0.496274
0.529549 0.371563 0.550123
0.459969 0.281654 0.592701
0.583385 0.272974 0.540227
0.427439 0.3625 0.469301
0.428021 0.302225 0.558657
0.564336 0.367385 0.482245
0.585623 0.280261 0.498206
0.480991 0.307303 0.589864
0.436419 0.381417 0.489656
0.474589 0.393835 0.505356
0.470666 0.391294 0.539498
0.589425 0.302699 0.475424
0.414715 0.266827 0.417748
0.509082 0.383701 0.471084
0.462408 0.393237 0.532057
0.476611 0.374359 0.560167
0.422818 0.356453 0.484564
0.592403 0.276633 0.47671
0.451269 0.27576 0.591559
0.521642 0.40054 0.534487
0.460897 0.387394 0.492757
0.474938 0.324581 0.582487
0.505213 0.384645 0.483943
0.48185 0.398638 0.525752
0.501638 0.269043 0.592421
0.531097 0.33608 0.564447
0.504397 0.383148 0.48274
0.53371 0.386656 0.464551
0.59067 0.295251 0.476321
0.549874 0.379753 0.493558
0.48692 0.305494 0.588967
0.459604 0.317548 0.576955
0.564479 0.361961 0.490209
0.439782 0.351707 0.454211
0.456884 0.250075 0.599208
0.42992 0.247999 0.592444
0.568227 0.332338 0.521344
0.460936 0.37859 0.529984
0.569422 0.283182 0.546085
0.446603 0.368739 0.472457
0.443422 0.362733 0.458437
0.521076 0.346028 0.430744
0.521265 0.356107 0.434796
0.502555 0.388522 0.512909
0.520735 0.296596 0.414561
0.530768 0.386527 0.521062
0.43098 0.334455 0.538254
0.512548 0.371078 0.549001
0.435962 0.345815 0.537676
0.519487 0.363744 0.555189
0.540273 0.365011 0.461317
0.428618 0.311957 0.548625
0.546578 0.363576 0.526697
0.527915 0.382557 0.501159
0.462628 0.370935 0.49649
0.505572 0.327381 0.574039
0.479793 0.291379 0.591758
0.568136 0.325973 0.459148
0.434051 0.331014 0.543998
0.565908 0.334503 0.523516
0.583301 0.292538 0.489515
0.488263 0.355142 0.559815
0.541413 0.37481 0.523605
0.428977 0.342146 0.463146
0.450433 0.374771 0.507295
0.587363 0.270628 0.486496
0.543633 0.28541 0.41423
0.453768 0.351247 0.44107
0.539645 0.367966 0.473014
0.44384 0.334916 0.546325
0.453337 0.307117 0.422723
0.505724 0.351479 0.462485
0.57946 0.288653 0.524324
0.550355 0.35129 0.517354
0.557444 0.282371 0.555976
0.519701 0.305528 0.573602
0.514966 0.29085 0.41631
0.525681 0.352997 0.466733
0.464435 0.286051 0.410535
0.480427 0.342303 0.558999
0.534646 0.349664 0.480162
0.516363 0.349193 0.473025
0.453874 0.350521 0.469116
0.584711 0.262674 0.508306
0.442205 0.301547 0.567554
0.468991 0.343091 0.483353
0.526481 0.341965 0.554067
0.542226 0.34807 0.485878
0.472382 0.35847 0.539235
0.484308 0.353267 0.444611
0.47256 0.361916 0.531732
0.571827 0.311353 0.499563
0.47469 0.307211 0.416904
0.553235 0.333151 0.531413
0.429533 0.326724 0.458705
0.531766 0.347439 0.451683
0.494924 0.324773 0.569449
0.451029 0.363391 0.522666
0.446373 0.350171 0.491928
0.558529 0.338681 0.495827
0.5166 0.332794 0.565317
0.551143 0.34364 0.526028
0.525232 0.37178 0.526997
0.547971 0.345389 0.486861
0.460779 0.30759 0.57596
0.43349 0.317932 0.483907
0.449405 0.322973 0.440441
0.408069 0.258478 0.512377
0.592358 0.248074 0.531458
0.470738 0.343077 0.511271
0.546587 0.276395 0.566023
0.422032 0.296886 0.488174
0.429596 0.279412 0.56537
0.525575 0.340664 0.494172
0.569877 0.243806 0.580687
0.450783 0.228966 0.599642
0.541597 0.33298 0.533942
0.496491 0.282907 0.415793
0.48507 0.311573 0.570127
0.467023 0.329889 0.488911
0.438458 0.240639 0.594983
0.402976 0.239226 0.414088
0.523123 0.330991 0.47476
0.488734 0.250387 0.402262
0.566333 0.299043 0.530409
0.438918 0.272939 0.578577
0.481082 0.295982 0.579864
0.452259 0.331096 0.447844
0.470291 0.337018 0.450566
0.543952 0.332917 0.475651
0.429369 0.324821 0.515365
0.504753 0.356112 0.527041
0.405944 0.26183 0.459386
0.407604 0.25812 0.499263
0.528498 0.336226 0.462906
0.502835 0.33313 0.553984
0.412605 0.258542 0.421589
0.517038 0.236702 0.593213
0.504389 0.331805 0.467005
0.47823 0.343004 0.536422
0.53177 0.332694 0.488141
0.433245 0.305351 0.474137
0.536845 0.241609 0.589379
0.547541 0.270506 0.414843
0.426146 0.299373 0.526374
0.478433 0.313466 0.469537
0.536908 0.264993 0.575491
0.443526 0.316207 0.497805
0.447665 0.318072 0.452081
0.49513 0.3201 0.451002
0.506879 0.332419 0.506404
0.47934 0.33031 0.529496
0.456532 0.316886 0.466942
0.568233 0.282911 0.434084
0.453732 0.281173 0.577793
0.597233 0.215099 0.576968
0.455236 0.327754 0.533732
0.426421 0.29519 0.492666
0.440209 0.280744 0.570941
0.447814 0.251508 0.404505
0.502524 0.274662 0.416475
0.558202 0.287833 0.431015
0.500753 0.309956 0.486898
0.425656 0.293646 0.476203
0.481264 0.331087 0.527764
0.469078 0.328583 0.514623
0.528961 0.234416 0.59326
0.409958 0.254314 0.529772
0.486378 0.328076 0.53515
0.530252 0.31871 0.492553
0.578042 0.266381 0.49564
0.590058 0.245908 0.525585
0.465528 0.313379 0.473284
0.551529 0.24532 0.584681
0.583784 0.252514 0.479028
0.480048 0.257394 0.5903
0.514105 0.313837 0.467737
0.43767 0.233621 0.592529
0.541029 0.254524 0.408443
0.454405 0.29762 0.476396
0.435454 0.299567 0.531588
0.586997 0.249896 0.459936
0.530157 0.250059 0.58186
0.520529 0.258835 0.411324
0.526169 0.248704 0.40544
0.498639 0.290819 0.483488
0.437527 0.293539 0.489832
0.453508 0.274369 0.576118
0.465665 0.315054 0.527664
0.541425 0.281809 0.555144
0.476581 0.293528 0.48282
0.472657 0.306224 0.550499
0.458667 0.297464 0.56135
0.552891 0.282165 0.428615
0.421964 0.270694 0.48406
0.576725 0.260328 0.512243
0.416725 0.254898 0.423807
0.505875 0.298946 0.554511
0.506858 0.324198 0.519588
0.487436 0.231882 0.399598
0.480369 0.295899 0.563259
0.459508 0.300099 0.436775
0.537313 0.294898 0.481019
0.57168 0.280414 0.444596
0.59861 0.219989 0.421367
0.495362 0.296362 0.468651
0.47574 0.301878 0.45961
0.524488 0.222737 0.596533
0.536028 0.315133 0.513078
0.521576 0.3065 0.452598
0.557259 0.2518 0.408869
0.595459 0.23169 0.447473
0.422801 0.253024 0.570783
0.435192 0.28552 0.507055
0.541663 0.274907 0.426355
0.533935 0.29693 0.528078
0.44442 0.292593 0.537599
0.492623 0.287238 0.441091
0.523263 0.234 0.587145
0.416706 0.253304 0.515506
0.42891 0.256726 0.569187
0.498264 0.30207 0.517791
0.557893 0.282186 0.47629
0.406292 0.226851 0.409126
0.469331 0.224682 0.396908
0.527128 0.294706 0.503364
0.499921 0.23253 0.58743
0.530935 0.300459 0.514459
0.458119 0.248298 0.583892
0.49397 0.290953 0.544957
0.404729 0.205019 0.601338
0.513712 0.288315 0.443157
0.518601 0.277118 0.42778
0.460383 0.286473 0.494165
0.514049 0.282338 0.555327
0.547506 0.289775 0.522858
0.475111 0.227527 0.590835
0.448153 0.291931 0.544556
0.536276 0.27942 0.550668
0.532513 0.301156 0.51981
0.500859 0.288969 0.49949
0.458884 0.290192 0.439936
0.566483 0.254684 0.41793
0.476336 0.288567 0.45264
0.433902 0.26277 0.568391
0.493494 0.289043 0.501562
0.526749 0.300243 0.530252
0.509045 0.28891 0.497701
0.510736 0.275892 0.483227
0.43244 0.268162 0.434802
0.544395 0.277737 0.442
0.433698 0.217579 0.393222
0.453877 0.280101 0.544059
0.396303 0.221102 0.427227
0.515717 0.217956 0.592261
0.497959 0.268023 0.430481
0.509567 0.283909 0.530081
0.499031 0.26935 0.556964
0.481128 0.27389 0.447461
0.580844 0.24771 0.454274
0.480404 0.266321 0.473603
0.51215 0.273303 0.449802
0.531013 0.269381 0.490182
0.409308 0.228643 0.486271
0.452299 0.202442 0.599577
0.429845 0.263077 0.476134
0.40038 0.211767 0.50108
0.461644 0.271587 0.56223
0.430642 0.266344 0.4345
0.604015 0.201644 0.427261
0.522126 0.210714 0.598241
0.418054 0.249287 0.46636
0.471319 0.245626 0.414523
0.42931 0.266195 0.46725
0.546872 0.278588 0.445323
0.506738 0.247001 0.415472
0.404909 0.214693 0.586163
0.407454 0.220238 0.404866
0.462573 0.248523 0.578658
0.418508 0.245843 0.502503
0.506348 0.246506 0.415161
0.464211 0.271303 0.562529
0.5071 0.266435 0.465682
0.434139 0.265123 0.55609
0.399072 0.196214 0.606481
0.431127 0.240003 0.417748
0.45424 0.209145 0.391421
0.590765 0.207688 0.486012
0.479103 0.261361 0.531409
0.407236 0.215521 0.581251
0.506734 0.203537 0.597729
0.52096 0.261762 0.441157
0.537162 0.215706 0.397351
0.469182 0.261192 0.506896
0.410931 0.224622 0.573399
0.405811 0.206797 0.591772
0.579511 0.208233 0.591348
0.586018 0.222509 0.459303
0.496874 0.256678 0.498341
0.535584 0.225387 0.584382
0.475585 0.261678 0.546354
0.454537 0.260547 0.560784
0.496057 0.217572 0.401414
0.400695 0.220698 0.560894
0.566972 0.24393 0.491051
0.538008 0.25528 0.46879
0.551778 0.254507 0.502223
0.396791 0.20233 0.494359
0.487595 0.25658 0.503912
0.538035 0.261867 0.511909
0.466231 0.263772 0.511562
0.392537 0.211569 0.425607
0.493757 0.253037 0.469167
0.547354 0.199122 0.607214
0.501805 0.2369 0.415072
0.501043 0.25404 0.490643
0.564375 0.25191 0.4728
0.494184 0.260214 0.547446
0.586133 0.213647 0.480099
0.426714 0.212429 0.392996
0.588873 0.213612 0.571331
0.433407 0.249907 0.537462
0.453865 0.225289 0.409889
0.483706 0.245075 0.552264
0.486509 0.24579 0.533872
0.517417 0.235274 0.56632
0.497492 0.191859 0.602204
0.399434 0.215146 0.555727
0.425774 0.232305 0.57086
0.46775 0.250195 0.543242
0.531984 0.246565 0.547331
0.586244 0.211503 0.419445
0.589193 0.2108 0.455503
0.569167 0.205648 0.391518
0.525089 0.206687 0.397682
0.407129 0.222128 0.547809
0.474705 0.238027 0.569815
0.587474 0.207228 0.483104
0.491044 0.246305 0.517719
0.545414 0.239831 0.476229
0.477512 0.242973 0.499046
0.479672 0.206465 0.396368
0.56209 0.239984 0.533389
0.46533 0.241031 0.423849
0.483427 0.245102 0.531465
0.533556 0.24536 0.427025
0.460716 0.195996 0.597199
0.573336 0.228098 0.515749
0.607673 0.191086 0.553434
0.504168 0.229124 0.573383
0.606924 0.189808 0.585022
0.442621 0.253523 0.545905
0.445899 0.256197 0.520202
0.457691 0.208391 0.395067
0.564906 0.220932 0.406699
0.550283 0.249231 0.45759
0.485899 0.239602 0.481104
0.4295 0.234322 0.461872
0.452554 0.234905 0.425964
0.583438 0.201294 0.405177
0.494422 0.233653 0.537628
0.426242 0.233681 0.551723
0.487044 0.182138 0.606583
0.496744 0.23062 0.461193
0.5158 0.238599 0.529009
0.462166 0.20728 0.584614
0.462363 0.237982 0.529313
0.549124 0.23449 0.458639
0.602629 0.189544 0.52911
0.539903 0.235767 0.540708
0.557193 0.230108 0.507994
0.48558 0.23058 0.516709
0.472102 0.200682 0.588067
0.520382 0.204495 0.402658
0.478967 0.227468 0.422849
0.478684 0.182952 0.604086
0.587457 0.203248 0.503915
0.422676 0.229822 0.541915
0.574077 0.209453 0.581615
0.526602 0.228891 0.562749
0.477549 0.228789 0.566457
0.517736 0.233663 0.546161
0.46992 0.232887 0.472909
0.541159 0.212455 0.405434
0.507603 0.230007 0.425551
0.466003 0.237103 0.542579
0.487593 0.232858 0.536442
0.59518 0.186189 0.383418
0.522285 0.217047 0.577002
0.421024 0.22495 0.461522
0.528841 0.236479 0.538558
0.467852 0.234754 0.516046
0.590039 0.187064 0.608581
0.423 0.183341 0.60924
0.473157 0.22082 0.524518
0.503524 0.21976 0.456436
0.531518 0.219944 0.49934
0.427579 0.21795 0.474973
0.484953 0.176454 0.610684
0.57023 0.215467 0.463588
0.599312 0.191413 0.546122
0.611874 0.177885 0.383647
0.479892 0.202154 0.405632
0.485888 0.223829 0.44577
0.586272 0.193077 0.400172
0.525098 0.211734 0.47396
0.409535 0.203005 0.511512
0.38949 0.191955 0.577128
0.513945 0.22339 0.43349
0.491791 0.22042 0.523741
0.49388 0.198713 0.402548
0.505679 0.212659 0.570736
0.429611 0.20671 0.403788
0.405898 0.208114 0.554005
0.396229 0.1953 0.528964
0.562612 0.217196 0.569893
0.516809 0.213101 0.470536
0.581294 0.20083 0.414273
0.486789 0.223441 0.447487
0.598388 0.191288 0.44127
0.451158 0.23079 0.442621
0.409719 0.199558 0.582823
0.607224 0.179577 0.513857
0.464276 0.224658 0.462823
0.462808 0.198468 0.586326
0.569295 0.216359 0.524835
0.544948 0.221896 0.507625
0.428459 0.218545 0.489779
0.538139 0.225041 0.520156
0.422388 0.190514 0.592885
0.591864 0.188925 0.486479
0.452451 0.216266 0.553637
0.566759 0.205526 0.486012
0.432463 0.207503 0.416067
0.472394 0.179724 0.382974
0.599262 0.184965 0.477221
0.395368 0.189856 0.395576
0.560177 0.213932 0.558495
0.403982 0.19719 0.543162
0.522542 0.183403 0.602586
0.475268 0.208815 0.5273
0.60845 0.178867 0.488804
0.588278 0.191468 0.520849
0.541331 0.20964 0.453375
0.535448 0.181807 0.608364
0.510884 0.185319 0.394193
0.610861 0.173613 0.520728
0.452012 0.206942 0.57341
0.581138 0.19639 0.472619
0.565123 0.185739 0.60889
0.427205 0.214994 0.432656
0.547281 0.182466 0.379895
0.527425 0.206003 0.570208
0.488868 0.206975 0.471258
0.615672 0.171492 0.529661
0.480732 0.211961 0.452097
0.533792 0.212844 0.536435
0.559852 0.211492 0.567499
0.431658 0.215128 0.563213
0.551642 0.212259 0.446389
0.522689 0.207761 0.425358
0.381758 0.177416 0.51773
0.417112 0.204019 0.525887
0.425009 0.211584 0.535938
0.52072 0.204776 0.494906
0.423601 0.203703 0.437894
0.488092 0.197528 0.422984
0.520576 0.184914 0.588515
0.592774 0.183923 0.465559
0.548836 0.179621 0.609156
0.470632 0.174281 0.380969
0.52289 0.180277 0.597688
0.554121 0.202311 0.519077
0.524217 0.194143 0.460863
0.419416 0.19371 0.480929
0.611307 0.174936 0.477266
0.577618 0.190662 0.582108
0.476978 0.199137 0.563516
0.507366 0.186762 0.406462
0.627357 0.169134 0.607496
0.555241 0.202385 0.519177
0.619314 0.172 0.580521
0.504701 0.195361 0.50728
0.467581 0.204201 0.44161
0.379119 0.174114 0.537196
0.557422 0.198073 0.49179
0.450121 0.202145 0.516624
0.45245 0.201724 0.501884
0.553979 0.192322 0.40581
0.390849 0.18391 0.393005
0.509378 0.196119 0.512863
0.381893 0.176074 0.594793
0.508559 0.198705 0.547934
0.538065 0.186326 0.592369
0.614142 0.175075 0.431615
0.4822 0.177694 0.599894
0.490654 0.200418 0.428106
0.466018 0.204611 0.440308
0.5374 0.183311 0.391628
0.517435 0.198154 0.522348
0.378493 0.175483 0.578472
0.417955 0.178407 0.59545
0.509328 0.188333 0.531188
0.433073 0.185875 0.404608
0.396762 0.182804 0.420099
0.548816 0.190497 0.514435
0.467665 0.169633 0.378758
0.620055 0.169484 0.606614
0.402871 0.181335 0.536016
0.440938 0.192863 0.490843
0.438044 0.185402 0.583542
0.536177 0.185365 0.463095
0.56029 0.1907 0.447173
0.455386 0.190618 0.489613
0.581698 0.180055 0.402749
0.523557 0.186213 0.420498
0.61242 0.171767 0.597415
0.580066 0.183038 0.47574
0.523217 0.182101 0.489895
0.493927 0.178103 0.399067
0.448336 0.195409 0.429264
0.546532 0.187952 0.499723
0.492264 0.186862 0.461159
0.485153 0.186184 0.507175
0.600505 0.17561 0.541129
0.462674 0.189284 0.486161
0.531299 0.183611 0.489645
0.442561 0.178182 0.38886
0.445054 0.192321 0.568412
0.487131 0.17293 0.386252
0.500664 0.178974 0.402014
0.579431 0.185585 0.439159
0.421125 0.193165 0.437719
0.38587 0.173387 0.516321
0.55487 0.180848 0.597734
0.482414 0.185768 0.493435
0.576694 0.184901 0.491434
0.418009 0.178977 0.510267
0.532258 0.174211 0.402671
0.589942 0.174114 0.461906
0.440805 0.164211 0.370707
0.554561 0.18097 0.424078
0.464568 0.165088 0.375956
0.449993 0.169387 0.608248
0.489081 0.180267 0.550413
0.595746 0.170668 0.522162
0.467274 0.182385 0.447499
0.464033 0.182776 0.448166
0.539781 0.18233 0.550405
0.420787 0.178901 0.407697
0.407162 0.17564 0.400798
0.431345 0.182956 0.478248
0.40301 0.177719 0.417886
0.547466 0.164708 0.62314
0.544744 0.176445 0.471113
0.526423 0.166381 0.609664
0.513779 0.180411 0.564333
0.536676 0.178234 0.508317
0.537705 0.173992 0.399552
0.519622 0.177518 0.515864
0.395652 0.176837 0.434029
0.520942 0.175128 0.582202
0.556481 0.179256 0.464103
0.50353 0.181586 0.432535
0.372419 0.164837 0.597676
0.43327 0.185982 0.425037
0.378399 0.162829 0.626173
0.43506 0.183029 0.516829
0.595891 0.173112 0.445238
0.56123 0.174481 0.601628
0.571503 0.183699 0.558763
0.440431 0.184336 0.463825
0.532873 0.174203 0.402413
0.413761 0.17348 0.421772
0.556803 0.172168 0.520316
0.498212 0.170587 0.522183
0.490104 0.169217 0.58235
0.559769 0.172692 0.583234
0.461235 0.160873 0.372604
0.542695 0.162845 0.61669
0.579756 0.173207 0.570807
0.503529 0.171798 0.553779
0.492987 0.171997 0.557684
0.378614 0.166144 0.429969
0.522609 0.168154 0.406003
0.389211 0.166079 0.583083
0.483566 0.166659 0.400476
0.583509 0.170184 0.54025
0.4513 0.172137 0.491099
0.509204 0.169392 0.509608
0.567987 0.172417 0.449185
0.558364 0.175742 0.566747
0.589266 0.168651 0.450024
0.5264 0.170649 0.518013
0.590562 0.167504 0.595759
0.559175 0.172619 0.52492
0.439087 0.171817 0.580333
0.591731 0.168362 0.421082
0.582926 0.17044 0.434047
0.568465 0.171341 0.475582
0.567568 0.165115 0.619279
0.370132 0.16038 0.461348
0.52107 0.166639 0.58969
0.536475 0.164642 0.605525
0.524008 0.168393 0.457013
0.483532 0.172592 0.427386
0.594795 0.165608 0.523455
0.389599 0.169317 0.426648
0.485406 0.172318 0.565528
0.410885 0.162652 0.584878
0.558936 0.165278 0.54265
0.628258 0.158228 0.615672
0.502639 0.161293 0.591703
0.438617 0.166222 0.568471
0.446436 0.158315 0.372221
0.388171 0.159783 0.496746
0.435835 0.164905 0.523978
0.504833 0.158836 0.609371
0.387183 0.160187 0.534346
0.604801 0.159661 0.482699
0.535245 0.162028 0.498138
0.635024 0.154039 0.507268
0.525126 0.16402 0.540545
0.413002 0.16335 0.499596
0.449361 0.164147 0.51641
0.42033 0.165255 0.411219
0.558944 0.162721 0.598779
0.479529 0.162102 0.459141
0.468351 0.163248 0.456406
0.452369 0.166291 0.43377
0.607146 0.158049 0.370947
0.377411 0.160715 0.431969
0.431325 0.156554 0.62802
0.579113 0.165401 0.576406
0.591192 0.162008 0.543416
0.528046 0.159837 0.601226
0.443651 0.165657 0.459021
0.582534 0.163663 0.423364
0.373549 0.158046 0.538057
0.458813 0.163541 0.410475
0.361257 0.154754 0.522885
0.437362 0.165038 0.50156
0.561185 0.165015 0.429345
0.547155 0.162955 0.503145
0.619447 0.159217 0.447834
0.40737 0.156322 0.490488
0.588913 0.155684 0.39338
0.523453 0.155803 0.400019
0.557637 0.157396 0.545421
0.439297 0.157505 0.466024
0.442274 0.153936 0.368093
0.484558 0.155415 0.500006
0.533727 0.157167 0.543256
0.400449 0.153845 0.362078
0.414261 0.155076 0.373938
0.522107 0.154936 0.466452
0.513317 0.153689 0.62164
0.607862 0.155703 0.413353
0.613311 0.154281 0.545345
0.581948 0.157592 0.570123
0.498255 0.155307 0.601284
0.374343 0.155145 0.57103
0.584723 0.157111 0.580234
0.513932 0.156209 0.411073
0.546427 0.154828 0.61316
0.435884 0.158304 0.440442
0.377231 0.155054 0.586983
0.416805 0.158108 0.43837
0.481534 0.155528 0.508804
0.371837 0.155083 0.40133
0.624386 0.15301 0.515527
0.600694 0.153984 0.368123
0.36296 0.152715 0.477921
0.524419 0.155 0.46511
0.523673 0.155955 0.502578
0.57256 0.156664 0.498396
0.561069 0.157192 0.536253
0.634559 0.153515 0.596698
0.584782 0.155265 0.380708
0.502395 0.155089 0.466536
0.571561 0.153856 0.633237
0.402791 0.15 0.37298
0.59243 0.15 0.412258
0.363669 0.15 0.490593
0.574622 0.15 0.553427
0.598601 0.15 0.445538
0.425698 0.15 0.367029
0.613286 0.15 0.366727
0.370847 0.15 0.491902
0.398112 0.15 0.412651
0.595708 0.15 0.637924
0.473151 0.15 0.523873
0.526345 0.15 0.433389
0.583705 0.15 0.623751
0.364695 0.15 0.406499
0.393416 0.15 0.526803
0.500984 0.15 0.635369
0.571638 0.15 0.463987
0.575254 0.15 0.450958
0.422008 0.15 0.584465
0.409758 0.15 0.627441
0.649213 0.15 0.64295
0.384205 0.15 0.644058
0.510524 0.15 0.632339
0.475523 0.15 0.55318
0.649387 0.15 0.57074
0.634225 0.15 0.638739
0.557547 0.15 0.502376
0.519195 0.15 0.599425
0.46286 0.15 0.421752
0.36269 0.15 0.441153
0.489531 0.15 0.580445
0.387519 0.15 0.61303
0.587696 0.15 0.385798
0.548263 0.15 0.571235
0.379179 0.15 0.551193
0.41831 0.15 0.505223
