1728 0.012625
0.365535 0.229263 0.366842
0.416758 0.213152 0.323776
0.456268 0.200705 0.307578
0.499355 0.197261 0.307729
0.536598 0.196792 0.313672
0.578948 0.204095 0.329894
0.323795 0.209743 0.411795
0.356378 0.291135 0.357492
0.444248 0.292366 0.324487
0.498379 0.287201 0.317984
0.566046 0.292027 0.329538
0.64011 0.265166 0.366255
0.323016 0.195149 0.458156
0.322067 0.291891 0.44214
0.4387 0.34368 0.435749
0.499513 0.341531 0.431504
0.575827 0.342975 0.439146
0.677083 0.268697 0.445763
0.314022 0.200905 0.496491
0.320029 0.286628 0.502347
0.440632 0.342248 0.499022
0.503344 0.338081 0.499056
0.576459 0.339444 0.498703
0.682642 0.25686 0.503213
0.319343 0.204279 0.538204
0.331324 0.29133 0.571953
0.439841 0.338602 0.581353
0.497689 0.336431 0.580939
0.56949 0.340252 0.571322
0.676106 0.255294 0.555778
0.346805 0.225222 0.579108
0.363862 0.2357 0.637617
0.441528 0.258363 0.670275
0.499845 0.256639 0.677719
0.552789 0.276266 0.671729
0.634109 0.262965 0.623336
0.346998 0.24752 0.350525
0.344788 0.221322 0.585642
0.305211 0.266243 0.507715
0.569076 0.339379 0.492489
0.453202 0.317583 0.632373
0.547737 0.204475 0.301423
0.331445 0.211762 0.600702
0.355191 0.222417 0.598813
0.670266 0.190963 0.480894
0.471005 0.204444 0.285392
0.622859 0.23333 0.621998
0.637966 0.274611 0.622112
0.507519 0.301051 0.657116
0.496685 0.339505 0.527915
0.587201 0.338379 0.470017
0.669627 0.194918 0.465804
0.303364 0.216517 0.551225
0.378695 0.222306 0.348152
0.532702 0.239477 0.678547
0.351186 0.225669 0.630047
0.358224 0.269569 0.633762
0.429468 0.338477 0.584844
0.310643 0.213213 0.561987
0.520598 0.333719 0.593291
0.39402 0.22157 0.640113
0.680627 0.213388 0.566853
0.525211 0.336951 0.536046
0.444577 0.272411 0.667723
0.665559 0.238903 0.599143
0.462885 0.339841 0.499474
0.482531 0.215544 0.68195
0.676733 0.233357 0.577505
0.560777 0.339367 0.477238
0.664148 0.213602 0.584537
0.51373 0.246776 0.678085
0.314576 0.213669 0.409703
0.328976 0.22439 0.602549
0.304016 0.254818 0.430206
0.632789 0.296744 0.614932
0.675658 0.265477 0.434081
0.459119 0.341015 0.440764
0.545852 0.205767 0.300102
0.47531 0.258576 0.677446
0.467503 0.205144 0.677832
0.549973 0.337913 0.519788
0.513272 0.337727 0.497907
0.547258 0.204102 0.671369
0.604051 0.314081 0.373456
0.477533 0.335461 0.474142
0.670709 0.281301 0.526367
0.411555 0.339139 0.571616
0.336097 0.297609 0.564795
0.680214 0.231965 0.408441
0.394239 0.219039 0.649992
0.63007 0.310244 0.597826
0.47313 0.337031 0.454254
0.352019 0.238447 0.628217
0.504838 0.336818 0.474371
0.347157 0.289691 0.612988
0.622544 0.312806 0.396614
0.45895 0.341977 0.429707
0.311288 0.204921 0.529587
0.653462 0.276484 0.60541
0.356576 0.214774 0.61845
0.536868 0.203768 0.664298
0.68793 0.210374 0.464101
0.658903 0.270908 0.395973
0.524849 0.293112 0.664492
0.439534 0.29883 0.650745
0.308626 0.212387 0.556779
0.456591 0.307435 0.645319
0.639553 0.259982 0.618542
0.289528 0.230155 0.459357
0.292134 0.238978 0.459607
0.411385 0.228495 0.308943
0.686885 0.235729 0.445712
0.691134 0.218966 0.43614
0.534433 0.214974 0.296416
0.684002 0.250227 0.457013
0.669261 0.255352 0.586821
0.540975 0.318241 0.628895
0.301244 0.262985 0.463937
0.507291 0.271282 0.306809
0.656595 0.295963 0.530317
0.44199 0.278743 0.315077
0.661069 0.221252 0.365492
0.561902 0.338827 0.498774
0.345183 0.269967 0.624779
0.522835 0.261961 0.676502
0.293528 0.242689 0.496198
0.477911 0.341287 0.419238
0.676936 0.197664 0.476622
0.68788 0.231411 0.497002
0.518255 0.337044 0.547834
0.510113 0.338978 0.453758
0.628939 0.32015 0.468771
0.437014 0.219503 0.675232
0.360135 0.227205 0.360802
0.559184 0.324101 0.363796
0.54892 0.34021 0.401175
0.48498 0.251319 0.678572
0.461872 0.283897 0.31683
0.52183 0.33732 0.499114
0.641896 0.22349 0.362867
0.40263 0.219786 0.318915
0.690525 0.223153 0.450986
0.637073 0.221394 0.35455
0.436085 0.342175 0.458157
0.402178 0.229087 0.635523
0.290637 0.238653 0.48562
0.591317 0.337756 0.462782
0.686804 0.210599 0.45476
0.487484 0.318265 0.352369
0.521275 0.225461 0.294582
0.42664 0.217462 0.671915
0.416637 0.342576 0.529952
0.530129 0.215759 0.677197
0.635078 0.311879 0.418984
0.449565 0.342367 0.435811
0.578793 0.210802 0.671365
0.391255 0.246839 0.656251
0.306811 0.2412 0.550224
0.669411 0.19773 0.461025
0.374993 0.241573 0.644474
0.381034 0.330833 0.494137
0.364355 0.224969 0.348851
0.377478 0.220849 0.642028
0.500398 0.336271 0.478151
0.53747 0.29764 0.329433
0.524991 0.292822 0.664086
0.597197 0.210787 0.324575
0.611575 0.328049 0.517049
0.382124 0.331292 0.491063
0.306728 0.197544 0.481013
0.492256 0.33242 0.596834
0.329327 0.285039 0.586303
0.375387 0.324935 0.586415
0.584206 0.216629 0.663279
0.385713 0.291677 0.638622
0.465069 0.337627 0.397929
0.670828 0.199447 0.457922
0.5605 0.202548 0.656193
0.522589 0.342368 0.420252
0.57945 0.211754 0.669285
0.308141 0.258744 0.537812
0.300407 0.251304 0.514203
0.326507 0.274087 0.597568
0.67281 0.199418 0.462737
0.321433 0.215137 0.406363
0.50635 0.231197 0.293436
0.628509 0.31898 0.489697
0.638405 0.312904 0.465098
0.541825 0.254419 0.307103
0.457324 0.302889 0.333829
0.338476 0.302583 0.512401
0.671501 0.271272 0.428863
0.315334 0.275485 0.531156
0.398169 0.30176 0.342112
0.451594 0.304599 0.33548
0.40551 0.218091 0.65846
0.66494 0.221818 0.376601
0.304872 0.207475 0.526557
0.679203 0.26622 0.502923
0.305183 0.201343 0.49032
0.436616 0.253709 0.669251
0.526988 0.2086 0.665075
0.336308 0.293672 0.587088
0.582762 0.338764 0.5855
0.410109 0.223461 0.310913
0.34652 0.219689 0.598779
0.443568 0.282285 0.317808
0.564956 0.237517 0.310549
0.29727 0.207388 0.5139
0.417778 0.310036 0.634826
0.645084 0.220906 0.358733
0.677352 0.268807 0.513389
0.676057 0.261281 0.539655
0.556108 0.338017 0.553605
0.327163 0.288298 0.542251
0.408726 0.340677 0.498384
0.318495 0.263383 0.390618
0.309392 0.255377 0.544612
0.52757 0.207289 0.301441
0.310771 0.198945 0.465214
0.516599 0.245139 0.29918
0.490223 0.237058 0.293688
0.408866 0.218777 0.322713
0.36325 0.310656 0.37864
0.550968 0.341731 0.410911
0.655584 0.221381 0.376175
0.322143 0.212438 0.562489
0.682107 0.230699 0.544501
0.308569 0.204765 0.440297
0.462717 0.329908 0.605132
0.553677 0.205306 0.307052
0.415734 0.217536 0.309449
0.536906 0.311002 0.640042
0.671875 0.216182 0.397914
0.502779 0.236912 0.295153
0.527266 0.335872 0.500553
0.29522 0.209202 0.509793
0.562138 0.282058 0.32354
0.500249 0.339505 0.439988
0.554669 0.276453 0.670363
0.324826 0.283241 0.555311
0.302061 0.221119 0.424608
0.338916 0.300406 0.545599
0.366803 0.32229 0.49765
0.680949 0.268161 0.474185
0.655137 0.297352 0.517921
0.583179 0.341657 0.435418
0.366 0.273563 0.637066
0.539308 0.225863 0.678749
0.499149 0.338528 0.399675
0.570369 0.241742 0.675016
0.579801 0.213899 0.31054
0.351288 0.219393 0.624572
0.401615 0.238767 0.321235
0.381598 0.331066 0.404915
0.379952 0.312702 0.366391
0.517948 0.324978 0.61381
0.487477 0.238701 0.294598
0.502296 0.206884 0.296632
0.515711 0.336403 0.390661
0.377067 0.327061 0.471395
0.297808 0.244766 0.508245
0.60807 0.3306 0.565702
0.59274 0.225198 0.319466
0.622391 0.232641 0.641432
0.58548 0.33788 0.585622
0.432018 0.340178 0.399776
0.462159 0.340313 0.42989
0.486949 0.339748 0.42929
0.349381 0.232856 0.355803
0.532939 0.213834 0.675752
0.602182 0.219305 0.324941
0.671319 0.202929 0.513871
0.602799 0.241375 0.658078
0.562286 0.339811 0.456803
0.683533 0.253179 0.474416
0.474669 0.20059 0.302566
0.359664 0.287057 0.353457
0.469706 0.273813 0.670676
0.674754 0.20232 0.516183
0.543005 0.335263 0.524987
0.412025 0.340331 0.471453
0.308678 0.238933 0.552979
0.669049 0.222634 0.594683
0.447926 0.325847 0.364949
0.524331 0.274399 0.310234
0.520168 0.308906 0.644567
0.52749 0.331664 0.594537
0.295076 0.244392 0.488922
0.37346 0.2977 0.354398
0.600405 0.331616 0.528422
0.403526 0.325085 0.369508
0.314853 0.254823 0.559586
0.472104 0.243837 0.296884
0.680777 0.2061 0.521433
0.656229 0.222878 0.382022
0.404079 0.33802 0.541354
0.613066 0.327451 0.473683
0.513339 0.252316 0.67577
0.680533 0.262143 0.480514
0.670354 0.267921 0.55595
0.659707 0.270933 0.401671
0.55828 0.260039 0.315032
0.468882 0.33388 0.469971
0.400763 0.227871 0.6452
0.67147 0.203045 0.527382
0.439044 0.340696 0.506063
0.461062 0.227751 0.291708
0.60158 0.326847 0.394064
0.639886 0.23446 0.34566
0.638299 0.224288 0.356827
0.678593 0.25652 0.519039
0.44777 0.340157 0.537314
0.337642 0.299658 0.522471
0.396597 0.33315 0.392972
0.505484 0.211277 0.666598
0.468075 0.334344 0.473234
0.617964 0.299743 0.37569
0.581377 0.223628 0.673581
0.447834 0.224205 0.293243
0.331148 0.294832 0.505009
0.475684 0.282541 0.667094
0.403166 0.225506 0.322886
0.303573 0.226118 0.424105
0.345705 0.266562 0.354968
0.410831 0.33845 0.552828
0.440585 0.275495 0.663335
0.485743 0.206505 0.296732
0.310258 0.264275 0.422411
0.469915 0.247618 0.299816
0.422504 0.340395 0.539787
0.452407 0.281439 0.318113
0.677053 0.22674 0.567342
0.61745 0.268164 0.637107
0.383558 0.277661 0.6446
0.591897 0.272736 0.662014
0.611866 0.329015 0.451048
0.341644 0.303151 0.39647
0.401326 0.337999 0.451815
0.524378 0.328848 0.600749
0.669807 0.201452 0.504723
0.298478 0.237777 0.517384
0.484173 0.336722 0.44356
0.563803 0.336968 0.551139
0.567416 0.341246 0.413476
0.345738 0.219391 0.614453
0.38541 0.23622 0.334275
0.327736 0.229426 0.391206
0.522996 0.212941 0.665311
0.385993 0.331176 0.481604
0.504681 0.333181 0.472057
0.423582 0.227468 0.304225
0.345273 0.304893 0.533148
0.435585 0.24005 0.304545
0.364698 0.317816 0.39386
0.333727 0.246239 0.373033
0.642879 0.258195 0.612269
0.500031 0.335026 0.552592
0.651171 0.226565 0.607598
0.616289 0.246645 0.641935
0.37824 0.239265 0.339762
0.676202 0.270813 0.484163
0.31242 0.268747 0.414869
0.519543 0.216713 0.667102
0.408909 0.225725 0.322787
0.453604 0.271228 0.312905
0.465091 0.334253 0.573462
0.494728 0.333727 0.49855
0.619761 0.321918 0.491384
0.501142 0.333025 0.487683
0.478696 0.33361 0.493631
0.372743 0.322926 0.47438
0.291861 0.209784 0.468182
0.683897 0.217417 0.434428
0.667446 0.225632 0.590949
0.57694 0.336218 0.483182
0.388756 0.230431 0.631784
0.520062 0.229047 0.299342
0.343175 0.306573 0.456533
0.446487 0.215827 0.673042
0.454728 0.337301 0.494934
0.34747 0.307816 0.468816
0.31202 0.211939 0.425898
0.304206 0.250008 0.522078
0.359119 0.312905 0.392028
0.638132 0.2751 0.61623
0.673198 0.20298 0.492403
0.560958 0.335552 0.49763
0.679162 0.250387 0.509787
0.507216 0.339338 0.42504
0.537694 0.304998 0.339717
0.434296 0.340009 0.460325
0.332076 0.222289 0.586713
0.677641 0.229492 0.55869
0.665137 0.221792 0.401663
0.623535 0.294841 0.622769
0.319394 0.261954 0.563028
0.672775 0.270864 0.507885
0.527552 0.331044 0.527922
0.527392 0.21191 0.661425
0.544245 0.20897 0.663874
0.434612 0.295372 0.331096
0.64479 0.28047 0.392166
0.684764 0.224375 0.449002
0.611757 0.326258 0.554581
0.301086 0.249173 0.45663
0.391527 0.330921 0.575063
0.412885 0.305618 0.634097
0.6592 0.226821 0.381247
0.341369 0.234819 0.610988
0.421321 0.337096 0.572533
0.579337 0.335476 0.514065
0.651417 0.296117 0.526329
0.507838 0.333009 0.545635
0.600544 0.235428 0.652602
0.588249 0.229049 0.65757
0.322161 0.255588 0.390903
0.401291 0.336286 0.53002
0.452217 0.242625 0.672228
0.320261 0.236393 0.571557
0.34574 0.237458 0.615822
0.650213 0.276959 0.396339
0.579044 0.22142 0.670366
0.392372 0.240038 0.651415
0.555394 0.336532 0.462168
0.65988 0.225661 0.386981
0.437241 0.338673 0.480092
0.612952 0.324812 0.545622
0.62023 0.23411 0.336261
0.642376 0.306256 0.45492
0.532446 0.332503 0.472696
0.381367 0.329711 0.446076
0.313985 0.269929 0.421424
0.66896 0.271486 0.529471
0.364956 0.235205 0.605238
0.535681 0.21067 0.656542
0.404782 0.253864 0.657318
0.407941 0.312778 0.352571
0.391243 0.308395 0.621921
0.463086 0.272624 0.314361
0.58015 0.283499 0.65785
0.601674 0.330173 0.406466
0.361539 0.228013 0.620436
0.44971 0.279405 0.31919
0.643297 0.266928 0.607534
0.390719 0.333435 0.443078
0.55806 0.333645 0.5017
0.581019 0.336032 0.54936
0.481287 0.316212 0.356136
0.491202 0.296397 0.331673
0.531202 0.330095 0.515814
0.478019 0.208078 0.306499
0.608763 0.273843 0.64423
0.420024 0.31547 0.625271
0.572951 0.3346 0.511505
0.348288 0.228673 0.602807
0.293884 0.214981 0.465196
0.674461 0.251287 0.536665
0.558078 0.335033 0.467178
0.613639 0.326877 0.440307
0.476471 0.327171 0.377763
0.484204 0.224712 0.678501
0.322498 0.223097 0.562941
0.373963 0.235737 0.633191
0.595665 0.333975 0.455708
0.526387 0.208132 0.314643
0.340741 0.292948 0.590281
0.564765 0.248102 0.671807
0.38548 0.235282 0.634593
0.628842 0.234785 0.343375
0.554347 0.287388 0.329162
0.642524 0.270152 0.60663
0.390418 0.33107 0.505605
0.403745 0.31455 0.357928
0.534399 0.307783 0.638517
0.593914 0.313797 0.36885
0.462877 0.210803 0.67099
0.661569 0.277613 0.56232
0.614614 0.285802 0.633843
0.393385 0.332419 0.521097
0.64258 0.303394 0.498703
0.521331 0.335943 0.439019
0.390579 0.313674 0.614634
0.597774 0.243023 0.654574
0.416488 0.307627 0.631322
0.516279 0.253347 0.307389
0.599078 0.330947 0.465299
0.579352 0.333884 0.515445
0.572699 0.25437 0.668887
0.498962 0.330763 0.506201
0.670551 0.266502 0.52104
0.365823 0.315898 0.472971
0.434984 0.313715 0.628769
0.675209 0.211399 0.503054
0.679102 0.231743 0.520839
0.491679 0.331197 0.458419
0.350949 0.307177 0.469837
0.667838 0.221181 0.568007
0.480821 0.214395 0.296695
0.58877 0.238121 0.662324
0.465356 0.330614 0.584173
0.560215 0.281726 0.662144
0.305782 0.220229 0.522026
0.517841 0.329703 0.512438
0.315845 0.266836 0.514661
0.648243 0.254018 0.382265
0.312056 0.265867 0.486782
0.652535 0.254344 0.59749
0.660955 0.286645 0.490178
0.378375 0.311408 0.374092
0.301496 0.221474 0.450961
0.418171 0.234883 0.322466
0.461932 0.29008 0.32855
0.48367 0.331609 0.537036
0.525765 0.216142 0.310125
0.429479 0.251249 0.662412
0.558152 0.322636 0.370486
0.563621 0.274077 0.664621
0.54138 0.328841 0.532165
0.601369 0.228256 0.333955
0.669198 0.209107 0.480249
0.50063 0.330539 0.556583
0.475084 0.203091 0.670054
0.383054 0.327122 0.527852
0.49241 0.330935 0.527633
0.505866 0.329657 0.583713
0.354333 0.308693 0.397071
0.373624 0.322126 0.519512
0.395672 0.33375 0.446167
0.637062 0.241559 0.613715
0.558407 0.217166 0.314934
0.33997 0.237176 0.574892
0.317657 0.21396 0.441046
0.480919 0.332054 0.527034
0.32602 0.288023 0.440166
0.411285 0.319908 0.363691
0.415939 0.237238 0.659249
0.522976 0.328037 0.497688
0.523271 0.268084 0.669378
0.338875 0.250853 0.376404
0.364285 0.241476 0.619294
0.485033 0.249007 0.671749
0.482218 0.330517 0.528303
0.330688 0.23068 0.562198
0.426315 0.338278 0.410171
0.377728 0.311578 0.3772
0.574037 0.291713 0.648621
0.670786 0.25755 0.513578
0.351939 0.302124 0.586508
0.500145 0.334335 0.428494
0.669822 0.21358 0.497171
0.587648 0.285779 0.336421
0.317645 0.266976 0.516672
0.458817 0.333134 0.453407
0.669108 0.248554 0.415789
0.669925 0.219224 0.540913
0.468215 0.313261 0.356744
0.309958 0.237334 0.534694
0.491607 0.327664 0.46329
0.458362 0.266941 0.664103
0.486095 0.244831 0.305693
0.533821 0.246887 0.31071
0.597064 0.327407 0.5978
0.429038 0.287917 0.648176
0.603314 0.231448 0.336587
0.503679 0.260094 0.669226
0.454121 0.332879 0.549602
0.634402 0.27491 0.610779
0.674677 0.248099 0.458416
0.427231 0.233873 0.319389
0.576751 0.232291 0.659769
0.332023 0.286323 0.395651
0.525023 0.327263 0.543212
0.380452 0.239174 0.62508
0.34303 0.241208 0.578832
0.484584 0.325729 0.471401
0.314591 0.263488 0.492689
0.487592 0.214914 0.670286
0.619799 0.261243 0.620817
0.333577 0.241439 0.581807
0.639152 0.286241 0.39957
0.353687 0.302446 0.390955
0.327262 0.284485 0.466104
0.435797 0.335998 0.454759
0.38962 0.25862 0.638623
0.337848 0.293414 0.399203
0.641705 0.298051 0.555592
0.651669 0.291868 0.496708
0.315821 0.220155 0.437905
0.50487 0.245949 0.67008
0.439353 0.247947 0.31447
0.665249 0.22933 0.564569
0.351398 0.240064 0.605271
0.325503 0.229098 0.414833
0.408093 0.249098 0.642297
0.621933 0.261643 0.6188
0.348658 0.276392 0.613356
0.558172 0.33485 0.403955
0.299775 0.227744 0.469572
0.443466 0.228441 0.662515
0.663639 0.270168 0.52759
0.507044 0.333801 0.410549
0.407641 0.274028 0.328514
0.470863 0.322255 0.376229
0.56406 0.323595 0.376525
0.550021 0.302994 0.638546
0.515074 0.329944 0.391429
0.510334 0.324831 0.482622
0.473848 0.225734 0.676331
0.671012 0.219005 0.515794
0.526763 0.260925 0.313782
0.59725 0.247212 0.641573
0.31676 0.264929 0.487599
0.32988 0.271424 0.390933
0.648903 0.287854 0.423526
0.451579 0.330913 0.497
0.451499 0.330451 0.555865
0.345426 0.297425 0.396615
0.388354 0.260549 0.634835
0.453628 0.229768 0.668791
0.549734 0.325904 0.525687
0.422843 0.336275 0.455461
0.611777 0.26978 0.350976
0.380785 0.299993 0.362341
0.450967 0.333576 0.40717
0.494966 0.323031 0.469411
0.39925 0.257375 0.643308
0.395904 0.327558 0.575575
0.454341 0.316491 0.364365
0.528023 0.231599 0.312281
0.448025 0.329286 0.390143
0.43981 0.328223 0.59211
0.314634 0.260495 0.446351
0.670487 0.223119 0.474811
0.567887 0.239072 0.666848
0.513919 0.276613 0.662355
0.594331 0.329412 0.550888
0.386011 0.297144 0.355487
0.356318 0.244622 0.605032
0.31016 0.224562 0.458586
0.458072 0.328928 0.479649
0.650533 0.240644 0.3881
0.551814 0.329762 0.39181
0.313498 0.255206 0.506618
0.486775 0.241398 0.670794
0.514093 0.281623 0.659711
0.599463 0.270072 0.640961
0.394623 0.251552 0.635644
0.362935 0.289395 0.367424
0.356494 0.303571 0.541475
0.496305 0.322026 0.496516
0.508706 0.329602 0.434873
0.455735 0.332128 0.409488
0.340536 0.293354 0.401007
0.507352 0.242823 0.667236
0.538862 0.226291 0.320171
0.413365 0.329857 0.581468
0.466621 0.292315 0.647458
0.509298 0.238532 0.312016
0.317043 0.255521 0.518567
0.41578 0.262563 0.652569
0.637918 0.302262 0.477032
0.614448 0.297535 0.381522
0.487799 0.211804 0.66173
0.360862 0.297615 0.602037
0.543248 0.230851 0.664326
0.491156 0.247713 0.312619
0.532165 0.332222 0.409809
0.308939 0.234373 0.460842
0.366615 0.301382 0.379827
0.600871 0.253452 0.632469
0.613402 0.318195 0.478461
0.632489 0.243739 0.369513
0.443814 0.240515 0.319884
0.455661 0.237082 0.315088
0.622139 0.313206 0.477603
0.340969 0.289028 0.531826
0.503193 0.221705 0.660903
0.31276 0.244537 0.517173
0.64616 0.29071 0.515105
0.356688 0.308056 0.405021
0.53755 0.326659 0.561317
0.556651 0.319184 0.613046
0.668693 0.225838 0.519755
0.341592 0.268482 0.595592
0.433442 0.287426 0.334093
0.336477 0.272837 0.580103
0.569003 0.304023 0.352743
0.463132 0.258115 0.662504
0.336343 0.288862 0.405032
0.597218 0.266646 0.635773
0.350854 0.269057 0.369486
0.637018 0.274386 0.596938
0.500214 0.324798 0.390863
0.430385 0.248942 0.653084
0.610888 0.252261 0.612132
0.341844 0.28725 0.537908
0.310618 0.245931 0.476897
0.478757 0.318604 0.474168
0.538367 0.331992 0.423975
0.313391 0.241439 0.452954
0.587121 0.284023 0.643905
0.518801 0.251316 0.663614
0.628211 0.287352 0.602218
0.658847 0.217325 0.476862
0.45054 0.260155 0.659504
0.402611 0.257215 0.623458
0.588013 0.253492 0.637099
0.398754 0.328424 0.476055
0.459785 0.256233 0.662462
0.515751 0.318506 0.375247
0.497729 0.319687 0.496294
0.654701 0.2693 0.569723
0.3583 0.255128 0.597109
0.48836 0.26019 0.663387
0.501916 0.321349 0.53477
0.656969 0.272824 0.511256
0.566333 0.325609 0.504809
0.503221 0.322437 0.545232
0.610653 0.320344 0.410091
0.329729 0.277722 0.46473
0.420274 0.320669 0.377633
0.514791 0.245619 0.317284
0.592487 0.309229 0.372366
0.631634 0.281293 0.597687
0.32186 0.254042 0.420821
0.446076 0.327367 0.492623
0.498941 0.258996 0.661231
0.606484 0.252078 0.352675
0.368924 0.29774 0.378893
0.327164 0.269164 0.408309
0.316707 0.24179 0.456984
0.317217 0.24089 0.45494
0.41381 0.268449 0.64639
0.610707 0.322332 0.428992
0.542192 0.322333 0.464271
0.546814 0.23998 0.660009
0.609575 0.316892 0.481375
0.425495 0.330275 0.500485
0.476988 0.273169 0.657076
0.556768 0.266548 0.327894
0.468721 0.273558 0.327563
0.471106 0.322798 0.5528
0.633593 0.270646 0.39225
0.425213 0.258736 0.332748
0.462737 0.327307 0.43767
0.468055 0.323286 0.558807
0.371064 0.261351 0.595922
0.570202 0.324572 0.529624
0.500021 0.320937 0.547579
0.383822 0.307846 0.379796
0.628324 0.276865 0.602163
0.543869 0.293696 0.641899
0.515049 0.314092 0.370789
0.387417 0.261055 0.618891
0.390809 0.310302 0.607907
0.406866 0.261877 0.627347
0.412861 0.330981 0.414513
0.320136 0.246551 0.464929
0.611874 0.302135 0.391914
0.482836 0.306772 0.624363
0.326275 0.24019 0.43516
0.558694 0.255653 0.330018
0.656944 0.253074 0.550953
0.653302 0.265042 0.419763
0.555494 0.253997 0.329343
0.660713 0.250077 0.475247
0.336666 0.267165 0.554039
0.614478 0.257186 0.361786
0.467591 0.318925 0.492787
0.375843 0.293767 0.370446
0.543664 0.316845 0.490174
0.472366 0.319879 0.531562
0.536713 0.23901 0.652732
0.636762 0.253666 0.390689
0.631314 0.268087 0.595035
0.477818 0.308543 0.621346
0.472535 0.324878 0.416359
0.593215 0.327237 0.45086
0.653448 0.272919 0.446206
0.353385 0.293317 0.520668
0.463372 0.319522 0.592414
0.421601 0.310928 0.3635
0.518019 0.32362 0.436884
0.501403 0.313828 0.491192
0.658116 0.228226 0.486985
0.6578 0.258924 0.483129
0.457489 0.291192 0.342248
0.498082 0.291674 0.343921
0.476751 0.281337 0.650209
0.559985 0.326345 0.396102
0.593405 0.324842 0.461369
0.355887 0.291431 0.523638
0.412228 0.329524 0.448009
0.495742 0.318215 0.561686
0.626007 0.293785 0.407634
0.653097 0.241349 0.544023
0.659568 0.247717 0.439058
0.378343 0.309729 0.523651
0.473862 0.315067 0.507622
0.657823 0.242099 0.477233
0.463624 0.250075 0.65959
0.588797 0.319923 0.516899
0.392266 0.279771 0.35071
0.617185 0.308085 0.574845
0.502298 0.240715 0.325687
0.494453 0.234069 0.660474
0.544778 0.314429 0.516687
0.330285 0.275603 0.422239
0.544374 0.314329 0.509538
0.546141 0.321138 0.554951
0.498327 0.254053 0.656935
0.367541 0.30183 0.482964
0.490506 0.310635 0.483773
0.395732 0.260884 0.610945
0.651899 0.26626 0.483874
0.340408 0.279182 0.399244
0.475083 0.299236 0.358885
0.343042 0.27838 0.520578
0.347374 0.280998 0.559908
0.430947 0.329113 0.450361
0.476564 0.320486 0.400052
0.522182 0.318012 0.564011
0.596337 0.321445 0.464158
0.454159 0.321292 0.470784
0.434504 0.32556 0.49447
0.42995 0.326045 0.499053
0.400802 0.285714 0.626413
0.363726 0.294624 0.503787
0.598303 0.307596 0.387384
0.437521 0.307704 0.367471
0.637884 0.256337 0.408032
0.33353 0.264345 0.483253
0.649224 0.26973 0.44388
0.430357 0.322403 0.544218
0.503393 0.270782 0.647705
0.577985 0.315778 0.3831
0.337973 0.26473 0.501678
0.651258 0.265346 0.440237
0.53424 0.3099 0.532913
0.3783 0.297196 0.601365
0.46338 0.263683 0.330668
0.364856 0.29671 0.474652
0.595112 0.322174 0.455282
0.380575 0.30815 0.542189
0.398337 0.285707 0.352784
0.474339 0.316485 0.567669
0.381223 0.313161 0.409113
0.637592 0.28256 0.531703
0.513134 0.244964 0.329943
0.638243 0.261371 0.407047
0.624206 0.278106 0.594218
0.542396 0.310468 0.476831
0.652659 0.233501 0.496925
0.514073 0.311806 0.540505
0.500273 0.306479 0.372995
0.656468 0.244481 0.450307
0.545846 0.311806 0.487679
0.339892 0.260516 0.522679
0.340264 0.261516 0.520503
0.503526 0.312456 0.45668
0.556747 0.31485 0.510738
0.425023 0.32329 0.57311
0.356975 0.284346 0.585626
0.381737 0.28339 0.601746
0.457788 0.282053 0.638442
0.522891 0.319315 0.414929
0.388969 0.275084 0.359635
0.512541 0.317965 0.42459
0.644443 0.272609 0.44692
0.639318 0.26372 0.415775
0.395403 0.317113 0.473681
0.514981 0.313739 0.565654
0.340014 0.281081 0.434323
0.416886 0.321364 0.573024
0.369279 0.280147 0.590796
0.532649 0.306772 0.37518
0.648207 0.230896 0.508079
0.484531 0.257348 0.332864
0.575404 0.271048 0.636117
0.530891 0.302156 0.4805
0.535454 0.260418 0.334495
0.492717 0.295611 0.361441
0.450826 0.316363 0.495556
0.611207 0.302362 0.404503
0.553017 0.312648 0.47084
0.510515 0.309477 0.54186
0.34182 0.268214 0.410003
0.441037 0.301897 0.363094
0.50667 0.301685 0.479907
0.383763 0.313194 0.414774
0.465136 0.312697 0.391837
0.640683 0.278505 0.468453
0.48152 0.256348 0.652131
0.56204 0.322667 0.448691
0.633983 0.282538 0.530963
0.584906 0.277486 0.35293
0.429172 0.268664 0.639398
0.560516 0.31636 0.538782
0.499138 0.290553 0.353564
0.37758 0.297355 0.486221
0.463938 0.246569 0.652475
0.358934 0.279948 0.504922
0.402406 0.282238 0.356217
0.352801 0.290808 0.416192
0.630045 0.289348 0.453069
0.471605 0.311966 0.566126
0.540694 0.320797 0.415576
0.512219 0.272048 0.636487
0.551741 0.313828 0.391402
0.397907 0.273791 0.60702
0.367556 0.298196 0.408796
0.504411 0.280141 0.634327
0.395611 0.290344 0.366544
0.575441 0.293468 0.620572
0.59005 0.289082 0.366241
0.451178 0.285379 0.348011
0.538503 0.30243 0.517592
0.385684 0.304814 0.555549
0.632133 0.278188 0.499921
0.508364 0.283313 0.631941
0.571484 0.311648 0.510896
0.634692 0.282309 0.457708
0.338109 0.258205 0.451587
0.401144 0.314229 0.5505
0.502782 0.283533 0.632401
0.35303 0.269278 0.535057
0.642958 0.255187 0.518402
0.537898 0.319102 0.408596
0.628288 0.285316 0.54342
0.482197 0.303355 0.515346
0.436356 0.287881 0.6273
0.550572 0.317141 0.449271
0.367738 0.288739 0.525648
0.451813 0.264173 0.644453
0.647363 0.238655 0.531387
0.383845 0.293622 0.389168
0.485813 0.291867 0.477215
0.540154 0.303248 0.60865
0.456962 0.286155 0.627034
0.381597 0.289207 0.587023
0.623406 0.291714 0.455285
0.57318 0.316766 0.554196
0.342878 0.258456 0.453018
0.432154 0.272739 0.348003
0.615082 0.29381 0.515185
0.57449 0.296244 0.613894
0.361317 0.276574 0.516167
0.486114 0.296635 0.503575
0.483768 0.284356 0.358785
0.476035 0.296165 0.378643
0.3424 0.264016 0.46159
0.388285 0.299406 0.530247
0.564259 0.3063 0.494208
0.449522 0.309126 0.507823
0.39613 0.287629 0.369257
0.498083 0.271469 0.634571
0.63851 0.262105 0.465364
0.341948 0.259053 0.460233
0.407004 0.297537 0.603972
0.490629 0.27389 0.34694
0.526188 0.310202 0.581558
0.432928 0.296518 0.614279
0.539862 0.307065 0.546372
0.48369 0.296673 0.465734
0.484882 0.298094 0.513483
0.579192 0.292141 0.61557
0.609933 0.261086 0.592912
0.47257 0.304218 0.531225
0.392734 0.304047 0.488773
0.384228 0.2945 0.586842
0.613854 0.301542 0.459078
0.387253 0.296005 0.555078
0.486394 0.289645 0.494674
0.394965 0.295199 0.387606
0.471329 0.270149 0.635088
0.530456 0.306862 0.590429
0.603685 0.305576 0.459017
0.396848 0.310565 0.434244
0.487618 0.290917 0.37555
0.408339 0.31335 0.405161
0.485981 0.289237 0.492491
0.523507 0.27751 0.350357
0.407444 0.260108 0.605511
0.452873 0.314049 0.421877
0.527886 0.292287 0.528551
0.550644 0.261915 0.631041
0.351582 0.267099 0.478799
0.609294 0.301874 0.453338
0.532567 0.276921 0.349395
0.627742 0.264009 0.419125
0.53692 0.295945 0.372678
0.424727 0.30977 0.512202
0.637583 0.23966 0.499199
0.467905 0.234781 0.647049
0.424023 0.274621 0.355399
0.484177 0.298198 0.534513
0.531156 0.301222 0.387375
0.373251 0.291519 0.455071
0.416601 0.292932 0.36477
0.407493 0.317068 0.418173
0.627674 0.270536 0.472648
0.50492 0.300649 0.392582
0.470446 0.305164 0.402716
0.421855 0.289388 0.613409
0.356791 0.270628 0.414847
0.549872 0.300563 0.378033
0.448716 0.291254 0.616168
0.394761 0.294861 0.534279
0.634825 0.242274 0.464774
0.631324 0.250839 0.509112
0.498981 0.289878 0.609763
0.550251 0.29346 0.498272
0.56921 0.306491 0.460707
0.4436 0.308934 0.452751
0.521397 0.28057 0.485467
0.397843 0.257472 0.591226
0.383186 0.284398 0.394744
0.592589 0.308156 0.555227
0.521195 0.28334 0.505695
0.544424 0.303556 0.449627
0.479994 0.294595 0.536106
0.484398 0.280012 0.479979
0.388929 0.298283 0.408661
0.625195 0.270991 0.539874
0.407721 0.301447 0.509037
0.562065 0.310455 0.403927
0.464789 0.291274 0.473604
0.617307 0.282707 0.561928
0.388556 0.277881 0.383251
0.427324 0.305525 0.391202
0.433496 0.307933 0.479648
0.613459 0.260864 0.58143
0.416225 0.308235 0.494894
0.516648 0.284405 0.465991
0.526175 0.282654 0.500808
0.612798 0.290134 0.425619
0.393003 0.291517 0.512426
0.610772 0.274375 0.406518
0.538787 0.28758 0.487051
0.47405 0.275402 0.627031
0.477347 0.302727 0.409881
0.558171 0.303966 0.459907
0.406427 0.303812 0.559343
0.389036 0.294741 0.442487
0.62912 0.231609 0.479519
0.476405 0.265045 0.628674
0.509204 0.28445 0.605443
0.429462 0.304319 0.481228
0.545526 0.294164 0.460057
0.544448 0.281575 0.610308
0.358799 0.268205 0.453055
0.368279 0.275623 0.417599
0.538968 0.270301 0.359407
0.524957 0.257658 0.622412
0.520171 0.268281 0.615355
0.50782 0.259296 0.358861
0.509974 0.295338 0.403599
0.584593 0.307012 0.454954
0.394246 0.298714 0.439889
0.521152 0.286278 0.452874
0.391772 0.287236 0.399161
0.484458 0.296949 0.573021
0.615298 0.264992 0.487003
0.533617 0.279039 0.484678
0.388462 0.296371 0.431616
0.511741 0.289261 0.600158
0.436803 0.29842 0.514163
0.626075 0.245875 0.494571
0.43257 0.282513 0.611392
0.480631 0.276318 0.619308
0.416896 0.276523 0.603921
0.534117 0.27576 0.360834
0.51518 0.276488 0.468575
0.534847 0.284191 0.467015
0.381372 0.280556 0.539816
0.419319 0.300999 0.390576
0.451833 0.289257 0.606526
0.460256 0.292102 0.521825
0.537616 0.295942 0.448616
0.414502 0.282166 0.590155
0.626119 0.231223 0.492949
0.598511 0.295683 0.433702
0.518325 0.278271 0.601195
0.578439 0.289727 0.477104
0.53096 0.280008 0.460174
0.40565 0.292161 0.478917
0.492699 0.278571 0.382355
0.362844 0.264624 0.461284
0.464754 0.265068 0.62301
0.491423 0.284065 0.39347
0.535795 0.29572 0.432826
0.497275 0.288751 0.55772
0.550273 0.295812 0.549804
0.401053 0.286447 0.399164
0.403617 0.293852 0.46386
0.454149 0.256073 0.627233
0.382555 0.277206 0.530573
0.392957 0.287969 0.457727
0.485274 0.268073 0.488504
0.467645 0.287667 0.393798
0.410031 0.295867 0.474561
0.614232 0.257718 0.491788
0.430538 0.29968 0.552439
0.585599 0.285714 0.391015
0.424409 0.306439 0.450494
0.43266 0.305009 0.445596
0.540496 0.286146 0.459739
0.494296 0.255919 0.624135
0.367975 0.271482 0.432414
0.474229 0.284521 0.53294
0.495089 0.232793 0.633532
0.360647 0.259308 0.478858
0.405615 0.291259 0.491642
0.588285 0.279803 0.588045
0.414241 0.289408 0.584193
0.400971 0.282445 0.489231
0.62432 0.230309 0.506653
0.460335 0.27808 0.496536
0.527235 0.273291 0.600144
0.457012 0.287507 0.453774
0.518391 0.266071 0.463427
0.514107 0.224426 0.619602
0.593064 0.263033 0.584776
0.367985 0.260686 0.490374
0.608068 0.269364 0.560822
0.453394 0.288767 0.455168
0.553036 0.280332 0.520038
0.476516 0.26145 0.481331
0.600878 0.284103 0.449208
0.496874 0.228517 0.629194
0.409756 0.288186 0.484055
0.624003 0.235471 0.515093
0.369006 0.261785 0.448176
0.563866 0.274393 0.59881
0.623282 0.230132 0.498405
0.402927 0.280084 0.568614
0.430639 0.289823 0.515855
0.429596 0.289635 0.392281
0.433684 0.284183 0.594904
0.598412 0.281912 0.52439
0.44372 0.293203 0.552692
0.40097 0.281647 0.554216
0.433501 0.294697 0.554629
0.450801 0.293528 0.566375
0.497026 0.224444 0.628907
0.407696 0.262304 0.588411
0.603725 0.281729 0.438039
0.602676 0.277776 0.541632
0.375922 0.26619 0.430857
0.494899 0.285843 0.41093
0.523727 0.259533 0.474686
0.411418 0.277421 0.402616
0.622129 0.231181 0.520475
0.559667 0.290367 0.58039
0.535952 0.269105 0.597022
0.599439 0.276438 0.453331
0.50772 0.25518 0.46865
0.368095 0.25171 0.499402
0.47868 0.281138 0.567023
0.383127 0.264534 0.531606
0.513606 0.270984 0.545179
0.405297 0.278619 0.495722
0.542693 0.249617 0.608894
0.450358 0.284192 0.401738
0.38407 0.257505 0.548591
0.582236 0.289896 0.566264
0.415265 0.284009 0.504864
0.526299 0.280717 0.425236
0.611813 0.253252 0.554407
0.501799 0.256019 0.500029
0.501101 0.256929 0.503077
0.588946 0.275159 0.498008
0.449406 0.289079 0.570767
0.508582 0.279622 0.577483
0.434118 0.262873 0.375312
0.563014 0.296504 0.432796
0.442874 0.285184 0.400177
0.614777 0.25762 0.444257
0.560364 0.293106 0.413621
0.380029 0.26484 0.515986
0.609206 0.259221 0.551316
0.573944 0.299579 0.430629
0.454798 0.27364 0.483961
0.534742 0.231036 0.614427
0.590674 0.281658 0.563979
0.37755 0.261889 0.485768
0.418384 0.249935 0.599983
0.411637 0.27604 0.539753
0.612972 0.240056 0.535248
0.436796 0.283135 0.407442
0.544474 0.264118 0.59355
0.478141 0.276111 0.418664
0.497471 0.24288 0.4738
0.485999 0.26259 0.395977
0.59358 0.260598 0.508329
0.401241 0.257133 0.574141
0.41662 0.277568 0.512166
0.614217 0.237616 0.538703
0.571434 0.279417 0.464159
0.435179 0.277424 0.584844
0.412454 0.281147 0.453991
0.425619 0.280509 0.526966
0.420167 0.280307 0.527936
0.46182 0.265424 0.600968
0.611289 0.24015 0.469501
0.427341 0.278499 0.400244
0.374411 0.251771 0.502732
0.504876 0.271775 0.417636
0.459724 0.239445 0.619233
0.597865 0.250998 0.485965
0.418302 0.285276 0.415974
0.538732 0.278793 0.570481
0.451516 0.270655 0.504665
0.577091 0.279616 0.535365
0.457194 0.267773 0.506309
0.592421 0.259352 0.494165
0.48195 0.253623 0.511838
0.498826 0.244271 0.489616
0.547856 0.273911 0.541689
0.504445 0.263775 0.446041
0.556116 0.26441 0.488485
0.533109 0.274536 0.561694
0.517981 0.248018 0.500719
0.403409 0.26329 0.469175
0.391982 0.257958 0.435069
0.594902 0.247377 0.47794
0.602227 0.245276 0.538587
0.48377 0.259269 0.596081
0.495366 0.233992 0.47517
0.568993 0.278422 0.409336
0.423378 0.273097 0.519017
0.533563 0.218371 0.610696
0.456973 0.247949 0.377544
0.53883 0.259032 0.533814
0.540945 0.268278 0.55281
0.38727 0.254157 0.497177
0.491118 0.251417 0.455158
0.561707 0.266659 0.582932
0.471702 0.225109 0.620614
0.407172 0.264308 0.480171
0.620087 0.219924 0.45026
0.463656 0.232691 0.61702
0.46011 0.264567 0.400836
0.494243 0.26543 0.429162
0.497145 0.261897 0.552592
0.372149 0.235115 0.487948
0.471653 0.268874 0.560865
0.610594 0.249291 0.428176
0.4727 0.242252 0.485033
0.396633 0.2456 0.570276
0.380289 0.248987 0.518381
0.528999 0.251744 0.528724
0.61212 0.222039 0.485786
0.59069 0.262216 0.55514
0.484415 0.268035 0.569162
0.433351 0.271483 0.517861
0.580999 0.273744 0.462823
0.499891 0.250587 0.528206
0.476758 0.265645 0.414584
0.425859 0.231043 0.602155
0.38644 0.244332 0.45342
0.466732 0.260363 0.549462
0.607876 0.227908 0.541917
0.603828 0.234314 0.545361
0.485371 0.223826 0.479684
0.439388 0.265947 0.533398
0.526664 0.232841 0.483245
0.540038 0.265498 0.422059
0.579191 0.243556 0.582394
0.49837 0.240029 0.597758
0.548362 0.261994 0.401684
0.616142 0.224296 0.445683
0.520356 0.249684 0.586431
0.423141 0.267959 0.546702
0.471518 0.237719 0.38561
0.571812 0.264102 0.399316
0.599221 0.239773 0.559187
0.378783 0.229615 0.501211
0.582259 0.268643 0.420604
0.439306 0.252234 0.594843
0.502513 0.231974 0.601686
0.46789 0.254524 0.406424
0.467354 0.242685 0.602306
0.590887 0.249568 0.543351
0.477687 0.24363 0.600811
0.594304 0.24719 0.465592
0.507152 0.236921 0.383392
0.481988 0.231654 0.49836
0.47742 0.258547 0.433877
0.516326 0.243298 0.389181
0.561852 0.226524 0.600945
0.403458 0.238144 0.577625
0.531423 0.226019 0.60409
0.411625 0.239545 0.585222
0.589152 0.250428 0.538829
0.409133 0.249393 0.509708
0.382523 0.228358 0.46721
0.560277 0.247145 0.389965
0.389117 0.233879 0.547183
0.498989 0.243047 0.545416
0.474922 0.222335 0.482801
0.535164 0.253076 0.432085
0.400669 0.247203 0.453307
0.538704 0.237294 0.46858
0.499929 0.243803 0.585766
0.465132 0.237143 0.392355
0.56484 0.244312 0.486999
0.575653 0.227988 0.590887
0.564426 0.248314 0.47206
0.501293 0.230337 0.516854
0.472476 0.245731 0.413853
0.499453 0.2442 0.548146
0.601714 0.222547 0.472973
0.540526 0.25297 0.410479
0.474963 0.24943 0.421817
0.601131 0.218805 0.514087
0.506969 0.236245 0.393637
0.534055 0.253242 0.563771
0.462439 0.23006 0.383546
0.584381 0.24996 0.463451
0.477592 0.24417 0.4447
0.541194 0.255917 0.565546
0.398627 0.238778 0.483302
0.425834 0.257099 0.468401
0.574729 0.242762 0.393071
0.460043 0.24409 0.463312
0.438822 0.262736 0.442217
0.590441 0.254749 0.429969
0.507178 0.232254 0.52204
0.535855 0.254641 0.426778
0.469262 0.24596 0.449865
0.423395 0.234974 0.58413
0.434754 0.252451 0.449625
0.389153 0.223132 0.495554
0.477266 0.211526 0.477624
0.501198 0.205903 0.604799
0.470724 0.217877 0.483554
0.47066 0.239867 0.44117
0.5735 0.240808 0.472726
0.611548 0.205457 0.521101
0.550665 0.240941 0.537909
0.543513 0.217444 0.597788
0.520563 0.226374 0.452298
0.535053 0.235047 0.453537
0.471811 0.218354 0.473988
0.547721 0.241386 0.396932
0.551502 0.243284 0.543042
0.43793 0.250475 0.576907
0.400557 0.239334 0.442896
0.596361 0.225022 0.557402
0.607478 0.218072 0.451247
0.576068 0.238438 0.525985
0.605955 0.208649 0.515392
0.60235 0.218083 0.563972
0.536204 0.244367 0.419672
0.469334 0.229164 0.39903
0.51211 0.225988 0.386761
0.435345 0.2515 0.419285
0.515235 0.223518 0.518349
0.560338 0.241357 0.531967
0.594971 0.226079 0.549609
0.421286 0.210459 0.602609
0.531764 0.229753 0.459497
0.45426 0.246976 0.580049
0.536361 0.237329 0.450706
0.46454 0.211902 0.607944
0.617509 0.19593 0.512604
0.421444 0.237 0.570367
0.555381 0.235452 0.402376
0.566872 0.216773 0.592215
0.505682 0.214738 0.458131
0.510713 0.22463 0.544187
0.458117 0.21899 0.485396
0.492555 0.216521 0.454808
0.59493 0.215859 0.542258
0.568757 0.233185 0.469587
0.478446 0.215409 0.458015
0.594178 0.211948 0.520647
0.415268 0.224117 0.578723
0.382758 0.203958 0.470412
0.420387 0.227291 0.478565
0.475989 0.213151 0.506724
0.581122 0.221364 0.48753
0.457566 0.234187 0.446392
0.510948 0.227983 0.554803
0.538465 0.234335 0.569812
0.525053 0.216855 0.51656
0.500701 0.21764 0.586767
0.407133 0.231429 0.427429
0.576606 0.21547 0.390037
0.555723 0.226002 0.516508
0.603032 0.206744 0.464435
0.414064 0.223971 0.47648
0.535124 0.235675 0.425407
0.60331 0.2012 0.396053
0.486066 0.218518 0.526772
0.427404 0.200732 0.608818
0.504562 0.205142 0.597474
0.599076 0.208217 0.518363
0.487039 0.23347 0.573128
0.393565 0.215081 0.472203
0.465768 0.232575 0.423125
0.590291 0.212621 0.486488
0.413239 0.212675 0.483211
0.557954 0.232928 0.42091
0.453642 0.225185 0.447256
0.515698 0.206032 0.460629
0.407357 0.220936 0.522026
0.444613 0.217117 0.486927
0.586722 0.212646 0.572987
0.471681 0.208351 0.509156
0.566637 0.218199 0.50566
0.387671 0.21237 0.437686
0.548135 0.225492 0.568025
0.418668 0.229324 0.442518
0.590265 0.211784 0.403728
0.460273 0.197968 0.606645
0.556265 0.220151 0.470203
0.580451 0.212268 0.506794
0.608447 0.197081 0.582662
0.5016 0.210981 0.448443
0.474845 0.194784 0.478585
0.4198 0.226752 0.518507
0.439126 0.224983 0.502791
0.408968 0.216426 0.46359
0.43089 0.232081 0.52972
0.548 0.2248 0.551342
0.57788 0.209758 0.587139
0.425996 0.231844 0.567388
0.498123 0.213149 0.536143
0.503573 0.197741 0.484293
0.436695 0.221174 0.488929
0.522294 0.220642 0.569149
0.443565 0.233482 0.429373
0.462422 0.2171 0.585198
0.452297 0.216136 0.394835
0.591709 0.20121 0.3915
0.60304 0.194294 0.488147
0.467309 0.199294 0.379993
0.414073 0.203735 0.47099
0.452603 0.188204 0.610937
0.399666 0.207296 0.540132
0.549306 0.216838 0.44589
0.417334 0.205379 0.470414
0.4303 0.210985 0.489551
0.385543 0.184903 0.59107
0.497739 0.194082 0.593728
0.52237 0.20381 0.448792
0.538476 0.211332 0.571831
0.600584 0.190435 0.495357
0.528278 0.210696 0.569661
0.448096 0.213574 0.411369
0.415788 0.187525 0.609485
0.477149 0.202321 0.583359
0.605318 0.193205 0.452266
0.399832 0.204999 0.459289
0.387241 0.195291 0.562236
0.415579 0.200703 0.478672
0.572841 0.202204 0.589782
0.59995 0.199368 0.550849
0.444191 0.208054 0.588956
0.41174 0.210446 0.569986
0.569077 0.223373 0.427043
0.485252 0.206647 0.425618
0.54982 0.219151 0.421933
0.61173 0.190874 0.543214
0.596589 0.198184 0.581728
0.598741 0.188582 0.479477
0.574139 0.203686 0.390934
0.532028 0.211123 0.408902
0.517494 0.207459 0.407169
0.484261 0.191678 0.378905
0.462214 0.20661 0.402947
0.602703 0.196198 0.53519
0.443091 0.209082 0.58797
0.414172 0.180494 0.613811
0.452952 0.193193 0.38806
0.501041 0.188373 0.378396
0.561597 0.207676 0.450503
0.543086 0.200995 0.453012
0.41833 0.197539 0.494062
0.48568 0.183018 0.492258
0.608267 0.18758 0.547533
0.523303 0.188839 0.495221
0.453965 0.207502 0.549938
0.55696 0.201328 0.538264
0.540421 0.204581 0.417174
0.423962 0.205559 0.574453
0.448592 0.198608 0.498632
0.559705 0.201771 0.538359
0.610469 0.177132 0.472566
0.558197 0.18926 0.601818
0.612285 0.178663 0.463871
0.572895 0.191457 0.384797
0.468469 0.181083 0.610396
0.533964 0.190904 0.480718
0.452569 0.195947 0.393492
0.482147 0.183276 0.494865
0.567017 0.206271 0.457725
0.470772 0.202455 0.56293
0.555267 0.197393 0.513543
0.571686 0.209494 0.424499
0.492217 0.191942 0.448325
0.545123 0.203839 0.445767
0.455135 0.205043 0.574918
0.467581 0.183546 0.475017
0.622873 0.169765 0.467656
0.448181 0.202772 0.451886
0.429226 0.212612 0.553202
0.503577 0.177906 0.613014
0.551642 0.197389 0.483063
0.412884 0.192298 0.529515
0.470909 0.180403 0.501675
0.417337 0.196587 0.442206
0.608759 0.179889 0.406043
0.546949 0.180576 0.604136
0.414501 0.187094 0.495576
0.571343 0.189888 0.49233
0.453418 0.196884 0.565665
0.43777 0.198221 0.522593
0.47851 0.186707 0.414964
0.484428 0.184143 0.530047
0.521233 0.184186 0.51973
0.391027 0.180121 0.498796
0.517881 0.181725 0.503484
0.467015 0.177635 0.607546
0.412668 0.192846 0.539044
0.523922 0.182426 0.502838
0.385798 0.18736 0.446133
0.61149 0.179804 0.580368
0.534391 0.184266 0.498185
0.523618 0.180791 0.489245
0.492594 0.186458 0.579158
0.516815 0.181413 0.501951
0.613492 0.178635 0.59275
0.531287 0.19173 0.409011
0.580966 0.18583 0.489635
0.38936 0.183466 0.462221
0.42754 0.190474 0.464993
0.494861 0.175812 0.482515
0.581901 0.188512 0.541038
0.562575 0.193572 0.548343
0.549518 0.187665 0.47839
0.619958 0.174848 0.527603
0.441732 0.196127 0.517694
0.463947 0.188835 0.580703
0.505799 0.188182 0.393433
0.409644 0.18607 0.437029
0.468614 0.176668 0.521462
0.527883 0.176647 0.518473
0.625698 0.166532 0.404115
0.43584 0.181221 0.590873
0.398702 0.175794 0.499833
0.431751 0.176596 0.381584
0.562522 0.18036 0.52053
0.438157 0.187947 0.571717
0.379799 0.170938 0.384898
0.444706 0.183844 0.57987
0.534032 0.171596 0.61119
0.615754 0.173638 0.428671
0.555792 0.18151 0.385474
0.553781 0.184021 0.565052
0.412951 0.184568 0.565802
0.446792 0.182914 0.411649
0.625699 0.167659 0.582539
0.534999 0.175796 0.482131
0.421789 0.181608 0.504433
0.457096 0.181166 0.410586
0.501733 0.16995 0.369723
0.599012 0.178043 0.41739
0.610642 0.170035 0.381714
0.517541 0.180177 0.552512
0.585025 0.177046 0.59092
0.598189 0.177073 0.573692
0.5584 0.184341 0.563147
0.442468 0.183791 0.447855
0.449254 0.177195 0.493402
0.493206 0.162736 0.627908
0.406743 0.181226 0.538358
0.573996 0.176652 0.598082
0.406593 0.185988 0.43491
0.609458 0.173944 0.404579
0.380035 0.171309 0.53247
0.406188 0.171035 0.51754
0.612004 0.166309 0.453404
0.614214 0.167744 0.550796
0.392713 0.16717 0.377544
0.562804 0.173676 0.545065
0.393097 0.168408 0.500842
0.605233 0.167636 0.509268
0.480677 0.17022 0.39987
0.3846 0.169684 0.462117
0.391973 0.172207 0.567751
0.531684 0.171137 0.444699
0.394237 0.172942 0.409957
0.473213 0.166871 0.513359
0.468668 0.167576 0.511835
0.373916 0.164424 0.471352
0.42963 0.169895 0.47762
0.553991 0.167097 0.612819
0.506737 0.172492 0.574428
0.553284 0.170976 0.589478
0.454774 0.173799 0.578339
0.447583 0.174494 0.540478
0.529075 0.1685 0.467379
0.492378 0.170323 0.546088
0.375932 0.16828 0.453107
0.424345 0.170185 0.473061
0.471264 0.170515 0.584024
0.50522 0.16607 0.470208
0.526547 0.172358 0.578025
0.411271 0.170789 0.465858
0.38478 0.166719 0.608877
0.416573 0.174519 0.537855
0.626242 0.163392 0.549755
0.409031 0.171407 0.515306
0.539812 0.171812 0.540712
0.461609 0.168955 0.380642
0.480314 0.162081 0.624448
0.401795 0.163077 0.510508
0.418295 0.166944 0.561917
0.586777 0.162398 0.476049
0.543053 0.162735 0.49962
0.572432 0.164655 0.513903
0.380563 0.161138 0.503739
0.625058 0.159829 0.518663
0.498169 0.162391 0.443588
0.630602 0.158549 0.563246
0.47617 0.162841 0.38212
0.556845 0.165698 0.399678
0.592935 0.161847 0.481888
0.384604 0.161619 0.520602
0.441064 0.16454 0.517166
0.595337 0.163422 0.398206
0.575429 0.165984 0.442382
0.434209 0.16646 0.537499
0.575399 0.164426 0.510771
0.385465 0.163606 0.46076
0.408842 0.162602 0.487168
0.40563 0.166279 0.570069
0.414057 0.165756 0.54269
0.616859 0.162273 0.571888
0.517266 0.162046 0.371345
0.637061 0.155517 0.508972
0.546291 0.162953 0.499248
0.431359 0.162347 0.613333
0.583498 0.160981 0.369532
0.498534 0.162543 0.592811
0.548937 0.163268 0.507839
0.466732 0.16242 0.531951
0.393287 0.164071 0.58702
0.427871 0.165197 0.509818
0.595838 0.163958 0.417513
0.596798 0.163443 0.543947
0.601274 0.161666 0.609843
0.396381 0.157504 0.400456
0.412199 0.1574 0.587643
0.438334 0.157791 0.56617
0.558187 0.156543 0.50469
0.445439 0.155772 0.497282
0.360658 0.153347 0.508875
0.466667 0.156737 0.392029
0.626382 0.154745 0.390028
0.637201 0.153811 0.619871
0.363433 0.152811 0.63651
0.512936 0.155649 0.449954
0.609559 0.156325 0.582937
0.63693 0.153327 0.439729
0.481767 0.156475 0.384026
0.416215 0.154114 0.634313
0.581572 0.156656 0.466631
0.62421 0.155177 0.435187
0.564994 0.157487 0.385615
0.578255 0.154836 0.628855
0.55698 0.156445 0.495641
0.605176 0.155449 0.484127
0.420293 0.156996 0.596014
0.429247 0.155738 0.476739
0.514467 0.156586 0.408409
0.624243 0.154981 0.388048
0.553367 0.155598 0.61684
0.383497 0.156414 0.465178
0.456451 0.154687 0.479487
0.439141 0.15762 0.557595
0.397546 0.157229 0.450005
0.382197 0.156053 0.612415
0.503985 0.156778 0.376922
0.37463 0.156595 0.592219
0.562878 0.15634 0.598433
0.483941 0.154073 0.630072
0.457328 0.154903 0.487509
0.391191 0.15 0.592009
0.434487 0.15 0.433444
0.623769 0.15 0.641879
0.618432 0.15 0.451819
0.445364 0.15 0.384983
0.35109 0.15 0.51057
0.570548 0.15 0.39011
0.438827 0.15 0.402736
0.534008 0.15 0.361719
0.392537 0.15 0.472501
0.422466 0.15 0.431768
0.589985 0.15 0.41581
0.610347 0.15 0.64024
0.571491 0.15 0.380818
0.595955 0.15 0.414025
0.640899 0.15 0.552448
0.585179 0.15 0.603407
0.593648 0.15 0.355585
0.619494 0.15 0.585444
0.643976 0.15 0.361188
0.595195 0.15 0.493852
0.472904 0.15 0.52965
0.470716 0.15 0.484559
0.569074 0.15 0.575877
0.408879 0.15 0.496379
0.584181 0.15 0.590434
0.451032 0.15 0.516164
0.374958 0.15 0.501103
0.36984 0.15 0.607884
0.553574 0.15 0.409227
0.497734 0.15 0.414876
0.418255 0.15 0.385295
0.577699 0.15 0.39478
0.586131 0.15 0.558005
0.433572 0.15 0.596385
0.39998 0.15 0.381294
