2232 0.012625
0.388915 0.296008 0.392264
0.442035 0.237689 0.338401
0.466188 0.192692 0.32651
0.49478 0.185204 0.32831
0.51871 0.194453 0.338913
0.545841 0.242122 0.350575
0.346096 0.239292 0.437755
0.352895 0.277366 0.353043
0.432335 0.283637 0.292015
0.499937 0.26748 0.27851
0.574932 0.286321 0.310301
0.624996 0.261113 0.371052
0.339296 0.217526 0.468771
0.290153 0.273302 0.428728
0.413186 0.419079 0.406062
0.502867 0.418311 0.398132
0.612864 0.410037 0.418159
0.696949 0.245658 0.434012
0.33393 0.200198 0.489619
0.28392 0.268049 0.507653
0.41591 0.424445 0.503309
0.509629 0.422306 0.500723
0.618861 0.406097 0.504447
0.70978 0.230729 0.505473
0.342715 0.212302 0.51763
0.319449 0.26744 0.580431
0.414634 0.392532 0.627558
0.498984 0.398679 0.628554
0.603538 0.391973 0.608991
0.683722 0.229671 0.56219
0.359621 0.275253 0.558471
0.381842 0.242335 0.609551
0.43546 0.235883 0.675205
0.49838 0.233135 0.702218
0.561333 0.252148 0.69221
0.628312 0.255278 0.61775
0.371687 0.255486 0.37402
0.36245 0.269115 0.560461
0.28449 0.238564 0.510818
0.606421 0.410834 0.495522
0.436773 0.328794 0.686586
0.530558 0.186936 0.327079
0.360291 0.234551 0.565816
0.373054 0.278764 0.571293
0.658703 0.21258 0.483985
0.47208 0.170084 0.307268
0.605175 0.274006 0.602936
0.640175 0.258084 0.624483
0.510445 0.296082 0.711263
0.500525 0.421473 0.543085
0.63447 0.401509 0.464671
0.659174 0.217768 0.470768
0.324645 0.197295 0.532859
0.411231 0.280436 0.370776
0.529875 0.218849 0.686977
0.375694 0.238326 0.595982
0.358388 0.249423 0.628076
0.397869 0.384613 0.630194
0.335052 0.203633 0.537541
0.530702 0.38566 0.647047
0.408422 0.26967 0.619226
0.658334 0.196786 0.554807
0.540769 0.414506 0.556734
0.434329 0.249875 0.685243
0.647807 0.232168 0.584655
0.451746 0.425022 0.501821
0.481882 0.193945 0.677822
0.6583 0.214934 0.569239
0.591198 0.415768 0.473422
0.639169 0.230248 0.563874
0.512454 0.225358 0.694955
0.340313 0.223801 0.433182
0.353949 0.231689 0.572318
0.301825 0.231926 0.428739
0.647135 0.282005 0.628792
0.68823 0.242137 0.423942
0.446824 0.422572 0.413713
0.530122 0.186228 0.324256
0.470392 0.232764 0.702744
0.470536 0.190657 0.664961
0.577733 0.414404 0.533096
0.523274 0.421288 0.499339
0.534002 0.207854 0.653784
0.632078 0.313754 0.341998
0.472657 0.422779 0.464498
0.711261 0.258831 0.53773
0.370233 0.382919 0.610027
0.318061 0.276911 0.575602
0.666961 0.210919 0.413059
0.411842 0.254737 0.624052
0.657389 0.305323 0.621016
0.466449 0.423028 0.4352
0.370241 0.240773 0.601904
0.510669 0.421756 0.465499
0.337093 0.263426 0.6192
0.657125 0.315327 0.36634
0.44588 0.418459 0.395926
0.33644 0.19875 0.511961
0.658817 0.256877 0.611032
0.3817 0.259997 0.581318
0.525913 0.216619 0.656167
0.679627 0.2013 0.465032
0.656124 0.256262 0.390681
0.53235 0.281004 0.712276
0.423378 0.288041 0.682661
0.332894 0.200258 0.533768
0.441316 0.306863 0.694215
0.63326 0.254844 0.611832
0.293601 0.19265 0.457717
0.288566 0.202151 0.456199
0.429175 0.222828 0.323474
0.691499 0.213107 0.441839
0.680317 0.198801 0.438727
0.525219 0.18805 0.310711
0.700052 0.226427 0.449646
0.662616 0.233697 0.58469
0.559911 0.32795 0.683778
0.279372 0.232063 0.456917
0.510225 0.24367 0.279887
0.701227 0.282131 0.544393
0.431874 0.263475 0.291386
0.62718 0.228416 0.389327
0.595073 0.413297 0.5038
0.347401 0.243702 0.618773
0.524793 0.241536 0.705348
0.285989 0.206712 0.496437
0.472202 0.414631 0.378992
0.667573 0.208991 0.478764
0.69827 0.206971 0.497512
0.530091 0.413379 0.574757
0.516859 0.420789 0.435496
0.692199 0.340856 0.461517
0.443515 0.215535 0.655118
0.389358 0.28381 0.390191
0.581035 0.340418 0.315285
0.569696 0.394222 0.354102
0.481851 0.226376 0.699481
0.451909 0.265855 0.28176
0.535189 0.42001 0.501266
0.606853 0.253265 0.386955
0.430306 0.231757 0.33892
0.687361 0.202987 0.449552
0.599692 0.250616 0.380707
0.409299 0.423047 0.441041
0.409093 0.281712 0.624467
0.284084 0.199246 0.484665
0.640391 0.398024 0.454614
0.67591 0.201028 0.456365
0.48517 0.331809 0.286042
0.516764 0.194078 0.299666
0.437035 0.228147 0.646216
0.373797 0.406608 0.548031
0.523681 0.198376 0.669108
0.678075 0.315949 0.392433
0.431567 0.420599 0.405936
0.558519 0.218339 0.646797
0.398164 0.244764 0.639812
0.312446 0.219447 0.541536
0.659293 0.218827 0.466045
0.388072 0.24501 0.621437
0.318225 0.373364 0.496469
0.398648 0.27321 0.379059
0.398545 0.251642 0.611512
0.504785 0.421978 0.470787
0.547503 0.288332 0.291298
0.532534 0.280868 0.711924
0.561331 0.233622 0.353363
0.670479 0.368229 0.52662
0.319708 0.375302 0.491879
0.331033 0.190413 0.479387
0.492154 0.383764 0.653951
0.321942 0.257394 0.591258
0.333268 0.328168 0.615604
0.563525 0.233267 0.644293
0.371773 0.275952 0.648979
0.452712 0.396485 0.344459
0.659872 0.217308 0.462859
0.542213 0.237057 0.645216
0.532653 0.411106 0.37846
0.559007 0.222133 0.646315
0.300444 0.2345 0.538036
0.291229 0.221944 0.51442
0.326379 0.244073 0.595526
0.66263 0.214686 0.466773
0.344861 0.237126 0.432335
0.504026 0.19794 0.293528
0.692936 0.340124 0.489935
0.6996 0.321599 0.455979
0.540942 0.233681 0.299081
0.445628 0.299365 0.288132
0.29063 0.296068 0.519673
0.683817 0.248323 0.417441
0.294794 0.253003 0.537377
0.383049 0.288725 0.323926
0.4389 0.302981 0.290726
0.420927 0.248925 0.632007
0.634347 0.228521 0.397765
0.329021 0.192 0.511158
0.712433 0.241587 0.505635
0.327418 0.189599 0.485389
0.43277 0.235722 0.668188
0.51918 0.213661 0.661829
0.324405 0.267632 0.59546
0.618917 0.371082 0.624621
0.431067 0.222095 0.328125
0.368576 0.264045 0.568405
0.432685 0.269012 0.291373
0.549878 0.22466 0.31861
0.320686 0.184673 0.503375
0.392846 0.309138 0.670968
0.608993 0.244811 0.385182
0.712875 0.244467 0.518837
0.69786 0.2364 0.549568
0.585449 0.404185 0.583495
0.304109 0.269949 0.552774
0.361988 0.406756 0.502403
0.325024 0.245876 0.39513
0.305348 0.232515 0.542727
0.517304 0.185039 0.317715
0.331508 0.197253 0.470129
0.515632 0.215565 0.290055
0.488529 0.203058 0.287919
0.434864 0.238177 0.339053
0.337066 0.302119 0.356992
0.571766 0.401674 0.368816
0.625391 0.242727 0.398715
0.343575 0.222137 0.536313
0.68214 0.205524 0.545288
0.331582 0.201683 0.453569
0.450509 0.372595 0.662302
0.532656 0.194535 0.333249
0.436393 0.217314 0.328363
0.553451 0.311709 0.693056
0.646891 0.219726 0.415175
0.501181 0.204457 0.290435
0.542906 0.418474 0.503735
0.316861 0.184008 0.501161
0.568592 0.272653 0.30948
0.503935 0.420183 0.412288
0.563251 0.252301 0.689815
0.309656 0.261669 0.563515
0.321143 0.205928 0.436266
0.307322 0.286932 0.558369
0.301142 0.346549 0.501715
0.712438 0.243856 0.468086
0.705327 0.286766 0.527793
0.624448 0.403736 0.412449
0.362715 0.254968 0.634276
0.533363 0.205617 0.675245
0.501478 0.399484 0.345632
0.562768 0.219082 0.668524
0.551979 0.21057 0.339003
0.377142 0.244396 0.588019
0.420296 0.241596 0.333156
0.338335 0.347482 0.371509
0.35408 0.307087 0.33942
0.52822 0.356993 0.675293
0.485708 0.20526 0.286962
0.498007 0.180686 0.311881
0.524196 0.389937 0.330351
0.314488 0.364258 0.462657
0.290987 0.213516 0.50799
0.652407 0.357221 0.591099
0.563114 0.226582 0.341662
0.598155 0.25133 0.61934
0.621946 0.367915 0.623889
0.402538 0.390335 0.349573
0.450461 0.418066 0.395956
0.485317 0.417951 0.394445
0.380361 0.265029 0.386169
0.525482 0.199329 0.66575
0.567694 0.233052 0.350532
0.665683 0.200869 0.510824
0.588223 0.24084 0.645795
0.591742 0.415595 0.444768
0.707189 0.229161 0.470284
0.477441 0.18232 0.318864
0.359169 0.275422 0.352618
0.461579 0.25195 0.705674
0.665321 0.194288 0.5121
0.567249 0.413125 0.540563
0.369693 0.410241 0.462902
0.316019 0.219347 0.542286
0.642845 0.222808 0.574669
0.430179 0.345692 0.309228
0.529644 0.250043 0.284238
0.529808 0.312229 0.704041
0.540115 0.381754 0.648699
0.283101 0.208918 0.488351
0.363151 0.287463 0.343841
0.654546 0.377841 0.542955
0.370483 0.331644 0.327467
0.315735 0.235137 0.554499
0.469134 0.212215 0.284983
0.670986 0.187658 0.516887
0.629782 0.243846 0.40209
0.354464 0.391758 0.563959
0.675362 0.368496 0.468794
0.512627 0.231778 0.69778
0.710714 0.23835 0.476944
0.685326 0.243136 0.566728
0.659822 0.25626 0.394841
0.556368 0.247131 0.309812
0.460474 0.422243 0.458438
0.411098 0.266645 0.628239
0.663845 0.195127 0.521245
0.412549 0.422424 0.513775
0.460399 0.195692 0.296104
0.6397 0.347197 0.357259
0.610393 0.237273 0.3678
0.60237 0.251355 0.381334
0.707513 0.231586 0.524218
0.427135 0.4183 0.559555
0.294808 0.291454 0.531663
0.358092 0.353785 0.353289
0.501926 0.209645 0.664642
0.459344 0.42264 0.463191
0.631456 0.296955 0.357258
0.565003 0.217258 0.653844
0.450742 0.197103 0.303458
0.288502 0.283653 0.510617
0.467682 0.265046 0.711625
0.428455 0.239877 0.338729
0.319068 0.211069 0.434835
0.35833 0.259213 0.365735
0.366301 0.393086 0.581385
0.429359 0.255 0.681385
0.484938 0.180534 0.310917
0.30379 0.244657 0.418773
0.466718 0.218622 0.284875
0.383534 0.405933 0.562967
0.44118 0.266876 0.28772
0.661354 0.208609 0.560147
0.617171 0.25903 0.63725
0.376318 0.260911 0.644739
0.59717 0.248458 0.666503
0.668819 0.371745 0.438122
0.321083 0.285296 0.381326
0.351712 0.398835 0.433692
0.536072 0.373665 0.657984
0.66533 0.206724 0.503627
0.298914 0.20883 0.514619
0.481809 0.421673 0.417969
0.59799 0.401014 0.579035
0.59744 0.398883 0.376023
0.371237 0.24809 0.579516
0.410419 0.259522 0.352333
0.34898 0.251969 0.416613
0.516444 0.213811 0.665105
0.325208 0.380788 0.477812
0.510395 0.419765 0.462149
0.435968 0.217098 0.315966
0.300135 0.300635 0.545722
0.44003 0.224513 0.304369
0.327236 0.312503 0.366914
0.355263 0.256513 0.392642
0.637586 0.256369 0.605903
0.503554 0.413516 0.581362
0.629229 0.249189 0.582778
0.60186 0.253056 0.629473
0.403099 0.266355 0.36003
0.712614 0.248581 0.481072
0.306012 0.24856 0.410465
0.513949 0.211588 0.668028
0.4317 0.240132 0.335923
0.444535 0.253271 0.287626
0.453048 0.40129 0.617205
0.497579 0.420976 0.499826
0.68355 0.354344 0.49223
0.506166 0.420238 0.484432
0.474453 0.422289 0.492387
0.308106 0.354809 0.466828
0.309857 0.181484 0.469108
0.671443 0.203583 0.437961
0.643693 0.227584 0.57325
0.619534 0.40587 0.482873
0.399231 0.274791 0.614476
0.515466 0.201384 0.299932
0.291309 0.303917 0.442168
0.451893 0.212726 0.657424
0.439583 0.423939 0.495725
0.28895 0.311342 0.458925
0.332941 0.214061 0.443128
0.297362 0.224744 0.521077
0.327508 0.30392 0.369384
0.642205 0.261508 0.620302
0.668482 0.207929 0.492923
0.594036 0.412159 0.502109
0.704593 0.226484 0.513044
0.51273 0.413486 0.386309
0.549031 0.304473 0.291905
0.406158 0.4218 0.444404
0.353512 0.244594 0.559605
0.668754 0.207652 0.555755
0.646663 0.232468 0.414925
0.636508 0.280804 0.636432
0.317906 0.242811 0.560627
0.711233 0.249053 0.512643
0.544919 0.413081 0.544721
0.51978 0.220492 0.663975
0.532348 0.220654 0.657147
0.421354 0.293726 0.300026
0.646647 0.277044 0.383354
0.682675 0.208067 0.447177
0.660427 0.354277 0.574816
0.288494 0.220498 0.451541
0.34661 0.357985 0.607677
0.388602 0.304464 0.666129
0.633239 0.239348 0.399274
0.360703 0.244905 0.584931
0.384229 0.387939 0.613114
0.625403 0.400047 0.525523
0.699881 0.286566 0.538943
0.515376 0.413417 0.570608
0.583748 0.248651 0.6394
0.571936 0.244874 0.64399
0.332856 0.246458 0.401136
0.347866 0.392327 0.547779
0.448484 0.22304 0.673049
0.334028 0.228121 0.553478
0.363575 0.245985 0.590674
0.651167 0.270939 0.388257
0.561986 0.222107 0.652253
0.401301 0.250767 0.633863
0.581012 0.416072 0.451722
0.636515 0.239723 0.403938
0.411237 0.424434 0.47445
0.665062 0.354977 0.562779
0.589568 0.242344 0.356234
0.694991 0.311108 0.441576
0.547601 0.417037 0.464424
0.323818 0.367196 0.426382
0.304033 0.251322 0.415432
0.704423 0.249999 0.540456
0.374845 0.282234 0.585117
0.526034 0.230461 0.660854
0.405218 0.251831 0.649353
0.381651 0.308744 0.317347
0.36504 0.302328 0.6479
0.455101 0.253687 0.283416
0.591274 0.262088 0.670179
0.643556 0.360881 0.370213
0.379882 0.26176 0.590145
0.43881 0.266824 0.290358
0.64488 0.260867 0.608364
0.335288 0.38266 0.42065
0.589905 0.41204 0.507571
0.624755 0.389351 0.574059
0.476606 0.334282 0.289032
0.489748 0.288411 0.281841
0.550233 0.414367 0.526721
0.479503 0.191271 0.314811
0.613593 0.260745 0.649686
0.390932 0.323834 0.667985
0.615516 0.403963 0.522075
0.366833 0.262303 0.576162
0.306248 0.186401 0.466284
0.693043 0.228209 0.543695
0.586286 0.414731 0.459054
0.668263 0.368124 0.421079
0.468603 0.369884 0.313938
0.482352 0.203824 0.681909
0.338429 0.22565 0.540134
0.388436 0.257891 0.608503
0.647315 0.392033 0.444905
0.513401 0.197943 0.327316
0.328415 0.269293 0.599047
0.560448 0.225669 0.671663
0.395896 0.266977 0.616468
0.598057 0.245184 0.364438
0.563247 0.281627 0.305832
0.646484 0.262995 0.609916
0.329691 0.383841 0.512809
0.375169 0.311112 0.321329
0.54985 0.310538 0.692867
0.623284 0.3168 0.334121
0.465999 0.205621 0.66215
0.678585 0.25579 0.576065
0.624108 0.272203 0.64395
0.333786 0.385522 0.535182
0.701011 0.306035 0.502502
0.530467 0.41556 0.409786
0.35968 0.310653 0.644604
0.585766 0.247401 0.645323
0.390738 0.31054 0.66733
0.516106 0.230704 0.290199
0.654729 0.386898 0.458018
0.625932 0.398845 0.527427
0.57002 0.233268 0.667408
0.504029 0.419046 0.511195
0.707444 0.245409 0.52879
0.299678 0.338722 0.464151
0.412567 0.325651 0.676101
0.674574 0.203744 0.502768
0.692205 0.208086 0.522421
0.49245 0.419138 0.441988
0.290498 0.31434 0.460213
0.653484 0.222198 0.557349
0.480422 0.18653 0.30422
0.576235 0.238145 0.651374
0.45303 0.391092 0.63492
0.57096 0.259251 0.680568
0.317318 0.20175 0.512277
0.530994 0.416214 0.521165
0.293318 0.248757 0.518053
0.632829 0.259917 0.388251
0.280616 0.244598 0.48638
0.648 0.253594 0.592325
0.709199 0.27342 0.489626
0.349903 0.310763 0.34646
0.308468 0.199583 0.454381
0.431884 0.244782 0.327682
0.45175 0.282687 0.287253
0.481369 0.417534 0.555097
0.515452 0.200074 0.316938
0.42659 0.251052 0.659843
0.580863 0.346551 0.321436
0.571223 0.25001 0.677489
0.564959 0.40885 0.551268
0.571098 0.249139 0.350908
0.671767 0.218726 0.48144
0.503967 0.410058 0.588545
0.477393 0.198183 0.662334
0.321903 0.366754 0.545065
0.494592 0.418115 0.542175
0.510409 0.392269 0.634774
0.324875 0.298106 0.377107
0.308881 0.353833 0.532463
0.342181 0.389747 0.424909
0.623725 0.262263 0.596144
0.536248 0.211894 0.330643
0.349372 0.264057 0.5601
0.326916 0.217083 0.45358
0.477832 0.42026 0.540563
0.295613 0.273561 0.427036
0.379379 0.324903 0.320072
0.420396 0.253858 0.645245
0.536976 0.415382 0.499243
0.526637 0.251508 0.706451
0.355823 0.264549 0.392269
0.375699 0.26284 0.597495
0.481657 0.228364 0.693908
0.47973 0.419092 0.542401
0.339468 0.243782 0.54392
0.392333 0.393273 0.365185
0.347773 0.312352 0.349138
0.588018 0.279052 0.669775
0.70342 0.237946 0.51873
0.328521 0.286987 0.600975
0.503805 0.413271 0.39143
0.674277 0.212093 0.498175
0.590138 0.277387 0.326962
0.295312 0.250493 0.520157
0.446373 0.421051 0.433406
0.66622 0.232312 0.413517
0.668109 0.206787 0.537938
0.458749 0.330933 0.292982
0.312267 0.219903 0.527185
0.492392 0.417655 0.449227
0.44867 0.248726 0.690113
0.484518 0.221208 0.287947
0.530177 0.230016 0.300825
0.630532 0.340208 0.634342
0.413756 0.283259 0.672009
0.574219 0.253074 0.352094
0.502419 0.242241 0.700701
0.43809 0.413165 0.577473
0.640933 0.268205 0.616876
0.691319 0.231163 0.450569
0.438304 0.240222 0.320936
0.565027 0.24306 0.651967
0.324417 0.268231 0.386598
0.540468 0.40874 0.568228
0.388906 0.27373 0.607832
0.352545 0.269762 0.566064
0.482484 0.417555 0.460729
0.285123 0.245129 0.49383
0.486252 0.203254 0.668994
0.616892 0.268939 0.618233
0.346477 0.251352 0.565947
0.653314 0.288453 0.384708
0.331513 0.293 0.374499
0.285469 0.273127 0.456929
0.408318 0.420017 0.435582
0.388623 0.265081 0.63295
0.323167 0.27757 0.387147
0.679524 0.294174 0.572103
0.704517 0.285228 0.499554
0.322628 0.218961 0.449214
0.502844 0.229049 0.690516
0.440347 0.242228 0.305387
0.6578 0.228769 0.558571
0.364203 0.262317 0.585068
0.337222 0.247466 0.432389
0.406296 0.27414 0.640549
0.619609 0.268634 0.61604
0.344352 0.255745 0.613867
0.583696 0.39166 0.360111
0.294586 0.198272 0.468844
0.446071 0.23883 0.657204
0.701775 0.252265 0.538422
0.512568 0.403272 0.360533
0.405272 0.26828 0.323457
0.461011 0.362174 0.312576
0.590314 0.354367 0.329751
0.566821 0.300622 0.682086
0.523251 0.385879 0.329038
0.518449 0.415605 0.477385
0.472121 0.205931 0.680096
0.67765 0.206304 0.515666
0.52806 0.243962 0.293081
0.589438 0.2662 0.637117
0.283701 0.248329 0.487446
0.331959 0.257966 0.390326
0.673929 0.28552 0.40732
0.434384 0.421107 0.498819
0.43382 0.409267 0.588422
0.326935 0.284507 0.382894
0.386151 0.267912 0.630414
0.453409 0.222152 0.664802
0.578774 0.407537 0.541884
0.38617 0.413586 0.437843
0.600403 0.273759 0.351473
0.364109 0.298165 0.34505
0.432284 0.399614 0.357895
0.497149 0.415353 0.458083
0.396583 0.267003 0.640671
0.351454 0.358907 0.609708
0.439446 0.33934 0.305505
0.520022 0.216718 0.306997
0.427905 0.379346 0.332059
0.414756 0.376602 0.642843
0.296386 0.245287 0.440142
0.681743 0.22259 0.473575
0.559846 0.230536 0.663646
0.516433 0.26364 0.709984
0.6427 0.373673 0.573557
0.372435 0.293821 0.341171
0.36541 0.268331 0.588628
0.305348 0.208977 0.460968
0.444876 0.421059 0.472653
0.634283 0.256984 0.398176
0.574722 0.378606 0.340817
0.293753 0.237757 0.507786
0.483801 0.222914 0.687851
0.517138 0.27141 0.710396
0.604797 0.267624 0.647784
0.394537 0.272109 0.63013
0.355066 0.287509 0.360356
0.309262 0.308491 0.557146
0.499968 0.415124 0.497167
0.514701 0.41255 0.401328
0.439802 0.401321 0.361335
0.324144 0.280007 0.388544
0.504993 0.228961 0.687087
0.524606 0.221776 0.318289
0.373462 0.368948 0.622707
0.455293 0.291905 0.698435
0.505605 0.222833 0.298998
0.301293 0.242034 0.519074
0.409283 0.264566 0.656391
0.701558 0.310496 0.472202
0.632039 0.304446 0.360147
0.486994 0.216079 0.664482
0.340387 0.285627 0.616147
0.536414 0.225918 0.670781
0.489539 0.231549 0.290793
0.546333 0.398527 0.360358
0.296453 0.214602 0.460382
0.344835 0.300744 0.361894
0.597138 0.275403 0.631678
0.679182 0.358962 0.47505
0.605983 0.271602 0.382165
0.447426 0.242811 0.310297
0.458141 0.230734 0.303418
0.689989 0.341793 0.473593
0.306296 0.284914 0.541866
0.499791 0.221356 0.670575
0.303319 0.228503 0.51492
0.699959 0.287182 0.523824
0.32202 0.303365 0.383812
0.556934 0.400854 0.59848
0.578785 0.346399 0.663167
0.682235 0.21128 0.520939
0.34137 0.257632 0.593207
0.421162 0.29191 0.306598
0.333607 0.259044 0.581778
0.588263 0.315255 0.315897
0.455855 0.242238 0.687
0.322076 0.275707 0.393647
0.602053 0.274089 0.642413
0.358558 0.274287 0.375468
0.647986 0.275808 0.606226
0.501959 0.382322 0.327754
0.42659 0.265457 0.656434
0.610853 0.287823 0.612231
0.311107 0.282984 0.548619
0.283768 0.225081 0.474682
0.474169 0.414611 0.464672
0.552702 0.406336 0.384978
0.299945 0.227908 0.451795
0.599421 0.277044 0.66007
0.518236 0.241228 0.692321
0.644265 0.286866 0.616861
0.672613 0.23391 0.477179
0.442161 0.246926 0.678205
0.393368 0.291598 0.6312
0.587799 0.277816 0.64006
0.345259 0.394122 0.469566
0.452548 0.240754 0.683279
0.523366 0.358759 0.306799
0.502048 0.41385 0.496887
0.666465 0.26243 0.579851
0.360204 0.276805 0.59075
0.484466 0.244779 0.698648
0.508051 0.411125 0.553199
0.704602 0.260723 0.51829
0.606123 0.40396 0.512545
0.508934 0.4095 0.569645
0.653967 0.346338 0.375339
0.28952 0.27004 0.45517
0.38856 0.346365 0.329462
0.511634 0.235204 0.299341
0.622409 0.319774 0.337967
0.646532 0.284124 0.610466
0.320312 0.252867 0.423053
0.42491 0.420089 0.4924
0.496584 0.247015 0.697221
0.587187 0.278818 0.356833
0.349274 0.300931 0.36251
0.323168 0.259844 0.405391
0.299122 0.231401 0.455663
0.30121 0.231751 0.454172
0.403847 0.272808 0.655652
0.661552 0.364653 0.402395
0.560268 0.411315 0.453417
0.543334 0.237309 0.672113
0.6748 0.362646 0.479131
0.387745 0.412289 0.50503
0.469685 0.261235 0.704664
0.558309 0.264516 0.315589
0.461231 0.266521 0.287887
0.463002 0.410033 0.580915
0.63639 0.287262 0.384473
0.422715 0.27377 0.322793
0.451858 0.415793 0.407275
0.458245 0.406865 0.592411
0.363157 0.290722 0.599499
0.612959 0.396147 0.547645
0.504102 0.408795 0.573194
0.353426 0.316096 0.350352
0.640076 0.280987 0.612674
0.558371 0.290397 0.685124
0.522059 0.348903 0.301191
0.381495 0.281933 0.618849
0.358259 0.312717 0.637839
0.395504 0.290913 0.638693
0.371324 0.381214 0.371935
0.294117 0.23836 0.462238
0.641732 0.317521 0.363204
0.479841 0.332559 0.691911
0.320878 0.248323 0.440339
0.554532 0.259346 0.321619
0.6731 0.24592 0.559129
0.663362 0.267673 0.410591
0.551111 0.25731 0.320026
0.692174 0.243948 0.470782
0.326119 0.262334 0.557307
0.596742 0.284039 0.364498
0.458625 0.415727 0.491693
0.360553 0.299756 0.356526
0.566109 0.408141 0.489746
0.465788 0.413746 0.546602
0.534506 0.246189 0.675552
0.629019 0.280961 0.392169
0.64161 0.280755 0.60303
0.472719 0.33802 0.688638
0.464544 0.404491 0.371217
0.644885 0.390045 0.437961
0.681836 0.267616 0.431017
0.301764 0.305073 0.529947
0.451274 0.376725 0.649719
0.3923 0.324442 0.31784
0.52649 0.409213 0.403297
0.506944 0.410685 0.489582
0.679645 0.23431 0.487639
0.697206 0.251938 0.480411
0.445922 0.299469 0.297052
0.497935 0.297603 0.289434
0.468794 0.277879 0.70423
0.586994 0.379692 0.349611
0.647581 0.388191 0.45277
0.304603 0.306258 0.533561
0.367708 0.403319 0.426234
0.496393 0.402725 0.598858
0.658349 0.311416 0.383123
0.671756 0.244383 0.549252
0.67058 0.245949 0.431868
0.314007 0.348628 0.537844
0.468261 0.413718 0.512691
0.687271 0.242543 0.474213
0.457899 0.238612 0.68103
0.643784 0.38226 0.528414
0.386982 0.28991 0.344562
0.65796 0.328046 0.601117
0.498384 0.241974 0.304196
0.49139 0.227203 0.678671
0.571741 0.405456 0.528306
0.316491 0.268623 0.412934
0.570121 0.405989 0.517651
0.57075 0.399249 0.588031
0.495622 0.246778 0.692636
0.299493 0.33179 0.479256
0.491084 0.41 0.47881
0.382984 0.29786 0.621184
0.699036 0.261798 0.480725
0.3331 0.274825 0.392263
0.468231 0.322769 0.293748
0.30625 0.282839 0.527868
0.32959 0.281584 0.569092
0.399269 0.414705 0.428703
0.469218 0.390119 0.342828
0.534064 0.398648 0.605121
0.653633 0.383006 0.456536
0.438879 0.417525 0.459341
0.404126 0.41611 0.495611
0.395264 0.413319 0.502628
0.381705 0.29287 0.644924
0.300832 0.320998 0.509287
0.632929 0.32896 0.353279
0.415145 0.334053 0.316532
0.645337 0.287712 0.401845
0.291607 0.264463 0.481682
0.677151 0.271031 0.429279
0.394408 0.401992 0.569498
0.502496 0.269204 0.702121
0.611059 0.349737 0.342061
0.302458 0.269396 0.504731
0.674013 0.266906 0.427133
0.555227 0.401844 0.552428
0.352195 0.300323 0.621943
0.456603 0.266057 0.297019
0.298865 0.324264 0.467254
0.649861 0.385069 0.444477
0.323795 0.341982 0.562613
0.387137 0.295611 0.338511
0.466408 0.398777 0.609777
0.337169 0.335928 0.37722
0.687037 0.286129 0.544584
0.508987 0.250926 0.306137
0.646847 0.28729 0.399156
0.641145 0.291561 0.608625
0.562421 0.406056 0.471023
0.681097 0.240697 0.499371
0.525301 0.404536 0.563609
0.501652 0.346163 0.303586
0.67343 0.246717 0.441815
0.569518 0.405872 0.486304
0.314373 0.26937 0.525919
0.313169 0.270388 0.524053
0.50882 0.409083 0.439157
0.591686 0.403185 0.520228
0.388173 0.381725 0.616118
0.340442 0.286306 0.596055
0.361255 0.297326 0.617705
0.445334 0.29014 0.685921
0.533708 0.395726 0.361866
0.383986 0.297256 0.354458
0.519786 0.401933 0.379342
0.678937 0.27924 0.432498
0.65544 0.289453 0.405549
0.33725 0.383881 0.465917
0.523358 0.396798 0.608402
0.313812 0.283185 0.422438
0.375858 0.374211 0.613861
0.350874 0.295178 0.603747
0.545888 0.34637 0.311979
0.678638 0.243022 0.510906
0.481233 0.262701 0.295453
0.585529 0.286319 0.653689
0.546295 0.402814 0.474924
0.536377 0.266462 0.309283
0.491582 0.322791 0.29463
0.433077 0.415333 0.495996
0.650285 0.328477 0.372306
0.580269 0.406301 0.463947
0.520098 0.403767 0.565266
0.334456 0.278702 0.406008
0.421442 0.327834 0.313483
0.513379 0.404301 0.473353
0.337371 0.343286 0.382736
0.453194 0.374351 0.330675
0.692876 0.284194 0.458688
0.476437 0.250952 0.693376
0.59275 0.408902 0.432624
0.685413 0.290438 0.543087
0.590913 0.299096 0.336448
0.417038 0.289181 0.661171
0.596698 0.396384 0.561193
0.499265 0.308674 0.293495
0.310289 0.344713 0.4842
0.458688 0.244604 0.678193
0.305355 0.305428 0.509695
0.390128 0.300982 0.339604
0.323437 0.296072 0.401521
0.684759 0.312644 0.440965
0.462943 0.397758 0.60747
0.557109 0.395546 0.369768
0.515316 0.282655 0.695808
0.574158 0.369193 0.340948
0.377282 0.303351 0.625363
0.330454 0.314315 0.386663
0.506513 0.293502 0.695921
0.377417 0.308182 0.345272
0.595776 0.31492 0.655221
0.607355 0.311655 0.341131
0.439011 0.304151 0.306017
0.562784 0.401014 0.529047
0.33504 0.343486 0.578977
0.691794 0.290891 0.503079
0.512444 0.298917 0.694493
0.61855 0.392806 0.52085
0.685931 0.298064 0.445535
0.311021 0.269369 0.444993
0.348756 0.371647 0.575833
0.505092 0.299263 0.695234
0.320978 0.287959 0.542777
0.689595 0.2606 0.525253
0.554361 0.389776 0.357454
0.675844 0.30252 0.557061
0.481481 0.407269 0.523365
0.419383 0.31362 0.668435
0.572222 0.409004 0.431656
0.309673 0.320722 0.536942
0.441011 0.267392 0.678385
0.677573 0.24679 0.536147
0.356635 0.318729 0.365904
0.484369 0.40119 0.469814
0.558087 0.341669 0.6656
0.445303 0.309685 0.681192
0.351248 0.313614 0.609513
0.684089 0.323714 0.444421
0.614978 0.383711 0.583541
0.312874 0.275169 0.445964
0.420543 0.30368 0.322799
0.681371 0.330477 0.522522
0.598002 0.324023 0.652842
0.309864 0.306922 0.52302
0.486716 0.403496 0.507052
0.479298 0.312216 0.297479
0.468667 0.34758 0.311958
0.304532 0.275699 0.453544
0.327465 0.354662 0.545802
0.60553 0.397334 0.497089
0.430744 0.411881 0.513412
0.377865 0.310844 0.348064
0.497258 0.284799 0.695379
0.684762 0.274469 0.454387
0.306838 0.272879 0.453636
0.373409 0.321592 0.638373
0.487295 0.28905 0.296109
0.538493 0.380576 0.63507
0.41016 0.333321 0.661599
0.562101 0.397452 0.573744
0.481538 0.404079 0.453349
0.485628 0.40434 0.52088
0.600901 0.317354 0.64934
0.624882 0.302415 0.60467
0.467148 0.406841 0.545048
0.329962 0.372231 0.487363
0.350226 0.317676 0.612502
0.677275 0.345362 0.449561
0.338004 0.342955 0.576766
0.48665 0.399998 0.494449
0.364518 0.325588 0.356514
0.463265 0.282486 0.692138
0.544316 0.368511 0.647291
0.665479 0.36353 0.450012
0.344573 0.374797 0.405748
0.484286 0.339893 0.3072
0.369115 0.358765 0.36313
0.485873 0.399834 0.491377
0.528163 0.29461 0.300399
0.388205 0.314226 0.62653
0.436368 0.40146 0.379285
0.547143 0.396121 0.545583
0.559046 0.287007 0.66518
0.299214 0.287613 0.475567
0.670289 0.354058 0.442537
0.539107 0.294918 0.305715
0.656725 0.308026 0.405213
0.549991 0.336421 0.312525
0.381722 0.402125 0.520012
0.679832 0.262079 0.501505
0.465268 0.246747 0.673822
0.410349 0.311365 0.33003
0.483985 0.402812 0.550119
0.544159 0.358943 0.324658
0.313088 0.331876 0.440785
0.39239 0.318515 0.329675
0.363853 0.372669 0.377981
0.688122 0.2922 0.466305
0.507537 0.368157 0.326187
0.46131 0.383896 0.345115
0.394954 0.324425 0.652919
0.335703 0.301585 0.406899
0.568775 0.345588 0.326447
0.435417 0.328962 0.671259
0.336806 0.360645 0.550259
0.674579 0.273078 0.458171
0.683114 0.273237 0.513136
0.503107 0.334076 0.678499
0.580192 0.397416 0.499731
0.611001 0.39787 0.452842
0.420954 0.411518 0.432341
0.534442 0.392505 0.480969
0.376845 0.321806 0.610281
0.356673 0.322066 0.374834
0.640076 0.36028 0.578539
0.537087 0.394077 0.51044
0.562081 0.403939 0.431517
0.478156 0.401493 0.551764
0.48281 0.395343 0.474178
0.348347 0.338497 0.377134
0.673185 0.296508 0.55064
0.350952 0.3853 0.514741
0.590631 0.379633 0.362254
0.454571 0.40351 0.464494
0.657265 0.319986 0.577799
0.371688 0.31773 0.368592
0.39709 0.358948 0.341559
0.402769 0.410493 0.472616
0.634426 0.309914 0.593908
0.369291 0.397484 0.49471
0.526574 0.395049 0.453445
0.543234 0.393604 0.502672
0.661479 0.342047 0.400956
0.32977 0.363333 0.519493
0.642712 0.323389 0.383031
0.55889 0.395901 0.484173
0.467724 0.300064 0.690915
0.471409 0.390141 0.356753
0.589525 0.402357 0.450387
0.358835 0.369075 0.588332
0.33409 0.3612 0.423811
0.67345 0.274477 0.477757
0.470617 0.287381 0.691453
0.516266 0.335593 0.673467
0.395041 0.406684 0.474957
0.565827 0.399996 0.448866
0.560443 0.32677 0.662605
0.315908 0.30155 0.443923
0.334929 0.318729 0.403538
0.5461 0.307068 0.315153
0.530532 0.290376 0.679951
0.527869 0.307991 0.679241
0.506883 0.297916 0.309127
0.514817 0.376548 0.340191
0.637048 0.386407 0.445092
0.340656 0.370681 0.417821
0.53176 0.396076 0.431295
0.359528 0.331887 0.371402
0.480794 0.385996 0.623629
0.681577 0.306552 0.48598
0.551063 0.392084 0.480442
0.337056 0.357254 0.407213
0.519304 0.346486 0.666698
0.405263 0.405311 0.521419
0.679459 0.280062 0.494969
0.412329 0.331821 0.656258
0.477618 0.312058 0.68758
0.389555 0.325668 0.638228
0.541443 0.310331 0.310294
0.52492 0.391315 0.457408
0.550693 0.39525 0.456791
0.328118 0.334453 0.553909
0.38663 0.350093 0.345603
0.441031 0.340858 0.664431
0.450313 0.40353 0.531731
0.552175 0.400902 0.427928
0.38078 0.337277 0.626899
0.67181 0.27791 0.492827
0.650738 0.367352 0.412401
0.527497 0.337295 0.668042
0.635853 0.38057 0.475354
0.545055 0.393733 0.446718
0.351147 0.383346 0.473353
0.49051 0.342931 0.315845
0.313993 0.305064 0.454614
0.457691 0.298622 0.680604
0.488883 0.361504 0.328986
0.549198 0.396022 0.396146
0.499185 0.393025 0.594154
0.577586 0.391005 0.578345
0.36841 0.339069 0.367061
0.35009 0.382217 0.453719
0.446727 0.291071 0.672409
0.325042 0.337924 0.541918
0.335203 0.364999 0.447081
0.485321 0.389148 0.486168
0.45851 0.364843 0.333956
0.360467 0.38941 0.467029
0.678234 0.304304 0.491701
0.395536 0.393009 0.580597
0.617013 0.340779 0.359816
0.386918 0.402716 0.430243
0.401597 0.406205 0.421225
0.55793 0.39676 0.447894
0.493216 0.287945 0.685682
0.327697 0.322139 0.420107
0.470877 0.397722 0.547131
0.492824 0.265182 0.676964
0.306827 0.296457 0.476948
0.34944 0.381281 0.489904
0.618642 0.329672 0.61933
0.377447 0.345728 0.622096
0.341619 0.37187 0.487199
0.669812 0.279879 0.507228
0.449685 0.397983 0.495374
0.538309 0.335684 0.662765
0.444603 0.40282 0.436809
0.529082 0.38669 0.450513
0.513477 0.287841 0.665759
0.619782 0.325998 0.607372
0.312847 0.309814 0.491507
0.647515 0.325833 0.574104
0.438741 0.40362 0.438786
0.588449 0.389818 0.530271
0.472985 0.386333 0.477151
0.660586 0.354961 0.438894
0.495124 0.271331 0.673826
0.35753 0.384698 0.479715
0.671877 0.280646 0.516686
0.324095 0.317954 0.441384
0.584379 0.341091 0.638037
0.669896 0.281961 0.498546
0.362573 0.352558 0.59559
0.392588 0.398932 0.522377
0.403033 0.358305 0.34569
0.410852 0.34986 0.642276
0.662518 0.343579 0.532846
0.422165 0.39851 0.581295
0.354885 0.359629 0.574229
0.402076 0.393015 0.584304
0.435897 0.388919 0.608914
0.495445 0.27135 0.671169
0.380259 0.332527 0.616166
0.65817 0.353207 0.421845
0.657937 0.335108 0.552401
0.333757 0.335333 0.418807
0.494901 0.380967 0.354366
0.536959 0.382395 0.466578
0.380519 0.351426 0.369085
0.668291 0.283018 0.52119
0.585338 0.367307 0.624671
0.548371 0.339611 0.652908
0.661129 0.350707 0.445192
0.515346 0.381603 0.459505
0.318683 0.307476 0.502451
0.474538 0.384921 0.613741
0.329856 0.336197 0.540512
0.524076 0.387462 0.572931
0.348596 0.374601 0.494605
0.550011 0.317751 0.653644
0.436348 0.374106 0.349616
0.343621 0.335271 0.557307
0.622574 0.358197 0.595674
0.365055 0.38584 0.50579
0.537242 0.384279 0.376185
0.650127 0.316228 0.559391
0.509628 0.382006 0.50181
0.509004 0.382639 0.506382
0.654462 0.356077 0.500432
0.434449 0.382937 0.616736
0.512793 0.37108 0.63334
0.421069 0.338663 0.342265
0.594428 0.397491 0.408433
0.424009 0.372836 0.349768
0.665524 0.322347 0.435908
0.587876 0.382615 0.377163
0.321311 0.332657 0.522196
0.652921 0.320297 0.557731
0.614272 0.391136 0.406751
0.440593 0.396952 0.478554
0.535617 0.302505 0.656895
0.632739 0.34721 0.587441
0.316274 0.325934 0.48603
0.400391 0.331282 0.628265
0.364196 0.37419 0.553345
0.660252 0.304546 0.536281
0.413442 0.37866 0.361573
0.557675 0.343826 0.642181
0.47451 0.385553 0.37185
0.502319 0.374673 0.468274
0.483033 0.355925 0.336259
0.659141 0.340407 0.510973
0.371177 0.345303 0.596066
0.367559 0.384253 0.515193
0.657646 0.303713 0.538992
0.621512 0.383577 0.459486
0.413231 0.359839 0.631198
0.366657 0.385701 0.442603
0.383795 0.39064 0.536702
0.374162 0.385946 0.537858
0.457643 0.334103 0.663148
0.669414 0.308055 0.467261
0.400838 0.364389 0.358325
0.321776 0.318649 0.506243
0.508353 0.37853 0.364212
0.45741 0.296449 0.668162
0.665814 0.330883 0.484973
0.382906 0.371338 0.378545
0.553878 0.375464 0.616248
0.436277 0.396336 0.504983
0.626771 0.367352 0.549243
0.446179 0.393955 0.50786
0.659746 0.342734 0.494677
0.482628 0.382631 0.519018
0.504516 0.375637 0.488513
0.573831 0.385369 0.56268
0.510577 0.388842 0.420681
0.593513 0.384655 0.485904
0.547135 0.380769 0.602588
0.531694 0.377105 0.502543
0.347473 0.36573 0.465399
0.348973 0.359705 0.425174
0.662844 0.334904 0.476146
0.65163 0.324199 0.540544
0.484067 0.334693 0.664337
0.500174 0.368959 0.471219
0.600831 0.37173 0.378369
0.380112 0.38822 0.524061
0.531503 0.307173 0.648723
0.453208 0.33128 0.333985
0.561039 0.381485 0.549794
0.559643 0.382172 0.582901
0.328882 0.339693 0.499359
0.493513 0.383416 0.442319
0.583636 0.357572 0.621284
0.47128 0.283103 0.671748
0.351378 0.369466 0.477009
0.653217 0.302491 0.451972
0.462937 0.296009 0.667507
0.453192 0.3665 0.350599
0.496431 0.385179 0.388204
0.500263 0.384557 0.585797
0.325329 0.308094 0.490516
0.467337 0.385179 0.600933
0.652437 0.332158 0.415533
0.47023 0.376404 0.483199
0.371329 0.347061 0.584981
0.328691 0.330243 0.523062
0.547886 0.379191 0.543496
0.661845 0.299964 0.485101
0.633935 0.343427 0.567571
0.482532 0.376514 0.619931
0.399823 0.394676 0.522381
0.639285 0.371001 0.457926
0.507493 0.380438 0.544005
0.473217 0.378567 0.366101
0.41894 0.336945 0.627794
0.338071 0.340486 0.453985
0.462497 0.387906 0.574925
0.646481 0.31403 0.538538
0.643433 0.322012 0.543812
0.488624 0.362924 0.478528
0.415105 0.393987 0.544333
0.540661 0.36838 0.479682
0.554105 0.378469 0.381325
0.601283 0.345323 0.603285
0.500615 0.324902 0.659349
0.56211 0.360927 0.360021
0.652041 0.312062 0.446746
0.525869 0.345498 0.645361
0.385836 0.381848 0.562511
0.470416 0.336442 0.336033
0.598811 0.358489 0.371765
0.631468 0.331022 0.561832
0.334831 0.321599 0.50372
0.624578 0.366319 0.397204
0.430295 0.343704 0.638907
0.504561 0.317152 0.658759
0.463969 0.368518 0.358787
0.466824 0.320583 0.662995
0.637609 0.340841 0.547845
0.477975 0.320352 0.666153
0.657563 0.339603 0.462517
0.506353 0.329923 0.33181
0.482717 0.370302 0.500898
0.475497 0.387537 0.402446
0.517159 0.338494 0.333611
0.56362 0.331264 0.622524
0.382779 0.347581 0.59482
0.532237 0.317037 0.649418
0.392575 0.344757 0.608086
0.638415 0.342963 0.543338
0.361977 0.367484 0.509073
0.333814 0.323783 0.471739
0.570684 0.347786 0.360963
0.35855 0.342482 0.54929
0.503104 0.377567 0.570916
0.476087 0.3628 0.482973
0.547493 0.38085 0.398587
0.354338 0.360719 0.452215
0.555504 0.37413 0.462477
0.501186 0.344159 0.645371
0.464544 0.347535 0.347874
0.610404 0.37157 0.484004
0.586243 0.344292 0.605661
0.610594 0.374487 0.468675
0.507744 0.370588 0.526544
0.47038 0.371283 0.371345
0.503386 0.378077 0.576178
0.657678 0.318059 0.472878
0.551232 0.365055 0.367911
0.472838 0.377804 0.382642
0.648767 0.317446 0.51035
0.506755 0.343018 0.342568
0.54488 0.371804 0.603703
0.463973 0.334394 0.343025
0.643762 0.355639 0.459845
0.476694 0.383261 0.426467
0.55427 0.371672 0.604096
0.346218 0.348847 0.483913
0.387083 0.383923 0.461939
0.592363 0.350312 0.375071
0.453681 0.38222 0.455932
0.417058 0.394368 0.423922
0.638041 0.357867 0.414692
0.516161 0.371547 0.534004
0.54808 0.377907 0.388766
0.465714 0.383783 0.437171
0.408436 0.356205 0.612544
0.409903 0.389376 0.439977
0.346576 0.335156 0.497069
0.480711 0.354138 0.47793
0.502167 0.309696 0.644515
0.471632 0.3606 0.484045
0.468585 0.382327 0.422007
0.627367 0.363668 0.470239
0.646622 0.29896 0.514992
0.575249 0.374086 0.54788
0.541474 0.328513 0.629674
0.529214 0.369439 0.441157
0.548031 0.375511 0.444144
0.474124 0.359138 0.472876
0.554046 0.350861 0.360657
0.575033 0.374378 0.555915
0.42519 0.366676 0.616902
0.362523 0.36216 0.441999
0.624083 0.33281 0.55287
0.647317 0.320579 0.453747
0.623452 0.355734 0.526827
0.645609 0.308415 0.510025
0.620298 0.327036 0.556239
0.545929 0.369355 0.38052
0.470242 0.351869 0.357893
0.510947 0.331431 0.341395
0.41775 0.381857 0.389388
0.526456 0.366737 0.527793
0.595141 0.37151 0.536972
0.628811 0.333 0.545391
0.42323 0.337689 0.615601
0.544079 0.370984 0.452079
0.451647 0.358301 0.62893
0.549569 0.377346 0.439642
0.468783 0.306793 0.651609
0.643714 0.288842 0.507355
0.40074 0.369653 0.593569
0.564909 0.356761 0.375634
0.567927 0.341336 0.607302
0.511913 0.360913 0.45242
0.516055 0.368082 0.565445
0.456231 0.365674 0.483481
0.497112 0.363644 0.448596
0.62916 0.329612 0.53464
0.615224 0.365718 0.46688
0.481863 0.362233 0.453462
0.636937 0.326018 0.514336
0.402154 0.359748 0.597029
0.348635 0.320034 0.477527
0.38492 0.366186 0.474593
0.475159 0.360434 0.513339
0.632254 0.346393 0.484968
0.453243 0.379967 0.435259
0.514777 0.36887 0.585501
0.545101 0.361767 0.606678
0.538829 0.362876 0.522674
0.501164 0.335402 0.635202
0.381446 0.369464 0.41922
0.580087 0.346541 0.386677
0.586448 0.36807 0.513324
0.644056 0.317611 0.467596
0.376092 0.358728 0.474685
0.544272 0.371299 0.391826
0.60046 0.330172 0.406833
0.486198 0.365834 0.54019
0.43638 0.325255 0.618496
0.504497 0.319903 0.636994
0.639299 0.318701 0.511919
0.487489 0.357809 0.623922
0.353129 0.335554 0.47676
0.464349 0.374062 0.392909
0.639793 0.331834 0.484661
0.383648 0.355327 0.480502
0.577317 0.374208 0.401363
0.450929 0.375365 0.439457
0.522879 0.353578 0.456344
0.375367 0.358935 0.519143
0.437745 0.369033 0.482509
0.599013 0.345738 0.570063
0.470118 0.358424 0.515562
0.604199 0.359026 0.498937
0.36533 0.341819 0.44797
0.554367 0.362097 0.593645
0.392044 0.373648 0.438383
0.603842 0.344751 0.403329
0.467965 0.309633 0.637979
0.584807 0.366047 0.467212
0.623466 0.34307 0.500843
0.599842 0.32335 0.563548
0.506717 0.36173 0.440703
0.479173 0.34177 0.480608
0.388165 0.370733 0.514579
0.422185 0.377761 0.495745
0.377577 0.354638 0.465212
0.405476 0.381228 0.53064
0.561562 0.366232 0.563153
0.580553 0.348686 0.590893
0.409247 0.375212 0.588622
0.499727 0.362767 0.5513
0.509263 0.34491 0.48539
0.420122 0.374607 0.482246
0.523786 0.35662 0.608085
0.435111 0.381678 0.409183
0.465875 0.340221 0.630623
0.458541 0.347486 0.368443
0.589538 0.338956 0.400753
0.635936 0.310108 0.487011
0.476669 0.317698 0.354767
0.39236 0.352942 0.471158
0.464188 0.306356 0.628946
0.381521 0.349555 0.534586
0.562614 0.369355 0.441526
0.396163 0.356721 0.469615
0.413191 0.368431 0.482531
0.405223 0.331886 0.573807
0.497786 0.321943 0.625876
0.528408 0.356158 0.441846
0.538058 0.353663 0.599514
0.630169 0.312219 0.491875
0.527663 0.353249 0.602138
0.451586 0.361514 0.390316
0.431024 0.327257 0.604488
0.480609 0.335082 0.624535
0.630013 0.317277 0.460874
0.375975 0.343896 0.465218
0.388261 0.335374 0.548697
0.396177 0.352856 0.476948
0.568483 0.343745 0.59292
0.618665 0.322324 0.535874
0.451146 0.341853 0.618466
0.403151 0.363646 0.57509
0.598228 0.373439 0.418682
0.488787 0.362109 0.404093
0.558386 0.368537 0.402418
0.628202 0.302466 0.528342
0.593604 0.336077 0.567977
0.629052 0.313867 0.480998
0.571848 0.34407 0.39169
0.532029 0.34907 0.378305
0.5171 0.345755 0.376244
0.489106 0.311645 0.360053
0.468804 0.347826 0.378059
0.629771 0.313268 0.52314
0.449678 0.343893 0.617333
0.434092 0.319501 0.602149
0.467414 0.329801 0.374943
0.499325 0.309303 0.363507
0.583178 0.363846 0.45213
0.550626 0.35568 0.452099
0.402428 0.355876 0.487885
0.489465 0.333929 0.4946
0.620566 0.307522 0.529674
0.529078 0.340381 0.49719
0.453958 0.365942 0.561444
0.574959 0.355033 0.53221
0.541986 0.356595 0.397466
0.421914 0.368701 0.586175
0.447381 0.355952 0.496224
0.579362 0.355133 0.53109
0.624318 0.294222 0.478805
0.543109 0.322802 0.605458
0.625912 0.29625 0.472675
0.56042 0.332032 0.391266
0.477576 0.298475 0.631169
0.540668 0.339889 0.480339
0.465167 0.336884 0.378979
0.485762 0.334685 0.497249
0.595384 0.358872 0.459223
0.47418 0.356783 0.592088
0.574394 0.351417 0.506197
0.594585 0.368819 0.421652
0.498272 0.347252 0.446225
0.552531 0.360279 0.443862
0.460772 0.353975 0.606022
0.473013 0.331851 0.478597
0.622888 0.275613 0.477786
0.451345 0.360395 0.451188
0.418139 0.374041 0.555892
0.502433 0.29389 0.625082
0.565394 0.348641 0.480773
0.40068 0.353892 0.520953
0.474813 0.333101 0.503644
0.408904 0.360254 0.447031
0.601704 0.327464 0.42682
0.531457 0.313541 0.608392
0.405657 0.347736 0.490376
0.596416 0.342341 0.486915
0.459848 0.358675 0.583906
0.428882 0.363487 0.518456
0.486382 0.344983 0.402337
0.484787 0.342445 0.535506
0.525721 0.342569 0.523452
0.389042 0.32493 0.495097
0.521087 0.336189 0.505906
0.476858 0.301355 0.625643
0.402327 0.355595 0.530498
0.527816 0.336869 0.505241
0.378321 0.326826 0.461417
0.595468 0.314299 0.54933
0.539611 0.337805 0.498246
0.526588 0.331596 0.490462
0.492556 0.33657 0.604593
0.519877 0.335455 0.504282
0.587943 0.314076 0.558464
0.528714 0.340875 0.390949
0.608092 0.332922 0.486034
0.380519 0.324276 0.472398
0.423228 0.354162 0.466696
0.49886 0.324095 0.485026
0.602837 0.33527 0.524106
0.574366 0.349646 0.538211
0.555874 0.339305 0.478178
0.627497 0.280275 0.515796
0.436068 0.359724 0.514453
0.471688 0.338071 0.608752
0.504753 0.325812 0.378661
0.408114 0.349978 0.447677
0.471962 0.333539 0.523438
0.530497 0.335797 0.519841
0.604213 0.296162 0.437855
0.452664 0.336761 0.599707
0.400483 0.328588 0.495451
0.457 0.321937 0.392647
0.574271 0.337524 0.50913
0.449498 0.356154 0.580636
0.411911 0.313133 0.421048
0.458267 0.34634 0.594372
0.520729 0.295837 0.612826
0.61282 0.306352 0.450248
0.540121 0.321476 0.389663
0.548604 0.342622 0.560785
0.417343 0.35749 0.556954
0.460813 0.347641 0.408667
0.598889 0.289836 0.543665
0.535072 0.325763 0.482685
0.418513 0.349025 0.496932
0.47048 0.342998 0.405642
0.497364 0.289838 0.377344
0.600206 0.33449 0.435211
0.583612 0.312731 0.419765
0.514723 0.339909 0.557048
0.567423 0.334898 0.56942
0.589867 0.325138 0.543311
0.555244 0.342932 0.554667
0.450933 0.346248 0.453494
0.45513 0.333793 0.493778
0.495016 0.267049 0.618555
0.405553 0.344971 0.527184
0.552004 0.329287 0.583633
0.40547 0.348049 0.446404
0.597983 0.323779 0.429919
0.394552 0.313302 0.517158
0.412212 0.333956 0.50867
0.611581 0.294657 0.468644
0.609675 0.291983 0.525395
0.427174 0.3157 0.411265
0.564287 0.332835 0.528988
0.403152 0.318612 0.496459
0.610077 0.295842 0.50107
0.488989 0.322863 0.403303
0.389484 0.310755 0.474872
0.410221 0.333444 0.549657
0.529627 0.326544 0.44581
0.410538 0.334378 0.433021
0.47879 0.318258 0.513283
0.475157 0.319495 0.512148
0.383836 0.294984 0.480817
0.437335 0.327364 0.482486
0.532032 0.299397 0.59968
0.501491 0.331513 0.582975
0.533816 0.327056 0.584934
0.468237 0.336879 0.5892
0.454907 0.339033 0.538011
0.526641 0.314981 0.469215
0.492109 0.3293 0.545905
0.38369 0.303416 0.470904
0.430577 0.32877 0.479259
0.479658 0.324319 0.598148
0.507389 0.309103 0.475106
0.515696 0.329818 0.585295
0.415024 0.330411 0.474386
0.420032 0.313464 0.578379
0.419245 0.346771 0.527018
0.615268 0.273101 0.525633
0.414064 0.336074 0.50684
0.538101 0.332499 0.535515
0.47757 0.306526 0.389058
0.487509 0.271028 0.617641
0.415823 0.322556 0.503632
0.43386 0.340316 0.550247
0.589031 0.313899 0.481306
0.536154 0.314858 0.496932
0.571323 0.319445 0.502293
0.400779 0.30162 0.498032
0.61576 0.266072 0.509352
0.500939 0.313278 0.454431
0.607307 0.270129 0.530704
0.484931 0.30144 0.397439
0.543561 0.325142 0.413995
0.594019 0.307088 0.485021
0.405966 0.308694 0.509618
0.452909 0.324233 0.513945
0.580156 0.331352 0.429221
0.574003 0.329643 0.458874
0.445164 0.332802 0.530959
0.575296 0.319061 0.499779
0.397342 0.306225 0.47502
0.420871 0.321518 0.489298
0.424714 0.340795 0.554742
0.425542 0.337078 0.53102
0.594671 0.295227 0.534204
0.505375 0.287643 0.390088
0.616683 0.247574 0.505314
0.539061 0.315262 0.496413
0.455876 0.301717 0.59975
0.552493 0.301896 0.406453
0.496883 0.30979 0.595233
0.542019 0.317595 0.502849
0.474141 0.316369 0.530521
0.421461 0.334118 0.567005
0.438719 0.327839 0.505731
0.588316 0.328197 0.443741
0.594163 0.306279 0.517989
0.563636 0.310458 0.566582
0.42449 0.323645 0.432738
0.440306 0.330098 0.572243
0.458139 0.322799 0.557818
0.544859 0.307574 0.498697
0.46138 0.303403 0.49939
0.396684 0.274643 0.499899
0.479498 0.308268 0.412794
0.590142 0.288071 0.436087
0.581808 0.268033 0.561851
0.417359 0.249043 0.580868
0.510289 0.298551 0.461675
0.579536 0.304464 0.536913
0.608277 0.259128 0.463215
0.487044 0.298465 0.406872
0.450001 0.273315 0.59892
0.57641 0.309434 0.477022
0.603898 0.279429 0.460564
0.542651 0.308714 0.41369
0.542852 0.282173 0.588626
0.543833 0.305859 0.492761
0.596125 0.288447 0.48826
0.449097 0.323776 0.581951
0.447892 0.303715 0.485819
0.509985 0.313782 0.422875
0.588276 0.290993 0.434655
0.529162 0.287436 0.592267
0.403432 0.295623 0.478626
0.470602 0.292001 0.489114
0.457568 0.321269 0.549168
0.415813 0.311646 0.468986
0.424058 0.302988 0.575392
0.497634 0.29086 0.401599
0.413747 0.305539 0.559857
0.535412 0.309844 0.57448
0.489673 0.25993 0.610528
0.470879 0.294388 0.494145
0.428088 0.316284 0.564513
0.4559 0.306531 0.457763
0.567702 0.25881 0.577983
0.598612 0.27599 0.471466
0.467174 0.302354 0.416896
0.396878 0.260571 0.500964
0.546625 0.307307 0.423484
0.462137 0.313921 0.430187
0.512567 0.270444 0.400075
0.419427 0.293108 0.483759
0.445292 0.311019 0.456928
0.571664 0.314153 0.447877
0.559723 0.266469 0.580611
0.543838 0.299548 0.41815
0.57616 0.313053 0.448448
0.608629 0.246546 0.523974
0.548376 0.302067 0.561342
0.551789 0.278836 0.409305
0.580668 0.290019 0.536648
0.58468 0.249173 0.422156
0.580608 0.29367 0.492864
0.48042 0.290742 0.524984
0.481759 0.277161 0.492566
0.542221 0.305086 0.54376
0.433313 0.302436 0.497354
0.55098 0.304604 0.549373
0.467031 0.294957 0.514749
0.40872 0.285166 0.497568
0.417738 0.287935 0.565942
0.537008 0.307619 0.432278
0.496653 0.302421 0.436858
0.449414 0.311468 0.421016
0.554703 0.312131 0.428343
0.562931 0.300955 0.52436
0.459753 0.309438 0.581384
0.436195 0.308351 0.421383
0.42035 0.281225 0.485081
0.45465 0.283939 0.474957
0.474638 0.283303 0.462203
0.605281 0.247909 0.474242
0.565467 0.276596 0.419518
0.607445 0.236628 0.506957
0.430607 0.302889 0.539277
0.537653 0.238662 0.596201
0.520824 0.289843 0.437884
0.560125 0.293801 0.463286
0.407146 0.269974 0.492517
0.581724 0.276125 0.507202
0.554386 0.290369 0.523667
0.594176 0.262233 0.516909
0.441051 0.281825 0.408431
0.597239 0.245532 0.538159
0.492483 0.271212 0.495655
0.556642 0.285937 0.506987
0.519421 0.269271 0.471452
0.496015 0.268188 0.407588
0.501856 0.289332 0.426682
0.489709 0.292126 0.573598
0.540477 0.287513 0.419573
0.534282 0.275024 0.581839
0.43354 0.281541 0.412195
0.567081 0.301887 0.446474
0.444713 0.266753 0.399945
0.518805 0.260637 0.593235
0.576996 0.284655 0.526313
0.437042 0.23889 0.595404
0.436078 0.290942 0.498604
0.529748 0.275753 0.469029
0.518842 0.269226 0.482094
0.532634 0.280101 0.465413
0.572827 0.289021 0.431437
0.525777 0.294359 0.530024
0.421149 0.269386 0.48238
0.598996 0.240812 0.507933
0.463794 0.280973 0.536703
0.44786 0.278385 0.414636
0.475149 0.262837 0.50044
0.603433 0.231951 0.507268
0.435988 0.292716 0.441894
0.560205 0.274627 0.50897
0.421473 0.248177 0.57557
0.602036 0.23929 0.492447
0.430436 0.267273 0.575234
0.440015 0.293243 0.444553
0.419671 0.277402 0.535792
0.569419 0.282952 0.435815
0.425577 0.248759 0.579386
0.45075 0.288678 0.547238
0.539567 0.28038 0.563514
0.478627 0.25775 0.4933
0.557761 0.276478 0.515946
0.577368 0.25171 0.563085
0.491405 0.279589 0.550972
0.537856 0.259876 0.582679
0.488947 0.275947 0.534071
0.59847 0.23152 0.537287
0.410712 0.254426 0.433714
0.483819 0.250207 0.406506
0.409637 0.25958 0.548353
0.451465 0.255261 0.399914
0.501424 0.232591 0.601346
0.487676 0.268259 0.462689
0.461433 0.269691 0.497211
0.436382 0.275749 0.488944
0.528595 0.260922 0.47935
0.44902 0.285505 0.526161
0.430946 0.257396 0.580056
0.586611 0.258548 0.516433
0.435588 0.2343 0.400933
0.594729 0.235291 0.519342
0.546506 0.232218 0.589622
0.45511 0.265171 0.418646
0.598258 0.232666 0.485731
0.591846 0.238334 0.509133
0.521283 0.270221 0.553983
0.442022 0.262224 0.483363
0.420027 0.249901 0.423355
0.50745 0.250138 0.469471
0.584805 0.231366 0.424519
0.449422 0.269889 0.516543
0.396991 0.226262 0.480929
0.605267 0.208085 0.525719
0.488927 0.268778 0.564207
0.454413 0.274081 0.568249
0.482956 0.24662 0.494375
0.468691 0.230149 0.397504
0.488919 0.26644 0.443636
0.493025 0.233841 0.595483
0.431568 0.262606 0.482231
0.549874 0.264768 0.420314
0.564326 0.270038 0.463296
0.584918 0.225481 0.567795
0.599962 0.221696 0.530906
0.490619 0.247064 0.491674
0.582273 0.254366 0.453839
0.562244 0.261797 0.484759
0.465696 0.268878 0.574349
0.57522 0.248779 0.426532
0.40127 0.235324 0.54148
0.518861 0.269954 0.535114
0.491148 0.266871 0.546446
0.420597 0.263144 0.457275
0.539007 0.273264 0.437806
0.467738 0.27138 0.435958
0.424047 0.25481 0.522555
0.586429 0.234773 0.532458
0.445815 0.259687 0.459883
0.462214 0.251263 0.422892
0.490242 0.236716 0.473476
0.578415 0.242862 0.511094
0.407071 0.233756 0.464731
0.532909 0.257881 0.440512
0.411939 0.240238 0.459584
0.428015 0.258509 0.453583
0.56265 0.259516 0.458337
0.462334 0.228973 0.593209
0.578511 0.234979 0.42893
0.428958 0.260165 0.442309
0.566061 0.252204 0.514717
0.457078 0.239448 0.58556
0.421455 0.240177 0.422593
0.457002 0.253369 0.514239
0.434145 0.258207 0.564719
0.398352 0.194301 0.587975
0.576648 0.231852 0.421602
0.569731 0.257409 0.458159
0.424994 0.213593 0.589968
0.586839 0.214167 0.412055
0.587372 0.232335 0.459443
0.492302 0.23967 0.582513
0.542365 0.258888 0.533386
0.463318 0.254041 0.574436
0.418403 0.248947 0.53345
0.473859 0.236631 0.586989
0.53789 0.229384 0.399522
0.402666 0.203058 0.581172
0.460573 0.20659 0.605989
0.591419 0.204799 0.575433
0.457396 0.24865 0.498743
0.567508 0.257241 0.535691
0.426788 0.244421 0.44591
0.579569 0.231466 0.549752
0.539183 0.241937 0.516828
0.470052 0.237976 0.42629
0.39349 0.209333 0.458939
0.564345 0.241061 0.514229
0.495905 0.22838 0.581162
0.427701 0.221627 0.405946
0.409123 0.223396 0.492439
0.550803 0.246182 0.428833
0.521892 0.230851 0.49098
0.464755 0.240902 0.458218
0.558459 0.246869 0.559132
0.460394 0.246145 0.54975
0.424686 0.235573 0.491352
0.456493 0.198147 0.606904
0.551448 0.248431 0.539254
0.449078 0.240258 0.421966
0.580125 0.229157 0.481241
0.505456 0.195801 0.606559
0.522413 0.243775 0.555829
0.581519 0.227254 0.489133
0.485908 0.236329 0.522528
0.586852 0.218754 0.439947
0.564899 0.239438 0.564865
0.493097 0.235931 0.455185
0.509725 0.237682 0.426949
0.570912 0.241889 0.449986
0.588745 0.217407 0.504449
0.568693 0.242714 0.527734
0.484827 0.234317 0.460242
0.483146 0.239958 0.433782
0.419825 0.236101 0.45722
0.578742 0.230195 0.50872
0.57559 0.238066 0.545279
0.460193 0.240872 0.46128
0.42623 0.230717 0.440872
0.504516 0.184548 0.611074
0.526297 0.195657 0.602923
0.524826 0.217809 0.581084
0.501353 0.229217 0.55003
0.560699 0.230585 0.516091
0.498725 0.213348 0.474764
0.426369 0.229609 0.526233
0.502549 0.223954 0.424036
0.593137 0.203564 0.459226
0.527925 0.213999 0.585245
0.537665 0.210778 0.589394
0.429783 0.225019 0.570062
0.447687 0.235262 0.448157
0.406313 0.213391 0.462425
0.50629 0.202992 0.595802
0.40247 0.207807 0.413091
0.573847 0.188588 0.60438
0.397344 0.206048 0.529057
0.595842 0.198779 0.559237
0.506738 0.220202 0.460721
0.42161 0.225694 0.517743
0.430141 0.23033 0.430202
0.439285 0.214704 0.403175
0.544321 0.211978 0.588573
0.42317 0.221607 0.42129
0.485814 0.203271 0.597572
0.484956 0.215255 0.470315
0.510703 0.229383 0.56035
0.422742 0.187519 0.605334
0.504396 0.223459 0.452656
0.606978 0.190148 0.447137
0.428143 0.230981 0.453019
0.487641 0.22415 0.574557
0.419734 0.22411 0.515347
0.503318 0.224443 0.450116
0.420505 0.211128 0.506348
0.409356 0.206586 0.545227
0.604522 0.18735 0.408407
0.546189 0.223677 0.557557
0.389672 0.190083 0.507531
0.560067 0.219337 0.517669
0.435445 0.206359 0.582279
0.568853 0.214956 0.429132
0.468602 0.218811 0.545694
0.61318 0.177036 0.388694
0.388537 0.190918 0.469174
0.430094 0.216306 0.423502
0.51561 0.213846 0.426862
0.584726 0.205455 0.546411
0.472516 0.192112 0.601915
0.528069 0.214992 0.512765
0.490756 0.204549 0.585
0.479002 0.187453 0.606697
0.413624 0.204005 0.407368
0.415899 0.205598 0.410019
0.50278 0.211564 0.575434
0.443939 0.188321 0.605792
0.546986 0.220897 0.532318
0.453822 0.214105 0.46595
0.473367 0.214049 0.523542
0.531462 0.204105 0.399966
0.400655 0.199244 0.501618
0.45791 0.208033 0.476833
0.488622 0.208596 0.580132
0.587509 0.198804 0.481878
0.44605 0.195663 0.597102
0.574766 0.212251 0.451186
0.498674 0.193984 0.598035
0.606484 0.187059 0.447221
0.508074 0.20855 0.500517
0.599153 0.187441 0.514767
0.418293 0.198147 0.492484
0.525931 0.201787 0.506758
0.552769 0.205926 0.501847
0.582763 0.197418 0.541901
0.398995 0.194588 0.453304
0.546846 0.20746 0.523608
0.456412 0.184269 0.604032
0.607192 0.178294 0.499069
0.425104 0.201217 0.491007
0.533864 0.206035 0.52877
0.430153 0.192644 0.391701
0.534347 0.207669 0.544716
0.600568 0.186615 0.439363
0.54173 0.210724 0.56091
0.390012 0.185644 0.476917
0.54958 0.206837 0.45816
0.510107 0.200099 0.454521
0.589874 0.189129 0.491132
0.576632 0.195632 0.408694
0.562293 0.20467 0.474709
0.437541 0.192804 0.391145
0.470472 0.197793 0.505655
0.525672 0.199972 0.577927
0.469416 0.208114 0.559692
0.599557 0.180121 0.583418
0.437646 0.203275 0.481843
0.505136 0.200816 0.513246
0.544 0.207306 0.572212
0.419482 0.20224 0.562769
0.415046 0.199071 0.531332
0.529939 0.195965 0.584758
0.412587 0.196269 0.506866
0.53668 0.197715 0.583747
0.470507 0.195233 0.463947
0.509856 0.205044 0.554184
0.573803 0.200041 0.490203
0.416695 0.187247 0.399112
0.527871 0.193506 0.526994
0.432405 0.191933 0.57725
0.597986 0.180154 0.54946
0.519635 0.19406 0.436753
0.537665 0.194964 0.529695
0.551104 0.193438 0.497196
0.476934 0.182863 0.462186
0.424436 0.193177 0.531619
0.447997 0.192385 0.506712
0.384034 0.182633 0.434826
0.545597 0.186234 0.394347
0.578836 0.177465 0.603662
0.581882 0.188376 0.455109
0.472225 0.192195 0.442605
0.553814 0.192548 0.477003
0.441171 0.181222 0.601014
0.582265 0.179779 0.385943
0.508708 0.193198 0.542219
0.457287 0.184364 0.482312
0.60462 0.176564 0.547298
0.479011 0.194662 0.54741
0.610352 0.173769 0.496387
0.464453 0.180772 0.597567
0.588816 0.183371 0.487929
0.441637 0.193803 0.574754
0.467704 0.180878 0.383225
0.4438 0.197201 0.439641
0.599797 0.177618 0.532117
0.514795 0.184892 0.487021
0.467132 0.191598 0.416596
0.504232 0.193309 0.568718
0.499408 0.190334 0.418282
0.439248 0.17315 0.616566
0.414951 0.180353 0.383241
0.454706 0.180614 0.382379
0.411559 0.171542 0.376586
0.41699 0.179264 0.482208
0.621462 0.167582 0.444616
0.390022 0.17422 0.535933
0.535712 0.163874 0.620622
0.527197 0.183512 0.53643
0.581362 0.179341 0.51189
0.509067 0.183115 0.543806
0.626343 0.165631 0.472796
0.6123 0.170697 0.412797
0.427234 0.175958 0.598166
0.42835 0.184475 0.528847
0.422675 0.165464 0.624697
0.534805 0.180945 0.461906
0.385136 0.17442 0.550197
0.58367 0.179538 0.414792
0.461342 0.177491 0.462943
0.46242 0.180101 0.509794
0.450315 0.185218 0.544552
0.624898 0.163669 0.555459
0.531888 0.171131 0.604039
0.506878 0.182559 0.443356
0.586008 0.178561 0.537303
0.47774 0.174415 0.461749
0.488788 0.183933 0.554265
0.573094 0.184333 0.4233
0.580842 0.177823 0.396246
0.538371 0.185041 0.542837
0.524905 0.182703 0.521698
0.574019 0.184518 0.540534
0.565828 0.181193 0.397317
0.570672 0.179105 0.390969
0.543134 0.180021 0.40258
0.532803 0.174293 0.386766
0.41338 0.18384 0.43754
0.427016 0.175969 0.598048
0.40789 0.163357 0.619156
0.549694 0.17646 0.434305
0.565078 0.176836 0.553224
0.423712 0.173646 0.519689
0.549665 0.176171 0.557459
0.5154 0.17385 0.542623
0.616481 0.162327 0.528613
0.542351 0.165464 0.375966
0.581126 0.172364 0.409084
0.528685 0.175084 0.567651
0.470057 0.171319 0.518113
0.549275 0.175631 0.422401
0.509822 0.165021 0.378445
0.488693 0.166159 0.468703
0.549863 0.174933 0.417696
0.616865 0.163299 0.601562
0.485965 0.174263 0.567303
0.586895 0.168401 0.384032
0.380435 0.166844 0.550654
0.54427 0.166354 0.377538
0.457338 0.172009 0.401081
0.544612 0.172466 0.581989
0.564892 0.173241 0.583976
0.496825 0.174255 0.569131
0.370818 0.156252 0.631918
0.466361 0.170292 0.509591
0.447473 0.172711 0.404112
0.387308 0.170147 0.401693
0.44449 0.172753 0.507191
0.376185 0.161648 0.608103
0.417586 0.164556 0.371816
0.383815 0.16898 0.454235
0.59447 0.166888 0.382457
0.378323 0.167855 0.402388
0.409171 0.170289 0.490663
0.393097 0.171022 0.571155
0.404731 0.162767 0.515359
0.553356 0.165637 0.451395
0.424045 0.160041 0.372135
0.431891 0.166327 0.526198
0.430516 0.167128 0.543257
0.503179 0.165003 0.548535
0.466376 0.164962 0.411163
0.395408 0.161608 0.594107
0.585461 0.164556 0.45287
0.427597 0.166965 0.54205
0.423277 0.167442 0.571298
0.565489 0.165782 0.513036
0.484472 0.165154 0.567736
0.531171 0.158613 0.610377
0.377969 0.159239 0.36809
0.626501 0.155364 0.635339
0.397277 0.162762 0.471266
0.577551 0.165248 0.529046
0.562146 0.166651 0.443733
0.421498 0.162137 0.380731
0.378448 0.160992 0.582358
0.560284 0.158141 0.363734
0.386792 0.161168 0.497064
0.492063 0.157995 0.612639
0.628188 0.156115 0.5164
0.46797 0.157257 0.622457
0.402647 0.162508 0.524099
0.528968 0.164002 0.506809
0.382912 0.161984 0.470266
0.499163 0.165067 0.554521
0.607701 0.162012 0.442358
0.491477 0.163766 0.520901
0.550107 0.165096 0.455884
0.608569 0.161417 0.574467
0.563024 0.167137 0.567637
0.516834 0.163327 0.455776
0.400252 0.157024 0.405501
0.556389 0.156659 0.471215
0.551774 0.157083 0.457692
0.441011 0.15778 0.533368
0.580796 0.157152 0.528229
0.489158 0.15706 0.555408
0.587498 0.157218 0.564168
0.518789 0.157263 0.547979
0.591384 0.156362 0.503446
0.597933 0.15581 0.515905
0.368279 0.15251 0.634583
0.580981 0.155553 0.616052
0.45578 0.155481 0.490314
0.576475 0.157081 0.481952
0.475562 0.154859 0.603667
0.632356 0.153846 0.378429
0.586104 0.154573 0.365464
0.568437 0.157744 0.406048
0.478759 0.154366 0.61002
0.570715 0.156797 0.384722
0.578927 0.157068 0.496302
0.574134 0.157928 0.409487
0.474654 0.156479 0.399069
0.48782 0.154976 0.373593
0.616911 0.155087 0.397435
0.470797 0.155071 0.459151
0.639539 0.152742 0.370776
0.399565 0.154563 0.624837
0.603367 0.156293 0.430056
0.630575 0.153629 0.49876
0.530522 0.15691 0.517237
0.606911 0.155585 0.592772
0.506366 0.156954 0.535116
0.575321 0.157101 0.479143
0.449696 0.154663 0.368804
0.370561 0.154022 0.612517
0.3951 0.15 0.583009
0.559726 0.15 0.493559
0.39445 0.15 0.551367
0.451315 0.15 0.541021
0.448386 0.15 0.511367
0.47371 0.15 0.563398
0.422604 0.15 0.43479
0.354798 0.15 0.497011
0.597923 0.15 0.559845
0.488194 0.15 0.486601
0.613552 0.15 0.398689
0.597887 0.15 0.42871
0.424288 0.15 0.403478
0.627706 0.15 0.64078
0.580921 0.15 0.562674
0.640048 0.15 0.402599
0.493229 0.15 0.54938
0.558051 0.15 0.56717
0.385029 0.15 0.49387
0.435769 0.15 0.387675
0.500545 0.15 0.401921
0.590645 0.15 0.457706
0.571528 0.15 0.590901
0.482591 0.15 0.411251
0.604515 0.15 0.565558
0.474268 0.15 0.579685
0.597566 0.15 0.505324
0.55665 0.15 0.452332
0.545837 0.15 0.384983
0.474433 0.15 0.437793
0.445474 0.15 0.600679
0.435714 0.15 0.372495
0.455042 0.15 0.622936
0.540097 0.15 0.373804
0.62398 0.15 0.448907
0.509783 0.15 0.48422
