1692 0.012625
0.363942 0.22674 0.365193
0.415371 0.212415 0.3234
0.456032 0.201799 0.307659
0.499581 0.198901 0.307823
0.537352 0.198332 0.31316
0.580859 0.20424 0.328179
0.322699 0.210103 0.410469
0.358742 0.290638 0.35936
0.445 0.291906 0.328099
0.498212 0.287049 0.322443
0.564873 0.291656 0.332509
0.639086 0.265325 0.367408
0.322159 0.195193 0.457552
0.325949 0.291782 0.443229
0.439991 0.337782 0.437297
0.499403 0.335409 0.433263
0.573804 0.337198 0.440128
0.673595 0.26942 0.446897
0.313945 0.202123 0.496652
0.324231 0.286536 0.501881
0.44201 0.336037 0.49858
0.503008 0.331774 0.498758
0.574116 0.333773 0.498527
0.679092 0.257862 0.502869
0.318642 0.20572 0.539157
0.334496 0.291594 0.570598
0.441414 0.333971 0.578716
0.497817 0.331026 0.578105
0.567597 0.334939 0.569118
0.673513 0.256917 0.554805
0.345953 0.223035 0.580775
0.36432 0.236355 0.638081
0.442386 0.259117 0.667699
0.499754 0.257779 0.674109
0.55204 0.276807 0.66835
0.633023 0.262714 0.622408
0.347115 0.248279 0.350371
0.343878 0.219869 0.587458
0.308841 0.26706 0.507295
0.56703 0.333619 0.492412
0.454202 0.314611 0.628545
0.548249 0.206645 0.301412
0.330543 0.212974 0.60257
0.35443 0.22047 0.601059
0.670997 0.190835 0.48083
0.471185 0.207453 0.286038
0.624354 0.231043 0.623551
0.636019 0.274346 0.620397
0.507336 0.299431 0.652509
0.49653 0.333286 0.526856
0.584418 0.33312 0.470341
0.670234 0.194524 0.465811
0.303745 0.218693 0.551662
0.376802 0.220727 0.346389
0.532403 0.241075 0.676124
0.351336 0.226573 0.631088
0.360332 0.270416 0.632315
0.431294 0.334154 0.582141
0.310408 0.215024 0.562812
0.520088 0.328826 0.589883
0.393466 0.219811 0.641432
0.680427 0.215311 0.566802
0.524386 0.330981 0.534745
0.445529 0.272576 0.664168
0.665004 0.239937 0.599034
0.463554 0.333449 0.499088
0.482784 0.217412 0.680044
0.675966 0.235301 0.577043
0.559116 0.333488 0.477449
0.664685 0.21379 0.585263
0.513562 0.248214 0.674981
0.314017 0.214752 0.408815
0.328815 0.226176 0.603765
0.306413 0.256417 0.430873
0.630468 0.295604 0.61282
0.672599 0.266317 0.435266
0.459763 0.33477 0.442142
0.546304 0.207991 0.300235
0.475733 0.259579 0.673475
0.46778 0.206972 0.676925
0.548518 0.332013 0.519006
0.512723 0.331459 0.497653
0.547428 0.205263 0.671618
0.601517 0.31167 0.376034
0.477818 0.328936 0.474499
0.666238 0.28138 0.525588
0.413939 0.334897 0.569414
0.339629 0.297134 0.563503
0.679159 0.233727 0.408903
0.39377 0.21839 0.651234
0.627282 0.308158 0.59561
0.473507 0.330531 0.455179
0.352777 0.23958 0.628606
0.504475 0.330395 0.474723
0.349904 0.289822 0.611145
0.619692 0.310572 0.398862
0.459571 0.335814 0.431511
0.310985 0.20685 0.530202
0.651076 0.276361 0.603774
0.355855 0.214114 0.620503
0.537174 0.20393 0.664273
0.68747 0.211398 0.464382
0.656607 0.270964 0.397313
0.524409 0.292217 0.660182
0.44066 0.297424 0.647012
0.308489 0.214309 0.557516
0.45743 0.305201 0.641185
0.638499 0.259738 0.617836
0.291892 0.232479 0.459607
0.294812 0.240881 0.459932
0.410941 0.229206 0.309692
0.684902 0.236984 0.446466
0.689976 0.220595 0.436563
0.534658 0.217248 0.297278
0.681243 0.251203 0.457743
0.667644 0.256526 0.586019
0.540072 0.315489 0.62493
0.304918 0.263697 0.46443
0.506969 0.271845 0.310956
0.652087 0.294657 0.529671
0.442701 0.278613 0.318543
0.661979 0.222498 0.365138
0.560117 0.332984 0.498573
0.347479 0.271239 0.623429
0.522489 0.262964 0.672929
0.296318 0.244434 0.49606
0.478196 0.335191 0.421458
0.677341 0.197714 0.476673
0.685555 0.232776 0.496874
0.517678 0.33111 0.546212
0.50975 0.332715 0.454645
0.624802 0.316531 0.46915
0.43763 0.221176 0.675017
0.358551 0.225731 0.359196
0.557685 0.320127 0.367741
0.547901 0.335107 0.403908
0.485217 0.252573 0.675013
0.462315 0.283692 0.321017
0.521093 0.331093 0.498839
0.64307 0.223259 0.362374
0.401389 0.220119 0.31868
0.689029 0.224527 0.451599
0.638351 0.221351 0.353889
0.437585 0.335999 0.458915
0.40186 0.226284 0.636377
0.293452 0.240586 0.485623
0.588395 0.332641 0.463233
0.68632 0.21171 0.455155
0.48759 0.314853 0.357146
0.521364 0.227607 0.296253
0.426941 0.218656 0.672511
0.418971 0.337044 0.528772
0.530034 0.21754 0.675855
0.63164 0.308919 0.420456
0.450383 0.336283 0.437371
0.579478 0.211869 0.672324
0.392041 0.247539 0.655686
0.308447 0.243034 0.550078
0.66986 0.197309 0.461085
0.375625 0.242235 0.644497
0.38494 0.326235 0.493926
0.362722 0.224311 0.34724
0.377118 0.220505 0.643397
0.500114 0.32982 0.4784
0.53667 0.296787 0.333511
0.524549 0.291898 0.659758
0.599126 0.212126 0.323464
0.608 0.323908 0.516677
0.385992 0.326674 0.490935
0.306548 0.19918 0.480981
0.492439 0.327621 0.593289
0.332095 0.28591 0.584832
0.37869 0.3221 0.583931
0.58525 0.216729 0.66423
0.387919 0.291191 0.63618
0.465639 0.332346 0.40105
0.671189 0.199193 0.458064
0.561509 0.201488 0.65741
0.52213 0.336636 0.422519
0.58022 0.212552 0.670264
0.310882 0.260116 0.537253
0.303288 0.252725 0.513908
0.328931 0.275705 0.596064
0.673135 0.199272 0.462889
0.320648 0.215822 0.405226
0.506388 0.233211 0.295614
0.624374 0.315437 0.489848
0.634085 0.309819 0.465458
0.541421 0.255585 0.309604
0.457938 0.301352 0.33804
0.343017 0.300801 0.511966
0.668291 0.271591 0.430077
0.319089 0.276272 0.530233
0.400049 0.300795 0.344933
0.452323 0.302954 0.339568
0.40519 0.217929 0.659556
0.66575 0.223149 0.376351
0.304958 0.209726 0.526968
0.675144 0.266939 0.502517
0.30532 0.203174 0.490386
0.437424 0.254475 0.667179
0.527157 0.20885 0.664203
0.339323 0.293725 0.585519
0.580568 0.334474 0.582963
0.409423 0.224081 0.311357
0.34577 0.218865 0.600854
0.444269 0.282054 0.32133
0.565174 0.238982 0.31164
0.29763 0.209962 0.514076
0.419557 0.308091 0.631736
0.646278 0.221142 0.358128
0.673121 0.269596 0.512781
0.672599 0.262514 0.538729
0.554542 0.332356 0.551908
0.330892 0.28846 0.541199
0.411487 0.335173 0.497963
0.320543 0.264525 0.391531
0.311817 0.256868 0.544097
0.527924 0.209399 0.302033
0.310625 0.200039 0.464951
0.516489 0.246625 0.301914
0.490316 0.238835 0.296416
0.407524 0.218517 0.322529
0.366285 0.308566 0.380881
0.549982 0.336341 0.413206
0.656702 0.221714 0.375732
0.321507 0.213636 0.563664
0.680103 0.232604 0.544019
0.308433 0.206024 0.439815
0.463652 0.325566 0.601413
0.554395 0.207162 0.306818
0.415029 0.218112 0.30968
0.536161 0.30869 0.635865
0.672171 0.217556 0.397612
0.502794 0.238685 0.297687
0.526401 0.329615 0.500247
0.295786 0.211834 0.509895
0.560951 0.282561 0.326349
0.500103 0.333253 0.441405
0.553886 0.276878 0.66699
0.328168 0.284034 0.554041
0.30305 0.22299 0.424475
0.342957 0.299178 0.544584
0.371173 0.318166 0.497453
0.676869 0.268496 0.474552
0.650427 0.295817 0.517503
0.58086 0.336201 0.436535
0.368202 0.274109 0.635287
0.539036 0.227574 0.677109
0.499022 0.333187 0.402825
0.570048 0.243339 0.673971
0.580855 0.215606 0.310174
0.351103 0.219891 0.626078
0.401042 0.239105 0.321842
0.384853 0.32762 0.40741
0.382554 0.310506 0.369114
0.51745 0.320981 0.609752
0.487585 0.240365 0.297477
0.502448 0.209134 0.297474
0.515241 0.331293 0.394177
0.381205 0.322641 0.471833
0.300538 0.246364 0.508029
0.604898 0.326699 0.564138
0.593971 0.226758 0.3195
0.623495 0.232027 0.642376
0.583194 0.333694 0.58311
0.433533 0.335254 0.402821
0.462714 0.334008 0.431706
0.487069 0.333425 0.431147
0.348436 0.232787 0.354734
0.532858 0.215578 0.674668
0.603822 0.220822 0.324404
0.670557 0.203985 0.513819
0.603232 0.241756 0.657867
0.560699 0.333864 0.457397
0.680322 0.253842 0.474749
0.474668 0.202336 0.303142
0.361849 0.286701 0.355304
0.470203 0.273761 0.666053
0.674013 0.203999 0.516097
0.541665 0.329196 0.524032
0.414677 0.334582 0.471809
0.310133 0.240739 0.552936
0.669174 0.223838 0.594917
0.449 0.321909 0.369179
0.523679 0.274879 0.314401
0.519736 0.306545 0.640037
0.526802 0.326755 0.591035
0.298156 0.245851 0.488881
0.375689 0.296671 0.35671
0.597118 0.326983 0.527713
0.405947 0.321894 0.373074
0.31688 0.256435 0.559073
0.472324 0.245139 0.300208
0.679669 0.208238 0.521337
0.657028 0.223006 0.381666
0.406922 0.333087 0.53994
0.609169 0.323063 0.474024
0.513146 0.25348 0.672395
0.676738 0.262616 0.480703
0.667115 0.268511 0.554834
0.657238 0.270775 0.40299
0.557693 0.261015 0.317187
0.469374 0.327196 0.470435
0.400622 0.226384 0.645962
0.670589 0.20456 0.527424
0.4405 0.334393 0.50543
0.461358 0.229725 0.293923
0.598371 0.323271 0.396729
0.640346 0.235434 0.345704
0.639417 0.22421 0.356379
0.674863 0.257671 0.518459
0.448932 0.334162 0.535969
0.34208 0.298086 0.52186
0.399373 0.329472 0.395934
0.50553 0.211733 0.665104
0.468594 0.327688 0.473599
0.61598 0.298768 0.377704
0.581726 0.225094 0.673833
0.448109 0.226081 0.294993
0.335554 0.293735 0.504633
0.476071 0.281847 0.662239
0.401949 0.22556 0.322975
0.304783 0.227909 0.424054
0.347255 0.266944 0.355903
0.41335 0.333607 0.551123
0.441599 0.275184 0.659688
0.485847 0.208653 0.297722
0.312844 0.265568 0.423336
0.470138 0.248631 0.303273
0.424623 0.334767 0.538348
0.45299 0.28117 0.321971
0.676194 0.228604 0.566974
0.616198 0.267693 0.635585
0.385634 0.277679 0.64241
0.59051 0.273073 0.659578
0.608249 0.32463 0.45173
0.345146 0.301923 0.398173
0.404402 0.332895 0.452756
0.523752 0.324169 0.596901
0.669316 0.201941 0.504625
0.300725 0.239653 0.517228
0.484326 0.330221 0.444854
0.561959 0.331252 0.549545
0.565795 0.335739 0.415429
0.345343 0.219737 0.616096
0.384518 0.236229 0.333979
0.327305 0.229945 0.390339
0.523114 0.213174 0.663918
0.389792 0.326354 0.481725
0.504318 0.326571 0.472467
0.423382 0.228177 0.305407
0.349791 0.302616 0.532359
0.435716 0.240605 0.306584
0.368086 0.315242 0.396158
0.334078 0.246652 0.37286
0.641757 0.257758 0.61169
0.499962 0.328934 0.550828
0.651626 0.225935 0.608753
0.616576 0.246444 0.641841
0.377527 0.239165 0.339289
0.671796 0.270992 0.484245
0.315133 0.269888 0.415973
0.519613 0.217161 0.665326
0.40778 0.225467 0.3231
0.454113 0.271174 0.316693
0.466052 0.328627 0.570934
0.494586 0.327129 0.498226
0.615796 0.317887 0.491489
0.500835 0.326418 0.487665
0.478958 0.326917 0.493418
0.376967 0.31856 0.474754
0.292933 0.212427 0.468208
0.682957 0.218734 0.43483
0.667386 0.22656 0.591157
0.574528 0.330335 0.483263
0.388644 0.228451 0.632759
0.520172 0.23084 0.301314
0.347838 0.304191 0.457246
0.447007 0.217133 0.67253
0.455598 0.330742 0.494627
0.352391 0.30492 0.469277
0.311927 0.213028 0.425278
0.306896 0.251403 0.521776
0.362521 0.310644 0.394137
0.63603 0.274436 0.614456
0.672822 0.203354 0.492314
0.55918 0.32949 0.497444
0.675735 0.251498 0.50937
0.507018 0.333145 0.427111
0.536912 0.302919 0.344082
0.435898 0.333626 0.461018
0.331585 0.222896 0.588084
0.676272 0.23135 0.55823
0.665107 0.222142 0.401458
0.621397 0.293724 0.620534
0.321716 0.263426 0.56223
0.668287 0.271047 0.507422
0.526582 0.324688 0.526816
0.527604 0.211565 0.660278
0.544534 0.209008 0.663754
0.435559 0.294299 0.334457
0.642391 0.279552 0.39355
0.683211 0.225463 0.449726
0.608401 0.322304 0.553474
0.304193 0.250261 0.457081
0.394581 0.327102 0.572785
0.414792 0.303781 0.631112
0.65971 0.227388 0.381117
0.341764 0.235725 0.611763
0.423458 0.332353 0.570207
0.576817 0.329716 0.513509
0.646658 0.294316 0.525814
0.507511 0.32674 0.544054
0.601614 0.234981 0.652824
0.589276 0.228622 0.658002
0.323689 0.256743 0.391445
0.404377 0.331019 0.528865
0.452943 0.243642 0.669916
0.320928 0.238029 0.571864
0.346349 0.238295 0.616425
0.64759 0.27617 0.397699
0.579538 0.222403 0.670799
0.392886 0.240064 0.651284
0.55406 0.330346 0.462691
0.660234 0.226011 0.386821
0.438791 0.332117 0.480184
0.609511 0.32082 0.544784
0.620987 0.235087 0.336271
0.638104 0.303377 0.455336
0.531572 0.325953 0.473066
0.385139 0.32535 0.447232
0.316883 0.270952 0.422543
0.664507 0.271512 0.528689
0.36497 0.232896 0.606664
0.536072 0.209609 0.65595
0.405752 0.253994 0.656154
0.409899 0.310493 0.356019
0.393733 0.306725 0.619159
0.463454 0.272509 0.318579
0.578845 0.283141 0.654805
0.598511 0.326082 0.408728
0.361544 0.22745 0.621848
0.450317 0.279059 0.322947
0.641513 0.266132 0.606363
0.39415 0.32873 0.444326
0.556362 0.327456 0.501414
0.578583 0.330598 0.547924
0.481514 0.312365 0.36081
0.491197 0.294911 0.336368
0.530156 0.323633 0.51506
0.47804 0.209403 0.307692
0.607108 0.273352 0.642063
0.421879 0.312811 0.622099
0.570655 0.328576 0.510986
0.348157 0.228066 0.604349
0.295502 0.21728 0.465239
0.671227 0.25246 0.535962
0.556577 0.328798 0.46759
0.610055 0.322498 0.441369
0.476828 0.322114 0.381723
0.484531 0.226339 0.675851
0.322628 0.224373 0.563797
0.374327 0.23546 0.633889
0.59252 0.328846 0.456283
0.526955 0.209485 0.315182
0.343788 0.292642 0.588614
0.564356 0.249197 0.670207
0.385701 0.234051 0.635185
0.629481 0.235461 0.343395
0.553265 0.286881 0.332507
0.64052 0.269213 0.605226
0.394069 0.325896 0.505038
0.405913 0.312003 0.361288
0.533714 0.305258 0.634291
0.591668 0.310654 0.371658
0.463121 0.211839 0.669871
0.658048 0.277069 0.5611
0.612709 0.284931 0.631608
0.396885 0.327145 0.520155
0.637959 0.300684 0.498718
0.520861 0.32959 0.440499
0.393133 0.311596 0.611795
0.598241 0.242825 0.654215
0.418344 0.305454 0.628279
0.516105 0.25421 0.310595
0.595613 0.325878 0.46573
0.576805 0.328023 0.514848
0.57219 0.255072 0.667233
0.498709 0.32404 0.505663
0.666178 0.266674 0.520427
0.370181 0.311711 0.473373
0.436403 0.310829 0.625332
0.673962 0.212428 0.502858
0.676249 0.233365 0.520473
0.491644 0.324428 0.459218
0.35576 0.303945 0.470281
0.667406 0.221782 0.568143
0.480938 0.216348 0.298414
0.589144 0.2384 0.662069
0.466315 0.325192 0.581157
0.559299 0.281378 0.658663
0.30703 0.222121 0.522206
0.517131 0.323108 0.511755
0.319554 0.267261 0.514117
0.647374 0.253693 0.38292
0.316121 0.265785 0.486747
0.651171 0.253923 0.597057
0.656018 0.285343 0.49017
0.381157 0.308669 0.376654
0.303489 0.223067 0.451014
0.417517 0.234103 0.323464
0.462378 0.288944 0.332832
0.483905 0.324967 0.535697
0.526199 0.217603 0.311252
0.430147 0.251104 0.660873
0.556657 0.317926 0.374171
0.562698 0.274037 0.661371
0.540049 0.322404 0.530961
0.602777 0.228578 0.333868
0.668489 0.208575 0.480281
0.500574 0.324203 0.554619
0.475127 0.204186 0.668835
0.38695 0.322079 0.526756
0.492353 0.324189 0.526527
0.505769 0.323916 0.580604
0.357904 0.306521 0.398986
0.377783 0.31725 0.518772
0.399006 0.328719 0.447312
0.637233 0.24039 0.614409
0.55926 0.218504 0.3152
0.340121 0.236003 0.575649
0.318169 0.214425 0.440576
0.481151 0.325226 0.525949
0.329953 0.287595 0.441273
0.41336 0.316679 0.367322
0.416294 0.236938 0.65908
0.522178 0.321329 0.497427
0.522915 0.268086 0.665341
0.339611 0.250636 0.376421
0.364978 0.240997 0.61983
0.485237 0.24954 0.668024
0.482425 0.323645 0.527177
0.331114 0.230854 0.56296
0.428072 0.332728 0.412852
0.380563 0.308728 0.37972
0.572764 0.290509 0.64528
0.666799 0.257771 0.513136
0.355327 0.300599 0.584693
0.500061 0.327765 0.430466
0.668454 0.213697 0.49702
0.586411 0.285199 0.338783
0.321355 0.267366 0.516094
0.459484 0.326317 0.454354
0.667266 0.248983 0.416572
0.668292 0.220154 0.540829
0.468692 0.309321 0.36129
0.3118 0.238851 0.534668
0.491552 0.320704 0.463951
0.458962 0.266399 0.660071
0.486172 0.245627 0.309013
0.5337 0.247874 0.313204
0.594426 0.324086 0.594861
0.430335 0.286292 0.644832
0.604546 0.231525 0.336602
0.503562 0.26015 0.665228
0.455199 0.326694 0.547948
0.63222 0.273586 0.608951
0.671852 0.248487 0.459134
0.426725 0.232998 0.320714
0.577286 0.23179 0.6598
0.335198 0.286007 0.397169
0.524199 0.320711 0.541646
0.380902 0.237762 0.625692
0.343447 0.239799 0.579442
0.484674 0.318654 0.471829
0.318527 0.263392 0.492516
0.487711 0.215818 0.668273
0.61902 0.259735 0.620039
0.334203 0.241817 0.582181
0.636565 0.284412 0.400958
0.357069 0.300421 0.392789
0.331755 0.283274 0.46666
0.437323 0.329301 0.45563
0.391019 0.257851 0.637484
0.341262 0.292436 0.400775
0.63792 0.295494 0.554654
0.646594 0.289788 0.496686
0.316803 0.220832 0.437569
0.504823 0.246398 0.666661
0.439432 0.24756 0.31681
0.664236 0.229513 0.564589
0.351979 0.239488 0.606013
0.325785 0.229596 0.414253
0.408743 0.247111 0.641554
0.621055 0.260118 0.618019
0.351384 0.276585 0.611593
0.556852 0.329264 0.406492
0.302846 0.229093 0.469646
0.443625 0.228089 0.661504
0.658983 0.269547 0.526945
0.506824 0.327768 0.413363
0.408655 0.273656 0.330628
0.471329 0.317019 0.380204
0.56235 0.318545 0.379915
0.549112 0.300754 0.634703
0.51462 0.324446 0.395115
0.509831 0.317834 0.482763
0.474341 0.227253 0.673537
0.668838 0.21982 0.515622
0.526377 0.261446 0.317271
0.597817 0.245626 0.641235
0.320864 0.26455 0.487537
0.332589 0.271564 0.392196
0.645351 0.285361 0.42449
0.452532 0.323913 0.496566
0.452698 0.324295 0.553982
0.34896 0.295838 0.398271
0.389902 0.25957 0.633621
0.454099 0.230318 0.666992
0.548152 0.31928 0.524718
0.424981 0.32963 0.456297
0.611039 0.269089 0.352709
0.383188 0.297911 0.364737
0.451748 0.327657 0.410046
0.494809 0.315843 0.4699
0.400518 0.256292 0.642067
0.398924 0.323367 0.573194
0.455134 0.312119 0.368493
0.528294 0.232681 0.314247
0.449 0.323967 0.393713
0.441432 0.3235 0.588879
0.317855 0.260914 0.447109
0.668792 0.22262 0.47503
0.567828 0.239478 0.665925
0.513627 0.27565 0.657648
0.591343 0.324426 0.549595
0.388188 0.295389 0.357955
0.357092 0.243536 0.605522
0.3127 0.225259 0.458571
0.458853 0.321812 0.479776
0.650205 0.239991 0.388293
0.550632 0.324347 0.394989
0.316856 0.255589 0.506317
0.48696 0.241923 0.667345
0.513806 0.280349 0.654963
0.598126 0.268804 0.638936
0.395641 0.250043 0.634972
0.365537 0.287754 0.369239
0.360675 0.300135 0.540563
0.496087 0.314808 0.496281
0.508475 0.322785 0.436603
0.456407 0.32597 0.412286
0.344047 0.292077 0.402559
0.507324 0.242922 0.663886
0.539502 0.227122 0.321565
0.415785 0.325368 0.578817
0.46715 0.289771 0.642623
0.509403 0.23929 0.314687
0.320197 0.256048 0.518197
0.416863 0.261541 0.650613
0.633211 0.298933 0.477219
0.612473 0.295429 0.383399
0.487787 0.211587 0.659873
0.363768 0.296103 0.599797
0.543181 0.230805 0.662608
0.491197 0.248064 0.316006
0.53153 0.32618 0.412642
0.31186 0.234977 0.460981
0.369557 0.298852 0.381861
0.601122 0.251323 0.631968
0.609357 0.313503 0.478665
0.632837 0.242592 0.369738
0.443615 0.239793 0.322048
0.455578 0.236973 0.317591
0.61789 0.308942 0.477819
0.345259 0.287043 0.531112
0.503311 0.221167 0.658375
0.315419 0.245408 0.517001
0.641251 0.288267 0.514856
0.360381 0.305416 0.406803
0.5365 0.320159 0.559154
0.555373 0.315477 0.609486
0.665871 0.226308 0.519567
0.343929 0.268397 0.594352
0.434335 0.285797 0.337226
0.339183 0.272633 0.578786
0.567715 0.30051 0.356248
0.463536 0.257335 0.658606
0.339822 0.28791 0.40649
0.596241 0.264723 0.634101
0.35296 0.268042 0.370509
0.634582 0.27227 0.595246
0.500046 0.319023 0.394525
0.430768 0.247266 0.651679
0.610993 0.248896 0.612319
0.345991 0.285264 0.537099
0.314377 0.245784 0.476997
0.478962 0.3111 0.474515
0.537757 0.325346 0.426046
0.316184 0.24185 0.453246
0.585583 0.282643 0.641038
0.518662 0.250875 0.65998
0.625723 0.284986 0.600079
0.657446 0.215753 0.476864
0.451058 0.259171 0.656138
0.403781 0.253617 0.622451
0.588162 0.250776 0.636328
0.402336 0.322562 0.476288
0.460209 0.255524 0.658849
0.515257 0.31308 0.379368
0.497469 0.312354 0.496092
0.651697 0.267929 0.568708
0.359632 0.253112 0.596898
0.488456 0.259385 0.658958
0.501617 0.31423 0.533548
0.651829 0.271289 0.510966
0.564217 0.318948 0.504455
0.502982 0.315474 0.543714
0.607524 0.316253 0.412083
0.334281 0.276175 0.465324
0.422187 0.315961 0.381241
0.514821 0.246005 0.320253
0.590457 0.305441 0.374937
0.629089 0.278802 0.595742
0.323939 0.255072 0.421375
0.447239 0.320063 0.492301
0.498908 0.257991 0.656923
0.606791 0.250499 0.353522
0.371793 0.295021 0.380861
0.330006 0.269426 0.40947
0.319696 0.241809 0.457221
0.320082 0.240953 0.455174
0.415181 0.266842 0.644085
0.607348 0.317437 0.430338
0.541223 0.315234 0.464783
0.546706 0.239288 0.657991
0.605574 0.311909 0.481524
0.427676 0.323123 0.499827
0.477262 0.271377 0.651651
0.556011 0.266397 0.330515
0.468947 0.272315 0.332136
0.471673 0.315885 0.551133
0.631862 0.268385 0.393199
0.425388 0.256457 0.334622
0.463242 0.320098 0.439268
0.46874 0.316545 0.556862
0.372574 0.257628 0.595301
0.567905 0.317917 0.52863
0.499874 0.313885 0.546029
0.386583 0.304416 0.382281
0.625926 0.274358 0.600127
0.543135 0.291341 0.637836
0.514599 0.308775 0.375027
0.389001 0.258567 0.61783
0.393411 0.307673 0.605112
0.408198 0.258431 0.625895
0.415274 0.325231 0.417057
0.323657 0.245929 0.465145
0.609552 0.298934 0.393767
0.48306 0.302443 0.619944
0.328063 0.240174 0.435174
0.558458 0.25526 0.33205
0.653981 0.251834 0.550536
0.650532 0.262913 0.420512
0.555308 0.253669 0.331438
0.657127 0.248816 0.475408
0.339641 0.266159 0.553275
0.614463 0.255373 0.362657
0.468048 0.311289 0.492599
0.378449 0.291103 0.372477
0.542496 0.309569 0.490176
0.472731 0.312416 0.530475
0.536788 0.237227 0.650137
0.635935 0.251331 0.391103
0.629386 0.265184 0.593911
0.478148 0.304009 0.616978
0.472863 0.317907 0.418859
0.590101 0.321483 0.451499
0.64923 0.270705 0.446654
0.357898 0.289527 0.520292
0.464143 0.313897 0.589001
0.423277 0.306954 0.366976
0.517634 0.316473 0.438517
0.501057 0.30621 0.491183
0.655714 0.226746 0.486923
0.653505 0.257359 0.483188
0.457983 0.288419 0.346513
0.497977 0.28862 0.348928
0.477049 0.27877 0.644678
0.558532 0.320491 0.39896
0.590161 0.319034 0.461793
0.360299 0.287259 0.523256
0.414921 0.32301 0.449119
0.495786 0.311096 0.559596
0.623325 0.290283 0.408903
0.650317 0.239493 0.544045
0.65713 0.246157 0.439564
0.382276 0.303851 0.52308
0.474124 0.307275 0.507122
0.654694 0.240528 0.477319
0.463865 0.248915 0.655978
0.585701 0.313836 0.516399
0.394114 0.277906 0.352711
0.614082 0.303693 0.573289
0.50246 0.240259 0.328638
0.494544 0.233267 0.657121
0.543431 0.307072 0.51609
0.333861 0.275133 0.423498
0.543079 0.306951 0.509129
0.544897 0.314269 0.553185
0.498336 0.252496 0.652679
0.371749 0.296769 0.483268
0.49041 0.302759 0.483926
0.39706 0.256533 0.609913
0.646972 0.264065 0.483936
0.343759 0.277931 0.400677
0.47535 0.294437 0.36352
0.347519 0.275682 0.520158
0.350979 0.278659 0.558796
0.432718 0.321786 0.451386
0.476841 0.314013 0.403228
0.521633 0.310858 0.561747
0.592896 0.315654 0.464491
0.454942 0.313568 0.471162
0.43622 0.318035 0.494071
0.431897 0.318565 0.498487
0.403266 0.283397 0.623858
0.367994 0.289575 0.503889
0.596044 0.303332 0.389482
0.438683 0.30287 0.37106
0.6363 0.252672 0.408357
0.337968 0.262028 0.483326
0.645345 0.26693 0.444225
0.4322 0.315539 0.542821
0.503304 0.268095 0.642739
0.576075 0.310006 0.38567
0.342132 0.262227 0.501569
0.647729 0.262721 0.440663
0.533164 0.302273 0.531893
0.381001 0.294331 0.598853
0.463516 0.261895 0.334536
0.369148 0.29174 0.475051
0.591858 0.316261 0.455735
0.384162 0.302569 0.541218
0.400265 0.283381 0.355035
0.47478 0.309359 0.565356
0.384439 0.308601 0.411171
0.632908 0.27914 0.531283
0.513291 0.243865 0.333
0.636414 0.258003 0.407539
0.621671 0.274574 0.592353
0.541351 0.302814 0.477093
0.649663 0.231463 0.496764
0.513503 0.304214 0.539221
0.500134 0.300511 0.377134
0.653889 0.24255 0.450692
0.544667 0.304237 0.487736
0.343435 0.258094 0.522501
0.343912 0.259 0.520326
0.503248 0.304671 0.457501
0.555034 0.307503 0.510303
0.427042 0.317493 0.570743
0.359967 0.281872 0.583942
0.384283 0.279904 0.599413
0.458315 0.278544 0.633933
0.522475 0.312236 0.417657
0.390946 0.272381 0.361331
0.512292 0.310378 0.426795
0.640401 0.269287 0.447084
0.637053 0.259814 0.416219
0.398835 0.310696 0.473994
0.514635 0.306296 0.563369
0.344148 0.278971 0.43534
0.41913 0.315775 0.570753
0.371961 0.276521 0.588919
0.531978 0.300773 0.379077
0.645218 0.228321 0.508013
0.484556 0.255299 0.336894
0.574464 0.267831 0.633774
0.530053 0.294149 0.480851
0.535196 0.258792 0.337885
0.492717 0.290455 0.36599
0.451648 0.308349 0.495283
0.608651 0.297966 0.406054
0.551741 0.30503 0.471096
0.510029 0.301725 0.540579
0.344753 0.266441 0.410853
0.442 0.297253 0.366679
0.506269 0.293526 0.480256
0.386978 0.308159 0.416684
0.465588 0.306155 0.395205
0.635639 0.275169 0.468519
0.481595 0.253952 0.647353
0.56051 0.315396 0.449345
0.629335 0.278729 0.530607
0.584071 0.274376 0.355048
0.430096 0.265379 0.636769
0.558694 0.309171 0.537668
0.499042 0.286239 0.358428
0.381351 0.291134 0.486546
0.463928 0.244386 0.648848
0.363278 0.274945 0.505132
0.404276 0.279239 0.358349
0.356666 0.287695 0.417456
0.625932 0.284864 0.453019
0.471973 0.304544 0.563959
0.540032 0.313673 0.417941
0.512075 0.268192 0.631883
0.550754 0.307328 0.394302
0.400051 0.269225 0.604994
0.37091 0.294087 0.410329
0.504308 0.276147 0.629485
0.397925 0.286832 0.368799
0.573968 0.289783 0.617904
0.58895 0.284991 0.368302
0.451684 0.281799 0.351924
0.537319 0.294381 0.517098
0.388872 0.299193 0.554331
0.627105 0.274106 0.500203
0.508202 0.279215 0.627242
0.569086 0.304086 0.510496
0.630259 0.27824 0.457665
0.341632 0.255703 0.451822
0.404088 0.308202 0.549216
0.502695 0.279414 0.627625
0.356637 0.265163 0.534809
0.638793 0.251823 0.518361
0.53723 0.312202 0.411326
0.624214 0.280973 0.5429
0.482145 0.295015 0.51483
0.437474 0.283855 0.623936
0.549626 0.309536 0.449943
0.371794 0.282834 0.525435
0.452031 0.261095 0.640758
0.644127 0.235893 0.531549
0.386551 0.289138 0.391106
0.485791 0.283235 0.477552
0.539443 0.298199 0.605028
0.457453 0.281556 0.622824
0.384211 0.284524 0.585098
0.61937 0.286686 0.455208
0.571009 0.309676 0.552764
0.346508 0.255201 0.453123
0.432846 0.269016 0.350438
0.610764 0.288617 0.51509
0.572989 0.291963 0.611277
0.365451 0.271114 0.516244
0.485973 0.288105 0.503388
0.483865 0.279038 0.363469
0.476251 0.289254 0.382485
0.346642 0.260716 0.461832
0.391791 0.292522 0.529769
0.562251 0.298356 0.494099
0.450274 0.300697 0.5074
0.398486 0.283735 0.371402
0.498086 0.267198 0.629825
0.634536 0.25837 0.465316
0.345917 0.255753 0.460353
0.409136 0.293308 0.601283
0.49063 0.269939 0.351972
0.525726 0.3029 0.578573
0.434115 0.291937 0.611134
0.538844 0.299225 0.545072
0.483719 0.288085 0.466273
0.484733 0.289593 0.513071
0.577606 0.288005 0.61309
0.609002 0.255638 0.592692
0.472715 0.29589 0.530394
0.396036 0.296959 0.488917
0.386875 0.289917 0.584825
0.609938 0.296023 0.45915
0.39028 0.289736 0.554113
0.486255 0.280906 0.494721
0.397481 0.290102 0.389804
0.471458 0.265666 0.630219
0.529925 0.300163 0.58715
0.599966 0.299385 0.459111
0.399752 0.303703 0.435519
0.48769 0.283937 0.379542
0.410682 0.307059 0.407742
0.485859 0.280488 0.492576
0.523091 0.273424 0.355403
0.408224 0.253839 0.604485
0.45338 0.305846 0.423981
0.526903 0.283762 0.527826
0.550466 0.257492 0.628491
0.356196 0.262479 0.478973
0.605619 0.295894 0.453388
0.532019 0.273049 0.354071
0.625647 0.258082 0.419246
0.536324 0.289552 0.376407
0.426723 0.301153 0.511717
0.634539 0.235802 0.4991
0.467553 0.232007 0.643813
0.425039 0.270205 0.357404
0.484031 0.289718 0.533669
0.530616 0.294331 0.390901
0.376877 0.285495 0.455525
0.418273 0.288478 0.367425
0.409991 0.310284 0.420297
0.623132 0.266012 0.472545
0.504723 0.293454 0.396053
0.470723 0.297621 0.405615
0.423371 0.284571 0.610708
0.359754 0.266546 0.415508
0.549044 0.293961 0.381146
0.449212 0.28616 0.61249
0.397985 0.287456 0.533846
0.632187 0.238047 0.464587
0.627773 0.246029 0.50922
0.498963 0.283884 0.605458
0.548999 0.284918 0.498266
0.567208 0.298188 0.460776
0.444521 0.300026 0.453418
0.520731 0.271793 0.485964
0.398461 0.250213 0.590859
0.385821 0.279216 0.396324
0.58969 0.301793 0.554151
0.520386 0.274541 0.505761
0.543619 0.295099 0.450233
0.479878 0.285955 0.535302
0.484348 0.271019 0.480294
0.391668 0.292316 0.410424
0.621343 0.265747 0.539678
0.410457 0.293254 0.508859
0.560847 0.302966 0.405948
0.46511 0.282236 0.473905
0.614004 0.277128 0.561021
0.391019 0.272943 0.384842
0.428803 0.298627 0.394219
0.434986 0.298783 0.479754
0.612312 0.254517 0.581369
0.418572 0.299735 0.494758
0.516162 0.27564 0.466733
0.525324 0.273871 0.501051
0.610008 0.283441 0.426091
0.396302 0.283786 0.512469
0.609049 0.268362 0.406988
0.53781 0.278909 0.487296
0.474214 0.270055 0.622
0.477494 0.294759 0.41248
0.556768 0.295568 0.46013
0.408845 0.297158 0.558077
0.391911 0.287495 0.443147
0.626887 0.227192 0.479265
0.476353 0.25957 0.624019
0.509094 0.277898 0.601301
0.431078 0.2948 0.48131
0.544635 0.285439 0.460441
0.543941 0.275655 0.607038
0.362453 0.262926 0.45314
0.371239 0.269895 0.418326
0.538713 0.264846 0.362919
0.52506 0.251927 0.619035
0.520123 0.262124 0.611573
0.507987 0.253318 0.362486
0.509716 0.287356 0.406621
0.581893 0.299269 0.454989
0.396982 0.291228 0.440708
0.520652 0.277387 0.453855
0.39424 0.281163 0.400945
0.484448 0.288546 0.570523
0.611317 0.258979 0.486989
0.532765 0.270105 0.485078
0.391295 0.289267 0.43263
0.511596 0.282451 0.596229
0.438051 0.289263 0.513871
0.62298 0.240746 0.494536
0.433486 0.276708 0.60849
0.480688 0.27041 0.61448
0.418255 0.27019 0.601703
0.533734 0.270204 0.364879
0.514747 0.267489 0.469239
0.534078 0.275336 0.467563
0.384671 0.27332 0.539601
0.421047 0.294228 0.393352
0.452025 0.283164 0.602891
0.460529 0.283066 0.521422
0.53693 0.287206 0.449369
0.415927 0.275027 0.588264
0.623888 0.226163 0.492756
0.595752 0.288101 0.434
0.518175 0.271063 0.597285
0.575588 0.280903 0.476798
0.530306 0.270926 0.460914
0.408068 0.283508 0.479152
0.492701 0.270642 0.386029
0.366389 0.258604 0.461202
0.464568 0.259096 0.61903
0.491381 0.275893 0.39671
0.535259 0.28674 0.434283
0.497075 0.279862 0.556165
0.549261 0.287272 0.548757
0.403245 0.279587 0.401103
0.406036 0.285353 0.464166
0.453563 0.250256 0.624239
0.385922 0.269479 0.53063
0.395646 0.28006 0.458036
0.485056 0.258682 0.488604
0.467864 0.279572 0.396853
0.412307 0.286974 0.474787
0.610719 0.251346 0.491809
0.431788 0.291455 0.551579
0.584453 0.27868 0.392134
0.426117 0.29682 0.451033
0.433962 0.295461 0.446361
0.539704 0.277135 0.460211
0.494313 0.249912 0.620279
0.37083 0.265114 0.432661
0.474072 0.275443 0.532378
0.495132 0.228234 0.630464
0.364587 0.253288 0.478848
0.40815 0.282614 0.49185
0.586369 0.27254 0.586673
0.41576 0.282325 0.58237
0.403516 0.273752 0.489578
0.622134 0.224696 0.50674
0.460504 0.2685 0.496631
0.527144 0.26579 0.596717
0.457365 0.277838 0.454248
0.518059 0.256614 0.463992
0.514663 0.218172 0.617862
0.592322 0.254953 0.58472
0.371394 0.253735 0.490585
0.605609 0.262203 0.56058
0.453812 0.279061 0.455607
0.551601 0.271054 0.519792
0.476296 0.25188 0.481355
0.59758 0.276507 0.448762
0.496987 0.223414 0.626453
0.411966 0.279073 0.484279
0.621513 0.22962 0.51543
0.371634 0.254799 0.44768
0.563183 0.266881 0.5971
0.621162 0.224611 0.498275
0.404902 0.271961 0.567645
0.432103 0.280109 0.515764
0.43079 0.281759 0.394868
0.434259 0.276892 0.592427
0.594341 0.274597 0.524213
0.444115 0.284471 0.551888
0.403402 0.273478 0.55377
0.434438 0.286108 0.5538
0.450683 0.285044 0.564749
0.497118 0.219374 0.626536
0.40826 0.254012 0.587702
0.600806 0.274014 0.437845
0.598936 0.27057 0.541349
0.377948 0.25842 0.43068
0.494745 0.276953 0.413456
0.523359 0.250147 0.475094
0.412961 0.268889 0.404282
0.619931 0.225001 0.52104
0.558779 0.281832 0.578536
0.535983 0.261075 0.59439
0.596176 0.268458 0.452733
0.507557 0.245416 0.4689
0.370974 0.244416 0.499693
0.478335 0.271878 0.565036
0.385535 0.256139 0.531998
0.513175 0.261278 0.544298
0.407657 0.269419 0.496127
0.543259 0.242168 0.60744
0.450713 0.275299 0.404238
0.385435 0.24898 0.549236
0.580141 0.28143 0.565293
0.417364 0.27437 0.505085
0.525896 0.271095 0.42728
0.610268 0.245783 0.55506
0.5014 0.24617 0.50008
0.500673 0.247081 0.503081
0.585561 0.266607 0.497976
0.449053 0.28031 0.569017
0.508562 0.270195 0.574811
0.434187 0.255388 0.376898
0.56181 0.287077 0.433392
0.443498 0.276406 0.402682
0.612354 0.250202 0.443741
0.559453 0.284001 0.414859
0.382814 0.256625 0.516432
0.60712 0.251738 0.551725
0.572285 0.290096 0.431035
0.454946 0.263782 0.484119
0.535694 0.224222 0.613321
0.588194 0.273428 0.56324
0.380597 0.253998 0.485937
0.41801 0.241369 0.599576
0.413529 0.266438 0.53984
0.611261 0.232808 0.536154
0.437595 0.273538 0.409508
0.544733 0.255414 0.591789
0.478095 0.266218 0.420534
0.497333 0.23345 0.473769
0.485991 0.253113 0.398142
0.590719 0.251806 0.508538
0.401377 0.247359 0.574234
0.418557 0.267497 0.512451
0.612821 0.230472 0.539756
0.56927 0.269612 0.463679
0.43523 0.268543 0.583008
0.414156 0.271163 0.454075
0.427247 0.270209 0.52706
0.42208 0.270225 0.528037
0.461278 0.257363 0.597652
0.608966 0.23338 0.469102
0.428395 0.269189 0.40235
0.376927 0.243568 0.503132
0.504713 0.26189 0.419569
0.458494 0.232796 0.61689
0.595182 0.242643 0.485858
0.419742 0.275321 0.417495
0.538502 0.269102 0.568647
0.45157 0.260509 0.504807
0.574513 0.27006 0.535206
0.457109 0.257674 0.506384
0.589625 0.250476 0.494195
0.481472 0.243636 0.511608
0.498556 0.234656 0.489601
0.547114 0.264147 0.541227
0.504315 0.253714 0.446685
0.55504 0.254378 0.488526
0.532859 0.264728 0.560227
0.517595 0.238195 0.500848
0.405128 0.253558 0.469025
0.392865 0.248149 0.434413
0.592495 0.238761 0.477658
0.60077 0.236887 0.539536
0.483529 0.250571 0.592778
0.495179 0.224789 0.474999
0.568108 0.26866 0.409854
0.424791 0.262303 0.519351
0.534753 0.211186 0.610753
0.4563 0.239223 0.379016
0.538333 0.248666 0.533643
0.54068 0.258132 0.552143
0.389429 0.245111 0.497589
0.490984 0.241224 0.455259
0.561663 0.256782 0.5822
0.470614 0.219118 0.618224
0.408891 0.254449 0.480295
0.619624 0.213309 0.449429
0.462347 0.22597 0.614763
0.459932 0.254712 0.40249
0.494138 0.254936 0.430344
0.496895 0.25169 0.55172
0.374591 0.227359 0.487583
0.471137 0.258931 0.559566
0.609194 0.240527 0.427636
0.47213 0.232677 0.484845
0.396042 0.236002 0.571157
0.382053 0.240215 0.519029
0.528502 0.241448 0.528525
0.610945 0.215532 0.485603
0.589209 0.252841 0.555602
0.484097 0.258022 0.56725
0.434211 0.260798 0.518116
0.57853 0.263989 0.462197
0.49932 0.240418 0.527869
0.476647 0.255347 0.416145
0.424287 0.221752 0.60269
0.387619 0.235159 0.452019
0.466144 0.249917 0.549021
0.607634 0.220106 0.543506
0.60351 0.226073 0.546888
0.484872 0.214842 0.479355
0.439573 0.255089 0.533567
0.526599 0.223325 0.483315
0.539902 0.254861 0.423078
0.580355 0.233351 0.584029
0.498574 0.231451 0.595368
0.548454 0.252232 0.40271
0.615469 0.216972 0.444845
0.520913 0.239864 0.584499
0.423807 0.256981 0.547028
0.471037 0.228316 0.386694
0.571552 0.254298 0.399277
0.599484 0.230929 0.560747
0.380165 0.221126 0.501469
0.581131 0.258068 0.420265
0.438361 0.242572 0.59359
0.502879 0.22387 0.599578
0.467558 0.243896 0.407498
0.466439 0.234349 0.599612
0.589773 0.239922 0.544378
0.477148 0.235286 0.59771
0.592206 0.238161 0.465025
0.507788 0.227842 0.384804
0.481371 0.222163 0.498134
0.477218 0.247662 0.43453
0.516899 0.234017 0.390792
0.563792 0.218289 0.60286
0.402084 0.228251 0.57874
0.53256 0.21813 0.603456
0.410446 0.229764 0.585951
0.58782 0.240635 0.539761
0.409967 0.238657 0.510472
0.384087 0.21973 0.465786
0.560973 0.237589 0.390011
0.388557 0.224646 0.548837
0.498728 0.232668 0.544957
0.474142 0.213388 0.482435
0.535195 0.242109 0.432616
0.401377 0.236877 0.452123
0.538694 0.22727 0.468476
0.500195 0.233975 0.583778
0.464407 0.227423 0.392844
0.563968 0.233657 0.487024
0.577882 0.218687 0.593735
0.563489 0.237601 0.471724
0.500817 0.220468 0.5167
0.472088 0.23498 0.414438
0.499242 0.233774 0.547647
0.600688 0.214828 0.472506
0.540783 0.242449 0.41127
0.474656 0.238327 0.422439
0.600792 0.210679 0.514917
0.50755 0.226684 0.394668
0.534523 0.242295 0.563017
0.461451 0.2208 0.383934
0.582675 0.239668 0.462761
0.477237 0.233755 0.444655
0.541717 0.244826 0.564959
0.400069 0.229122 0.483176
0.42642 0.245541 0.468178
0.575463 0.232759 0.392076
0.459328 0.233683 0.462991
0.438833 0.250849 0.442056
0.589263 0.243999 0.429235
0.506703 0.222272 0.521896
0.535903 0.24353 0.427457
0.468758 0.235415 0.44961
0.421774 0.223838 0.58483
0.434542 0.24035 0.448861
0.389593 0.213991 0.495825
0.476482 0.203003 0.47712
0.501505 0.198459 0.60525
0.469805 0.208802 0.483239
0.470093 0.229232 0.440947
0.572415 0.229865 0.47227
0.612072 0.198274 0.522205
0.55087 0.230222 0.538535
0.545222 0.208947 0.59906
0.520847 0.216237 0.452076
0.535223 0.22462 0.453302
0.470924 0.20949 0.47347
0.548546 0.231433 0.397107
0.551803 0.232454 0.543669
0.436711 0.238717 0.576466
0.400346 0.228738 0.441267
0.597725 0.215963 0.559649
0.607389 0.210043 0.450166
0.575185 0.227579 0.52722
0.606385 0.201034 0.516324
0.604414 0.209562 0.566486
0.536537 0.233323 0.420117
0.468609 0.219235 0.398912
0.512975 0.216775 0.387385
0.434708 0.238983 0.418978
0.515049 0.213634 0.518425
0.56004 0.230572 0.532817
0.595792 0.216951 0.551692
0.418748 0.201418 0.605042
0.531967 0.219638 0.459292
0.452869 0.236007 0.578883
0.536518 0.22677 0.450456
0.4631 0.204555 0.607741
0.618668 0.189637 0.513426
0.419889 0.224973 0.571262
0.556269 0.224947 0.401765
0.569264 0.207618 0.595172
0.505783 0.205097 0.457563
0.510836 0.214356 0.544251
0.456881 0.209182 0.485281
0.492323 0.20693 0.454085
0.59606 0.206858 0.544267
0.568178 0.222288 0.469072
0.477714 0.206187 0.457159
0.594633 0.20313 0.521917
0.412903 0.213107 0.580383
0.381691 0.19551 0.469172
0.420409 0.216231 0.478464
0.475178 0.20379 0.506822
0.580894 0.21121 0.487608
0.456495 0.223242 0.445609
0.51126 0.217534 0.554563
0.539867 0.223386 0.56989
0.525211 0.207009 0.516773
0.501162 0.208154 0.58642
0.405457 0.219834 0.425387
0.578876 0.205463 0.387365
0.555804 0.21556 0.517299
0.603845 0.198887 0.463497
0.414165 0.213393 0.476109
0.535549 0.224274 0.425479
0.606604 0.193851 0.39264
0.485467 0.208573 0.52693
0.424681 0.192086 0.611844
0.505087 0.196906 0.598287
0.599808 0.199909 0.519517
0.486816 0.222754 0.571778
0.393426 0.205874 0.471212
0.464942 0.221398 0.422736
0.590597 0.20361 0.486459
0.412227 0.202067 0.483138
0.558419 0.221084 0.42002
0.452201 0.214244 0.446098
0.516084 0.196389 0.460035
0.406132 0.210042 0.523391
0.443285 0.206584 0.487039
0.589661 0.202554 0.576105
0.470736 0.198783 0.509499
0.566969 0.207624 0.506445
0.385589 0.202603 0.435068
0.550036 0.214499 0.569177
0.417573 0.217266 0.440665
0.59243 0.20232 0.400854
0.458568 0.190635 0.608183
0.556793 0.209686 0.469711
0.581008 0.202139 0.507734
0.611967 0.189763 0.586505
0.501643 0.201047 0.447593
0.473881 0.187275 0.477987
0.418948 0.214998 0.519809
0.438093 0.213786 0.503646
0.408043 0.20588 0.462292
0.429971 0.220067 0.530819
0.549251 0.214057 0.552552
0.580775 0.200377 0.590803
0.424229 0.219395 0.568432
0.498018 0.20307 0.536666
0.503557 0.189378 0.48398
0.435663 0.210166 0.48928
0.523438 0.210033 0.569212
0.442187 0.221227 0.428244
0.460905 0.20702 0.585198
0.450453 0.206201 0.393292
0.595158 0.192878 0.387908
0.604886 0.187214 0.488129
0.466015 0.190404 0.378407
0.412242 0.193302 0.470086
0.450571 0.181324 0.613695
0.396795 0.197012 0.542395
0.550313 0.20559 0.444798
0.415613 0.194561 0.46952
0.42889 0.199635 0.489941
0.380961 0.177953 0.595649
0.498045 0.186063 0.595627
0.52305 0.193602 0.448067
0.540428 0.200557 0.573309
0.602908 0.183188 0.495728
0.529809 0.200105 0.57067
0.445992 0.202603 0.409322
0.412052 0.180259 0.613676
0.476342 0.192846 0.584262
0.607667 0.185576 0.450558
0.397693 0.195027 0.45751
0.38303 0.186584 0.56563
0.41359 0.190536 0.478241
0.575839 0.193031 0.593868
0.60272 0.191014 0.553384
0.44177 0.197731 0.590655
0.408373 0.199187 0.572532
0.569724 0.210844 0.425285
0.484588 0.196234 0.42428
0.550939 0.207296 0.420613
0.614287 0.183771 0.545362
0.600462 0.189985 0.585592
0.601331 0.181471 0.479029
0.577078 0.193285 0.387188
0.533249 0.200445 0.407655
0.51838 0.197134 0.405921
0.48405 0.183324 0.377033
0.460586 0.19657 0.400968
0.604898 0.188356 0.537107
0.440658 0.198603 0.589637
0.41008 0.173874 0.618424
0.450513 0.184196 0.385183
0.502008 0.180217 0.376117
0.562999 0.19619 0.448939
0.544586 0.190611 0.451878
0.415945 0.187168 0.494604
0.485095 0.176022 0.492275
0.611378 0.180297 0.549968
0.524247 0.180699 0.495036
0.452123 0.196212 0.551591
0.558629 0.191127 0.54024
0.541939 0.193253 0.415231
0.420528 0.193243 0.5772
0.446844 0.18874 0.499213
0.561392 0.1915 0.540406
0.613699 0.171431 0.471677
0.560903 0.181881 0.60604
0.61548 0.17273 0.462518
0.576648 0.182084 0.380143
0.467118 0.174909 0.613129
0.535369 0.182497 0.48032
0.450147 0.18659 0.390622
0.481445 0.176248 0.495043
0.568429 0.194923 0.456335
0.46962 0.192016 0.564312
0.556768 0.187732 0.514582
0.573296 0.196786 0.421832
0.491666 0.183375 0.446709
0.546608 0.192826 0.444422
0.452951 0.193639 0.576546
0.466294 0.176741 0.474159
0.626456 0.164948 0.466547
0.446118 0.192283 0.450103
0.426845 0.20019 0.555252
0.503718 0.172015 0.6162
0.553418 0.187923 0.482832
0.409526 0.182065 0.531711
0.469773 0.173323 0.502358
0.414135 0.18565 0.439616
0.613348 0.173137 0.40119
0.549373 0.173735 0.6085
0.41122 0.177902 0.496148
0.573617 0.18046 0.492707
0.451079 0.186165 0.567975
0.435652 0.187181 0.524176
0.477212 0.178038 0.412411
0.484036 0.17612 0.531786
0.52223 0.176095 0.520579
0.38676 0.172551 0.49969
0.518773 0.174114 0.503599
0.465569 0.171292 0.610813
0.409043 0.182535 0.541652
0.525059 0.174683 0.502834
0.382048 0.178704 0.443356
0.615741 0.172965 0.584741
0.535951 0.176186 0.498207
0.524783 0.173363 0.488885
0.49284 0.177681 0.581755
0.517661 0.173866 0.502003
0.617732 0.172367 0.597874
0.532906 0.182152 0.406314
0.583666 0.177233 0.489837
0.385526 0.175484 0.46043
0.424821 0.180568 0.463644
0.494502 0.169489 0.482038
0.584768 0.17955 0.543708
0.564965 0.183762 0.551103
0.55184 0.179054 0.477892
0.623188 0.168686 0.529198
0.439683 0.185623 0.519077
0.462159 0.179664 0.583337
0.506615 0.179647 0.390764
0.405406 0.176132 0.433938
0.467409 0.169273 0.523162
0.529305 0.169089 0.519394
0.630884 0.161489 0.399563
0.432336 0.172489 0.595302
0.394035 0.168193 0.500704
0.427932 0.168211 0.376819
0.564947 0.171839 0.522266
0.434607 0.177363 0.575165
0.374607 0.164517 0.379871
0.441526 0.174344 0.583568
0.535781 0.165592 0.615572
0.620065 0.166865 0.425281
0.559259 0.172921 0.380756
0.556638 0.174832 0.568514
0.407933 0.174709 0.56965
0.443573 0.173536 0.407797
0.630386 0.161918 0.58667
0.536882 0.168526 0.481662
0.418379 0.172366 0.505475
0.45438 0.172301 0.40697
0.502701 0.1637 0.365888
0.603668 0.170132 0.413019
0.61622 0.164474 0.37654
0.518919 0.171787 0.555127
0.589244 0.169758 0.596169
0.603216 0.169452 0.577886
0.561377 0.175113 0.566645
0.439574 0.174559 0.445417
0.447195 0.1696 0.493667
0.49285 0.158356 0.632121
0.402058 0.172219 0.54131
0.57765 0.169464 0.603696
0.402205 0.176098 0.431711
0.614418 0.167471 0.399592
0.374647 0.164431 0.535122
0.401454 0.163186 0.519217
0.616509 0.160407 0.45154
0.618772 0.161235 0.553474
0.387446 0.160585 0.372214
0.565875 0.16543 0.548042
0.388022 0.161527 0.501672
0.609481 0.161312 0.510256
0.479778 0.162827 0.396145
0.379825 0.162518 0.460338
0.386144 0.163896 0.571917
0.533311 0.163564 0.442933
0.389129 0.164664 0.405369
0.472232 0.160847 0.514588
0.467465 0.161308 0.512994
0.368904 0.158529 0.470237
0.426387 0.162625 0.476956
0.55671 0.161118 0.61792
0.507839 0.164329 0.577899
0.556192 0.163609 0.594357
0.452203 0.165321 0.582224
0.444986 0.165913 0.543238
0.53057 0.161844 0.466467
0.492518 0.163051 0.548785
0.371004 0.161105 0.450689
0.420758 0.16276 0.472137
0.469933 0.163112 0.587771
0.505238 0.16027 0.469279
0.528421 0.164315 0.58173
0.406859 0.163221 0.464456
0.380019 0.160786 0.614209
0.412211 0.165543 0.540636
0.631078 0.157813 0.552128
0.404486 0.163438 0.516854
0.541961 0.164058 0.543054
0.4597 0.16155 0.376418
0.479483 0.157186 0.628636
0.396444 0.156175 0.511689
0.413516 0.158227 0.565682
0.591059 0.155867 0.475344
0.545406 0.156122 0.499895
0.57603 0.157117 0.51539
0.374836 0.155083 0.504671
0.630083 0.154479 0.519807
0.497807 0.156045 0.441459
0.636097 0.153646 0.566111
0.475338 0.156089 0.377803
0.560228 0.157662 0.394558
0.59751 0.155606 0.481502
0.378744 0.155398 0.522411
0.438374 0.157078 0.518553
0.600863 0.156534 0.392951
0.579339 0.15751 0.439548
0.430848 0.158089 0.539956
0.579135 0.156978 0.512088
0.380269 0.156642 0.458936
0.404005 0.155967 0.487029
0.399918 0.157778 0.574273
0.409288 0.157552 0.545497
0.622101 0.155759 0.575655
0.518856 0.155703 0.366525
0.642479 0.152283 0.509575
0.548815 0.156245 0.499556
0.428158 0.156004 0.618936
0.588231 0.155059 0.363436
0.498814 0.156038 0.597331
0.551585 0.156405 0.508628
0.465432 0.156014 0.534096
0.387761 0.156638 0.592031
0.424317 0.157279 0.510831
0.601106 0.156616 0.413296
0.601743 0.156565 0.546612
0.606135 0.155808 0.615237
0.391127 0.15 0.395192
0.407387 0.15 0.592833
0.434899 0.15 0.56998
0.561438 0.15 0.505425
0.44303 0.15 0.497569
0.3538 0.15 0.509764
0.465177 0.15 0.387135
0.632485 0.15 0.385258
0.642959 0.15 0.624355
0.359009 0.15 0.64176
0.513445 0.15 0.448303
0.615062 0.15 0.587376
0.642959 0.15 0.437747
0.481318 0.15 0.379133
0.412972 0.15 0.640771
0.585948 0.15 0.465415
0.630096 0.15 0.432473
0.568992 0.15 0.379838
0.581846 0.15 0.63493
0.560129 0.15 0.495903
0.610384 0.15 0.483808
0.41614 0.15 0.60175
0.425661 0.15 0.476072
0.515432 0.15 0.404338
0.630325 0.15 0.383106
0.556091 0.15 0.622662
0.377796 0.15 0.463657
0.45463 0.15 0.478947
0.435861 0.15 0.560907
0.39218 0.15 0.447726
0.377146 0.15 0.618157
0.505013 0.15 0.371754
0.368879 0.15 0.597411
0.566218 0.15 0.604332
0.483341 0.15 0.635278
0.455564 0.15 0.487352
