3492 0.012625
0.370549 0.453313 0.376994
0.457704 0.44567 0.323157
0.483947 0.352159 0.336552
0.489261 0.361382 0.346646
0.493627 0.414852 0.341656
0.541504 0.44503 0.318507
0.323583 0.458337 0.444145
0.422084 0.475133 0.409128
0.453699 0.34929 0.339151
0.496813 0.242198 0.311229
0.530139 0.386766 0.358156
0.599558 0.484738 0.389491
0.305807 0.427929 0.475613
0.338605 0.311702 0.457884
0.33148 0.434164 0.322991
0.519111 0.507548 0.259895
0.682828 0.395425 0.355438
0.653899 0.309507 0.466438
0.329267 0.399242 0.482651
0.319868 0.275513 0.497078
0.291882 0.549476 0.514653
0.537317 0.605998 0.512923
0.746231 0.441848 0.522663
0.661501 0.203194 0.495597
0.325985 0.446626 0.494064
0.368329 0.42507 0.520311
0.382743 0.355854 0.641783
0.500918 0.405549 0.74627
0.629863 0.345743 0.631887
0.645489 0.285502 0.512921
0.355765 0.463089 0.56391
0.395164 0.504093 0.606966
0.46931 0.393638 0.647858
0.49229 0.238173 0.66783
0.520208 0.292353 0.648039
0.573729 0.489069 0.568673
0.38709 0.498097 0.385736
0.353226 0.467109 0.565254
0.324467 0.227271 0.495693
0.737024 0.468777 0.500812
0.438736 0.341414 0.641013
0.49347 0.380147 0.358837
0.344291 0.489544 0.543687
0.360048 0.467707 0.582444
0.678785 0.411759 0.494654
0.485267 0.296446 0.368242
0.593012 0.459768 0.596225
0.573518 0.450292 0.544744
0.50419 0.253652 0.688488
0.526064 0.58957 0.622702
0.733324 0.389817 0.423884
0.688413 0.420389 0.48469
0.352133 0.363074 0.494451
0.397964 0.46171 0.353496
0.503145 0.27329 0.650009
0.381661 0.50535 0.599015
0.423012 0.487909 0.562222
0.378731 0.349221 0.626187
0.342999 0.426464 0.492061
0.558549 0.350473 0.718191
0.391847 0.451403 0.620378
0.64311 0.398172 0.508062
0.620974 0.506726 0.658793
0.467949 0.351457 0.645462
0.623085 0.462536 0.541112
0.402172 0.608983 0.513976
0.487937 0.299922 0.647421
0.643239 0.419583 0.519327
0.715768 0.507876 0.446481
0.642455 0.457552 0.545082
0.497806 0.250028 0.659714
0.332122 0.452631 0.454529
0.350446 0.495187 0.533953
0.339803 0.303746 0.467825
0.579595 0.396187 0.552414
0.647758 0.348327 0.46698
0.373027 0.497277 0.304961
0.494243 0.367852 0.360654
0.479031 0.245492 0.671018
0.487981 0.365598 0.652323
0.685946 0.479776 0.59799
0.565882 0.604219 0.509255
0.51297 0.427583 0.659615
0.561823 0.407234 0.41614
0.450446 0.611199 0.416881
0.675624 0.223964 0.519708
0.364671 0.341126 0.604976
0.365845 0.428023 0.523206
0.647403 0.418604 0.468241
0.396339 0.461767 0.629911
0.595949 0.361194 0.558792
0.420338 0.57333 0.334502
0.390684 0.512168 0.59009
0.539747 0.605726 0.417127
0.402947 0.424574 0.542179
0.586277 0.393667 0.428145
0.379046 0.456813 0.286419
0.33447 0.41549 0.486576
0.603099 0.407362 0.5385
0.362486 0.475303 0.599711
0.511677 0.417618 0.665465
0.657636 0.288167 0.480569
0.622807 0.477527 0.429157
0.519396 0.244395 0.679465
0.456956 0.394466 0.624398
0.344878 0.411965 0.491099
0.449209 0.329232 0.648365
0.581739 0.485653 0.562774
0.354092 0.223159 0.474701
0.350232 0.20889 0.47303
0.466692 0.400735 0.337546
0.652625 0.262399 0.470952
0.648202 0.308723 0.475912
0.497894 0.303307 0.360448
0.661529 0.243673 0.469194
0.631047 0.418993 0.52639
0.546111 0.314034 0.653986
0.327597 0.201764 0.468658
0.499113 0.216954 0.323527
0.667062 0.276168 0.524888
0.462726 0.324569 0.334923
0.624963 0.500501 0.401958
0.724016 0.488525 0.525417
0.407853 0.470184 0.547023
0.50663 0.230331 0.668217
0.349173 0.200904 0.488356
0.433896 0.448829 0.252276
0.667115 0.364708 0.489662
0.646827 0.224944 0.488546
0.59553 0.48534 0.687009
0.553499 0.57212 0.33885
0.689952 0.298416 0.450695
0.461014 0.441316 0.664208
0.372975 0.465294 0.375521
0.554365 0.318026 0.358021
0.59009 0.341588 0.324004
0.485155 0.242847 0.666887
0.466061 0.269853 0.318522
0.59618 0.600131 0.513983
0.614797 0.470259 0.368843
0.459089 0.452005 0.331565
0.651147 0.267313 0.474645
0.607889 0.472772 0.359949
0.29784 0.483098 0.366902
0.39667 0.446562 0.615781
0.354156 0.196723 0.483844
0.717311 0.37031 0.412744
0.657653 0.315026 0.480235
0.481752 0.29466 0.280405
0.496639 0.256218 0.354272
0.442719 0.457374 0.65866
0.284252 0.392328 0.587355
0.503363 0.366117 0.641081
0.612703 0.367141 0.436957
0.350056 0.460169 0.30793
0.529857 0.450692 0.65748
0.427385 0.493977 0.61634
0.349416 0.323211 0.50205
0.689686 0.423171 0.480004
0.406985 0.501652 0.609911
0.27557 0.334117 0.508292
0.38859 0.47317 0.362753
0.389604 0.473861 0.618976
0.526502 0.609463 0.432287
0.523162 0.318434 0.330845
0.51942 0.245334 0.679079
0.546199 0.458872 0.327308
0.71115 0.318891 0.537839
0.269448 0.341909 0.500468
0.335468 0.362577 0.483415
0.484138 0.351856 0.735991
0.375886 0.410862 0.520136
0.3902 0.352775 0.554027
0.540312 0.447944 0.65292
0.435476 0.460965 0.580281
0.416829 0.36992 0.291896
0.687846 0.422982 0.478369
0.537955 0.423332 0.673372
0.573555 0.407293 0.272804
0.532184 0.448981 0.657747
0.34345 0.290035 0.503356
0.335613 0.225148 0.494949
0.378213 0.418758 0.519403
0.683003 0.411776 0.483145
0.329631 0.461442 0.443968
0.492358 0.232312 0.350203
0.706715 0.286296 0.485891
0.677558 0.303993 0.454062
0.510016 0.299871 0.339148
0.451951 0.330835 0.327648
0.325059 0.32206 0.510868
0.643872 0.386694 0.464127
0.339849 0.305204 0.50743
0.443643 0.415454 0.389201
0.447298 0.346667 0.334695
0.408162 0.463642 0.639828
0.635487 0.496861 0.417334
0.344396 0.365975 0.489328
0.670601 0.208521 0.496438
0.339921 0.340872 0.485938
0.463039 0.424765 0.646546
0.506577 0.400435 0.659922
0.380167 0.424937 0.525579
0.604625 0.337568 0.605443
0.466001 0.415036 0.33679
0.354291 0.47527 0.572242
0.4606 0.331617 0.335574
0.507524 0.380748 0.343302
0.353457 0.31615 0.488988
0.438819 0.388159 0.600512
0.61467 0.479005 0.370974
0.670523 0.206808 0.505424
0.658376 0.236449 0.51621
0.648476 0.386639 0.644414
0.348243 0.371844 0.515991
0.252947 0.40964 0.515273
0.378692 0.443175 0.455932
0.346805 0.30886 0.504843
0.495131 0.329462 0.359745
0.328682 0.37998 0.479365
0.497992 0.22025 0.343161
0.486827 0.211225 0.347701
0.455992 0.45128 0.327979
0.414558 0.422993 0.427202
0.603558 0.356699 0.317746
0.633991 0.483749 0.393764
0.332178 0.454697 0.507101
0.640305 0.275972 0.500966
0.332197 0.39514 0.474322
0.424614 0.341745 0.675103
0.495796 0.402503 0.349023
0.46834 0.408548 0.332483
0.535302 0.307231 0.660656
0.657978 0.47639 0.447692
0.491666 0.219707 0.347855
0.619225 0.59257 0.52181
0.356179 0.299098 0.487958
0.526754 0.38798 0.350081
0.519838 0.542983 0.284324
0.520234 0.304053 0.645446
0.355437 0.37745 0.515507
0.341094 0.346755 0.475534
0.352899 0.381529 0.523673
0.293256 0.304253 0.509771
0.675877 0.227421 0.47353
0.676885 0.271879 0.517438
0.667156 0.367708 0.368923
0.429534 0.48414 0.569266
0.503802 0.333813 0.640364
0.507217 0.386768 0.253438
0.517908 0.3922 0.6407
0.509899 0.433118 0.340115
0.371399 0.494626 0.597498
0.455894 0.451176 0.344044
0.392991 0.399445 0.419098
0.424599 0.411213 0.413708
0.539931 0.312256 0.700024
0.485713 0.206994 0.346092
0.491709 0.300092 0.360101
0.544391 0.352175 0.267746
0.290058 0.342526 0.447251
0.34363 0.213989 0.492223
0.626692 0.340887 0.573332
0.526919 0.44971 0.333558
0.579559 0.482529 0.604141
0.602901 0.3414 0.600814
0.384789 0.348113 0.340947
0.387147 0.461797 0.282835
0.469836 0.496465 0.253563
0.37293 0.48592 0.381003
0.505217 0.383082 0.644262
0.544398 0.461674 0.333506
0.653275 0.336518 0.496229
0.545002 0.472314 0.624068
0.699273 0.482599 0.380361
0.668129 0.220033 0.476734
0.487952 0.309017 0.348021
0.41929 0.482786 0.401501
0.470677 0.260353 0.672239
0.650152 0.332735 0.494555
0.671141 0.485791 0.617969
0.271019 0.418269 0.422936
0.349122 0.344716 0.501652
0.635384 0.464491 0.541142
0.423432 0.36707 0.344539
0.509666 0.245147 0.328181
0.523067 0.277525 0.681919
0.568328 0.340725 0.702766
0.346277 0.192503 0.485256
0.428495 0.46128 0.403233
0.684994 0.333453 0.565088
0.420951 0.371549 0.396197
0.351841 0.371761 0.50668
0.478518 0.199493 0.338361
0.638123 0.316224 0.490995
0.637853 0.483902 0.399685
0.325223 0.362939 0.588515
0.711946 0.319317 0.448708
0.498434 0.247782 0.663545
0.674092 0.220098 0.479328
0.644623 0.294796 0.517462
0.627189 0.473162 0.434343
0.517031 0.380156 0.342939
0.413758 0.601785 0.394113
0.398876 0.45722 0.624617
0.648116 0.340076 0.49703
0.283666 0.537718 0.540504
0.47789 0.236513 0.342736
0.588659 0.356303 0.403074
0.595136 0.495642 0.376027
0.608405 0.47316 0.362921
0.65961 0.205881 0.506121
0.327613 0.501828 0.644677
0.334488 0.351767 0.51688
0.397339 0.37513 0.399455
0.499267 0.388718 0.658635
0.412207 0.605826 0.406391
0.577902 0.452324 0.413365
0.525625 0.447806 0.646363
0.47847 0.264704 0.340707
0.321596 0.312759 0.503198
0.470566 0.250754 0.679901
0.45409 0.45528 0.333114
0.340431 0.343484 0.474726
0.402673 0.499538 0.400319
0.338252 0.356423 0.603715
0.466412 0.380364 0.638238
0.488679 0.288673 0.35573
0.347001 0.345788 0.465406
0.4774 0.200689 0.332605
0.298409 0.396581 0.612848
0.463826 0.307906 0.32778
0.644542 0.393959 0.512312
0.548633 0.47418 0.580273
0.435914 0.481837 0.586974
0.534167 0.404497 0.610341
0.677078 0.332411 0.420827
0.391269 0.425321 0.445706
0.303524 0.370648 0.399782
0.557466 0.327643 0.704233
0.658502 0.351907 0.496848
0.343287 0.239418 0.49295
0.457122 0.553211 0.295388
0.6575 0.373067 0.630689
0.614761 0.354235 0.350509
0.364818 0.491651 0.580341
0.4253 0.475855 0.350748
0.347384 0.480475 0.428001
0.504846 0.388038 0.657132
0.258222 0.363078 0.468747
0.539928 0.602986 0.407287
0.474067 0.362511 0.332732
0.342005 0.347527 0.525174
0.47619 0.320652 0.330033
0.399039 0.404537 0.432073
0.369774 0.499157 0.41512
0.587948 0.480245 0.559044
0.53128 0.512898 0.710808
0.614092 0.474234 0.572135
0.565077 0.48762 0.602605
0.412897 0.479691 0.357091
0.679346 0.228367 0.480898
0.35476 0.36007 0.463417
0.502832 0.372718 0.653477
0.456193 0.448538 0.333005
0.469177 0.287257 0.324261
0.397261 0.404673 0.709835
0.512465 0.606696 0.509472
0.713793 0.307391 0.486634
0.528592 0.61161 0.469612
0.460957 0.610077 0.489325
0.288071 0.336383 0.456607
0.354902 0.266073 0.479912
0.660164 0.362347 0.477312
0.6352 0.46117 0.541645
0.747495 0.441804 0.465892
0.391136 0.45929 0.609543
0.496667 0.249843 0.347617
0.326723 0.314062 0.453299
0.466128 0.428979 0.670345
0.358564 0.596236 0.501081
0.309963 0.29622 0.456765
0.331367 0.420053 0.467048
0.336514 0.254237 0.49636
0.40195 0.419302 0.435202
0.577501 0.450499 0.544496
0.65997 0.342656 0.493447
0.723472 0.490164 0.521223
0.658199 0.211116 0.498399
0.541595 0.461938 0.249821
0.528461 0.307691 0.327573
0.291217 0.48092 0.373973
0.342716 0.476381 0.540303
0.639766 0.347252 0.506327
0.654894 0.476764 0.436927
0.567796 0.407305 0.556729
0.354374 0.394677 0.50956
0.675389 0.219112 0.501426
0.634543 0.519822 0.638481
0.507724 0.396185 0.661523
0.515705 0.416842 0.6651
0.444019 0.375942 0.354802
0.608982 0.469269 0.410441
0.654902 0.294718 0.475743
0.636002 0.335869 0.562669
0.335767 0.21466 0.469822
0.385471 0.367477 0.56461
0.438287 0.406009 0.594432
0.635417 0.490676 0.407152
0.369784 0.501446 0.564665
0.362184 0.354077 0.619349
0.729144 0.395322 0.567152
0.668612 0.291468 0.522814
0.56332 0.52269 0.690223
0.555612 0.468731 0.626195
0.547328 0.453501 0.641378
0.372566 0.469599 0.44742
0.313428 0.36137 0.574261
0.473815 0.388577 0.659776
0.345552 0.443913 0.506135
0.377686 0.504723 0.573839
0.616202 0.474295 0.414528
0.528334 0.446745 0.65104
0.4141 0.489085 0.619882
0.690363 0.514199 0.391429
0.64056 0.488273 0.413656
0.287285 0.533832 0.437133
0.647248 0.331002 0.556922
0.567445 0.477025 0.353453
0.658521 0.341149 0.451183
0.624421 0.581715 0.413778
0.33516 0.352752 0.419783
0.350738 0.357482 0.463268
0.669158 0.231263 0.517616
0.370025 0.470159 0.589826
0.515014 0.408009 0.668631
0.433355 0.483874 0.620696
0.437283 0.374534 0.386724
0.427581 0.412647 0.572805
0.470384 0.260738 0.317339
0.535153 0.399689 0.6148
0.603401 0.350247 0.400188
0.371032 0.479704 0.600421
0.462419 0.322601 0.330825
0.587858 0.46154 0.546742
0.332872 0.352907 0.404166
0.717434 0.49346 0.536984
0.656205 0.348013 0.603619
0.469154 0.299988 0.281475
0.489042 0.272353 0.30248
0.647787 0.550448 0.592851
0.488541 0.287632 0.342669
0.544321 0.437802 0.582647
0.430538 0.377815 0.599584
0.731472 0.425197 0.564001
0.362436 0.483396 0.574197
0.350754 0.252021 0.478557
0.655829 0.242169 0.510192
0.702926 0.510725 0.411845
0.65776 0.335274 0.414485
0.447264 0.337423 0.278692
0.487293 0.28679 0.653094
0.336244 0.447375 0.506326
0.388708 0.482354 0.60842
0.701366 0.359397 0.406132
0.493424 0.368149 0.342276
0.383404 0.44005 0.529972
0.517368 0.378498 0.642485
0.394076 0.470848 0.610727
0.584484 0.482733 0.36101
0.529101 0.371104 0.346464
0.587323 0.453499 0.544797
0.284321 0.339751 0.529564
0.434906 0.382267 0.393586
0.533832 0.308183 0.662716
0.553827 0.398278 0.406901
0.479784 0.404729 0.668017
0.634181 0.35202 0.522252
0.553422 0.425539 0.568065
0.305258 0.343046 0.556951
0.685213 0.290525 0.50203
0.586992 0.500798 0.284879
0.420993 0.39298 0.571062
0.548018 0.468991 0.625069
0.436781 0.396567 0.596709
0.500645 0.238269 0.329985
0.710803 0.347627 0.423396
0.725043 0.389146 0.569402
0.524363 0.411244 0.639855
0.527927 0.601638 0.540056
0.670552 0.219706 0.510859
0.29822 0.322813 0.456961
0.43489 0.361059 0.61737
0.654312 0.29624 0.491527
0.645373 0.238395 0.495806
0.495328 0.589312 0.353267
0.308251 0.300116 0.457027
0.653926 0.428931 0.525807
0.48603 0.25821 0.348547
0.537873 0.457193 0.637625
0.410516 0.374062 0.694159
0.52552 0.36196 0.63564
0.344934 0.310185 0.491391
0.598415 0.588153 0.573732
0.330872 0.292687 0.498693
0.618344 0.479391 0.395992
0.312058 0.226487 0.483617
0.605298 0.463361 0.547101
0.681165 0.26849 0.488881
0.420126 0.419244 0.417345
0.342547 0.263315 0.475594
0.457021 0.432775 0.339231
0.46011 0.315272 0.322998
0.473212 0.5816 0.649744
0.496651 0.31647 0.345011
0.44498 0.460063 0.639588
0.555782 0.329138 0.362683
0.524393 0.372634 0.635883
0.665598 0.464669 0.638336
0.55728 0.457749 0.338806
0.668779 0.362165 0.490931
0.530805 0.492721 0.719289
0.48888 0.387216 0.658781
0.328966 0.335532 0.553611
0.51241 0.591312 0.619623
0.525552 0.389966 0.741648
0.39689 0.426307 0.439732
0.318197 0.315565 0.538706
0.323773 0.360755 0.399958
0.594306 0.47903 0.581834
0.502787 0.403895 0.339481
0.351516 0.467554 0.548211
0.327407 0.392227 0.47265
0.46476 0.597304 0.60941
0.342647 0.341027 0.459375
0.42859 0.365892 0.388808
0.422493 0.471434 0.636512
0.601413 0.598563 0.508034
0.509383 0.237492 0.671283
0.370106 0.495129 0.412462
0.380319 0.489589 0.597782
0.48496 0.270704 0.666164
0.469788 0.596026 0.614841
0.336405 0.451399 0.524546
0.373782 0.360146 0.351748
0.41798 0.420332 0.418673
0.539621 0.405894 0.613899
0.668503 0.223556 0.502828
0.387416 0.431346 0.535739
0.521937 0.482606 0.249638
0.65836 0.309604 0.493095
0.536647 0.443239 0.367874
0.332126 0.307786 0.500909
0.365999 0.539393 0.332761
0.647779 0.443406 0.457585
0.647191 0.329253 0.502676
0.448829 0.319746 0.309701
0.343206 0.319509 0.497761
0.497827 0.596468 0.373018
0.469172 0.32517 0.656202
0.485753 0.210323 0.329658
0.506645 0.296237 0.336207
0.586991 0.352283 0.586519
0.449707 0.435307 0.616331
0.562005 0.459009 0.341821
0.494321 0.2558 0.669399
0.358004 0.480757 0.679778
0.577507 0.45649 0.548017
0.661613 0.292649 0.472945
0.459661 0.408326 0.334609
0.538369 0.441244 0.646625
0.390333 0.44406 0.447909
0.618607 0.476483 0.676612
0.387932 0.470835 0.602343
0.357605 0.473066 0.555492
0.473985 0.609531 0.409205
0.316698 0.243804 0.487931
0.492303 0.361083 0.654712
0.570458 0.485286 0.583741
0.349477 0.477878 0.535786
0.606996 0.454883 0.420109
0.407057 0.449283 0.434254
0.317002 0.279296 0.462479
0.299512 0.472504 0.358562
0.415863 0.492031 0.603643
0.389252 0.440152 0.446455
0.635242 0.352007 0.532917
0.679654 0.289845 0.498994
0.330413 0.372046 0.473989
0.49401 0.276897 0.661443
0.465799 0.360967 0.330409
0.652282 0.420193 0.525296
0.372497 0.491532 0.577046
0.332647 0.451571 0.444243
0.414224 0.471865 0.616497
0.571856 0.485592 0.581142
0.400969 0.471768 0.545628
0.594553 0.34218 0.344111
0.347679 0.214596 0.478026
0.449894 0.436381 0.659067
0.668094 0.242561 0.516614
0.530988 0.39754 0.251122
0.449095 0.435211 0.367881
0.441608 0.338543 0.297403
0.561305 0.337166 0.370897
0.535302 0.350352 0.638523
0.541982 0.349546 0.267562
0.553917 0.606135 0.448533
0.48433 0.302428 0.656194
0.652299 0.279897 0.493894
0.509004 0.281911 0.331208
0.559784 0.46876 0.612117
0.312459 0.244271 0.484281
0.388162 0.468545 0.442893
0.627779 0.439284 0.439794
0.340152 0.586211 0.50858
0.356664 0.441916 0.68622
0.396289 0.445891 0.441091
0.413976 0.491734 0.600974
0.46784 0.413899 0.667129
0.686392 0.457403 0.612635
0.283224 0.429884 0.377543
0.572171 0.472343 0.372428
0.425777 0.454981 0.405554
0.390561 0.370909 0.300264
0.511691 0.602723 0.396744
0.420126 0.485527 0.609715
0.38638 0.36723 0.568608
0.430099 0.376834 0.341856
0.501393 0.293159 0.337975
0.407553 0.345116 0.320868
0.395793 0.344021 0.635522
0.331985 0.302886 0.466343
0.666851 0.3182 0.48538
0.523852 0.417252 0.64929
0.504984 0.239603 0.678017
0.648163 0.333993 0.580529
0.428779 0.457825 0.398155
0.376906 0.490894 0.581832
0.333878 0.253772 0.476247
0.369125 0.594156 0.427991
0.630759 0.477204 0.398653
0.576007 0.325016 0.340185
0.327298 0.265797 0.492647
0.486685 0.288023 0.662095
0.506545 0.242967 0.680331
0.546149 0.456517 0.593111
0.408917 0.479424 0.607597
0.412233 0.479823 0.408013
0.352475 0.358254 0.531431
0.517852 0.606595 0.502952
0.549485 0.502297 0.266344
0.394897 0.378297 0.288907
0.388641 0.442862 0.44514
0.495344 0.29252 0.659706
0.501117 0.368697 0.334817
0.382903 0.353591 0.595659
0.456146 0.312352 0.6621
0.49734 0.262528 0.33067
0.333682 0.316984 0.499343
0.43525 0.474319 0.620448
0.686805 0.294729 0.470807
0.578419 0.44321 0.414806
0.490713 0.398637 0.667798
0.402015 0.444199 0.548146
0.511577 0.371317 0.653016
0.489804 0.240604 0.321254
0.58054 0.356545 0.298376
0.331973 0.228077 0.474463
0.416598 0.456204 0.420676
0.562454 0.470619 0.600332
0.711791 0.313113 0.460563
0.603712 0.461471 0.368419
0.4624 0.378852 0.326312
0.477654 0.321429 0.321162
0.702611 0.291657 0.463533
0.343276 0.386889 0.523534
0.498641 0.37481 0.660609
0.33498 0.287571 0.493722
0.674758 0.297151 0.5154
0.387981 0.41704 0.441353
0.618337 0.391019 0.678958
0.56553 0.329637 0.632445
0.652843 0.262694 0.495626
0.377643 0.488707 0.53829
0.441556 0.39292 0.360793
0.363485 0.476479 0.52436
0.538365 0.36441 0.374353
0.472803 0.336872 0.659933
0.381976 0.440397 0.448353
0.551197 0.463319 0.595505
0.388302 0.492471 0.403105
0.587895 0.444081 0.547031
0.508093 0.3576 0.259102
0.433295 0.462174 0.635666
0.576501 0.463021 0.585707
0.348673 0.397064 0.525348
0.324309 0.198786 0.477905
0.453499 0.610078 0.416268
0.5997 0.394089 0.290018
0.328454 0.272497 0.471319
0.544358 0.423292 0.598183
0.501944 0.281677 0.662687
0.580378 0.424757 0.551103
0.685142 0.397464 0.488209
0.467536 0.381502 0.65039
0.410564 0.466762 0.6
0.556268 0.458304 0.609628
0.263668 0.387377 0.443235
0.472454 0.352156 0.657991
0.531577 0.318279 0.278912
0.522223 0.6065 0.502395
0.628363 0.409887 0.534876
0.382068 0.49119 0.575553
0.484245 0.279081 0.671821
0.544386 0.567516 0.656584
0.674759 0.252555 0.507586
0.733492 0.453986 0.544617
0.547402 0.531016 0.692915
0.601491 0.357822 0.412859
0.319621 0.295574 0.463745
0.41618 0.372126 0.387151
0.501717 0.297982 0.328513
0.557062 0.401456 0.408212
0.584683 0.431968 0.54921
0.345789 0.426966 0.454195
0.312691 0.567513 0.488017
0.491368 0.282007 0.669795
0.57714 0.460239 0.358843
0.413547 0.465624 0.415602
0.368452 0.445137 0.45135
0.325768 0.277342 0.471518
0.326555 0.289625 0.471679
0.433223 0.472336 0.613032
0.629509 0.34765 0.412665
0.654514 0.550726 0.385742
0.516911 0.377914 0.654345
0.719894 0.319427 0.465362
0.247844 0.470897 0.515307
0.472172 0.275828 0.676168
0.529298 0.399282 0.341277
0.469759 0.295072 0.315282
0.416315 0.511274 0.703699
0.603816 0.458856 0.40185
0.444516 0.433852 0.358541
0.384345 0.484091 0.293675
0.40274 0.47204 0.713882
0.394817 0.488382 0.577138
0.694944 0.388178 0.595534
0.534221 0.527619 0.701412
0.417847 0.432974 0.415394
0.577981 0.451149 0.551881
0.529907 0.343703 0.646998
0.527675 0.30967 0.284134
0.403453 0.48342 0.594341
0.418294 0.402966 0.566985
0.416959 0.466922 0.601818
0.373205 0.358335 0.375518
0.319984 0.26931 0.471847
0.579734 0.411207 0.421959
0.471485 0.293796 0.700564
0.330141 0.413638 0.458825
0.531613 0.409637 0.336375
0.645934 0.368847 0.519626
0.637108 0.466091 0.429839
0.530023 0.406581 0.334114
0.673313 0.329414 0.482498
0.351303 0.441298 0.523243
0.583851 0.460846 0.364842
0.419911 0.612205 0.48572
0.413329 0.470287 0.405096
0.678859 0.556485 0.489658
0.425707 0.584138 0.627301
0.515368 0.365122 0.658465
0.612986 0.45811 0.391856
0.584963 0.456256 0.553912
0.461336 0.30828 0.693361
0.422253 0.414935 0.262121
0.69229 0.359113 0.399606
0.65616 0.416516 0.453572
0.332004 0.349875 0.522663
0.418249 0.350244 0.681177
0.42795 0.365728 0.380892
0.577447 0.480658 0.273336
0.531675 0.608297 0.482366
0.670807 0.356205 0.494513
0.67424 0.310897 0.487072
0.445647 0.36119 0.331171
0.498362 0.295623 0.304239
0.467518 0.284487 0.676931
0.582377 0.332571 0.354867
0.705987 0.357241 0.414794
0.334894 0.355251 0.525978
0.300321 0.378294 0.3824
0.507602 0.466542 0.733286
0.599341 0.416908 0.429911
0.651893 0.372134 0.518629
0.662499 0.431061 0.45517
0.330672 0.333967 0.542498
0.443844 0.604528 0.539067
0.675726 0.350135 0.485093
0.473475 0.362641 0.661645
0.713313 0.349093 0.56121
0.425112 0.463206 0.386228
0.611245 0.356063 0.563566
0.493907 0.334454 0.320446
0.493215 0.344408 0.66082
0.682707 0.489395 0.591138
0.358958 0.425703 0.452361
0.687469 0.511997 0.568879
0.634028 0.390876 0.659149
0.492149 0.305265 0.66814
0.281968 0.318473 0.478367
0.498042 0.609411 0.454314
0.405685 0.470703 0.590124
0.676552 0.315715 0.486455
0.386176 0.469767 0.437086
0.458481 0.310465 0.298487
0.333909 0.393753 0.52199
0.363366 0.452565 0.532829
0.296226 0.444153 0.354401
0.435897 0.373881 0.273869
0.590563 0.409569 0.703542
0.705806 0.346356 0.422358
0.346265 0.567943 0.390366
0.266559 0.518122 0.493314
0.255607 0.491877 0.510629
0.428206 0.462831 0.587318
0.310229 0.307803 0.511292
0.573159 0.391168 0.413878
0.418859 0.369379 0.365159
0.620019 0.453755 0.408758
0.306739 0.294612 0.481124
0.652345 0.431477 0.445803
0.311318 0.399907 0.627929
0.49538 0.276556 0.676566
0.567939 0.361432 0.391398
0.321708 0.369685 0.501008
0.651297 0.439071 0.444059
0.652165 0.47273 0.64686
0.410784 0.445878 0.558446
0.463476 0.339887 0.320938
0.297917 0.318043 0.462234
0.695157 0.353242 0.408768
0.363704 0.3754 0.548154
0.430217 0.448817 0.390626
0.417999 0.429628 0.720855
0.397534 0.429892 0.423823
0.65855 0.336802 0.524683
0.500852 0.353042 0.319921
0.617804 0.455004 0.410506
0.581372 0.438741 0.553624
0.664919 0.561889 0.432247
0.668786 0.351375 0.501312
0.587648 0.512662 0.677218
0.50651 0.319357 0.28027
0.670865 0.418754 0.460762
0.686462 0.550534 0.480292
0.331752 0.413354 0.523287
0.330641 0.410518 0.52163
0.535907 0.576227 0.342103
0.714748 0.466314 0.566884
0.368933 0.355809 0.61641
0.386707 0.475125 0.54758
0.411282 0.47749 0.568671
0.455081 0.359545 0.644599
0.568286 0.364162 0.285754
0.411343 0.465845 0.3854
0.55256 0.419853 0.261156
0.652745 0.422966 0.445486
0.622901 0.452322 0.419157
0.275567 0.371581 0.441343
0.572584 0.416816 0.716999
0.35071 0.414415 0.448909
0.373877 0.34924 0.601192
0.397057 0.47844 0.559829
0.547405 0.310821 0.316397
0.667073 0.356278 0.506491
0.481702 0.308384 0.307154
0.547927 0.432949 0.609599
0.621385 0.587286 0.439264
0.523084 0.376857 0.326879
0.492299 0.301143 0.287994
0.332788 0.581613 0.500565
0.590025 0.385831 0.421733
0.7001 0.52002 0.420344
0.575711 0.517817 0.68251
0.370565 0.468072 0.433861
0.422368 0.378142 0.361941
0.545848 0.603969 0.434763
0.390453 0.418281 0.42343
0.42637 0.354521 0.307145
0.677543 0.373187 0.464377
0.479078 0.319156 0.672726
0.690725 0.451037 0.355521
0.66031 0.341775 0.526267
0.550545 0.444491 0.379386
0.436265 0.453491 0.617364
0.677399 0.388407 0.619649
0.501127 0.299444 0.299062
0.281892 0.331302 0.489146
0.469651 0.375973 0.661637
0.318049 0.34341 0.512432
0.426816 0.445599 0.390603
0.375879 0.434468 0.442661
0.654922 0.360996 0.447981
0.410581 0.431791 0.716848
0.591678 0.361959 0.308482
0.506558 0.297847 0.674372
0.568819 0.332597 0.352392
0.412617 0.472586 0.583146
0.39172 0.436414 0.433722
0.501714 0.301233 0.679117
0.419704 0.454759 0.396933
0.557829 0.379407 0.603043
0.557233 0.433011 0.39832
0.437369 0.39055 0.345005
0.672203 0.504737 0.5972
0.377325 0.396805 0.551149
0.68053 0.333799 0.504236
0.507359 0.302468 0.679396
0.734153 0.407012 0.560356
0.661666 0.376087 0.451724
0.328895 0.390843 0.457224
0.352035 0.350069 0.577272
0.501257 0.300801 0.6814
0.349307 0.40686 0.535684
0.666185 0.318398 0.513053
0.582047 0.347539 0.313827
0.646306 0.350636 0.534649
0.474155 0.601543 0.566924
0.441274 0.405974 0.613178
0.662707 0.480019 0.33781
0.33627 0.343474 0.532988
0.46077 0.391296 0.642314
0.656478 0.343623 0.514021
0.403328 0.458484 0.407625
0.480464 0.608573 0.43077
0.555479 0.335676 0.645207
0.4468 0.35924 0.642643
0.400766 0.451376 0.558667
0.65953 0.341326 0.445483
0.643158 0.350384 0.610485
0.327548 0.395375 0.454372
0.430067 0.413127 0.372396
0.693006 0.314066 0.524091
0.563003 0.367776 0.604035
0.328369 0.36384 0.52389
0.486858 0.601059 0.526943
0.474139 0.309287 0.287964
0.452452 0.338106 0.292008
0.322023 0.364176 0.461955
0.340225 0.35359 0.555126
0.739246 0.456319 0.504168
0.323881 0.570337 0.540426
0.415627 0.45594 0.395756
0.492972 0.30638 0.678466
0.677146 0.3997 0.457663
0.321532 0.371798 0.46187
0.419103 0.430959 0.575713
0.485497 0.313812 0.299352
0.573488 0.353943 0.700354
0.42842 0.393502 0.606434
0.639232 0.421121 0.659405
0.468589 0.600724 0.383492
0.484699 0.600187 0.562842
0.561809 0.382477 0.596969
0.577181 0.45282 0.570935
0.427385 0.584346 0.625623
0.265378 0.357363 0.490861
0.401716 0.437517 0.55731
0.669832 0.33679 0.439582
0.37691 0.399286 0.554181
0.487697 0.604474 0.49485
0.408822 0.443837 0.405755
0.46166 0.329956 0.664174
0.567642 0.331863 0.685841
0.679481 0.33725 0.430088
0.359774 0.358165 0.405011
0.481403 0.32911 0.279177
0.391112 0.375831 0.392076
0.486028 0.605425 0.486856
0.519336 0.330442 0.317038
0.407578 0.449878 0.588548
0.379186 0.402075 0.29553
0.641885 0.497586 0.639692
0.540862 0.393915 0.641686
0.296726 0.323954 0.476459
0.664776 0.343106 0.43138
0.528492 0.343576 0.324976
0.616008 0.426564 0.425304
0.546448 0.314526 0.326139
0.260357 0.432147 0.548295
0.682142 0.379766 0.50606
0.466939 0.388431 0.667067
0.425389 0.415198 0.381289
0.479354 0.582504 0.644058
0.553558 0.322548 0.314976
0.333433 0.377947 0.441818
0.426506 0.406364 0.392199
0.37669 0.360544 0.389074
0.682734 0.361682 0.466459
0.516291 0.346594 0.265405
0.426103 0.371349 0.292506
0.425032 0.423007 0.593767
0.375522 0.455739 0.428627
0.551787 0.34868 0.362707
0.437206 0.375818 0.626639
0.341899 0.357502 0.563296
0.680072 0.407147 0.450203
0.678342 0.367867 0.513026
0.505542 0.311586 0.697127
0.712612 0.507739 0.517347
0.716083 0.427378 0.39962
0.31875 0.479235 0.348241
0.591275 0.597242 0.454405
0.397301 0.443188 0.5779
0.395035 0.453907 0.406594
0.634559 0.351632 0.578763
0.617808 0.58693 0.543325
0.648556 0.488564 0.330022
0.459042 0.578992 0.647419
0.477086 0.607612 0.442554
0.396087 0.429989 0.415397
0.65072 0.361406 0.534282
0.28001 0.364312 0.533644
0.588818 0.345359 0.36312
0.391556 0.596638 0.404362
0.620965 0.382386 0.557156
0.394365 0.452011 0.394606
0.404926 0.36422 0.375356
0.274868 0.497676 0.431501
0.587815 0.435313 0.565115
0.252296 0.420438 0.502063
0.58106 0.577568 0.373311
0.62994 0.585183 0.518241
0.616761 0.370181 0.424539
0.307051 0.336715 0.536162
0.594318 0.414715 0.419251
0.663254 0.570855 0.468212
0.460944 0.324774 0.672669
0.437362 0.39188 0.265597
0.703666 0.482008 0.389818
0.36429 0.353909 0.580757
0.344304 0.367112 0.415889
0.701125 0.383128 0.476491
0.466187 0.32786 0.672274
0.523096 0.315092 0.697119
0.26411 0.477791 0.43784
0.66786 0.52364 0.372408
0.550587 0.356276 0.63488
0.330191 0.395254 0.446042
0.378311 0.440021 0.427748
0.540581 0.344493 0.334318
0.523723 0.350109 0.67103
0.526264 0.333174 0.676882
0.50819 0.33728 0.302469
0.532002 0.361174 0.268935
0.699098 0.36856 0.402688
0.34722 0.360598 0.407707
0.594392 0.532193 0.314916
0.398428 0.436955 0.407633
0.451003 0.397449 0.738574
0.691692 0.330427 0.483929
0.638889 0.582226 0.453627
0.365268 0.378761 0.418313
0.529471 0.321106 0.70179
0.268583 0.491097 0.561921
0.689873 0.370468 0.499618
0.425915 0.406858 0.60614
0.469841 0.313317 0.686818
0.413933 0.433665 0.588674
0.535502 0.332604 0.324944
0.577522 0.58267 0.383407
0.637087 0.560631 0.386726
0.362143 0.386369 0.548967
0.405922 0.386764 0.389711
0.429749 0.373574 0.632384
0.37934 0.58389 0.585985
0.632859 0.489239 0.317248
0.405219 0.417482 0.580032
0.696663 0.379272 0.498316
0.63712 0.35206 0.406503
0.537721 0.326684 0.686888
0.739738 0.379925 0.445736
0.62406 0.547103 0.355029
0.262361 0.39274 0.449967
0.491725 0.339387 0.277549
0.31866 0.377834 0.452064
0.450962 0.356636 0.654809
0.48425 0.356939 0.2651
0.601113 0.407926 0.292966
0.515317 0.466774 0.730184
0.643729 0.390917 0.642782
0.397029 0.41864 0.401859
0.300431 0.378448 0.422981
0.450324 0.394585 0.63935
0.346278 0.365604 0.54943
0.319028 0.367603 0.42661
0.484508 0.6053 0.473764
0.430257 0.361181 0.304704
0.271951 0.396522 0.432705
0.691583 0.340367 0.491714
0.329076 0.381387 0.634948
0.575841 0.394951 0.402603
0.2962 0.412673 0.37055
0.311357 0.429718 0.348391
0.65244 0.532717 0.364959
0.490695 0.336663 0.67941
0.36115 0.418342 0.430916
0.434294 0.580064 0.635447
0.489365 0.372801 0.678459
0.291909 0.338295 0.478602
0.258918 0.387018 0.494032
0.574147 0.414427 0.576466
0.399202 0.399855 0.579297
0.263406 0.374163 0.489056
0.692744 0.379061 0.514245
0.381344 0.601825 0.499806
0.547784 0.336689 0.669072
0.353746 0.526948 0.335457
0.588899 0.567952 0.361627
0.514948 0.369618 0.684316
0.581082 0.424286 0.576456
0.301585 0.342382 0.500051
0.617605 0.395579 0.564439
0.340181 0.518437 0.343558
0.704956 0.443762 0.583889
0.451493 0.607458 0.447325
0.662727 0.349826 0.423349
0.490734 0.374757 0.681208
0.252321 0.404215 0.463787
0.687248 0.378206 0.521513
0.335266 0.403167 0.436202
0.576224 0.363652 0.617765
0.69588 0.376231 0.50506
0.37934 0.382751 0.574428
0.259824 0.450245 0.559045
0.401953 0.36825 0.370039
0.40926 0.382766 0.611107
0.684608 0.339754 0.542822
0.339952 0.428237 0.665536
0.360879 0.368858 0.575143
0.333984 0.386011 0.643348
0.375539 0.381861 0.678994
0.490563 0.378699 0.682918
0.398738 0.424432 0.578663
0.641737 0.358423 0.418722
0.646979 0.353943 0.552191
0.360447 0.405505 0.424224
0.49687 0.390567 0.259766
0.605633 0.582617 0.408754
0.390304 0.396162 0.389715
0.686172 0.378923 0.527148
0.598944 0.338703 0.631628
0.558284 0.343852 0.653463
0.665207 0.351722 0.428344
0.557284 0.58686 0.386499
0.311755 0.363707 0.511787
0.43271 0.411903 0.728684
0.347209 0.372109 0.552453
0.586431 0.475776 0.692449
0.268285 0.375369 0.505224
0.552053 0.365336 0.642527
0.404835 0.368924 0.318331
0.368331 0.407293 0.559922
0.614895 0.367305 0.591443
0.263368 0.392936 0.521708
0.576049 0.372318 0.294205
0.633453 0.390243 0.558301
0.543309 0.598465 0.518434
0.543445 0.596653 0.533237
0.729347 0.333701 0.502307
0.385007 0.373149 0.665329
0.527733 0.370046 0.733018
0.406008 0.39363 0.3608
0.652082 0.391998 0.340885
0.3981 0.359894 0.331061
0.641273 0.384826 0.436482
0.600703 0.360523 0.357596
0.324363 0.352911 0.532812
0.63722 0.379876 0.556094
0.646518 0.37444 0.366598
0.348004 0.58408 0.443477
0.543184 0.365173 0.664304
0.617716 0.378118 0.581342
0.291275 0.338076 0.494635
0.402821 0.41542 0.595265
0.327543 0.376147 0.584003
0.665752 0.368608 0.543176
0.38785 0.365431 0.344111
0.569176 0.346798 0.64368
0.440837 0.413695 0.259341
0.526177 0.600315 0.414707
0.470488 0.364831 0.265352
0.711123 0.3295 0.515158
0.379778 0.395719 0.578995
0.269531 0.386956 0.535461
0.660468 0.370789 0.545798
0.719393 0.389111 0.412861
0.397458 0.371317 0.61685
0.299423 0.385899 0.401941
0.28025 0.4053 0.575326
0.287599 0.385922 0.570886
0.43433 0.369149 0.654241
0.682583 0.362938 0.454805
0.394014 0.367176 0.367773
0.313969 0.35954 0.517819
0.524936 0.390779 0.262793
0.446145 0.382723 0.647836
0.704218 0.327554 0.475884
0.377132 0.379227 0.377127
0.596086 0.358022 0.67093
0.331516 0.576636 0.522654
0.661149 0.358888 0.581467
0.366241 0.592907 0.53196
0.713377 0.327595 0.490328
0.469899 0.598279 0.562617
0.529725 0.602982 0.478183
0.657703 0.414334 0.634546
0.541785 0.535557 0.287371
0.733369 0.47308 0.471012
0.601609 0.38164 0.680505
0.602105 0.593513 0.518327
0.286004 0.376836 0.438875
0.347284 0.376485 0.407781
0.699196 0.331491 0.461684
0.660387 0.360769 0.552561
0.475413 0.341345 0.697675
0.521451 0.601149 0.423461
0.598046 0.371033 0.375528
0.269329 0.40913 0.552444
0.547071 0.361455 0.670748
0.427639 0.406991 0.326872
0.663257 0.453017 0.635354
0.625837 0.396956 0.662891
0.297979 0.348911 0.51455
0.498311 0.578262 0.340662
0.594988 0.35091 0.626531
0.455961 0.376289 0.669922
0.260551 0.391271 0.461672
0.654781 0.399773 0.433087
0.445872 0.378307 0.655885
0.418765 0.38199 0.310949
0.504978 0.448669 0.249946
0.520112 0.479861 0.723699
0.295512 0.362976 0.499933
0.417305 0.439449 0.718228
0.62421 0.392384 0.422627
0.44297 0.607289 0.46451
0.368646 0.391501 0.58367
0.326293 0.367308 0.539931
0.647771 0.488493 0.636146
0.70348 0.360118 0.479389
0.631832 0.379505 0.577831
0.454415 0.397389 0.738289
0.260883 0.463616 0.562682
0.701607 0.359101 0.419806
0.545369 0.567898 0.647471
0.438892 0.400117 0.265975
0.402122 0.397869 0.614023
0.316146 0.384689 0.433712
0.408869 0.508949 0.698742
0.660405 0.368808 0.555222
0.653338 0.369835 0.559717
0.491886 0.602366 0.452089
0.291174 0.473444 0.611856
0.613761 0.58696 0.445271
0.591151 0.370688 0.315739
0.596409 0.388328 0.598478
0.505439 0.344086 0.696612
0.573349 0.350427 0.347969
0.648025 0.398745 0.431218
0.54594 0.33964 0.701423
0.310101 0.388408 0.607268
0.444544 0.369984 0.291323
0.585922 0.375614 0.381899
0.627562 0.396425 0.575489
0.30591 0.371895 0.520086
0.609589 0.383208 0.391502
0.411113 0.380461 0.629354
0.510622 0.348667 0.694105
0.426974 0.385558 0.291218
0.442662 0.368283 0.667897
0.650476 0.364065 0.567639
0.466175 0.348424 0.687181
0.684143 0.348739 0.439914
0.518732 0.359235 0.287265
0.469328 0.597834 0.51634
0.433669 0.478468 0.263591
0.53205 0.351128 0.289675
0.581675 0.370803 0.634984
0.37178 0.388731 0.590796
0.548102 0.354019 0.670561
0.382184 0.392614 0.591767
0.659925 0.357401 0.566003
0.281369 0.375048 0.528112
0.282114 0.370447 0.461564
0.571219 0.373318 0.365261
0.353971 0.391202 0.573679
0.531187 0.511113 0.706402
0.455856 0.604395 0.467315
0.598576 0.400618 0.296631
0.313173 0.386634 0.421711
0.656979 0.551936 0.400578
0.504638 0.338316 0.715143
0.432138 0.380985 0.300883
0.746835 0.423597 0.462128
0.597954 0.376468 0.614445
0.726106 0.408567 0.423507
0.549095 0.582926 0.604434
0.432515 0.401111 0.270817
0.531012 0.497189 0.712891
0.691264 0.351401 0.456166
0.577838 0.355597 0.329916
0.434488 0.425539 0.262044
0.710803 0.346028 0.517771
0.521681 0.366085 0.282271
0.59653 0.377503 0.677927
0.434716 0.388817 0.304624
0.693724 0.348608 0.428029
0.435067 0.543339 0.298832
0.602678 0.368871 0.664917
0.267007 0.378116 0.483919
0.280749 0.428994 0.414412
0.584739 0.388137 0.378463
0.37942 0.577337 0.37757
0.321197 0.444954 0.340587
0.629073 0.370771 0.404663
0.572629 0.567 0.628404
0.591615 0.381065 0.302353
0.407958 0.557052 0.326061
0.382007 0.381142 0.609105
0.294597 0.45111 0.363847
0.288657 0.370154 0.5134
0.467893 0.602374 0.453861
0.507433 0.358881 0.703179
0.442328 0.605815 0.469694
0.412094 0.518359 0.293435
0.722479 0.370057 0.433219
0.706453 0.360375 0.528215
0.676899 0.429587 0.616306
0.567947 0.354516 0.661767
0.594172 0.540483 0.328456
0.635245 0.523756 0.34402
0.449128 0.6045 0.43575
0.569997 0.357791 0.345478
0.666316 0.41658 0.625182
0.388835 0.374704 0.633926
0.320376 0.389338 0.407223
0.639542 0.391646 0.578501
0.661621 0.379247 0.430604
0.705365 0.365164 0.563415
0.711808 0.352177 0.519193
0.633869 0.404484 0.58147
0.583396 0.372065 0.314535
0.436603 0.384374 0.285227
0.527722 0.37004 0.290781
0.362508 0.387385 0.329149
0.605613 0.56421 0.612194
0.702606 0.408965 0.58806
0.650622 0.374528 0.572414
0.391463 0.39428 0.618849
0.628166 0.547414 0.363596
0.40975 0.373652 0.669235
0.635711 0.509404 0.335376
0.438719 0.380574 0.669325
0.712797 0.3654 0.519535
0.355987 0.379721 0.622712
0.583254 0.368603 0.349597
0.596276 0.370836 0.635651
0.552579 0.572401 0.358377
0.568815 0.496675 0.691196
0.390806 0.602949 0.463801
0.511643 0.579368 0.352574
0.673993 0.364861 0.56631
0.720938 0.389351 0.422579
0.466878 0.593711 0.37487
0.72051 0.342536 0.528654
0.363713 0.382588 0.615615
0.268945 0.38901 0.470336
0.270823 0.428318 0.43818
0.437632 0.596313 0.556369
0.73856 0.360678 0.470068
0.37052 0.527004 0.324804
0.562599 0.450362 0.711745
0.592477 0.369975 0.671777
0.641671 0.549782 0.592183
0.50495 0.346731 0.718661
0.333548 0.384566 0.376815
0.595752 0.390934 0.36222
0.723662 0.45852 0.545348
0.687286 0.36268 0.440939
0.271028 0.415464 0.442576
0.589244 0.385221 0.300352
0.620805 0.412414 0.374365
0.478554 0.583044 0.634779
0.397809 0.397269 0.637376
0.51156 0.353689 0.711738
0.719329 0.344817 0.523334
0.469102 0.376714 0.73357
0.26698 0.391391 0.465611
0.41441 0.433547 0.275693
0.725245 0.342772 0.47006
0.261578 0.431319 0.459192
0.620203 0.377011 0.341773
0.363038 0.531186 0.334891
0.580838 0.566385 0.363536
0.283833 0.389204 0.546593
0.328118 0.57139 0.457806
0.641232 0.386296 0.606284
0.420632 0.595749 0.562977
0.744437 0.424104 0.504357
0.320685 0.404545 0.411524
0.607084 0.382104 0.660759
0.300299 0.411539 0.380325
0.6141 0.405302 0.37731
0.431473 0.383006 0.671842
0.71391 0.474865 0.419334
0.740936 0.372428 0.506937
0.647915 0.404486 0.601458
0.535241 0.561497 0.327832
0.460942 0.601614 0.463499
0.265599 0.425013 0.53976
0.28283 0.534509 0.493737
0.290003 0.411944 0.424402
0.272299 0.450376 0.581184
0.643569 0.423192 0.643699
0.612348 0.376628 0.621807
0.347587 0.386113 0.640687
0.523066 0.55266 0.673692
0.54169 0.598057 0.462101
0.281965 0.525623 0.452777
0.56715 0.388489 0.710265
0.356064 0.440627 0.316811
0.424785 0.371902 0.679878
0.41989 0.403015 0.297773
0.615485 0.404808 0.365606
0.720429 0.349111 0.475383
0.456428 0.393449 0.277104
0.278406 0.436208 0.429784
0.422891 0.392407 0.665743
0.30223 0.396497 0.573092
0.660159 0.488682 0.348659
0.27958 0.442014 0.425532
0.270891 0.50032 0.45493
0.336785 0.403665 0.625104
0.498858 0.356747 0.721203
0.595148 0.535011 0.325322
0.589903 0.383289 0.679068
0.725844 0.35179 0.485948
0.576682 0.389903 0.698898
0.39546 0.418783 0.292025
0.381513 0.395343 0.636215
0.45168 0.363711 0.716391
0.680079 0.374636 0.426511
0.292682 0.41417 0.426568
0.316881 0.406952 0.591739
0.268346 0.447753 0.443457
0.608305 0.382282 0.636354
0.665671 0.377254 0.574336
0.402641 0.386661 0.664297
0.331757 0.391497 0.630062
0.657683 0.386664 0.359534
0.479207 0.479205 0.250077
0.609984 0.387421 0.31656
0.683352 0.373499 0.560289
0.644636 0.395118 0.609786
0.720969 0.348621 0.461117
0.601097 0.388109 0.349805
0.569867 0.379858 0.306646
0.546137 0.389726 0.281415
0.491042 0.408573 0.274073
0.430214 0.408659 0.276239
0.702435 0.359908 0.550143
0.400478 0.386448 0.663942
0.379928 0.398422 0.642956
0.432247 0.412329 0.281759
0.513 0.410246 0.280465
0.702982 0.466481 0.388284
0.648117 0.530074 0.365157
0.254179 0.468598 0.475617
0.486443 0.595056 0.504002
0.680896 0.376629 0.566469
0.596651 0.591833 0.497357
0.376799 0.518263 0.675632
0.692014 0.445828 0.587318
0.590012 0.393174 0.301333
0.350432 0.39914 0.655454
0.349531 0.584057 0.5105
0.698018 0.438694 0.582995
0.717801 0.359413 0.457072
0.584373 0.378403 0.658488
0.703758 0.367363 0.442939
0.596823 0.391908 0.337094
0.44987 0.372583 0.70015
0.6231 0.57974 0.440524
0.425929 0.412343 0.282017
0.471713 0.594253 0.513065
0.710141 0.434886 0.404566
0.430281 0.444277 0.721851
0.716016 0.487344 0.525199
0.661594 0.391119 0.357597
0.512961 0.570791 0.339684
0.645676 0.506642 0.346126
0.401837 0.403641 0.698514
0.440012 0.603206 0.457958
0.718436 0.370324 0.457817
0.364375 0.558313 0.364862
0.308584 0.448709 0.63287
0.508136 0.37072 0.715739
0.694195 0.532099 0.453755
0.27139 0.437153 0.559814
0.429564 0.595762 0.538494
0.294672 0.445397 0.379337
0.65269 0.391943 0.37864
0.573115 0.375187 0.680029
0.256019 0.473181 0.485978
0.7403 0.43252 0.465587
0.395459 0.45752 0.704079
0.290598 0.528307 0.557777
0.471904 0.47204 0.249639
0.466663 0.582185 0.631733
0.604579 0.566512 0.605284
0.269163 0.43499 0.518209
0.580326 0.591236 0.536471
0.445288 0.373629 0.701454
0.281947 0.430673 0.577526
0.59929 0.590021 0.529448
0.302238 0.423382 0.421211
0.667581 0.411833 0.592799
0.630072 0.581444 0.497935
0.585087 0.593375 0.472881
0.48371 0.407078 0.737517
0.575699 0.592267 0.529871
0.660772 0.414421 0.606927
0.571037 0.395786 0.292385
0.741698 0.402176 0.465556
0.279394 0.42898 0.442063
0.294378 0.504445 0.412434
0.517858 0.597748 0.465328
0.715955 0.395677 0.561435
0.684685 0.43891 0.597086
0.669495 0.551417 0.439642
0.711495 0.37145 0.540714
0.308721 0.548938 0.548288
0.423332 0.397815 0.705271
0.523619 0.411614 0.271794
0.296473 0.444365 0.382313
0.415046 0.585165 0.59814
0.617682 0.567338 0.588942
0.670592 0.404718 0.385969
0.386168 0.402456 0.682253
0.262117 0.457747 0.514058
0.408435 0.434456 0.292977
0.71614 0.480272 0.530264
0.373872 0.448616 0.689286
0.340052 0.440243 0.360459
0.39164 0.42187 0.696473
0.551305 0.378603 0.705497
0.677283 0.397255 0.404726
0.582884 0.399066 0.31473
0.630145 0.44453 0.658685
0.313931 0.439719 0.631058
0.399856 0.461832 0.290029
0.668928 0.418878 0.582877
0.609607 0.583544 0.444107
0.27088 0.507036 0.505628
0.421595 0.462669 0.274724
0.509282 0.437962 0.271876
0.67293 0.389854 0.377772
0.654047 0.412331 0.359375
0.563788 0.506094 0.686536
0.635481 0.408918 0.636294
0.68169 0.411758 0.591574
0.645774 0.445526 0.642268
0.36285 0.561153 0.372631
0.369936 0.590734 0.512807
0.494085 0.392785 0.718887
0.280494 0.437964 0.575842
0.607949 0.40433 0.657615
0.298514 0.438791 0.382799
0.661931 0.392025 0.375638
0.283907 0.4268 0.558128
0.264295 0.478128 0.542612
0.701579 0.384511 0.429972
0.698122 0.389648 0.562011
0.359795 0.443537 0.33987
0.682735 0.469433 0.58637
0.262919 0.463264 0.5195
0.733871 0.384506 0.508832
0.481819 0.473474 0.253424
0.271991 0.444594 0.452705
0.309909 0.434116 0.611926
0.600927 0.529041 0.328082
0.319772 0.433656 0.365853
0.434898 0.591076 0.573181
0.423042 0.591049 0.570395
0.268282 0.44884 0.482122
0.314715 0.559076 0.471663
0.577567 0.389077 0.674547
0.521297 0.452538 0.724276
0.591816 0.408224 0.679474
0.412699 0.438066 0.708358
0.362082 0.551719 0.62415
0.593333 0.57178 0.389973
0.492801 0.554569 0.670687
0.280685 0.441623 0.443939
0.297413 0.540149 0.458522
0.440668 0.409457 0.725618
0.540556 0.590266 0.413893
0.562445 0.432902 0.709563
0.276399 0.488901 0.440755
0.349871 0.417988 0.639593
0.280987 0.475413 0.582824
0.689378 0.394507 0.562119
0.265525 0.486024 0.537065
0.630784 0.514108 0.63255
0.452301 0.447802 0.265405
0.47657 0.390766 0.721895
0.268484 0.489747 0.534884
0.325644 0.489493 0.634912
0.729229 0.431446 0.446574
0.616596 0.584983 0.488619
0.71352 0.490665 0.508969
0.267202 0.461441 0.527345
0.722904 0.385508 0.531949
0.518531 0.573323 0.355261
0.684118 0.410342 0.568132
0.469731 0.469386 0.257391
0.607473 0.430931 0.30917
0.736731 0.418537 0.457827
0.270578 0.458031 0.551537
0.349483 0.566194 0.567363
0.667664 0.421827 0.355379
0.697427 0.483605 0.401007
0.328806 0.539531 0.600515
0.719418 0.47955 0.500922
0.269555 0.457336 0.454736
0.274721 0.509477 0.495778
0.318237 0.45671 0.637604
0.29329 0.487591 0.593751
0.690739 0.41503 0.574481
0.523821 0.449245 0.267514
0.721195 0.403718 0.525067
0.625695 0.5821 0.486996
0.393993 0.413609 0.679893
0.610863 0.425365 0.322423
0.501538 0.418524 0.731926
0.638427 0.574325 0.510431
0.420051 0.57207 0.629027
0.334536 0.433645 0.643078
0.310143 0.54828 0.538515
0.690442 0.427119 0.377708
0.726807 0.411897 0.544499
0.633852 0.428275 0.638292
0.327667 0.459357 0.355527
0.357953 0.449138 0.670745
0.386937 0.508234 0.680093
0.643992 0.572113 0.494072
0.382206 0.58765 0.537962
0.274165 0.463902 0.533236
0.444179 0.492354 0.273004
0.677635 0.424968 0.375792
0.651411 0.447834 0.603795
0.362425 0.452451 0.638766
0.547366 0.569605 0.366203
0.686499 0.437281 0.582515
0.696527 0.4124 0.425977
0.469951 0.487424 0.261285
0.393937 0.427419 0.676435
0.715075 0.472736 0.438108
0.691425 0.411963 0.414977
0.606844 0.439047 0.309482
0.590991 0.419521 0.659045
0.639486 0.576698 0.474896
0.736376 0.416174 0.472225
0.374869 0.432532 0.680692
0.342177 0.576057 0.499614
0.540444 0.51211 0.278307
0.676571 0.425466 0.373002
0.577239 0.405626 0.679619
0.263468 0.474292 0.472482
0.417265 0.597822 0.508276
0.378386 0.527786 0.666515
0.282633 0.490076 0.434308
0.350525 0.428837 0.644362
0.505435 0.475127 0.260637
0.329711 0.434536 0.625438
0.595831 0.433648 0.674278
0.483309 0.406729 0.723205
0.414612 0.595616 0.522727
0.339469 0.45028 0.649231
0.381692 0.580761 0.396307
0.622704 0.448559 0.635995
0.712433 0.404716 0.433716
0.413434 0.491016 0.295772
0.277931 0.470376 0.536638
0.624314 0.45194 0.315572
0.39713 0.520946 0.310725
0.53571 0.474086 0.268782
0.277166 0.507593 0.494408
0.34542 0.558678 0.39698
0.686768 0.473566 0.380987
0.61246 0.443014 0.644095
0.613804 0.451182 0.31121
0.691298 0.464127 0.384792
0.701146 0.416029 0.553512
0.621978 0.456792 0.657083
0.61363 0.448237 0.319719
0.686019 0.439979 0.578856
0.6599 0.463263 0.371123
0.726371 0.457848 0.480897
0.436939 0.57752 0.620315
0.454627 0.591249 0.513027
0.626088 0.495307 0.641537
0.29749 0.53593 0.527234
0.640054 0.472502 0.639919
0.390918 0.577001 0.586623
0.269621 0.479538 0.531768
0.341022 0.441189 0.632676
0.614329 0.48557 0.313634
0.49408 0.550602 0.311273
0.375897 0.480049 0.315919
0.641318 0.45337 0.328353
0.682218 0.488853 0.571787
0.395535 0.446141 0.693503
0.3561 0.46752 0.332663
0.281348 0.510835 0.50527
0.368677 0.590732 0.469309
0.446582 0.597902 0.420256
0.721979 0.406885 0.453783
0.643679 0.454463 0.342779
0.718809 0.425315 0.525366
0.316815 0.486339 0.619064
0.573496 0.430143 0.669693
0.568829 0.523765 0.307009
0.680526 0.51793 0.410436
0.273475 0.48451 0.524364
0.721523 0.454004 0.517915
0.664018 0.522244 0.577246
0.719696 0.422195 0.541614
0.379619 0.466577 0.322548
0.680683 0.440049 0.568454
0.494926 0.589115 0.510762
0.679549 0.535707 0.522879
0.579481 0.572297 0.39339
0.49021 0.500041 0.272932
0.503309 0.530842 0.28905
0.483936 0.473364 0.72277
0.609543 0.464101 0.307071
0.586634 0.431055 0.670595
0.368899 0.467647 0.332149
0.678259 0.481907 0.378363
0.395816 0.471911 0.318702
0.557084 0.423436 0.701822
0.700586 0.455225 0.560906
0.393761 0.458088 0.664345
0.305774 0.53994 0.53545
0.60661 0.56522 0.394696
0.576508 0.583528 0.430829
0.612523 0.55887 0.385732
0.668593 0.454265 0.361438
0.589872 0.553767 0.626868
0.286049 0.516257 0.503444
0.720441 0.430882 0.525425
0.391616 0.545807 0.650218
0.384751 0.482324 0.31768
0.427902 0.588108 0.547618
0.716261 0.435832 0.523875
0.332969 0.52061 0.368318
0.686421 0.524914 0.527412
0.360082 0.457634 0.643524
0.723422 0.425373 0.501479
0.362894 0.449201 0.653194
0.339435 0.535034 0.37213
0.309332 0.469705 0.608535
0.66983 0.468125 0.366063
0.36694 0.455193 0.648814
0.366725 0.514768 0.658244
0.604783 0.469925 0.664825
0.446682 0.589414 0.521295
0.675358 0.527701 0.548609
0.648847 0.463968 0.607383
0.483777 0.533923 0.685211
0.587232 0.439186 0.665826
0.469684 0.571751 0.642632
0.682397 0.449298 0.561976
0.320359 0.502671 0.388938
0.460874 0.508971 0.282993
0.325418 0.464949 0.608912
0.407366 0.48257 0.31305
0.509062 0.437586 0.714084
0.485496 0.593611 0.414338
0.385571 0.584397 0.541012
0.31187 0.546182 0.517809
0.605838 0.575593 0.432001
0.342012 0.53871 0.609104
0.369872 0.450467 0.654836
0.716296 0.443737 0.538081
0.396954 0.503774 0.328833
0.708772 0.443977 0.540475
0.583119 0.449241 0.658376
0.39723 0.505778 0.316217
0.721727 0.436203 0.485821
0.716282 0.447373 0.524865
0.567428 0.511121 0.671913
0.332413 0.562487 0.50948
0.345179 0.50507 0.360522
0.542134 0.581251 0.402495
0.660441 0.485786 0.383342
0.343801 0.547106 0.588834
0.292123 0.50127 0.50968
0.68873 0.466815 0.538927
0.479994 0.50214 0.705833
0.391067 0.477185 0.684523
0.465582 0.586746 0.517826
0.44563 0.501585 0.293412
0.476657 0.574088 0.349953
0.492942 0.444766 0.71728
0.306014 0.540259 0.506209
0.621831 0.470822 0.321947
0.688371 0.503769 0.420002
0.640521 0.476979 0.60319
0.691377 0.452579 0.550829
0.495792 0.587336 0.503755
0.690401 0.463825 0.411039
0.69863 0.517173 0.469594
0.418258 0.470828 0.700652
0.660602 0.475583 0.369989
0.322065 0.475569 0.588579
0.563575 0.556214 0.634694
0.480736 0.547612 0.671128
0.301541 0.520886 0.435423
0.612297 0.508444 0.331538
0.421877 0.557735 0.336668
0.308437 0.493422 0.587754
0.686593 0.460685 0.560931
0.356502 0.574586 0.436163
0.41166 0.531468 0.317862
0.498033 0.589359 0.4567
0.705448 0.477591 0.525963
0.292136 0.517196 0.470427
0.595244 0.522412 0.330918
0.29759 0.519947 0.455021
0.316615 0.538966 0.428609
0.680568 0.510488 0.415011
0.42793 0.455419 0.696605
0.663346 0.489639 0.384702
0.326963 0.536377 0.397904
0.688382 0.509408 0.538055
0.413489 0.463727 0.688552
0.34914 0.518331 0.360112
0.373184 0.562454 0.588331
0.360532 0.472892 0.654103
0.379924 0.512051 0.627657
0.652137 0.487782 0.37093
0.689358 0.491362 0.416251
0.390035 0.484537 0.653749
0.644681 0.497425 0.375538
0.700113 0.462503 0.432913
0.490269 0.466918 0.715111
0.623276 0.547008 0.604278
0.416906 0.475455 0.696212
0.31524 0.482517 0.599646
0.447901 0.454536 0.713702
0.570336 0.480083 0.299454
0.368828 0.503064 0.628486
0.437875 0.458508 0.69345
0.628221 0.49094 0.60214
0.380707 0.578436 0.547938
0.667491 0.489501 0.582155
0.327114 0.543695 0.418619
0.656889 0.480481 0.588368
0.615845 0.572629 0.551011
0.433917 0.550431 0.329099
0.30616 0.519193 0.462187
0.679708 0.521306 0.538483
0.495395 0.47606 0.709454
0.38602 0.522348 0.339691
0.300338 0.511821 0.529085
0.621949 0.498953 0.34017
0.573804 0.584422 0.480961
0.424396 0.596101 0.43462
0.630782 0.4873 0.628556
0.403575 0.527654 0.668418
0.305846 0.52962 0.53026
0.439349 0.467133 0.688516
0.634393 0.529249 0.608545
0.399256 0.536742 0.330642
0.712759 0.476321 0.472251
0.49972 0.467725 0.695693
0.564417 0.519727 0.666176
0.709574 0.477078 0.487633
0.472254 0.58412 0.598436
0.676097 0.497387 0.419089
0.631879 0.479113 0.627257
0.494527 0.586295 0.401531
0.517628 0.535709 0.307885
0.680235 0.49972 0.412878
0.702035 0.475633 0.514577
0.674909 0.500042 0.565174
0.478471 0.590903 0.431978
0.462868 0.566083 0.341917
0.309443 0.534847 0.449818
0.700644 0.486409 0.521801
0.661086 0.482148 0.586629
0.40722 0.595558 0.443661
0.339334 0.549969 0.412261
0.494811 0.478048 0.685489
0.526624 0.469611 0.688329
0.550651 0.47139 0.687766
0.509448 0.546835 0.662771
0.661932 0.538003 0.54538
0.505425 0.585728 0.466831
0.323217 0.510334 0.589549
0.495708 0.541801 0.316057
0.696536 0.487756 0.453764
0.552899 0.4656 0.68582
0.563402 0.460707 0.675763
0.373013 0.489985 0.652354
0.383648 0.581947 0.416839
0.30713 0.529513 0.466238
0.506073 0.470706 0.699243
0.349889 0.526301 0.377925
0.570558 0.492511 0.639846
0.319298 0.493873 0.562901
0.644986 0.496881 0.579759
0.521805 0.583628 0.410593
0.315555 0.50938 0.573643
0.36259 0.551186 0.377583
0.408636 0.523789 0.330016
0.571872 0.463954 0.666056
0.362543 0.539621 0.364687
0.475174 0.469529 0.707057
0.471882 0.586211 0.467492
0.527579 0.520974 0.681712
0.422286 0.502503 0.652604
0.513324 0.578247 0.389035
0.685019 0.49441 0.454298
0.330886 0.552472 0.439211
0.475045 0.493467 0.704718
0.313657 0.509737 0.568468
0.509501 0.576755 0.383477
0.318932 0.528185 0.550768
0.335151 0.503104 0.591579
0.640158 0.519725 0.405821
0.603219 0.512179 0.637531
0.323509 0.514974 0.530855
0.64977 0.545725 0.550411
0.401675 0.497192 0.663173
0.643514 0.523365 0.384555
0.433518 0.547414 0.654607
0.622012 0.52701 0.409153
0.310982 0.517634 0.484033
0.379729 0.553051 0.367926
0.523698 0.540878 0.324076
0.65543 0.49764 0.576938
0.46028 0.472503 0.699201
0.589277 0.574154 0.558268
0.481448 0.486868 0.701166
0.470578 0.475686 0.695863
0.370078 0.533242 0.360792
0.369997 0.535268 0.36078
0.502082 0.496662 0.694812
0.436765 0.484326 0.67512
0.618954 0.549584 0.595013
0.393231 0.592327 0.467692
0.448537 0.577802 0.601878
0.549019 0.502635 0.305929
0.315783 0.516764 0.533381
0.403924 0.590538 0.492075
0.477211 0.492261 0.700718
0.691613 0.504013 0.48518
0.427803 0.485825 0.675478
0.675736 0.518806 0.435406
0.491978 0.477728 0.69657
0.683158 0.498086 0.455872
0.537983 0.581072 0.530205
0.677984 0.503623 0.524002
0.326616 0.541553 0.522553
0.578588 0.576158 0.544876
0.623606 0.567885 0.515279
0.656381 0.508957 0.570935
0.323119 0.53156 0.448314
0.615147 0.558975 0.575131
0.447902 0.480593 0.686026
0.675277 0.500739 0.50962
0.33473 0.550488 0.521189
0.595355 0.555842 0.600602
0.420953 0.526893 0.33807
0.585253 0.535761 0.632416
0.670373 0.512343 0.444593
0.585574 0.5099 0.647671
0.317706 0.520649 0.49542
0.613546 0.565002 0.428765
0.51168 0.582905 0.418988
0.679999 0.514984 0.497655
0.618912 0.518199 0.364379
0.651302 0.555288 0.469486
0.43176 0.523018 0.329907
0.442416 0.579823 0.550955
0.540913 0.491412 0.683061
0.442824 0.528727 0.67176
0.61484 0.515355 0.591265
0.3605 0.572127 0.506267
0.537178 0.576111 0.569935
0.578313 0.490801 0.658971
0.36201 0.515472 0.626781
0.330318 0.514386 0.57905
0.543022 0.483676 0.681912
0.323552 0.529296 0.543179
0.55595 0.480267 0.675585
0.434737 0.589472 0.46556
0.523607 0.539976 0.662843
0.672097 0.533025 0.49528
0.393251 0.540085 0.361432
0.583 0.556561 0.601554
0.405647 0.517587 0.655446
0.650189 0.516774 0.561882
0.522924 0.564191 0.371081
0.597162 0.553188 0.598295
0.608089 0.571805 0.504442
0.443848 0.58292 0.462735
0.346144 0.533045 0.586384
0.396212 0.573582 0.551991
0.338778 0.525503 0.435794
0.557173 0.508308 0.325041
0.568837 0.507543 0.633167
0.666002 0.532726 0.453467
0.448452 0.585828 0.428849
0.6057 0.572819 0.469694
0.438143 0.4969 0.669427
0.590646 0.517464 0.360187
0.531101 0.555517 0.635192
0.414177 0.585199 0.496146
0.653549 0.51566 0.552164
0.469304 0.563008 0.637258
0.671848 0.500634 0.507595
0.456455 0.490022 0.686108
0.672317 0.524974 0.493329
0.415933 0.518857 0.661102
0.484032 0.513423 0.317668
0.403105 0.583932 0.417474
0.661847 0.518276 0.539452
0.526372 0.579599 0.487814
0.44453 0.551893 0.341784
0.50255 0.52159 0.675121
0.485492 0.550744 0.336999
0.4539 0.494601 0.665798
0.419535 0.53219 0.354432
0.470242 0.519435 0.319438
0.428349 0.533092 0.360036
0.342179 0.553364 0.501967
0.672274 0.496795 0.475031
0.346935 0.527268 0.556601
0.51358 0.508824 0.650745
0.569858 0.549693 0.616462
0.651977 0.542402 0.518045
0.530659 0.556336 0.629058
0.660815 0.483923 0.494534
0.643943 0.522635 0.43675
0.429822 0.513475 0.654369
0.363935 0.546154 0.582192
0.456316 0.511203 0.643035
0.54906 0.576465 0.431293
0.353892 0.525372 0.563643
0.626543 0.536598 0.395203
0.418299 0.586367 0.465979
0.435368 0.576801 0.547912
0.42235 0.560394 0.616435
0.64324 0.508693 0.532767
0.520391 0.504055 0.665902
0.494994 0.579934 0.416385
0.64894 0.531135 0.555012
0.445172 0.578656 0.461244
0.489827 0.556431 0.639671
0.618984 0.544314 0.394739
0.601428 0.524464 0.365
0.58314 0.540758 0.619843
0.574125 0.564364 0.580893
0.63653 0.533619 0.575985
0.580944 0.519927 0.347752
0.58087 0.517921 0.351039
0.555072 0.521294 0.331766
0.536284 0.516571 0.331847
0.353639 0.550107 0.417886
0.429501 0.513673 0.654152
0.446814 0.525892 0.628986
0.570551 0.561872 0.394636
0.60542 0.536897 0.600733
0.368272 0.553751 0.560012
0.581197 0.533434 0.622777
0.542368 0.557591 0.613827
0.65233 0.513035 0.523355
0.537793 0.516255 0.344603
0.611401 0.538933 0.387104
0.539594 0.529624 0.654805
0.462036 0.575654 0.551828
0.568234 0.546646 0.367825
0.509326 0.52371 0.342381
0.465086 0.570352 0.462238
0.56748 0.54162 0.360179
0.596492 0.526 0.564699
0.485457 0.547511 0.646495
0.592607 0.526797 0.372993
0.361873 0.532165 0.555734
0.540966 0.515876 0.343646
0.451278 0.542193 0.339062
0.549518 0.513244 0.657232
0.571949 0.514201 0.636341
0.497255 0.541497 0.651769
0.449027 0.50175 0.570057
0.449602 0.575696 0.532842
0.437154 0.547574 0.351103
0.375408 0.542076 0.403065
0.406928 0.574195 0.537749
0.423906 0.536601 0.575632
0.441629 0.533063 0.359771
0.331645 0.531232 0.466613
0.598137 0.530036 0.383247
0.375397 0.538192 0.416757
0.344471 0.547728 0.514389
0.375484 0.531308 0.597487
0.358929 0.547408 0.542878
0.568091 0.568813 0.429947
0.448239 0.5354 0.360432
0.399601 0.565096 0.566247
0.405429 0.560242 0.591345
0.519408 0.565507 0.598709
0.457184 0.558465 0.361716
0.414219 0.539711 0.60971
0.636687 0.548216 0.457747
0.399021 0.558266 0.589207
0.41224 0.545103 0.622568
0.601295 0.565461 0.50945
0.48849 0.557403 0.625368
0.51462 0.524495 0.644639
0.418049 0.537748 0.395375
0.546841 0.48729 0.561721
0.34093 0.540947 0.487377
0.622778 0.553736 0.536126
0.58353 0.566124 0.427655
0.435813 0.540768 0.363289
0.391775 0.538655 0.577561
0.543736 0.514149 0.360683
0.350327 0.537039 0.510537
0.489396 0.519365 0.647426
0.642873 0.500177 0.510098
0.479955 0.506668 0.646244
0.361579 0.545373 0.552918
0.547054 0.573245 0.496058
0.336503 0.528504 0.483112
0.510582 0.563148 0.607419
0.661881 0.520936 0.465831
0.502374 0.573959 0.53858
0.562534 0.569565 0.433158
0.624034 0.528277 0.563504
0.583615 0.535787 0.611619
0.512474 0.572008 0.43664
0.389547 0.556976 0.407878
0.564519 0.565794 0.454324
0.559814 0.566134 0.438727
0.429717 0.569522 0.562664
0.615611 0.554844 0.525835
0.497753 0.568468 0.582871
0.61012 0.541437 0.570446
0.539522 0.566359 0.57413
0.632688 0.546342 0.501894
0.638201 0.540059 0.514487
0.449313 0.494896 0.567279
0.548846 0.532565 0.616856
0.428616 0.572887 0.489408
0.603081 0.560998 0.476848
0.482888 0.531583 0.642592
0.606797 0.511603 0.444272
0.57034 0.523683 0.383722
0.581082 0.546247 0.386412
0.484403 0.526926 0.641898
0.573651 0.532028 0.372202
0.610751 0.558233 0.490277
0.589742 0.549868 0.396788
0.474685 0.55273 0.359092
0.492736 0.5298 0.355038
0.626063 0.528172 0.44286
0.44364 0.568192 0.45583
0.59736 0.495937 0.447711
0.454101 0.530212 0.611132
0.643167 0.533565 0.454717
0.641937 0.496674 0.502357
0.548286 0.570631 0.505229
0.597454 0.533113 0.57017
0.525297 0.571109 0.54938
0.59948 0.561969 0.473581
0.471871 0.531936 0.35568
0.427262 0.52945 0.561969
0.413736 0.548445 0.590419
0.568139 0.562816 0.477088
0.391232 0.55087 0.566522
0.454371 0.56885 0.550534
0.43444 0.569774 0.507151
0.481698 0.56695 0.570541
0.39234 0.568689 0.443676
0.366074 0.510282 0.479052
0.615775 0.541392 0.550677
0.478656 0.559347 0.470301
0.622317 0.531731 0.443999
0.628988 0.541274 0.453606
0.426455 0.564563 0.400679
0.54196 0.474668 0.562098
0.596538 0.549245 0.562701
0.623841 0.503475 0.464586
0.501462 0.568566 0.55154
0.570673 0.554066 0.575818
0.365726 0.542868 0.504336
0.448389 0.551494 0.375335
0.496363 0.554302 0.375742
0.627763 0.548402 0.470198
0.564452 0.545116 0.595802
0.479315 0.563059 0.389629
0.617992 0.536993 0.55133
0.483486 0.561562 0.594958
0.630499 0.54233 0.504202
0.562929 0.561529 0.4406
0.546939 0.533999 0.364725
0.463148 0.566317 0.434702
0.466817 0.540798 0.63483
0.459757 0.539796 0.367453
0.476219 0.519091 0.636556
0.534448 0.528148 0.362629
0.649895 0.509487 0.481864
0.507346 0.561311 0.466889
0.366612 0.546856 0.483038
0.571992 0.559425 0.500141
0.50519 0.480579 0.613502
0.468444 0.565894 0.535235
0.636522 0.523373 0.498029
0.469237 0.563463 0.571209
0.531795 0.548488 0.600445
0.486058 0.560184 0.434545
0.555089 0.53408 0.579156
0.36264 0.531153 0.471027
0.572529 0.556238 0.454285
0.627906 0.529321 0.52066
0.452469 0.532641 0.588462
0.372931 0.531358 0.492503
0.380987 0.546531 0.519001
0.630035 0.488946 0.479719
0.371948 0.55268 0.460948
0.549857 0.558205 0.422039
0.577247 0.530092 0.402963
0.602818 0.539426 0.431919
0.45491 0.54061 0.612533
0.629737 0.534142 0.507767
0.367502 0.524132 0.481902
0.46932 0.557884 0.445987
0.613546 0.546696 0.458572
0.481119 0.554891 0.383029
0.510996 0.490326 0.613892
0.436051 0.556054 0.585987
0.490974 0.472154 0.622734
0.592396 0.525879 0.428232
0.41135 0.527568 0.434458
0.567087 0.556463 0.442894
0.402434 0.560704 0.425532
0.499063 0.56281 0.56479
0.500821 0.565265 0.517912
0.441399 0.471444 0.43517
0.377379 0.550362 0.468548
0.393647 0.560457 0.474917
0.459454 0.550684 0.465959
0.50497 0.558483 0.501134
0.619026 0.509836 0.467185
0.458838 0.557446 0.573622
0.537298 0.532665 0.59545
0.530986 0.562762 0.531902
0.556595 0.560323 0.524028
0.520103 0.492124 0.605823
0.567002 0.492661 0.431174
0.468312 0.553866 0.394313
0.494591 0.491611 0.617308
0.623604 0.517818 0.503604
0.547428 0.504313 0.399912
0.446093 0.494128 0.418601
0.442903 0.557114 0.565625
0.426528 0.542276 0.563947
0.514222 0.525226 0.376571
0.500775 0.550908 0.470205
0.580149 0.493479 0.442535
0.593976 0.472463 0.462079
0.614909 0.475356 0.510282
0.494542 0.555335 0.577336
0.455427 0.557256 0.494354
0.613635 0.462842 0.498618
0.44798 0.514208 0.400304
0.545358 0.545648 0.392204
0.457632 0.506707 0.575576
0.376804 0.537863 0.467031
0.493308 0.504961 0.373853
0.616434 0.478705 0.507749
0.470811 0.546661 0.382927
0.588246 0.516822 0.543218
0.495612 0.542225 0.603408
0.55945 0.500366 0.551599
0.466502 0.494815 0.583833
0.412381 0.554177 0.488253
0.592945 0.526178 0.539894
0.519597 0.556122 0.509129
0.495038 0.541086 0.390504
0.451321 0.54981 0.570182
0.405428 0.552359 0.491202
0.384432 0.494375 0.481034
0.522224 0.545728 0.583499
0.479421 0.525113 0.612912
0.573716 0.543278 0.431309
0.472597 0.546943 0.487468
0.471453 0.554636 0.522917
0.434958 0.482131 0.43951
0.448002 0.519693 0.564815
0.425204 0.526958 0.42709
0.618783 0.490512 0.486234
0.381066 0.524614 0.470177
0.437832 0.555226 0.543384
0.385152 0.491128 0.482099
0.531269 0.55457 0.555386
0.397239 0.489246 0.467106
0.437899 0.553833 0.444969
0.493905 0.489741 0.613091
0.463602 0.54136 0.391589
0.435962 0.419003 0.545899
0.609988 0.46477 0.496528
0.408751 0.550042 0.521281
0.59291 0.50394 0.53319
0.517268 0.528959 0.383823
0.386997 0.546624 0.467519
0.479446 0.533521 0.608287
0.394627 0.547754 0.488421
0.591399 0.542802 0.485747
0.42047 0.534326 0.427629
0.462868 0.544099 0.470301
0.403454 0.538063 0.503961
0.424606 0.547194 0.500659
0.477533 0.503907 0.382529
0.533158 0.552481 0.516394
0.422831 0.440627 0.459918
0.445855 0.538013 0.559404
0.512338 0.46929 0.399014
0.502315 0.541477 0.438775
0.513052 0.467419 0.399361
0.589492 0.450445 0.51732
0.514367 0.536749 0.466012
0.490976 0.495603 0.608276
0.439885 0.543614 0.465156
0.41672 0.545058 0.517152
0.491572 0.550013 0.543005
0.409102 0.526622 0.448782
0.504607 0.443801 0.598016
0.436657 0.448872 0.544713
0.614203 0.48425 0.478707
0.521898 0.544561 0.486716
0.458642 0.537547 0.473081
0.389596 0.493021 0.480696
0.507334 0.475648 0.601103
0.497149 0.501515 0.387253
0.443548 0.545399 0.548072
0.391259 0.468887 0.476388
0.525831 0.456451 0.581357
0.521208 0.471272 0.399773
0.562195 0.547365 0.524471
0.431807 0.431583 0.541292
0.6051 0.514768 0.511573
0.561634 0.514958 0.415214
0.392885 0.459632 0.508746
0.531329 0.521752 0.389721
0.554242 0.537959 0.467064
0.531122 0.394799 0.574337
0.404243 0.529172 0.491286
0.580743 0.526732 0.468061
0.397941 0.50204 0.488363
0.572421 0.532609 0.501478
0.424052 0.462307 0.535674
0.437988 0.517516 0.546647
0.543459 0.498849 0.410676
0.531846 0.54879 0.527717
0.492184 0.538717 0.560636
0.540262 0.531483 0.457321
0.547797 0.509286 0.410147
0.59864 0.467086 0.495191
0.539606 0.531047 0.466288
0.595966 0.43085 0.502191
0.429198 0.531868 0.431442
0.472007 0.464498 0.584089
0.558401 0.529586 0.470902
0.505319 0.528462 0.468867
0.556877 0.531022 0.442161
0.468988 0.521011 0.579823
0.397655 0.483095 0.501738
0.468123 0.466836 0.413211
0.508357 0.513393 0.395222
0.509138 0.535049 0.484161
0.525506 0.410472 0.581834
0.516244 0.545021 0.544405
0.477916 0.458161 0.403132
0.398518 0.516234 0.484024
0.471202 0.536749 0.504946
0.457564 0.530247 0.405281
0.440777 0.5375 0.497753
0.394938 0.47205 0.477523
0.424086 0.535815 0.527009
0.415047 0.459167 0.465572
0.553324 0.543464 0.523453
0.528021 0.512003 0.584802
0.408788 0.519629 0.488232
0.477703 0.524975 0.49394
0.427526 0.428381 0.536525
0.404104 0.453767 0.475
0.518136 0.527228 0.437996
0.437306 0.501858 0.542334
0.575226 0.522222 0.511402
0.542103 0.526506 0.427711
0.592573 0.466457 0.493091
0.582709 0.513314 0.503881
0.574155 0.519757 0.498031
0.47643 0.506188 0.396889
0.594734 0.427249 0.487909
0.583274 0.450551 0.466332
0.44367 0.424117 0.443082
0.494104 0.483553 0.595315
0.589474 0.411316 0.513331
0.412022 0.525894 0.463411
0.591865 0.490553 0.50473
0.545411 0.53971 0.530789
0.595323 0.424054 0.470881
0.503011 0.517966 0.403041
0.442369 0.531587 0.527189
0.581587 0.513863 0.477946
0.524223 0.473126 0.406192
0.429676 0.529236 0.503296
0.433438 0.507775 0.538653
0.559116 0.529191 0.504251
0.419592 0.454887 0.531047
0.508877 0.522833 0.474962
0.468843 0.523933 0.488343
0.523905 0.5237 0.471991
0.438567 0.530841 0.525418
0.528876 0.525819 0.47517
0.592867 0.463142 0.492905
0.578265 0.401566 0.52241
0.457468 0.467281 0.430448
0.480427 0.523396 0.515899
0.505946 0.515166 0.412832
0.409987 0.474812 0.473235
0.423383 0.490034 0.459623
0.429405 0.468027 0.535241
0.45342 0.509747 0.421314
0.448555 0.43856 0.442549
0.587789 0.445742 0.505444
0.480524 0.505125 0.470348
0.52316 0.529624 0.546401
0.466035 0.511315 0.478285
0.572289 0.466782 0.461798
0.409388 0.479206 0.513586
0.49077 0.470346 0.591569
0.494034 0.397913 0.596796
0.535271 0.514467 0.468582
0.445007 0.461739 0.546055
0.51566 0.499716 0.407258
0.43753 0.517022 0.528742
0.52039 0.487233 0.579142
0.503226 0.514616 0.452078
0.516146 0.516637 0.447402
0.56888 0.509498 0.499087
0.537552 0.53405 0.522695
0.475633 0.421722 0.588517
0.600359 0.404142 0.47543
0.477633 0.411022 0.593337
0.577249 0.496225 0.522904
0.406289 0.407971 0.474367
0.422244 0.470607 0.530614
0.402202 0.417108 0.509727
0.44425 0.380884 0.559337
0.499989 0.48401 0.406562
0.50331 0.524265 0.551389
0.486704 0.506769 0.465481
0.425426 0.496125 0.52068
0.482033 0.515412 0.53687
0.588456 0.418615 0.491685
0.415912 0.488938 0.472862
0.528953 0.498509 0.41666
0.424629 0.413484 0.532583
0.528981 0.52259 0.540927
0.501204 0.460642 0.582274
0.575141 0.407549 0.520933
0.405068 0.417427 0.480558
0.491247 0.440682 0.58862
0.488558 0.488827 0.575362
0.531592 0.45815 0.561016
0.455107 0.509555 0.43276
0.550159 0.501944 0.536948
0.495157 0.446572 0.412515
0.480307 0.410161 0.407255
0.40724 0.435651 0.486872
0.458857 0.509235 0.537923
0.544757 0.508657 0.539844
0.482751 0.506494 0.493344
0.509772 0.511782 0.490633
0.54391 0.33642 0.56455
0.559585 0.508813 0.524642
0.520719 0.506945 0.422082
0.441386 0.507216 0.468695
0.567122 0.487303 0.524606
0.564799 0.495505 0.481149
0.528255 0.518632 0.500255
0.490496 0.410655 0.409239
0.534941 0.446637 0.431213
0.490133 0.420943 0.592023
0.583316 0.468562 0.4727
0.47805 0.508858 0.55376
0.450757 0.393472 0.430103
0.557941 0.325044 0.556194
0.426537 0.483632 0.515422
0.522867 0.463266 0.419361
0.569738 0.468033 0.468991
0.525115 0.491249 0.556156
0.511409 0.407419 0.416743
0.423057 0.371884 0.535404
0.53147 0.503117 0.543049
0.507214 0.421968 0.417383
0.563915 0.461692 0.464015
0.475154 0.506366 0.515686
0.5025 0.500607 0.547184
0.451748 0.444781 0.444995
0.492644 0.443481 0.582057
0.434477 0.475247 0.45928
0.518138 0.498282 0.48286
0.432141 0.324821 0.566408
0.571023 0.438028 0.518109
0.473458 0.492971 0.423359
0.527604 0.495531 0.432523
0.514706 0.492981 0.465387
0.456854 0.504149 0.519828
0.43772 0.460642 0.53496
0.480965 0.414394 0.411372
0.458865 0.489396 0.466512
0.474782 0.489349 0.456072
0.495711 0.405627 0.413844
0.515152 0.495338 0.43012
0.405508 0.367464 0.502615
0.577279 0.313581 0.428397
0.413175 0.439656 0.511087
0.417659 0.316669 0.426611
0.501869 0.426259 0.416713
0.589268 0.379054 0.471105
0.511408 0.494829 0.447083
0.5233 0.516516 0.523475
0.485968 0.432739 0.586048
0.432417 0.464204 0.467429
0.527478 0.473702 0.43321
0.462454 0.483723 0.494375
0.528978 0.461187 0.554316
0.467991 0.345905 0.594153
0.581577 0.337652 0.528877
0.423159 0.453472 0.474322
0.437442 0.373073 0.54999
0.569315 0.459542 0.484627
0.586472 0.353104 0.496738
0.48464 0.381692 0.594003
0.43147 0.473832 0.490914
0.473354 0.489646 0.503202
0.471493 0.485577 0.542148
0.591739 0.381113 0.479933
0.423383 0.329072 0.427844
0.511331 0.478914 0.468645
0.462105 0.486784 0.533665
0.479656 0.467161 0.565219
0.418589 0.445812 0.487361
0.593274 0.346806 0.480535
0.461384 0.336258 0.590912
0.525662 0.493707 0.539825
0.458143 0.481621 0.491225
0.479656 0.405262 0.586869
0.507075 0.480598 0.48242
0.481728 0.495234 0.527584
0.499393 0.332212 0.594508
0.526517 0.41744 0.566245
0.506157 0.479216 0.481178
0.537068 0.479496 0.462733
0.592528 0.371257 0.480706
0.553997 0.472253 0.495276
0.489272 0.379252 0.592496
0.46806 0.393842 0.57715
0.568732 0.452606 0.491408
0.441678 0.4385 0.460694
0.465335 0.301821 0.599817
0.441774 0.298294 0.587007
0.569578 0.413746 0.515527
0.461945 0.474497 0.530531
0.564719 0.352941 0.535242
0.442637 0.462613 0.474535
0.443573 0.452027 0.462779
0.519563 0.437072 0.431495
0.520891 0.448304 0.434069
0.50402 0.486273 0.514053
0.51391 0.376859 0.419696
0.53523 0.482648 0.524191
0.435406 0.419743 0.533715
0.512895 0.464129 0.553442
0.439963 0.433234 0.534604
0.518353 0.454096 0.560047
0.540729 0.45859 0.462888
0.436263 0.389277 0.540955
0.548798 0.45481 0.526568
0.531341 0.479566 0.502995
0.461475 0.467302 0.495738
0.503676 0.40783 0.576834
0.483445 0.362278 0.59575
0.566422 0.412206 0.466652
0.44013 0.414077 0.538982
0.56698 0.416566 0.517969
0.584411 0.370259 0.490537
0.489791 0.446751 0.563777
0.54519 0.468319 0.525123
0.428188 0.42896 0.470161
0.449558 0.469455 0.507136
0.587751 0.34131 0.487732
0.533769 0.358925 0.422787
0.459266 0.438789 0.445533
0.541322 0.464207 0.474117
0.450701 0.420405 0.543033
0.46041 0.387077 0.42751
0.505926 0.448045 0.463863
0.58028 0.364038 0.51747
0.551183 0.442402 0.516247
0.549358 0.351675 0.545712
0.515766 0.382045 0.573543
0.509213 0.371565 0.421119
0.525605 0.450541 0.468172
0.469768 0.357793 0.411362
0.483271 0.433796 0.562158
0.534784 0.447614 0.482095
0.516085 0.447588 0.474691
0.452746 0.444057 0.472279
0.584623 0.331505 0.503771
0.452963 0.373064 0.562557
0.468239 0.44014 0.484737
0.523606 0.431195 0.557598
0.542371 0.44458 0.487532
0.474937 0.456418 0.540707
0.486968 0.447587 0.445333
0.474489 0.461404 0.532733
0.572448 0.395581 0.496779
0.477507 0.38963 0.417531
0.551337 0.419644 0.527852
0.430793 0.410707 0.466485
0.530091 0.441021 0.45508
0.495159 0.408209 0.572036
0.452885 0.459268 0.522381
0.445578 0.444212 0.493307
0.559193 0.429709 0.495052
0.513638 0.416805 0.568077
0.551086 0.433374 0.523792
0.527585 0.471472 0.530587
0.547882 0.440661 0.488317
0.468886 0.383653 0.576103
0.433894 0.406509 0.486867
0.455499 0.407258 0.446931
0.411413 0.326202 0.508105
0.591923 0.306149 0.520937
0.471943 0.442532 0.51208
0.537857 0.344293 0.558418
0.423268 0.379966 0.490358
0.439929 0.346074 0.557686
0.525373 0.441568 0.49624
0.557641 0.295734 0.569039
0.459593 0.275666 0.597887
0.539681 0.424182 0.532899
0.494173 0.361172 0.418216
0.487693 0.393972 0.572119
0.467275 0.426498 0.49053
0.449747 0.290378 0.591394
0.41173 0.291223 0.423726
0.52156 0.429495 0.478233
0.489402 0.311701 0.402316
0.564431 0.380031 0.523553
0.450666 0.336065 0.574024
0.484663 0.372869 0.582501
0.456777 0.418555 0.453875
0.472809 0.43038 0.453439
0.542654 0.429191 0.478936
0.431019 0.414399 0.513291
0.505601 0.457582 0.52942
0.407666 0.325419 0.467142
0.409795 0.324903 0.49747
0.526675 0.432597 0.466884
0.502079 0.423746 0.556395
0.420601 0.32105 0.431748
0.510607 0.292427 0.593397
0.50284 0.4286 0.470196
0.480546 0.441375 0.538206
0.530716 0.431357 0.490466
0.4341 0.391989 0.478726
0.527086 0.298513 0.587075
0.538725 0.341199 0.423274
0.430657 0.385969 0.521782
0.478021 0.408218 0.472059
0.528474 0.331567 0.57111
0.446116 0.40748 0.498483
0.452128 0.40409 0.458533
0.494237 0.413257 0.455483
0.506739 0.433517 0.50831
0.481499 0.430037 0.531109
0.458161 0.407953 0.470906
0.560756 0.354421 0.446538
0.463235 0.350893 0.576458
0.587648 0.257674 0.564647
0.459832 0.421252 0.53269
0.42862 0.380217 0.494032
0.451308 0.348422 0.566023
0.456943 0.311471 0.407617
0.499255 0.352557 0.419449
0.549031 0.362686 0.442384
0.499074 0.407048 0.489348
0.426562 0.377736 0.480772
0.483224 0.431454 0.529443
0.470994 0.427524 0.515582
0.520424 0.289488 0.592785
0.41506 0.323514 0.522324
0.488064 0.42604 0.536798
0.528337 0.417332 0.494891
0.577391 0.341698 0.495198
0.58944 0.30649 0.516404
0.465892 0.406801 0.47607
0.539256 0.30107 0.578284
0.582937 0.322169 0.481365
0.482841 0.32106 0.593045
0.511473 0.409614 0.472401
0.448359 0.284773 0.588259
0.533951 0.319913 0.414516
0.457088 0.387039 0.479362
0.441786 0.386444 0.527205
0.585106 0.31391 0.466601
0.522163 0.314556 0.579867
0.515803 0.331377 0.4152
0.52093 0.314858 0.409003
0.497525 0.383939 0.485789
0.440973 0.380352 0.491516
0.463068 0.344262 0.57461
0.46926 0.412333 0.527686
0.534935 0.358444 0.548073
0.477588 0.386152 0.484396
0.477149 0.396183 0.550338
0.466428 0.377562 0.559377
0.543718 0.358088 0.439022
0.424099 0.35123 0.486712
0.575533 0.334548 0.507425
0.424393 0.32124 0.433854
0.504821 0.385275 0.553296
0.507056 0.426428 0.521455
0.487972 0.288362 0.400699
0.483964 0.379421 0.563982
0.464146 0.383977 0.441449
0.534509 0.387404 0.4847
0.566433 0.353941 0.456816
0.593073 0.263762 0.431327
0.493865 0.388663 0.472303
0.476552 0.393185 0.462583
0.516668 0.273931 0.595842
0.533999 0.412667 0.513227
0.517655 0.398851 0.459836
0.549209 0.311621 0.417131
0.592071 0.283823 0.456386
0.433587 0.315067 0.561355
0.440199 0.37202 0.505968
0.533941 0.353891 0.434855
0.530969 0.393029 0.526512
0.452769 0.378153 0.5336
0.491503 0.374058 0.445696
0.515787 0.294112 0.586078
0.421185 0.329154 0.511118
0.439623 0.321094 0.561134
0.498508 0.401153 0.518462
0.555578 0.367453 0.480904
0.415689 0.278859 0.418602
0.473269 0.277357 0.398075
0.524798 0.392052 0.504263
0.496648 0.29269 0.587157
0.528501 0.398539 0.514634
0.46612 0.311586 0.583105
0.494976 0.380531 0.543656
0.415813 0.241702 0.59461
0.509915 0.376246 0.450376
0.513477 0.361505 0.433863
0.464277 0.376628 0.494935
0.511669 0.365503 0.552408
0.543134 0.379991 0.519534
0.477714 0.284352 0.590954
0.456831 0.375342 0.540428
0.530912 0.360359 0.544632
0.53 0.399135 0.519465
0.500155 0.383616 0.500143
0.463383 0.373212 0.444792
0.559623 0.318784 0.427818
0.477677 0.376667 0.455954
0.444691 0.328905 0.561668
0.493715 0.383592 0.50207
0.524439 0.398649 0.530099
0.507774 0.383735 0.498628
0.509931 0.366235 0.485417
0.438976 0.342689 0.443363
0.538132 0.358833 0.451714
0.442808 0.267353 0.400481
0.461795 0.363748 0.540876
0.40463 0.271941 0.436844
0.509228 0.272497 0.590574
0.496184 0.350922 0.433839
0.508745 0.378989 0.52875
0.498856 0.350368 0.554897
0.482366 0.35913 0.450917
0.578035 0.314609 0.462142
0.482591 0.353322 0.475278
0.509794 0.359485 0.455914
0.5291 0.358201 0.491358
0.412232 0.29202 0.486976
0.459234 0.248762 0.593889
0.432623 0.344598 0.48003
0.405174 0.264549 0.497376
0.468916 0.349283 0.56104
0.437175 0.340375 0.443366
0.595913 0.244844 0.437554
0.514706 0.259685 0.595886
0.420353 0.322593 0.472411
0.475238 0.316268 0.41444
0.432223 0.346792 0.472931
0.540787 0.359721 0.455191
0.504333 0.3204 0.417611
0.416162 0.260215 0.577644
0.417333 0.270728 0.414591
0.469573 0.316651 0.578275
0.422334 0.321626 0.500363
0.504001 0.319551 0.41724
0.470991 0.349647 0.561882
0.506774 0.352781 0.469145
0.443708 0.337369 0.548532
0.411861 0.229613 0.597992
0.439343 0.30894 0.425332
0.460753 0.256689 0.39636
0.585333 0.265172 0.486734
0.482295 0.350221 0.530766
0.418472 0.265796 0.571822
0.501877 0.252747 0.593494
0.517784 0.345302 0.446798
0.529033 0.268422 0.403402
0.473313 0.34972 0.506702
0.421553 0.27966 0.562632
0.417023 0.250308 0.583718
0.567056 0.256678 0.580799
0.582183 0.283433 0.465338
0.497824 0.344523 0.498058
0.525724 0.285967 0.581016
0.479624 0.345842 0.54572
0.46299 0.335504 0.557775
0.494568 0.274367 0.404261
0.41004 0.270552 0.548215
0.563873 0.319187 0.490603
0.535833 0.337074 0.472071
0.547517 0.335855 0.500396
0.402554 0.251263 0.491852
0.489469 0.34485 0.503504
0.534871 0.349348 0.509556
0.470885 0.352688 0.511161
0.402088 0.25965 0.435102
0.495599 0.337444 0.470968
0.535836 0.239982 0.60034
0.500066 0.308364 0.416842
0.501923 0.340568 0.490859
0.562042 0.329125 0.476411
0.494766 0.343637 0.545051
0.581687 0.275575 0.481909
0.436199 0.262483 0.401977
0.579047 0.264083 0.557588
0.440991 0.329193 0.531066
0.460847 0.289329 0.413809
0.485618 0.324506 0.550076
0.487946 0.331367 0.532133
0.511998 0.307511 0.562443
0.494694 0.237308 0.594373
0.408205 0.264832 0.542878
0.435911 0.295764 0.561213
0.472715 0.332596 0.541691
0.526353 0.326587 0.540656
0.578946 0.265627 0.429408
0.583589 0.268021 0.462609
0.558045 0.249537 0.401296
0.518332 0.26035 0.404042
0.414677 0.279901 0.535993
0.47821 0.31064 0.569564
0.581943 0.267338 0.48459
0.492075 0.334059 0.516389
0.542204 0.317797 0.477546
0.480531 0.328639 0.498725
0.481114 0.25748 0.399718
0.555658 0.315136 0.524376
0.469794 0.318562 0.425693
0.485335 0.331238 0.530006
0.529007 0.323691 0.431607
0.465608 0.244888 0.590001
0.568555 0.299356 0.50951
0.597684 0.232787 0.540388
0.500305 0.29852 0.571018
0.593034 0.230712 0.572075
0.451521 0.331187 0.540156
0.453259 0.341835 0.517672
0.463624 0.258992 0.39994
0.556136 0.27492 0.415092
0.546052 0.326182 0.462679
0.488594 0.323283 0.48163
0.433865 0.310506 0.468184
0.459133 0.310467 0.430382
0.573441 0.251631 0.41629
0.494021 0.315891 0.534508
0.434485 0.304933 0.540781
0.486841 0.223902 0.595167
0.498196 0.310945 0.462654
0.513063 0.325639 0.525321
0.466356 0.266499 0.579571
0.467291 0.322046 0.526939
0.54465 0.309226 0.462221
0.594581 0.235232 0.521045
0.532933 0.314424 0.533361
0.550704 0.305931 0.504165
0.487029 0.315017 0.515045
0.47407 0.257307 0.582409
0.514393 0.261987 0.408758
0.481245 0.303896 0.424238
0.480167 0.22658 0.593112
0.581248 0.262749 0.501313
0.429863 0.3035 0.532047
0.561421 0.265387 0.570259
0.51955 0.301737 0.557333
0.479758 0.300778 0.56482
0.513441 0.313385 0.54071
0.473782 0.315694 0.474242
0.532735 0.27087 0.411728
0.505632 0.308282 0.427672
0.470703 0.317227 0.539858
0.488342 0.315161 0.533815
0.581002 0.222162 0.397054
0.514455 0.284255 0.573384
0.425314 0.297692 0.468461
0.523691 0.319309 0.532976
0.471789 0.319312 0.514732
0.575661 0.224626 0.594223
0.434987 0.22392 0.597046
0.476081 0.303157 0.522556
0.503763 0.297589 0.458021
0.527512 0.298365 0.497043
0.432058 0.292065 0.47855
0.485537 0.214861 0.597173
0.565167 0.284101 0.468114
0.59 0.239718 0.534247
0.594687 0.207502 0.398725
0.481412 0.260913 0.409773
0.487744 0.302605 0.448315
0.574674 0.241155 0.412581
0.523148 0.286009 0.473879
0.415838 0.263833 0.506115
0.403792 0.23726 0.565579
0.511632 0.300856 0.435711
0.491937 0.302825 0.520957
0.492272 0.25506 0.408297
0.500853 0.281249 0.566384
0.439149 0.26576 0.413177
0.414529 0.263615 0.540835
0.403879 0.243891 0.519922
0.550245 0.278716 0.55867
0.515881 0.28862 0.470915
0.571649 0.258019 0.424944
0.488596 0.302258 0.450079
0.588033 0.241174 0.451802
0.457358 0.307754 0.448458
0.421257 0.253187 0.572325
0.595676 0.221177 0.509559
0.468715 0.304624 0.465563
0.466655 0.25632 0.57941
0.562192 0.2872 0.517022
0.538565 0.298947 0.504136
0.433432 0.293575 0.490185
0.532132 0.305696 0.51539
0.433218 0.243296 0.582242
0.582809 0.243615 0.488461
0.458892 0.287977 0.54599
0.560176 0.274195 0.486673
0.441695 0.276125 0.424762
0.474955 0.219573 0.39384
0.588522 0.233782 0.481107
0.409 0.231235 0.40952
0.548477 0.279607 0.546018
0.412554 0.252322 0.531386
0.514853 0.229544 0.591603
0.477761 0.287983 0.52402
0.595752 0.219955 0.490176
0.580188 0.249113 0.514872
0.53585 0.281406 0.456875
0.525756 0.223462 0.5957
0.505453 0.234836 0.405079
0.597542 0.211785 0.515082
0.45813 0.27191 0.56625
0.573882 0.260173 0.477088
0.551252 0.227015 0.595733
0.434946 0.287038 0.442257
0.535475 0.222087 0.393345
0.518777 0.274666 0.564314
0.491348 0.284152 0.472477
0.601646 0.206085 0.522079
0.483428 0.289481 0.455178
0.526591 0.290116 0.529951
0.547193 0.274829 0.5564
0.440099 0.281755 0.552548
0.5447 0.282357 0.451695
0.517786 0.28219 0.429173
0.394504 0.214006 0.510907
0.423718 0.272784 0.517915
0.431831 0.284835 0.526796
0.517856 0.279726 0.492878
0.431946 0.274836 0.448492
0.488107 0.269727 0.427839
0.512322 0.242827 0.579113
0.582031 0.237771 0.472209
0.536596 0.221194 0.594576
0.473612 0.212695 0.394195
0.51469 0.230617 0.586008
0.544531 0.273999 0.513583
0.520541 0.263928 0.464042
0.427137 0.261201 0.482771
0.596994 0.213684 0.481325
0.563651 0.249854 0.569057
0.477965 0.267086 0.556509
0.502576 0.245594 0.415441
0.610874 0.193653 0.590979
0.545592 0.273872 0.513632
0.600916 0.208736 0.565408
0.503269 0.269573 0.503796
0.472194 0.279319 0.446445
0.394119 0.210246 0.527647
0.549197 0.266675 0.49132
0.457018 0.277419 0.51227
0.459171 0.276995 0.499646
0.541646 0.249717 0.416087
0.405714 0.222316 0.408433
0.506887 0.270699 0.508795
0.400974 0.213915 0.580934
0.504252 0.270989 0.54055
0.526857 0.241433 0.58269
0.597622 0.214646 0.443775
0.482673 0.22492 0.587082
0.490478 0.27361 0.432585
0.47087 0.279558 0.44525
0.527242 0.231513 0.404676
0.513149 0.273858 0.517359
0.397658 0.217091 0.565502
0.431173 0.230568 0.581206
0.50547 0.260974 0.524405
0.443653 0.245728 0.41667
0.410539 0.235739 0.432046
0.539443 0.259734 0.509788
0.471334 0.206727 0.394197
0.602385 0.197654 0.589004
0.413773 0.235317 0.524505
0.449933 0.26429 0.490173
0.446905 0.245989 0.571515
0.53012 0.250572 0.467448
0.550251 0.256352 0.455341
0.46309 0.263119 0.489
0.567556 0.234154 0.417311
0.516179 0.25488 0.428799
0.593832 0.207841 0.580132
0.570446 0.244473 0.480669
0.519147 0.247556 0.488532
0.491774 0.230221 0.410845
0.457112 0.267246 0.437054
0.538208 0.255401 0.497513
0.493841 0.257088 0.465205
0.487099 0.257913 0.503225
0.587116 0.222813 0.530323
0.469402 0.26217 0.486065
0.525876 0.24932 0.488509
0.451842 0.225513 0.403315
0.452501 0.25729 0.556893
0.48654 0.215075 0.4007
0.496886 0.233486 0.413444
0.568351 0.248312 0.450056
0.430774 0.262877 0.448868
0.400113 0.213117 0.509378
0.540732 0.23184 0.584519
0.485608 0.257281 0.491729
0.567271 0.247984 0.492983
0.428293 0.243529 0.503875
0.522374 0.229599 0.416904
0.576988 0.229044 0.470269
0.449979 0.199048 0.390064
0.541695 0.246212 0.434835
0.468989 0.200619 0.393664
0.458503 0.211046 0.591384
0.488152 0.246707 0.5391
0.58207 0.21965 0.516376
0.473335 0.251824 0.454853
0.470797 0.252311 0.455541
0.529319 0.249768 0.539929
0.43299 0.241232 0.421932
0.421235 0.22763 0.417145
0.442048 0.250009 0.480217
0.417019 0.234913 0.430976
0.536402 0.195988 0.601895
0.53708 0.236295 0.4752
0.518144 0.207117 0.590295
0.507121 0.245876 0.553259
0.528747 0.243798 0.503963
0.526849 0.227391 0.414655
0.514322 0.244741 0.50999
0.409681 0.227677 0.444801
0.512077 0.236708 0.570149
0.546584 0.241121 0.470104
0.500405 0.249098 0.440814
0.394111 0.199165 0.58173
0.444065 0.255982 0.435624
0.397619 0.18749 0.607818
0.444717 0.251385 0.509905
0.580956 0.225243 0.456805
0.546254 0.223208 0.585027
0.558386 0.247042 0.544304
0.451432 0.253116 0.468947
0.522879 0.229439 0.416714
0.427112 0.238534 0.435305
0.543749 0.234755 0.51438
0.496389 0.234465 0.514169
0.487861 0.227985 0.567441
0.543851 0.233599 0.56846
0.466474 0.194713 0.392526
0.531822 0.199157 0.594596
0.564155 0.234165 0.55451
0.49899 0.235269 0.540747
0.490862 0.234651 0.543518
0.395785 0.203106 0.44132
0.514164 0.224395 0.421268
0.411952 0.214323 0.566957
0.483971 0.217491 0.415838
0.569432 0.228301 0.529268
0.462507 0.236016 0.489366
0.505955 0.231336 0.50385
0.555336 0.232965 0.459595
0.543495 0.238991 0.552757
0.574362 0.224401 0.461312
0.519136 0.234935 0.511353
0.572512 0.218105 0.57616
0.545763 0.23551 0.51803
0.449316 0.232726 0.564171
0.574543 0.225291 0.43594
0.568072 0.230565 0.447358
0.557106 0.229609 0.480674
0.553129 0.201014 0.596963
0.389458 0.18929 0.465968
0.512174 0.222636 0.573975
0.525798 0.209429 0.585758
0.518895 0.225288 0.464365
0.484827 0.236836 0.43751
0.579368 0.214443 0.517307
0.406153 0.215497 0.439026
0.48486 0.233928 0.550746
0.429053 0.219962 0.565683
0.543488 0.22596 0.531246
0.609062 0.183484 0.596094
0.49735 0.21445 0.573658
0.450099 0.227018 0.549687
0.455035 0.193606 0.394165
0.407625 0.200148 0.493488
0.449042 0.225552 0.513321
0.500537 0.199069 0.587808
0.407467 0.201632 0.523704
0.586291 0.200793 0.486773
0.526787 0.217117 0.495455
0.611903 0.177482 0.50534
0.516426 0.226382 0.529954
0.428123 0.220923 0.494794
0.461078 0.223497 0.507823
0.434168 0.228113 0.427517
0.5434 0.213798 0.578573
0.485013 0.218411 0.466255
0.476345 0.221617 0.46411
0.462658 0.229104 0.445505
0.584782 0.18965 0.39207
0.396647 0.196433 0.443354
0.443977 0.184815 0.604202
0.561696 0.225712 0.558725
0.573732 0.214371 0.531188
0.518482 0.206873 0.580716
0.457363 0.226948 0.465865
0.565368 0.22344 0.438896
0.395727 0.192074 0.528875
0.466221 0.221328 0.42545
0.384649 0.180249 0.517276
0.451411 0.225381 0.496569
0.546337 0.225265 0.443204
0.535617 0.21963 0.500214
0.598059 0.19425 0.458235
0.425472 0.208535 0.488352
0.568664 0.203674 0.416357
0.514723 0.205555 0.420648
0.540974 0.214995 0.532839
0.455031 0.213872 0.471356
0.451903 0.187349 0.392443
0.48873 0.205381 0.495886
0.522566 0.216127 0.531775
0.419098 0.184774 0.385622
0.430021 0.194022 0.398666
0.51818 0.199291 0.472601
0.508387 0.185429 0.596353
0.584089 0.20103 0.43097
0.590388 0.191857 0.533619
0.563015 0.215253 0.551283
0.494741 0.200833 0.579636
0.401094 0.195263 0.556349
0.565106 0.214578 0.560189
0.506962 0.211087 0.428702
0.534177 0.194316 0.587857
0.450332 0.218274 0.452855
0.404905 0.196743 0.569622
0.432578 0.218868 0.45127
0.486007 0.205974 0.502258
0.393077 0.187194 0.419694
0.601115 0.182063 0.511723
0.578544 0.18722 0.391866
0.387135 0.177562 0.479788
0.519814 0.199554 0.471637
0.517405 0.20748 0.498521
0.556783 0.209706 0.498856
0.543753 0.21405 0.525892
0.611162 0.181765 0.578207
0.565317 0.197915 0.405388
0.503216 0.201881 0.472433
0.557228 0.182342 0.606325
0.421887 0.186807 0.398746
0.57024 0.202687 0.432377
0.389351 0.176005 0.490145
0.554798 0.203903 0.53766
0.576944 0.196496 0.458545
0.439404 0.184759 0.393961
0.588889 0.180047 0.390289
0.395942 0.179755 0.490944
0.418978 0.198672 0.431474
0.577749 0.176009 0.610603
0.479726 0.194524 0.512974
0.518526 0.200128 0.44827
0.566064 0.185579 0.59433
0.388789 0.178857 0.423462
0.416087 0.19306 0.516758
0.49953 0.173724 0.607932
0.556471 0.198553 0.472939
0.558602 0.20121 0.46325
0.440126 0.205678 0.561616
0.428237 0.179306 0.599697
0.628811 0.164974 0.623244
0.404295 0.170822 0.619488
0.506958 0.175408 0.6048
0.479772 0.198657 0.534723
0.622393 0.171712 0.557696
0.614445 0.170768 0.617793
0.542151 0.198818 0.500574
0.510918 0.196183 0.576112
0.470434 0.203006 0.438647
0.388006 0.176147 0.450391
0.488158 0.202459 0.55975
0.412823 0.184167 0.588687
0.566756 0.194194 0.411743
0.533243 0.205312 0.553175
0.406035 0.189167 0.538411
0.43662 0.203437 0.498454
0.423274 0.190964 0.540792
0.573272 0.191109 0.448971
0.497766 0.192192 0.567805
0.569239 0.191824 0.543388
0.468699 0.192084 0.440879
0.426065 0.180105 0.394238
0.455695 0.190679 0.521243
0.503772 0.189257 0.450347
0.417924 0.185186 0.472546
0.481751 0.182049 0.585572
0.439079 0.194648 0.563374
0.527115 0.192796 0.530285
0.539101 0.192383 0.528069
0.429476 0.193824 0.548651
0.501476 0.183288 0.481969
0.500872 0.17365 0.38654
0.477188 0.167816 0.377996
0.548452 0.17997 0.592577
0.606866 0.172114 0.467875
0.558879 0.171711 0.611799
0.54894 0.193039 0.536005
0.415374 0.184125 0.417339
0.587268 0.180354 0.522255
0.474315 0.18722 0.576518
0.609228 0.173208 0.452231
0.615867 0.168205 0.466758
0.50814 0.165425 0.6167
0.402452 0.17975 0.434664
0.417616 0.181088 0.402093
0.498092 0.179334 0.401889
0.419101 0.175892 0.384294
0.505985 0.1828 0.409643
0.530073 0.182509 0.476287
0.507663 0.183441 0.472077
0.545742 0.169909 0.612835
0.548811 0.180518 0.395075
0.419926 0.180753 0.527779
0.459938 0.173061 0.398121
0.445914 0.184973 0.431568
0.61157 0.16771 0.531087
0.477448 0.16211 0.371281
0.41024 0.173195 0.39344
0.478525 0.179414 0.538204
0.533309 0.182828 0.534471
0.627766 0.163844 0.40405
0.399121 0.171549 0.491082
0.482189 0.175846 0.484435
0.405659 0.174929 0.423839
0.378379 0.169275 0.545918
0.3724 0.168863 0.566478
0.412902 0.170368 0.600846
0.524836 0.183687 0.571126
0.505547 0.175161 0.481818
0.423607 0.179498 0.475288
0.54627 0.178113 0.470947
0.477751 0.181375 0.440261
0.477111 0.173412 0.590024
0.44808 0.183278 0.550567
0.564155 0.185531 0.563867
0.492462 0.181758 0.438161
0.501728 0.178755 0.517159
0.503172 0.183203 0.555166
0.634096 0.159124 0.369441
0.500279 0.181741 0.542848
0.587729 0.168937 0.379661
0.557202 0.181529 0.45734
0.522617 0.160621 0.622866
0.575823 0.178173 0.47403
0.574771 0.179768 0.463159
0.608693 0.166858 0.48952
0.545646 0.181348 0.420733
0.524931 0.163628 0.615695
0.415993 0.171606 0.441568
0.483878 0.169334 0.514946
0.609875 0.162741 0.490031
0.400808 0.166421 0.484164
0.480453 0.170312 0.530575
0.404374 0.16736 0.389964
0.568586 0.173828 0.544726
0.366165 0.161609 0.554864
0.530617 0.172996 0.43912
0.423707 0.163867 0.606936
0.3997 0.165994 0.470014
0.377908 0.164226 0.534832
0.61156 0.163429 0.459172
0.449705 0.173591 0.565414
0.569697 0.171031 0.407695
0.576503 0.167455 0.388057
0.46322 0.158736 0.366599
0.442232 0.173878 0.454901
0.579921 0.172407 0.426683
0.549343 0.172478 0.579517
0.462999 0.163814 0.603174
0.495216 0.168692 0.492377
0.609297 0.166416 0.577931
0.539109 0.171221 0.583118
0.573161 0.16257 0.621053
0.528612 0.173285 0.530733
0.432527 0.174402 0.421555
0.434248 0.173736 0.564359
0.531446 0.172499 0.421364
0.438732 0.174238 0.422492
0.631852 0.158671 0.444471
0.503557 0.168055 0.483704
0.496748 0.172648 0.54425
0.632151 0.15841 0.44686
0.505549 0.163594 0.379543
0.477197 0.169307 0.522772
0.411315 0.160134 0.60568
0.481752 0.163331 0.53751
0.465984 0.16388 0.575848
0.409483 0.162392 0.488745
0.630485 0.155736 0.517647
0.385536 0.16138 0.38935
0.418386 0.165264 0.427554
0.486823 0.162197 0.50434
0.533722 0.161849 0.486529
0.589749 0.162717 0.582343
0.625608 0.156971 0.52414
0.381497 0.157252 0.63701
0.588349 0.160118 0.378256
0.488744 0.163882 0.442467
0.393259 0.156563 0.636684
0.581715 0.163246 0.410843
0.373645 0.159408 0.537862
0.425008 0.159702 0.603639
0.498446 0.163015 0.584298
0.42571 0.161442 0.591898
0.385957 0.160601 0.52151
0.5045 0.164488 0.541402
0.428645 0.164714 0.485804
0.538502 0.155388 0.63028
0.556622 0.164089 0.508344
0.536422 0.157861 0.3688
0.386007 0.161923 0.543814
0.577224 0.163437 0.408011
0.476082 0.158699 0.377814
0.56367 0.155056 0.637564
0.552853 0.164432 0.519073
0.615795 0.1601 0.552231
0.449113 0.155334 0.627842
0.599688 0.157577 0.627923
0.393064 0.160432 0.454276
0.608674 0.160366 0.403521
0.40854 0.15609 0.591597
0.637488 0.152238 0.487144
0.401794 0.156327 0.419714
0.445216 0.156391 0.468519
0.359934 0.152956 0.445081
0.365288 0.15447 0.389786
0.445059 0.157224 0.44125
0.522134 0.154862 0.605684
0.483935 0.156457 0.414108
0.500661 0.155287 0.476813
0.395158 0.155956 0.429812
0.523214 0.156616 0.515291
0.405329 0.155991 0.388221
0.43229 0.157232 0.449677
0.58066 0.15637 0.485522
0.615924 0.154496 0.619464
0.397579 0.155135 0.371054
0.563608 0.156561 0.470199
0.428657 0.155796 0.591277
0.617205 0.155008 0.39807
0.580363 0.157061 0.579355
0.543892 0.157021 0.418092
0.39702 0.156228 0.534393
0.559955 0.156408 0.471182
0.437737 0.156235 0.584207
0.412767 0.156186 0.466799
0.513724 0.15744 0.559281
0.411853 0.156907 0.529361
0.38156 0.153085 0.644971
0.630861 0.154044 0.419767
0.388432 0.15529 0.501539
0.408369 0.153345 0.63322
0.499278 0.153651 0.617375
0.428493 0.153895 0.364898
0.390026 0.155513 0.516762
0.581118 0.154146 0.365051
0.404549 0.15 0.478855
0.641961 0.15 0.510323
0.535208 0.15 0.51166
0.455847 0.15 0.472217
0.517519 0.15 0.42459
0.645807 0.15 0.390825
0.571848 0.15 0.604415
0.358194 0.15 0.557263
0.484156 0.15 0.465241
0.384581 0.15 0.445026
0.63937 0.15 0.48607
0.536773 0.15 0.622405
0.371662 0.15 0.597273
0.474744 0.15 0.606035
0.391227 0.15 0.438021
0.621984 0.15 0.352609
0.596641 0.15 0.556458
0.552347 0.15 0.635562
0.632449 0.15 0.474516
0.483167 0.15 0.403478
0.501241 0.15 0.48932
0.558609 0.15 0.467374
0.489512 0.15 0.432894
0.55795 0.15 0.51339
0.416881 0.15 0.462201
0.412963 0.15 0.58809
0.467814 0.15 0.401308
0.568964 0.15 0.353031
0.61541 0.15 0.607637
0.473609 0.15 0.355539
0.596541 0.15 0.58397
0.528213 0.15 0.412606
0.447717 0.15 0.408403
0.385542 0.15 0.554682
0.561118 0.15 0.603856
0.428829 0.15 0.526391
