2772 0.012625
0.381531 0.392516 0.385834
0.458203 0.310061 0.33801
0.476752 0.229625 0.344431
0.491143 0.228516 0.354128
0.501823 0.257911 0.353765
0.527241 0.331251 0.345003
0.345099 0.327292 0.454062
0.391922 0.303914 0.388002
0.433341 0.270971 0.309075
0.500293 0.239319 0.285627
0.557726 0.283212 0.332644
0.590367 0.329825 0.400589
0.331178 0.287561 0.473448
0.312573 0.259322 0.432104
0.372265 0.465927 0.362292
0.509351 0.481128 0.344527
0.660904 0.441219 0.381803
0.672914 0.238422 0.442373
0.341914 0.255836 0.483315
0.296097 0.249973 0.506863
0.374218 0.497669 0.504944
0.519736 0.502913 0.503092
0.680167 0.448783 0.512817
0.690899 0.20616 0.502269
0.34781 0.285896 0.499013
0.354008 0.275322 0.554389
0.379707 0.393714 0.673955
0.501717 0.430485 0.693629
0.638307 0.389498 0.64333
0.658759 0.222239 0.542374
0.361069 0.358105 0.552269
0.414784 0.341606 0.581192
0.451016 0.252481 0.650028
0.496725 0.220113 0.686525
0.547633 0.237338 0.671188
0.59061 0.302379 0.579249
0.402254 0.350709 0.403787
0.365121 0.359932 0.550234
0.30541 0.221069 0.504393
0.662585 0.462179 0.49886
0.421897 0.302554 0.691496
0.50955 0.232834 0.359754
0.377194 0.333054 0.532886
0.373709 0.378053 0.56534
0.659573 0.267157 0.488467
0.478221 0.188154 0.358972
0.591615 0.355102 0.589984
0.602871 0.275978 0.585261
0.510649 0.260108 0.719908
0.509417 0.500504 0.567371
0.697149 0.430699 0.450188
0.661499 0.278539 0.48013
0.352643 0.2345 0.507761
0.416476 0.382592 0.36646
0.51822 0.216626 0.664799
0.409105 0.3493 0.567566
0.397056 0.283711 0.584538
0.362417 0.374505 0.666151
0.35544 0.260888 0.508731
0.548801 0.39526 0.706334
0.410918 0.363533 0.617403
0.634441 0.242494 0.524422
0.568842 0.483163 0.592964
0.44403 0.245594 0.660131
0.615367 0.289644 0.549715
0.437934 0.506343 0.503088
0.48623 0.211196 0.652052
0.63336 0.257377 0.536213
0.638758 0.476772 0.466401
0.624432 0.307987 0.539781
0.507062 0.217704 0.676507
0.349983 0.299503 0.454396
0.378686 0.316721 0.533916
0.329243 0.235236 0.445127
0.617905 0.273056 0.5995
0.660685 0.243374 0.437951
0.422991 0.487075 0.371528
0.509732 0.22719 0.359703
0.473712 0.221116 0.687281
0.480381 0.230946 0.64791
0.624005 0.474024 0.555566
0.538532 0.501665 0.501671
0.515685 0.270428 0.643436
0.612361 0.293323 0.361182
0.465475 0.504868 0.449341
0.699871 0.229517 0.535908
0.335224 0.368189 0.637178
0.350599 0.283197 0.55333
0.636917 0.252163 0.444372
0.422769 0.359183 0.617676
0.63794 0.281266 0.606623
0.453709 0.50064 0.403452
0.407735 0.334303 0.56651
0.519654 0.503951 0.451335
0.372326 0.269806 0.583865
0.635635 0.29192 0.374653
0.42147 0.472594 0.344723
0.349948 0.258936 0.493522
0.62371 0.262393 0.578154
0.393666 0.38019 0.573311
0.512696 0.27273 0.651878
0.660319 0.21657 0.473039
0.619727 0.30038 0.419594
0.53306 0.24796 0.711529
0.424744 0.273175 0.655385
0.354851 0.253355 0.506438
0.430758 0.281581 0.689726
0.595546 0.302498 0.574486
0.331684 0.18271 0.465631
0.322592 0.186321 0.463169
0.455448 0.261174 0.341839
0.663575 0.208495 0.454801
0.649936 0.213498 0.458811
0.509308 0.204577 0.352226
0.677754 0.214835 0.456668
0.629852 0.261068 0.552125
0.572094 0.29794 0.692318
0.302119 0.208944 0.458017
0.507568 0.21869 0.297899
0.695962 0.25638 0.547496
0.438855 0.252278 0.313176
0.59623 0.333645 0.42374
0.647251 0.470409 0.51079
0.387639 0.27549 0.576055
0.518654 0.222589 0.690965
0.317043 0.18887 0.491762
0.461205 0.463379 0.317898
0.66335 0.246413 0.48327
0.670089 0.193053 0.493942
0.553416 0.475882 0.620416
0.528236 0.499018 0.405357
0.723701 0.310956 0.446482
0.462557 0.27878 0.637969
0.389584 0.389104 0.390313
0.588826 0.309261 0.308499
0.597707 0.3867 0.304124
0.483715 0.217854 0.682936
0.449849 0.243664 0.294724
0.555569 0.499302 0.505116
0.59012 0.368045 0.404031
0.454699 0.304019 0.346447
0.65824 0.20465 0.462449
0.57998 0.369485 0.399112
0.362429 0.486206 0.413083
0.406754 0.358256 0.62238
0.317675 0.180576 0.483362
0.701277 0.418186 0.434639
0.656958 0.223234 0.468815
0.48295 0.305977 0.258544
0.506315 0.192667 0.339562
0.455135 0.309387 0.633421
0.31245 0.436276 0.571912
0.510727 0.231028 0.644732
0.66202 0.28541 0.390629
0.39908 0.475921 0.361193
0.529219 0.290692 0.632652
0.427408 0.313585 0.606278
0.338926 0.232565 0.519286
0.66045 0.280351 0.477064
0.418985 0.33231 0.592582
0.26347 0.360855 0.50259
0.408159 0.383368 0.382621
0.41527 0.360212 0.601637
0.51166 0.50468 0.459058
0.542583 0.269263 0.300304
0.533211 0.248168 0.711128
0.531962 0.327719 0.36049
0.723179 0.355853 0.542533
0.263152 0.366394 0.495589
0.344913 0.239821 0.478294
0.48978 0.39262 0.716718
0.358244 0.264129 0.560943
0.343168 0.293508 0.603299
0.536774 0.304715 0.632015
0.398806 0.288178 0.6092
0.430993 0.403864 0.285473
0.658949 0.276768 0.475048
0.528352 0.309439 0.652392
0.552374 0.447457 0.315295
0.530573 0.294216 0.633484
0.325856 0.23255 0.522234
0.317353 0.210185 0.50487
0.363513 0.260141 0.560265
0.661538 0.267388 0.476841
0.349338 0.323449 0.451157
0.498969 0.188465 0.330051
0.730978 0.310459 0.487678
0.713444 0.290157 0.442925
0.524119 0.235945 0.321565
0.437913 0.278819 0.292868
0.295575 0.275912 0.521168
0.653815 0.255439 0.433309
0.318253 0.246171 0.526363
0.405408 0.294195 0.352411
0.432451 0.284685 0.297486
0.433813 0.351639 0.625493
0.606007 0.330166 0.430843
0.351226 0.237301 0.493638
0.697652 0.214919 0.503198
0.346387 0.231432 0.481486
0.449589 0.266834 0.641843
0.508574 0.259288 0.653298
0.361426 0.272672 0.566094
0.639361 0.345302 0.64415
0.45689 0.270024 0.342905
0.375198 0.365928 0.552953
0.437668 0.257404 0.311521
0.522686 0.254774 0.337003
0.353369 0.214905 0.490977
0.397024 0.287024 0.647706
0.58662 0.361572 0.407905
0.69894 0.215742 0.515745
0.678237 0.216706 0.53901
0.630034 0.430312 0.627066
0.326976 0.268592 0.539496
0.294338 0.437681 0.505844
0.359894 0.278147 0.425154
0.330826 0.235178 0.524218
0.503824 0.21295 0.356447
0.340422 0.248187 0.473713
0.507834 0.201366 0.318677
0.488186 0.187898 0.3197
0.45476 0.311464 0.342711
0.367991 0.292894 0.38069
0.603013 0.409168 0.312641
0.604815 0.353333 0.422586
0.350913 0.296587 0.512691
0.651932 0.205073 0.525746
0.344526 0.253702 0.465552
0.42798 0.359514 0.711067
0.509868 0.2491 0.355083
0.460914 0.264685 0.34121
0.561188 0.282435 0.696542
0.624085 0.308068 0.447755
0.497283 0.191053 0.322918
0.5675 0.497347 0.509211
0.352279 0.20765 0.490491
0.548009 0.278105 0.331217
0.51022 0.49152 0.367461
0.548649 0.239102 0.667991
0.336666 0.262462 0.543826
0.346071 0.235556 0.456164
0.327816 0.280636 0.548511
0.267144 0.318717 0.506562
0.696882 0.221624 0.468395
0.70729 0.259007 0.530703
0.672861 0.420294 0.376619
0.398891 0.284928 0.591398
0.517716 0.224474 0.649661
0.503338 0.416273 0.280479
0.534391 0.246376 0.644143
0.520513 0.276127 0.353738
0.403259 0.362281 0.566771
0.445332 0.302421 0.348468
0.346869 0.322726 0.371793
0.377507 0.294302 0.366971
0.542408 0.341368 0.720321
0.486053 0.189031 0.317063
0.493811 0.199333 0.354245
0.537496 0.390876 0.269913
0.270419 0.350893 0.450142
0.319593 0.200239 0.49967
0.668149 0.331895 0.607195
0.529551 0.297657 0.356508
0.570094 0.337023 0.590517
0.639626 0.34098 0.640965
0.370928 0.375532 0.309553
0.428238 0.473726 0.343918
0.482576 0.479672 0.337822
0.396032 0.375322 0.402933
0.511377 0.238459 0.64417
0.534774 0.32099 0.363704
0.65438 0.232491 0.501877
0.553703 0.294919 0.612062
0.637226 0.476371 0.422476
0.68863 0.212064 0.47221
0.481928 0.208074 0.351885
0.397238 0.31278 0.387557
0.461975 0.234082 0.693084
0.649288 0.226881 0.50148
0.609465 0.4765 0.567521
0.30597 0.447785 0.446142
0.341166 0.238571 0.518697
0.617612 0.295441 0.540946
0.413701 0.327856 0.297683
0.523186 0.230143 0.303819
0.536193 0.27795 0.718091
0.562277 0.384992 0.704055
0.311893 0.188584 0.485896
0.395129 0.306798 0.377528
0.705642 0.370113 0.567407
0.37454 0.301596 0.345672
0.340927 0.250527 0.529997
0.472985 0.19399 0.310491
0.642273 0.211015 0.503472
0.609253 0.350893 0.425421
0.306898 0.391429 0.589293
0.730189 0.355053 0.455194
0.507554 0.222029 0.681986
0.695779 0.217529 0.477065
0.661298 0.230622 0.550141
0.624147 0.297261 0.421895
0.533746 0.264047 0.329409
0.446737 0.503389 0.439098
0.417789 0.35513 0.62118
0.6479 0.228694 0.507035
0.367173 0.495016 0.520555
0.468904 0.189726 0.331171
0.641133 0.321031 0.350419
0.572306 0.333774 0.402589
0.582177 0.367192 0.400198
0.689358 0.206564 0.518565
0.390097 0.488213 0.59156
0.305624 0.27938 0.530635
0.354017 0.331528 0.350441
0.498239 0.251421 0.654554
0.445676 0.503919 0.446151
0.603931 0.307336 0.379373
0.532918 0.274116 0.631544
0.464288 0.199161 0.338134
0.296657 0.268181 0.511512
0.464297 0.239068 0.704691
0.450926 0.312463 0.346333
0.343141 0.236981 0.454744
0.397625 0.322696 0.401114
0.321062 0.393603 0.611659
0.439707 0.253247 0.652945
0.486007 0.196553 0.351351
0.333193 0.252346 0.436172
0.470801 0.200429 0.307163
0.326201 0.43978 0.595517
0.443137 0.251658 0.304382
0.639067 0.24567 0.530477
0.581856 0.287812 0.598366
0.407897 0.290797 0.603943
0.568195 0.256609 0.630638
0.712181 0.356255 0.414843
0.354254 0.286129 0.404078
0.29467 0.407976 0.407391
0.555877 0.369815 0.713148
0.658648 0.240564 0.498617
0.329276 0.203471 0.503041
0.476839 0.49609 0.375218
0.645746 0.422717 0.618052
0.63132 0.401867 0.330728
0.39211 0.358583 0.556149
0.433254 0.351283 0.364086
0.362568 0.344936 0.437364
0.507164 0.253084 0.655059
0.264969 0.383336 0.473007
0.519397 0.50263 0.446283
0.459618 0.239977 0.337012
0.309093 0.284092 0.54616
0.458744 0.231569 0.325698
0.354629 0.293134 0.383072
0.380729 0.341869 0.422389
0.601012 0.302576 0.571327
0.513376 0.479848 0.628935
0.604034 0.337342 0.559991
0.569264 0.316091 0.594683
0.42462 0.362014 0.372103
0.70101 0.225256 0.480057
0.33735 0.256356 0.430396
0.505745 0.245117 0.655367
0.452039 0.307222 0.34286
0.449351 0.239951 0.305684
0.429185 0.435717 0.678161
0.503104 0.502773 0.501099
0.731744 0.333838 0.491106
0.513965 0.50404 0.47895
0.470137 0.504596 0.489436
0.268878 0.337915 0.457219
0.348005 0.194661 0.473998
0.650424 0.235762 0.459739
0.619847 0.297043 0.542304
0.680157 0.449789 0.479971
0.403067 0.360124 0.608084
0.50553 0.197894 0.33426
0.294489 0.279962 0.434724
0.467341 0.27158 0.644295
0.416054 0.505736 0.493792
0.280894 0.281819 0.447307
0.343764 0.270986 0.459973
0.321922 0.220542 0.509006
0.358317 0.292358 0.38869
0.606081 0.279569 0.58329
0.661745 0.238939 0.491948
0.646161 0.470416 0.508229
0.685232 0.20554 0.508259
0.523407 0.465398 0.326226
0.549444 0.278102 0.293397
0.357002 0.484871 0.41804
0.366214 0.330179 0.533715
0.644449 0.230618 0.529232
0.624614 0.320464 0.442527
0.607611 0.275725 0.603889
0.343706 0.25975 0.535135
0.699749 0.222965 0.51039
0.575134 0.485215 0.574366
0.50983 0.261493 0.657742
0.51731 0.274367 0.653104
0.422869 0.28748 0.31663
0.615224 0.318494 0.404228
0.658792 0.217307 0.461218
0.676403 0.325909 0.592
0.314903 0.205619 0.457739
0.335825 0.328595 0.611215
0.396166 0.289416 0.639655
0.607934 0.340222 0.427036
0.391092 0.334457 0.5505
0.346107 0.384773 0.647291
0.688166 0.430961 0.544465
0.69842 0.262397 0.542846
0.531064 0.485518 0.613363
0.554958 0.313382 0.612277
0.545865 0.309284 0.625876
0.363943 0.298322 0.429692
0.295193 0.393273 0.570714
0.462906 0.249256 0.654915
0.352541 0.27987 0.523494
0.396497 0.336281 0.556596
0.617855 0.315974 0.410712
0.532386 0.281512 0.634096
0.425118 0.330639 0.608174
0.621984 0.483267 0.43317
0.612682 0.338848 0.43041
0.368263 0.494652 0.461656
0.685566 0.32767 0.581504
0.552726 0.333776 0.381975
0.693927 0.289844 0.431894
0.570882 0.497858 0.450832
0.294517 0.351786 0.405979
0.333646 0.258566 0.432348
0.690756 0.226792 0.53589
0.383347 0.374376 0.577186
0.515717 0.276049 0.660919
0.429298 0.307682 0.615401
0.392436 0.289256 0.340852
0.380465 0.290223 0.618713
0.45615 0.235547 0.297172
0.568786 0.262418 0.636671
0.655666 0.335849 0.353149
0.398158 0.371498 0.577314
0.441968 0.255138 0.307695
0.609029 0.28892 0.574716
0.297617 0.370839 0.393002
0.641056 0.472298 0.516404
0.668355 0.392512 0.603624
0.470704 0.310249 0.259427
0.488653 0.263283 0.277978
0.582586 0.489565 0.545557
0.482768 0.207111 0.34325
0.581672 0.273932 0.612177
0.389077 0.296359 0.651192
0.676748 0.44605 0.538781
0.382246 0.360714 0.556789
0.342675 0.193055 0.472157
0.673156 0.213266 0.531976
0.630819 0.479477 0.445077
0.700465 0.347928 0.395931
0.454984 0.355826 0.262971
0.485993 0.21461 0.660335
0.348976 0.289395 0.515606
0.408612 0.355849 0.591971
0.703592 0.401315 0.421641
0.500199 0.238437 0.346307
0.366126 0.278464 0.568162
0.534572 0.246043 0.649502
0.408017 0.353924 0.603988
0.564043 0.345199 0.391639
0.548622 0.280615 0.322178
0.611265 0.285526 0.57683
0.271514 0.37603 0.524823
0.388647 0.289524 0.347358
0.558101 0.282522 0.69786
0.606277 0.292052 0.353031
0.476194 0.255911 0.653249
0.651216 0.247952 0.558741
0.593926 0.27632 0.608085
0.281083 0.376563 0.555751
0.715923 0.276663 0.503459
0.548547 0.481345 0.362081
0.372134 0.292111 0.62056
0.554684 0.301023 0.614099
0.394825 0.291255 0.644219
0.508984 0.219548 0.310884
0.71356 0.393804 0.438476
0.688518 0.427991 0.547337
0.542396 0.258247 0.641992
0.512871 0.500347 0.518881
0.694552 0.221085 0.524803
0.273076 0.314818 0.453715
0.402967 0.297346 0.669148
0.658759 0.221062 0.496999
0.664852 0.195869 0.512169
0.493934 0.501472 0.414489
0.279744 0.285765 0.448702
0.63955 0.272146 0.533154
0.482917 0.191222 0.341536
0.545006 0.290551 0.624807
0.428738 0.404536 0.694034
0.554683 0.253034 0.65534
0.341925 0.224071 0.497195
0.552918 0.495382 0.536149
0.3118 0.244104 0.51096
0.605982 0.338127 0.411375
0.292703 0.225962 0.483793
0.613582 0.295627 0.562917
0.706773 0.250387 0.487776
0.373678 0.299718 0.37122
0.338174 0.205531 0.464935
0.449247 0.295182 0.338173
0.445706 0.265763 0.294474
0.479933 0.498852 0.585043
0.502645 0.22126 0.343165
0.441425 0.298496 0.632401
0.590992 0.316921 0.311134
0.550802 0.25142 0.651413
0.607194 0.470885 0.584431
0.5432 0.334281 0.363624
0.668505 0.24924 0.484876
0.513855 0.47197 0.640275
0.483782 0.244611 0.651275
0.285864 0.34404 0.564343
0.500862 0.499345 0.565862
0.518756 0.418215 0.700021
0.355744 0.292846 0.396581
0.278423 0.323396 0.546866
0.296987 0.386122 0.397054
0.596311 0.338328 0.573264
0.512911 0.262013 0.343055
0.360711 0.336094 0.543422
0.33454 0.260478 0.464674
0.475463 0.501043 0.56169
0.318005 0.26772 0.432418
0.382835 0.296201 0.339734
0.435456 0.329776 0.625541
0.558295 0.49728 0.50196
0.521953 0.23057 0.696341
0.379151 0.346215 0.419228
0.399986 0.358201 0.576721
0.483717 0.227109 0.681245
0.478169 0.500421 0.564747
0.346244 0.30959 0.524656
0.358602 0.38857 0.324288
0.371696 0.301293 0.372416
0.57155 0.275058 0.63827
0.690031 0.218563 0.514545
0.362083 0.285499 0.574927
0.510825 0.471709 0.333002
0.665106 0.230837 0.495213
0.563298 0.299143 0.35812
0.313597 0.248799 0.512678
0.421946 0.49561 0.400332
0.637031 0.274385 0.440007
0.652031 0.230187 0.519463
0.444806 0.304776 0.275266
0.334205 0.235004 0.509803
0.494148 0.501581 0.425961
0.453164 0.244562 0.673311
0.484981 0.206681 0.306694
0.51621 0.234722 0.31986
0.629845 0.312052 0.634298
0.422009 0.28583 0.64019
0.547003 0.33883 0.366122
0.499846 0.23074 0.689928
0.409351 0.480073 0.622623
0.606983 0.288026 0.58317
0.674556 0.230903 0.457857
0.453433 0.277882 0.331645
0.541228 0.295927 0.635854
0.359246 0.286531 0.413618
0.569149 0.472972 0.612167
0.399182 0.359403 0.596128
0.366289 0.343153 0.549822
0.479635 0.50251 0.443973
0.29787 0.231459 0.490957
0.488797 0.237139 0.655401
0.58773 0.319631 0.588705
0.365997 0.320673 0.538596
0.624313 0.309078 0.399932
0.364553 0.299022 0.397363
0.29324 0.255607 0.451204
0.360352 0.481798 0.404793
0.412743 0.323538 0.603603
0.356142 0.290239 0.411056
0.662133 0.270259 0.56941
0.707617 0.26257 0.499334
0.33397 0.253303 0.462118
0.49999 0.228738 0.677491
0.4526 0.254787 0.321479
0.64299 0.26902 0.536339
0.388626 0.352414 0.560882
0.343839 0.318638 0.448036
0.417336 0.332497 0.620891
0.5899 0.319261 0.586426
0.383633 0.283264 0.573788
0.613513 0.382151 0.315478
0.325418 0.189546 0.472477
0.455651 0.294976 0.645732
0.690045 0.231833 0.534564
0.521499 0.431226 0.29164
0.426284 0.299366 0.34667
0.444546 0.34449 0.270202
0.601785 0.323397 0.316854
0.566489 0.276119 0.669398
0.536039 0.386168 0.268253
0.530206 0.501955 0.468742
0.479002 0.221344 0.662397
0.658542 0.214969 0.506069
0.51891 0.238318 0.310041
0.566431 0.317738 0.609779
0.29352 0.234112 0.485144
0.365986 0.296457 0.419751
0.645303 0.293953 0.416024
0.406279 0.503509 0.498257
0.402304 0.466126 0.639618
0.359086 0.295641 0.405891
0.409703 0.325203 0.601346
0.465501 0.266117 0.652104
0.627751 0.465358 0.568849
0.327062 0.461009 0.409918
0.571711 0.332603 0.379017
0.39032 0.310518 0.375923
0.402723 0.412048 0.299553
0.501556 0.500768 0.439843
0.416943 0.32104 0.612528
0.338031 0.33213 0.615223
0.424464 0.323346 0.294994
0.507085 0.226533 0.32684
0.400342 0.36368 0.286827
0.38224 0.36112 0.680873
0.316797 0.245501 0.447364
0.675502 0.239071 0.477483
0.535118 0.265473 0.645244
0.514169 0.237354 0.70551
0.679934 0.358509 0.599037
0.397116 0.314827 0.372047
0.389418 0.354286 0.566198
0.326919 0.212865 0.467805
0.423113 0.503624 0.458918
0.612402 0.345479 0.418263
0.599058 0.356735 0.300822
0.310632 0.233018 0.50102
0.485951 0.228178 0.674982
0.515681 0.242779 0.709451
0.576314 0.288772 0.612068
0.410366 0.334922 0.608314
0.387761 0.317378 0.390788
0.318318 0.290994 0.558009
0.506546 0.500212 0.497203
0.526171 0.478949 0.348014
0.412457 0.421562 0.298652
0.355648 0.293745 0.41116
0.501498 0.232515 0.67518
0.5082 0.252373 0.329083
0.347098 0.350809 0.64153
0.444328 0.270639 0.695953
0.499252 0.223118 0.316187
0.318498 0.247625 0.509693
0.42679 0.305744 0.623255
0.716404 0.279857 0.464647
0.609588 0.309693 0.376765
0.488266 0.260932 0.659568
0.371421 0.289579 0.585177
0.521211 0.251299 0.659677
0.488793 0.222275 0.30328
0.571962 0.409435 0.298022
0.318808 0.208736 0.465723
0.375693 0.306712 0.386877
0.575663 0.320057 0.606738
0.731549 0.342549 0.465252
0.592621 0.366783 0.392761
0.456672 0.265256 0.319698
0.466658 0.240421 0.313326
0.729317 0.314237 0.464004
0.318674 0.288307 0.537401
0.49741 0.2523 0.663262
0.321435 0.233677 0.50398
0.704914 0.265283 0.526796
0.347908 0.295315 0.398579
0.590526 0.434387 0.652484
0.593462 0.319546 0.676561
0.662743 0.211299 0.510968
0.379646 0.300938 0.556513
0.422794 0.295862 0.322141
0.368469 0.296414 0.549759
0.582098 0.292107 0.328193
0.460461 0.245587 0.673427
0.353042 0.292127 0.415732
0.576905 0.300899 0.611011
0.387377 0.339173 0.40503
0.617572 0.291916 0.580106
0.504488 0.383868 0.265788
0.43529 0.316263 0.634281
0.594314 0.335775 0.596003
0.326012 0.289518 0.541593
0.300355 0.207548 0.473805
0.467495 0.501327 0.449204
0.579661 0.440105 0.321779
0.317429 0.229636 0.459216
0.577687 0.28119 0.626284
0.512568 0.237819 0.683203
0.6181 0.289643 0.591855
0.673519 0.269568 0.481883
0.450386 0.255933 0.657993
0.399991 0.334543 0.613513
0.570242 0.315096 0.617148
0.281641 0.412446 0.457948
0.458824 0.247305 0.668118
0.533663 0.342593 0.26064
0.509445 0.499585 0.49689
0.637857 0.273514 0.561153
0.385564 0.346248 0.56759
0.483686 0.237889 0.691224
0.520679 0.494793 0.585499
0.699174 0.240934 0.517412
0.665919 0.456111 0.524155
0.521572 0.485368 0.612407
0.655184 0.317935 0.364298
0.297711 0.259127 0.450965
0.37767 0.319021 0.336743
0.504515 0.23937 0.311733
0.608173 0.297715 0.353877
0.619903 0.292108 0.58647
0.341679 0.29036 0.43994
0.388986 0.499284 0.488458
0.494513 0.240486 0.690584
0.569106 0.352652 0.372541
0.378656 0.31442 0.387924
0.35284 0.291956 0.427826
0.313951 0.233582 0.460833
0.315713 0.236983 0.460125
0.420061 0.306497 0.623839
0.681202 0.338163 0.378318
0.590881 0.491426 0.433786
0.528604 0.257431 0.661145
0.732646 0.351368 0.471238
0.327341 0.469053 0.507789
0.466815 0.244298 0.699208
0.538599 0.286121 0.330022
0.458499 0.25482 0.293281
0.449277 0.481037 0.628603
0.615504 0.331338 0.396263
0.431629 0.310628 0.337013
0.429862 0.480715 0.359619
0.440296 0.469137 0.646606
0.382353 0.342201 0.578072
0.671647 0.424955 0.574042
0.514311 0.483208 0.617825
0.374168 0.311478 0.37307
0.612299 0.297401 0.585877
0.557621 0.271489 0.674867
0.531233 0.32869 0.26197
0.397791 0.338385 0.595924
0.370158 0.296555 0.615407
0.403475 0.326704 0.618491
0.340309 0.37107 0.341146
0.305757 0.236195 0.463584
0.625673 0.304548 0.371054
0.472723 0.305821 0.727734
0.330111 0.287832 0.451238
0.534695 0.293661 0.331993
0.655551 0.253296 0.544251
0.633831 0.312427 0.425577
0.532023 0.291035 0.329215
0.68557 0.250752 0.472988
0.345215 0.294965 0.537233
0.579338 0.356194 0.377141
0.447425 0.502245 0.487922
0.38651 0.323381 0.384277
0.604131 0.487264 0.488555
0.455856 0.498483 0.5705
0.525806 0.260483 0.670805
0.61529 0.347824 0.400034
0.615637 0.304533 0.580083
0.462485 0.31369 0.724114
0.447837 0.44429 0.30655
0.699287 0.398338 0.412275
0.657115 0.282366 0.440268
0.298302 0.292359 0.533973
0.426597 0.374265 0.705247
0.388853 0.303874 0.33217
0.543309 0.473965 0.349528
0.515785 0.498746 0.486342
0.677008 0.253678 0.489341
0.692064 0.251154 0.480664
0.438303 0.292202 0.298324
0.499601 0.278349 0.27822
0.461987 0.256787 0.704489
0.613167 0.358786 0.31227
0.706578 0.399871 0.431292
0.301008 0.295493 0.538417
0.305729 0.424673 0.394197
0.501234 0.460748 0.656795
0.638425 0.300315 0.387318
0.660089 0.256161 0.538313
0.649795 0.283366 0.448473
0.287689 0.324359 0.554556
0.462189 0.50011 0.519242
0.684024 0.257199 0.476716
0.463043 0.25074 0.669108
0.705499 0.392639 0.548403
0.40473 0.332637 0.368363
0.653598 0.30411 0.603507
0.49481 0.256942 0.306884
0.491387 0.244829 0.670953
0.618607 0.474074 0.548424
0.342555 0.291146 0.42908
0.616035 0.479072 0.531649
0.610429 0.432981 0.637176
0.493501 0.246571 0.687979
0.266826 0.312806 0.475033
0.493182 0.499305 0.47007
0.390339 0.338527 0.602547
0.6958 0.257154 0.480176
0.362489 0.309569 0.415632
0.458533 0.302374 0.271895
0.312067 0.294988 0.526158
0.353384 0.306795 0.552656
0.346953 0.469248 0.394702
0.454416 0.4013 0.280834
0.559854 0.439117 0.664055
0.712465 0.389686 0.435928
0.410476 0.498692 0.438015
0.35348 0.486764 0.493005
0.338239 0.477315 0.503737
0.396772 0.305987 0.615533
0.279665 0.296794 0.514757
0.624738 0.309454 0.35832
0.398711 0.323051 0.317902
0.630346 0.332631 0.40522
0.290455 0.260857 0.480026
0.652646 0.294186 0.438016
0.340272 0.443741 0.60828
0.500029 0.251418 0.703482
0.617435 0.321984 0.335217
0.307117 0.28184 0.503595
0.648916 0.297287 0.437901
0.593489 0.471667 0.587801
0.372623 0.301129 0.595555
0.454772 0.267535 0.301602
0.275332 0.303124 0.458108
0.704896 0.390713 0.420493
0.31968 0.322015 0.573383
0.402155 0.323415 0.362526
0.449803 0.447823 0.671401
0.355036 0.323775 0.382638
0.684577 0.27124 0.548893
0.503708 0.268891 0.306704
0.629076 0.328694 0.404574
0.619509 0.302306 0.588202
0.595659 0.489485 0.460555
0.67917 0.255225 0.499524
0.546583 0.48124 0.605397
0.506139 0.329907 0.262661
0.658066 0.278581 0.454606
0.609637 0.484635 0.483485
0.319504 0.300677 0.520865
0.317933 0.299696 0.519589
0.517805 0.495078 0.40917
0.647308 0.463405 0.535381
0.350758 0.378625 0.649751
0.372352 0.309313 0.570283
0.380172 0.316606 0.59058
0.436703 0.277426 0.676247
0.555522 0.415602 0.295405
0.397663 0.347498 0.374068
0.533837 0.445893 0.312208
0.65805 0.2955 0.436664
0.637188 0.321006 0.409044
0.277648 0.393383 0.453002
0.542678 0.440414 0.669996
0.331157 0.299962 0.429475
0.342804 0.361566 0.639861
0.374792 0.319383 0.579323
0.560952 0.323092 0.282411
0.677903 0.257287 0.509872
0.479208 0.264623 0.290583
0.572218 0.300019 0.630481
0.568908 0.492792 0.465451
0.526432 0.285198 0.3114
0.492562 0.303553 0.267163
0.402621 0.500617 0.493777
0.641072 0.307354 0.370159
0.624463 0.478722 0.451165
0.538656 0.482176 0.607815
0.355166 0.323965 0.422108
0.407012 0.321911 0.315818
0.523791 0.496006 0.462378
0.347627 0.326728 0.381968
0.431022 0.36705 0.276757
0.687954 0.283017 0.455772
0.474664 0.252153 0.691696
0.637979 0.46603 0.400732
0.686143 0.276266 0.548738
0.577114 0.31605 0.357191
0.420185 0.308341 0.638881
0.651987 0.432725 0.594573
0.502439 0.29051 0.274421
0.267829 0.33301 0.483054
0.461087 0.259637 0.668721
0.289669 0.299813 0.513871
0.400032 0.328756 0.361269
0.343337 0.306498 0.412534
0.688205 0.299207 0.428989
0.444283 0.448563 0.668578
0.585526 0.409818 0.308142
0.514427 0.265298 0.704374
0.595823 0.347641 0.306587
0.386958 0.327583 0.601661
0.351065 0.313214 0.396628
0.505683 0.273483 0.709504
0.391266 0.330121 0.370857
0.592099 0.301353 0.646691
0.594367 0.312088 0.357583
0.431348 0.308084 0.308113
0.606593 0.4765 0.550014
0.333026 0.327119 0.583355
0.703333 0.280226 0.504908
0.513463 0.277716 0.710814
0.684174 0.433563 0.537355
0.68284 0.293601 0.438151
0.31689 0.291455 0.447579
0.313386 0.358561 0.596916
0.504659 0.27787 0.712103
0.325358 0.307376 0.543274
0.688879 0.256242 0.524944
0.580881 0.391868 0.300096
0.673563 0.284206 0.563227
0.480949 0.49565 0.53685
0.412305 0.301337 0.657432
0.608375 0.476773 0.395606
0.297803 0.303768 0.547955
0.441666 0.268906 0.659004
0.671807 0.252377 0.53115
0.374437 0.338574 0.382277
0.483011 0.495276 0.456716
0.575991 0.321091 0.684787
0.431918 0.294194 0.683073
0.365259 0.318607 0.591464
0.698969 0.305098 0.428581
0.655117 0.389433 0.615988
0.315404 0.298788 0.446894
0.413773 0.323355 0.331897
0.717618 0.312064 0.532909
0.598057 0.306848 0.650165
0.295865 0.304294 0.529143
0.487899 0.494483 0.512012
0.47494 0.301738 0.271406
0.456919 0.335586 0.271599
0.30598 0.286781 0.45123
0.298379 0.339726 0.565309
0.666808 0.452786 0.501052
0.39693 0.49918 0.519313
0.389616 0.336284 0.371716
0.493916 0.269437 0.706199
0.676773 0.288067 0.455253
0.307885 0.288569 0.452381
0.376396 0.31472 0.618591
0.485474 0.284909 0.282028
0.562159 0.395417 0.693953
0.396809 0.316161 0.659024
0.602176 0.449736 0.620551
0.477639 0.496933 0.431523
0.486847 0.49419 0.533581
0.596669 0.305658 0.64223
0.612715 0.329322 0.590802
0.4573 0.495914 0.568838
0.268632 0.375437 0.488896
0.362343 0.314894 0.595541
0.710467 0.327956 0.429678
0.333228 0.333164 0.583444
0.487371 0.493632 0.492902
0.374681 0.337104 0.372442
0.45356 0.27157 0.693141
0.568152 0.368564 0.701201
0.712921 0.354199 0.427905
0.315683 0.357103 0.378553
0.481535 0.328827 0.265655
0.35336 0.349043 0.347831
0.486149 0.493745 0.488358
0.528953 0.28792 0.289803
0.384381 0.339038 0.614156
0.406153 0.439847 0.318682
0.581884 0.475963 0.577637
0.556747 0.292442 0.65775
0.283784 0.286678 0.472225
0.705979 0.339373 0.420703
0.539082 0.29308 0.298353
0.647559 0.316571 0.399555
0.563251 0.314886 0.289848
0.315243 0.452094 0.530687
0.684781 0.277484 0.50364
0.464561 0.269531 0.670679
0.403374 0.32871 0.341223
0.483419 0.493513 0.579562
0.562864 0.343352 0.283267
0.300152 0.324996 0.43027
0.392426 0.3166 0.347577
0.336428 0.359641 0.351981
0.696467 0.29075 0.460638
0.513294 0.368111 0.263673
0.441958 0.394701 0.284138
0.389629 0.317619 0.639028
0.34813 0.332846 0.413545
0.581729 0.322727 0.312379
0.418415 0.311062 0.676851
0.301993 0.351954 0.571148
0.675233 0.301109 0.457598
0.689788 0.278374 0.515927
0.506684 0.318477 0.720511
0.63114 0.470528 0.503634
0.669893 0.447494 0.433165
0.377503 0.480919 0.398102
0.552356 0.489284 0.47395
0.369896 0.350058 0.604333
0.369081 0.349244 0.382616
0.668001 0.349905 0.600098
0.564213 0.486767 0.520012
0.594221 0.478426 0.392947
0.473708 0.493214 0.581911
0.480901 0.492596 0.463088
0.35763 0.338101 0.377656
0.673288 0.285932 0.557539
0.284379 0.400469 0.526988
0.619807 0.368046 0.323406
0.436724 0.496033 0.446727
0.654759 0.310344 0.583422
0.376191 0.36135 0.376027
0.375184 0.33896 0.327569
0.350474 0.481876 0.458315
0.62753 0.329145 0.58792
0.300571 0.438825 0.494081
0.542997 0.488895 0.43162
0.571666 0.486881 0.507066
0.667305 0.318077 0.383471
0.277727 0.353671 0.534697
0.635529 0.318936 0.378343
0.592707 0.486343 0.479136
0.456633 0.284637 0.704694
0.457758 0.417091 0.290291
0.638472 0.470372 0.429865
0.325708 0.35732 0.610244
0.306006 0.35512 0.401871
0.691426 0.303188 0.477069
0.461275 0.27651 0.700632
0.525925 0.32376 0.718021
0.33791 0.473676 0.462426
0.601529 0.483743 0.424753
0.574804 0.308446 0.672295
0.30999 0.3165 0.438724
0.343842 0.332385 0.404446
0.551726 0.306341 0.303191
0.533529 0.284365 0.692523
0.535554 0.295882 0.70227
0.509792 0.305905 0.285275
0.524835 0.388053 0.274014
0.696132 0.406195 0.420655
0.307921 0.361315 0.390452
0.551632 0.482717 0.392423
0.364994 0.347353 0.373884
0.471121 0.426167 0.69265
0.711261 0.300189 0.483041
0.578291 0.488055 0.473029
0.321795 0.341629 0.389054
0.530695 0.340294 0.717725
0.348586 0.479131 0.532366
0.693766 0.292198 0.497186
0.397773 0.323695 0.655511
0.469242 0.295077 0.716238
0.383086 0.331178 0.626264
0.547715 0.303468 0.29479
0.540684 0.487654 0.437714
0.577761 0.487537 0.437193
0.321586 0.324681 0.568108
0.372831 0.338133 0.341879
0.420106 0.327719 0.683866
0.431349 0.496888 0.54652
0.58022 0.477345 0.385449
0.36943 0.338292 0.622934
0.69104 0.301858 0.495482
0.68244 0.354287 0.382871
0.542859 0.328006 0.70987
0.706024 0.413505 0.465551
0.56992 0.486202 0.41926
0.28509 0.409945 0.463578
0.490504 0.339299 0.268596
0.299356 0.315914 0.446588
0.443759 0.291237 0.687907
0.485696 0.365724 0.26754
0.576223 0.445013 0.332406
0.505773 0.457834 0.653405
0.623246 0.429549 0.623804
0.363494 0.351829 0.363328
0.291079 0.398932 0.433405
0.436609 0.290453 0.666451
0.305486 0.327963 0.560529
0.289408 0.368388 0.426431
0.485003 0.489067 0.48106
0.437917 0.365509 0.279503
0.293419 0.42187 0.451775
0.708335 0.30276 0.491424
0.34397 0.427415 0.624635
0.621745 0.332798 0.353519
0.326932 0.449082 0.397045
0.349876 0.45981 0.382157
0.589449 0.485488 0.422061
0.488946 0.282565 0.702887
0.327317 0.331684 0.413836
0.461742 0.492298 0.573898
0.488005 0.279756 0.687441
0.282188 0.303125 0.473786
0.282461 0.404069 0.491029
0.613784 0.321788 0.615427
0.361738 0.342207 0.625257
0.276525 0.38836 0.488206
0.689725 0.301039 0.512357
0.430267 0.495955 0.493223
0.558355 0.327105 0.697005
0.415287 0.487948 0.403111
0.54743 0.48486 0.425641
0.514743 0.302113 0.692724
0.618906 0.333203 0.605128
0.2832 0.314018 0.493112
0.652556 0.328227 0.583616
0.404936 0.487031 0.406363
0.647081 0.452299 0.550315
0.466084 0.488975 0.467299
0.698998 0.347944 0.414719
0.489776 0.286684 0.688917
0.288955 0.419355 0.47292
0.689355 0.295735 0.522325
0.311641 0.334532 0.432124
0.599714 0.338097 0.656789
0.692279 0.30423 0.502625
0.340636 0.353442 0.608943
0.328557 0.461729 0.53417
0.37806 0.346985 0.325256
0.385803 0.345165 0.661304
0.704828 0.337514 0.551503
0.381403 0.456242 0.630146
0.323132 0.360136 0.594272
0.35298 0.430021 0.631522
0.403269 0.427798 0.668232
0.490051 0.289929 0.687961
0.367448 0.347504 0.615018
0.685287 0.341741 0.396573
0.678433 0.322757 0.571237
0.32463 0.341175 0.406584
0.494579 0.406604 0.285699
0.556997 0.483824 0.451309
0.360671 0.362855 0.349719
0.688458 0.300012 0.528106
0.617206 0.363539 0.661154
0.569506 0.335421 0.685654
0.70103 0.345315 0.421905
0.52795 0.483917 0.44003
0.289948 0.319129 0.507205
0.461132 0.435273 0.680721
0.308813 0.332525 0.560424
0.545863 0.464822 0.623859
0.282062 0.395169 0.499785
0.566643 0.317458 0.673234
0.408294 0.381031 0.295859
0.329889 0.346774 0.573394
0.64529 0.352037 0.616549
0.293793 0.421256 0.512446
0.561436 0.417688 0.307721
0.659454 0.323466 0.571383
0.521708 0.484422 0.506383
0.521227 0.484517 0.513925
0.721562 0.364527 0.504678
0.401882 0.410954 0.673178
0.522571 0.399082 0.702877
0.398297 0.354781 0.32406
0.638458 0.434302 0.360944
0.392849 0.371857 0.302173
0.67884 0.318193 0.416097
0.620997 0.391577 0.331472
0.288066 0.324714 0.535642
0.664186 0.320439 0.571611
0.658561 0.413878 0.367572
0.41302 0.494359 0.466827
0.547839 0.31231 0.682578
0.650638 0.345855 0.60309
0.27652 0.327096 0.486296
0.38072 0.350587 0.634688
0.311871 0.392323 0.578047
0.682726 0.312564 0.550462
0.380136 0.382393 0.315517
0.580004 0.346374 0.676675
0.462701 0.431873 0.301973
0.509999 0.482317 0.453755
0.476637 0.36927 0.272728
0.716032 0.344979 0.519766
0.348289 0.361833 0.610318
0.295418 0.42041 0.525693
0.678377 0.313686 0.553599
0.687153 0.425914 0.440776
0.379738 0.361672 0.664514
0.303766 0.416064 0.416515
0.317758 0.439539 0.555728
0.308014 0.422718 0.557542
0.436986 0.329627 0.694956
0.700788 0.313933 0.453762
0.37146 0.35952 0.325896
0.287134 0.324016 0.514197
0.516018 0.413544 0.292713
0.442039 0.301427 0.678207
0.719921 0.329997 0.479381
0.350132 0.379079 0.343878
0.584462 0.398725 0.671528
0.403888 0.494541 0.506731
0.679391 0.379817 0.575094
0.422406 0.495142 0.511609
0.720184 0.347336 0.495311
0.479925 0.485443 0.533074
0.513379 0.482289 0.485441
0.624039 0.443326 0.60258
0.521376 0.479814 0.373138
0.653764 0.454807 0.482587
0.578084 0.419468 0.660951
0.555688 0.481137 0.507522
0.286014 0.389376 0.451002
0.313325 0.368531 0.397345
0.719069 0.336413 0.464919
0.682774 0.329458 0.560199
0.478145 0.33441 0.715275
0.507136 0.479881 0.458189
0.631558 0.376757 0.342507
0.309994 0.437634 0.536861
0.54688 0.325102 0.686492
0.435074 0.353658 0.301757
0.607374 0.459749 0.583931
0.597619 0.431941 0.635367
0.280849 0.346236 0.507649
0.496478 0.486986 0.411012
0.612863 0.361277 0.655084
0.460505 0.295037 0.688109
0.283769 0.400451 0.470251
0.676659 0.327353 0.431447
0.447909 0.304223 0.684123
0.429992 0.383604 0.291199
0.499172 0.449058 0.319375
0.508024 0.459979 0.643502
0.287743 0.331971 0.49247
0.45083 0.448667 0.663529
0.665991 0.331861 0.395281
0.461305 0.484901 0.476738
0.341502 0.37224 0.604962
0.294311 0.332681 0.538793
0.586022 0.46913 0.57538
0.704585 0.320456 0.481589
0.66056 0.354707 0.586844
0.473539 0.423056 0.690473
0.337319 0.466879 0.534048
0.703426 0.392559 0.436283
0.520341 0.483248 0.575955
0.460413 0.418284 0.296972
0.3894 0.363575 0.654389
0.296743 0.363157 0.437428
0.446395 0.474927 0.623312
0.678708 0.331773 0.557226
0.67535 0.337513 0.563261
0.489571 0.477599 0.470327
0.363384 0.474367 0.567704
0.562649 0.478774 0.470374
0.583118 0.409251 0.31749
0.622024 0.35363 0.623505
0.504452 0.330298 0.710295
0.587729 0.364066 0.313346
0.676271 0.329801 0.424556
0.54251 0.35921 0.705026
0.326729 0.425324 0.594551
0.458365 0.357966 0.285088
0.623221 0.362405 0.342371
0.656665 0.35652 0.579227
0.291456 0.344345 0.513708
0.654083 0.372374 0.365528
0.40285 0.355173 0.671513
0.509951 0.325053 0.707241
0.445294 0.398038 0.293602
0.450338 0.322658 0.698888
0.677148 0.353175 0.569882
0.468958 0.320666 0.711199
0.708269 0.344535 0.441948
0.513696 0.349223 0.28127
0.479261 0.480805 0.505277
0.465318 0.468298 0.341719
0.528084 0.354664 0.27954
0.586684 0.362977 0.657674
0.350583 0.374918 0.617537
0.550729 0.328274 0.689688
0.362005 0.368677 0.627772
0.682829 0.355618 0.565932
0.29271 0.400046 0.520126
0.284671 0.355573 0.4656
0.592265 0.359673 0.327
0.321432 0.370261 0.57305
0.512801 0.469028 0.62168
0.469294 0.478424 0.477813
0.575553 0.437093 0.331779
0.299152 0.38831 0.430532
0.588593 0.478626 0.444805
0.504823 0.362995 0.710346
0.446967 0.374524 0.289547
0.681392 0.431578 0.479473
0.614233 0.365551 0.635554
0.678596 0.43226 0.455236
0.521057 0.479645 0.549441
0.455844 0.418545 0.301993
0.5133 0.464511 0.630203
0.709178 0.328725 0.458498
0.578075 0.38191 0.310012
0.460147 0.439302 0.312864
0.705247 0.340738 0.518889
0.514486 0.367625 0.281695
0.575019 0.412776 0.663026
0.448277 0.36505 0.293943
0.707778 0.372915 0.438023
0.467749 0.48308 0.382101
0.586772 0.406721 0.659697
0.281728 0.380055 0.484313
0.320891 0.446245 0.44177
0.616251 0.368127 0.344542
0.43148 0.487307 0.433224
0.369254 0.464078 0.383378
0.672379 0.36197 0.383794
0.534699 0.478705 0.56239
0.576222 0.421865 0.320734
0.449752 0.485414 0.401707
0.369127 0.378373 0.647522
0.353699 0.466154 0.408087
0.28974 0.36804 0.506381
0.476525 0.474551 0.470297
0.506867 0.339333 0.700632
0.461912 0.478457 0.479379
0.453855 0.478439 0.375052
0.699484 0.405406 0.455651
0.695093 0.335681 0.525431
0.631022 0.445947 0.577858
0.564413 0.359099 0.678334
0.550343 0.47601 0.405585
0.577104 0.477954 0.411864
0.466119 0.478127 0.46205
0.577732 0.36463 0.313749
0.629033 0.441487 0.591125
0.388098 0.391703 0.665863
0.309417 0.394288 0.416178
0.66265 0.368587 0.573372
0.687776 0.340192 0.430425
0.691252 0.392058 0.545303
0.700877 0.340482 0.518605
0.654505 0.372678 0.575436
0.573013 0.405139 0.315466
0.456292 0.389169 0.292141
0.520275 0.360245 0.2861
0.378055 0.426178 0.334697
0.552577 0.475019 0.552307
0.659387 0.430494 0.559115
0.672686 0.363357 0.566655
0.387114 0.380997 0.653205
0.570703 0.47831 0.426525
0.42327 0.381294 0.686909
0.579525 0.475943 0.403333
0.453015 0.329346 0.691245
0.691686 0.33751 0.515629
0.356376 0.403318 0.634216
0.59354 0.382002 0.324856
0.599129 0.379297 0.649643
0.524647 0.475586 0.425476
0.53316 0.465867 0.615433
0.437921 0.483153 0.476919
0.503002 0.479589 0.420254
0.682996 0.365633 0.55501
0.685284 0.420451 0.45123
0.477861 0.481495 0.430038
0.703405 0.362011 0.525004
0.35994 0.394605 0.634277
0.289235 0.374169 0.474827
0.315465 0.435374 0.461566
0.464509 0.478113 0.526541
0.711133 0.385781 0.47905
0.427764 0.480612 0.398441
0.531406 0.447016 0.647554
0.574602 0.40282 0.665554
0.575371 0.472483 0.541793
0.50546 0.369309 0.704145
0.328562 0.412189 0.383105
0.609985 0.389198 0.345348
0.650967 0.446979 0.522739
0.700462 0.344579 0.448633
0.307066 0.420626 0.46347
0.57166 0.423126 0.322954
0.631933 0.39065 0.377111
0.484242 0.480045 0.570663
0.405832 0.381752 0.659817
0.510724 0.355595 0.701159
0.702515 0.354464 0.5213
0.481235 0.402523 0.69636
0.288397 0.385016 0.472277
0.446225 0.447492 0.327283
0.713824 0.363753 0.478155
0.313386 0.429367 0.47252
0.616731 0.42109 0.345689
0.423102 0.480453 0.405561
0.540796 0.471967 0.430041
0.305019 0.410085 0.533261
0.403124 0.483778 0.473042
0.640077 0.395928 0.599477
0.455599 0.478538 0.529438
0.676373 0.427103 0.501589
0.315603 0.392566 0.42566
0.587879 0.41089 0.648024
0.327838 0.438761 0.406634
0.635639 0.387524 0.370351
0.450053 0.348583 0.68825
0.642832 0.4537 0.453095
0.700254 0.392799 0.504263
0.636133 0.399687 0.585226
0.51729 0.476315 0.404775
0.473053 0.469915 0.475808
0.316149 0.437769 0.523399
0.372977 0.479632 0.49218
0.311877 0.417549 0.447619
0.343478 0.462314 0.546971
0.606204 0.443662 0.606697
0.616979 0.387521 0.63
0.362802 0.421132 0.636519
0.507224 0.475847 0.591159
0.520366 0.469221 0.479402
0.37029 0.476667 0.471323
0.543292 0.411223 0.676504
0.399221 0.457508 0.359041
0.442351 0.374179 0.693341
0.439378 0.399607 0.306844
0.622269 0.397222 0.364327
0.705826 0.354476 0.482363
0.470221 0.373921 0.296116
0.324592 0.437138 0.456665
0.444264 0.360929 0.681079
0.318935 0.410503 0.55537
0.602209 0.469627 0.407682
0.329418 0.443169 0.453805
0.356616 0.468813 0.472629
0.361738 0.422672 0.609446
0.500982 0.374177 0.696857
0.550265 0.471109 0.404532
0.565702 0.410207 0.660709
0.703115 0.363821 0.490449
0.550224 0.413522 0.668328
0.427281 0.434962 0.326328
0.395899 0.40038 0.648829
0.469007 0.386042 0.697258
0.690306 0.363634 0.439717
0.312977 0.410683 0.449185
0.335584 0.416075 0.573051
0.328543 0.442947 0.466266
0.602662 0.395113 0.637277
0.674106 0.37668 0.55512
0.421916 0.388489 0.674975
0.352134 0.426336 0.616592
0.648584 0.424235 0.376351
0.487457 0.456823 0.338718
0.592104 0.42862 0.337894
0.680043 0.358814 0.543517
0.633845 0.403795 0.596392
0.706153 0.365981 0.472128
0.603385 0.400905 0.344502
0.554013 0.399303 0.312174
0.530814 0.404908 0.305427
0.489657 0.377617 0.302807
0.45527 0.414889 0.310805
0.690388 0.362673 0.537357
0.420049 0.391111 0.673667
0.401399 0.404056 0.64715
0.455713 0.404156 0.312441
0.504363 0.379534 0.307047
0.638902 0.455448 0.429924
0.583426 0.472494 0.425906
0.336533 0.451652 0.483345
0.488294 0.467196 0.49805
0.677168 0.370842 0.545349
0.551867 0.468098 0.497521
0.43032 0.475834 0.602493
0.634656 0.443815 0.550589
0.569106 0.42455 0.329928
0.378434 0.432924 0.638528
0.417707 0.481446 0.496695
0.641235 0.440287 0.548533
0.697891 0.364437 0.470242
0.568242 0.387681 0.658675
0.694216 0.361275 0.459812
0.587737 0.404436 0.34234
0.467665 0.357547 0.692666
0.5659 0.467828 0.469089
0.451282 0.412318 0.315112
0.481708 0.467776 0.503074
0.659904 0.438528 0.440758
0.461593 0.44324 0.658651
0.633541 0.450463 0.509213
0.646164 0.427462 0.379341
0.504571 0.473524 0.413908
0.586684 0.471358 0.410467
0.436351 0.418935 0.671125
0.462435 0.467635 0.473765
0.689926 0.362968 0.472039
0.424693 0.479492 0.426204
0.368147 0.463982 0.588445
0.507712 0.363203 0.688552
0.611976 0.462677 0.471145
0.331901 0.443732 0.534065
0.462056 0.468706 0.514767
0.348447 0.453059 0.418914
0.651282 0.407758 0.39684
0.552512 0.385589 0.668961
0.340933 0.451609 0.488481
0.668825 0.427099 0.481837
0.438634 0.451581 0.643058
0.378971 0.478013 0.527474
0.483837 0.448746 0.336049
0.479635 0.47251 0.567695
0.551005 0.467893 0.546932
0.323406 0.420903 0.501692
0.540466 0.46752 0.514856
0.465744 0.366712 0.690952
0.336544 0.444762 0.548205
0.551515 0.467367 0.512321
0.32127 0.407888 0.446122
0.64162 0.405492 0.565241
0.569384 0.467248 0.497351
0.546389 0.464642 0.485339
0.4918 0.41384 0.677831
0.538147 0.467219 0.511783
0.628432 0.414818 0.578259
0.549123 0.416322 0.323115
0.685898 0.407647 0.480451
0.317853 0.411777 0.464427
0.372097 0.466996 0.449078
0.504676 0.462332 0.479878
0.672551 0.408249 0.537015
0.632265 0.440478 0.55934
0.593943 0.465523 0.466525
0.681445 0.356691 0.526115
0.392769 0.480303 0.521848
0.453314 0.407764 0.678819
0.512049 0.403219 0.312036
0.348075 0.448753 0.420936
0.455648 0.470367 0.547164
0.558916 0.465972 0.539005
0.653757 0.401293 0.419371
0.425148 0.418118 0.66006
0.334766 0.43738 0.501068
0.441711 0.428173 0.335419
0.634605 0.444179 0.512267
0.422547 0.453338 0.636349
0.37359 0.431591 0.390559
0.433836 0.431436 0.658151
0.534649 0.377979 0.678194
0.671784 0.387142 0.430474
0.562078 0.406253 0.333588
0.582035 0.446586 0.604915
0.367414 0.456525 0.590974
0.441619 0.453809 0.35241
0.64203 0.39478 0.55393
0.557953 0.462352 0.471451
0.361833 0.464786 0.497561
0.458023 0.452001 0.344743
0.499687 0.396778 0.325075
0.657465 0.41803 0.406506
0.626977 0.4189 0.389729
0.529058 0.460468 0.606463
0.606639 0.426421 0.609808
0.644146 0.415245 0.560211
0.595413 0.448154 0.591993
0.424485 0.475367 0.431423
0.43013 0.47269 0.497133
0.497538 0.367731 0.675648
0.340947 0.445132 0.54436
0.580575 0.412955 0.631883
0.344963 0.445383 0.419382
0.650178 0.413972 0.401172
0.332954 0.421095 0.532364
0.350533 0.452071 0.518561
0.683068 0.381914 0.45488
0.670666 0.38158 0.536798
0.396944 0.435122 0.371825
0.618008 0.447056 0.54381
0.339989 0.437243 0.504178
0.682797 0.385188 0.504371
0.488167 0.442172 0.339921
0.327648 0.420664 0.470828
0.358183 0.444431 0.578697
0.552371 0.461128 0.408703
0.358738 0.441201 0.401077
0.466217 0.463794 0.533858
0.46032 0.464618 0.531439
0.327846 0.408311 0.482306
0.398133 0.468881 0.47951
0.551227 0.392263 0.65615
0.508923 0.435263 0.64943
0.557474 0.418548 0.642494
0.451068 0.434667 0.656103
0.427982 0.474011 0.56521
0.546335 0.457476 0.447002
0.491868 0.466043 0.588711
0.326757 0.410942 0.466483
0.385754 0.466063 0.473824
0.469463 0.417551 0.672253
0.517854 0.455533 0.459445
0.530545 0.42816 0.650849
0.357816 0.454579 0.465842
0.383134 0.425333 0.618388
0.362018 0.461901 0.543579
0.666301 0.368089 0.535481
0.353483 0.455074 0.515402
0.568668 0.459703 0.565295
0.473226 0.420513 0.327683
0.487587 0.371054 0.677674
0.357873 0.452247 0.513176
0.393791 0.467724 0.581156
0.661161 0.420969 0.473493
0.561536 0.459652 0.493198
0.628784 0.441615 0.500156
0.34207 0.429563 0.507689
0.67183 0.368086 0.517353
0.506593 0.460549 0.426547
0.655244 0.377456 0.53875
0.482416 0.430268 0.338291
0.571753 0.436485 0.360066
0.668977 0.410725 0.478987
0.346306 0.436209 0.523145
0.422279 0.470125 0.529624
0.631393 0.434633 0.394151
0.628407 0.448749 0.441992
0.409645 0.472076 0.552436
0.635873 0.43745 0.497234
0.33618 0.429566 0.472215
0.367208 0.457112 0.491449
0.380158 0.459196 0.588276
0.374347 0.463328 0.550551
0.64955 0.401274 0.543741
0.508407 0.413646 0.336475
0.66263 0.360966 0.511819
0.566399 0.459776 0.492176
0.435776 0.405517 0.656224
0.577046 0.424487 0.365548
0.50047 0.412008 0.665869
0.572786 0.460825 0.502549
0.459553 0.464624 0.563279
0.379341 0.445227 0.608177
0.397273 0.469671 0.514451
0.647758 0.433347 0.419808
0.662974 0.407597 0.524356
0.594578 0.430382 0.600085
0.381015 0.449158 0.401824
0.409604 0.450324 0.62186
0.438123 0.460589 0.604815
0.57592 0.457399 0.49429
0.439291 0.460725 0.510974
0.349378 0.417351 0.508456
0.473453 0.450123 0.358845
0.638246 0.418051 0.419768
0.606491 0.41337 0.565956
0.410189 0.412578 0.602172
0.520642 0.452392 0.436204
0.632172 0.423054 0.546592
0.664543 0.378319 0.458557
0.484012 0.440338 0.351745
0.440803 0.400467 0.645695
0.638235 0.434427 0.467717
0.66572 0.38926 0.448369
0.567901 0.433745 0.365271
0.55979 0.399184 0.629376
0.573655 0.456475 0.485595
0.669732 0.399619 0.485241
0.423083 0.437646 0.638524
0.41795 0.462855 0.490293
0.519212 0.452928 0.370081
0.636537 0.42117 0.416873
0.545011 0.398909 0.647268
0.346328 0.433519 0.480332
0.45652 0.454664 0.496487
0.435682 0.465169 0.589389
0.362108 0.448932 0.462376
0.390447 0.430325 0.6159
0.49776 0.430735 0.347279
0.374571 0.435861 0.591851
0.555759 0.425327 0.62609
0.49168 0.377397 0.668173
0.45595 0.455723 0.504025
0.391911 0.447978 0.605081
0.436271 0.462766 0.44589
0.577063 0.414025 0.590532
0.670061 0.391582 0.463911
0.455979 0.449377 0.37046
0.356814 0.41286 0.508623
0.575693 0.441489 0.380968
0.447704 0.460347 0.392075
0.514119 0.421697 0.355076
0.369752 0.447004 0.48953
0.416452 0.464056 0.444941
0.623102 0.445773 0.428549
0.57114 0.410252 0.601872
0.568487 0.435974 0.375232
0.630457 0.440821 0.430042
0.652241 0.36911 0.527287
0.57094 0.437057 0.598019
0.569701 0.424196 0.378577
0.630125 0.418305 0.543065
0.608052 0.415359 0.420777
0.645172 0.421381 0.489059
0.46848 0.455175 0.557281
0.475672 0.447982 0.501312
0.566724 0.449 0.573754
0.390449 0.458391 0.507083
0.579581 0.44508 0.577307
0.446675 0.457361 0.537765
0.357446 0.43408 0.508562
0.386933 0.431197 0.597697
0.561885 0.44901 0.390094
0.497301 0.45723 0.39832
0.42932 0.451214 0.3803
0.590497 0.445615 0.390313
0.61103 0.44256 0.530867
0.441421 0.432086 0.64181
0.408814 0.44668 0.385301
0.374236 0.443418 0.493717
0.432943 0.453919 0.47802
0.467185 0.451861 0.455441
0.667287 0.376094 0.475514
0.594929 0.43169 0.398491
0.650173 0.368029 0.511015
0.3913 0.454498 0.567183
0.539088 0.381912 0.630463
0.532824 0.447172 0.39617
0.604319 0.445446 0.450458
0.361696 0.428059 0.502573
0.641278 0.41234 0.507448
0.591016 0.448641 0.530716
0.651515 0.391755 0.521075
0.428089 0.430751 0.374326
0.631137 0.383714 0.536697
0.493117 0.445462 0.501067
0.596489 0.445197 0.504136
0.537078 0.43875 0.451578
0.492975 0.430666 0.365122
0.501716 0.448503 0.383005
0.490498 0.431512 0.635545
0.560796 0.435077 0.379526
0.547719 0.40787 0.626495
0.417338 0.433117 0.381706
0.614047 0.445238 0.428466
0.440327 0.419341 0.370731
0.526945 0.394257 0.648044
0.630777 0.421378 0.529359
0.440628 0.392989 0.622791
0.397113 0.455559 0.510837
0.551807 0.442089 0.450189
0.537028 0.439013 0.467741
0.555373 0.444246 0.4453
0.616387 0.436066 0.411454
0.54066 0.453608 0.555713
0.379296 0.439538 0.492174
0.647651 0.379061 0.511327
0.446876 0.451525 0.573412
0.436256 0.437186 0.381137
0.466001 0.443 0.516512
0.644396 0.370876 0.510063
0.40654 0.454851 0.427014
0.601633 0.438477 0.506229
0.412073 0.419824 0.60059
0.653554 0.375449 0.497669
0.413197 0.42632 0.611548
0.412816 0.456956 0.430927
0.382032 0.437049 0.558734
0.611268 0.437919 0.419355
0.417718 0.416515 0.606778
0.429513 0.453249 0.585745
0.553962 0.431337 0.598826
0.473507 0.440346 0.504826
0.595382 0.442141 0.515927
0.595976 0.415348 0.561161
0.489549 0.445156 0.596806
0.547417 0.404122 0.620101
0.483115 0.448953 0.569381
0.627092 0.377923 0.531723
0.39134 0.429309 0.436529
0.481332 0.423643 0.373429
0.385333 0.419485 0.5632
0.450866 0.417313 0.373514
0.502994 0.378186 0.645411
0.488284 0.443562 0.453986
0.443772 0.447187 0.511147
0.401707 0.449952 0.500043
0.551837 0.435508 0.467053
0.421561 0.454884 0.552873
0.420048 0.418534 0.613185
0.640443 0.39999 0.518235
0.444096 0.410608 0.39266
0.637171 0.382599 0.519219
0.544023 0.389027 0.613119
0.447546 0.437965 0.390172
0.648195 0.377104 0.490856
0.63932 0.386811 0.510741
0.528914 0.43846 0.588883
0.415217 0.445337 0.49435
0.408158 0.437284 0.417635
0.518467 0.431369 0.457671
0.600766 0.408064 0.433172
0.424059 0.448587 0.538745
0.375556 0.397136 0.489826
0.622723 0.358965 0.517598
0.488859 0.431969 0.615799
0.442591 0.433538 0.616668
0.481624 0.435386 0.504461
0.47349 0.405397 0.374852
0.486884 0.445293 0.423609
0.495286 0.386173 0.642217
0.397625 0.442914 0.493596
0.567347 0.42986 0.394425
0.612246 0.43126 0.45656
0.587878 0.399127 0.554037
0.628388 0.372328 0.524626
0.493408 0.434815 0.49753
0.630692 0.40854 0.451309
0.610946 0.428165 0.480575
0.459699 0.425291 0.629168
0.601953 0.423559 0.424134
0.38517 0.400488 0.542337
0.526524 0.446188 0.558563
0.488363 0.442757 0.585688
0.386345 0.437802 0.463194
0.558619 0.440583 0.409251
0.460555 0.449991 0.414731
0.390809 0.433531 0.540341
0.62154 0.39571 0.528799
0.426413 0.444775 0.464964
0.458374 0.437177 0.401181
0.494034 0.427591 0.475151
0.623626 0.406022 0.509999
0.381538 0.41407 0.476769
0.546827 0.434252 0.413992
0.385141 0.42207 0.471347
0.400238 0.441179 0.460343
0.605018 0.429116 0.453816
0.467018 0.389802 0.633912
0.60036 0.414472 0.435018
0.405978 0.443123 0.444832
0.605662 0.425519 0.511995
0.458483 0.403162 0.627672
0.414931 0.436688 0.420942
0.440311 0.440312 0.535482
0.419582 0.432163 0.597714
0.43064 0.370057 0.569182
0.591187 0.416666 0.427235
0.616908 0.421929 0.455134
0.439534 0.388148 0.599773
0.58465 0.400806 0.430396
0.632227 0.392799 0.465608
0.494168 0.403279 0.630753
0.559717 0.440716 0.542363
0.459924 0.419889 0.623775
0.391097 0.42532 0.54881
0.476066 0.398882 0.637427
0.530773 0.39799 0.37932
0.425742 0.384814 0.570757
0.471746 0.362319 0.62926
0.577496 0.381074 0.551405
0.442993 0.437834 0.51347
0.601546 0.427876 0.535468
0.407453 0.436271 0.45574
0.598899 0.407396 0.541052
0.555465 0.434547 0.518289
0.469323 0.43247 0.410879
0.385697 0.384616 0.472927
0.597903 0.423755 0.511134
0.49674 0.399978 0.623345
0.438848 0.413337 0.407947
0.388161 0.40627 0.500753
0.56525 0.427722 0.413197
0.534725 0.423913 0.488698
0.458967 0.433536 0.463123
0.570194 0.423778 0.564945
0.452842 0.432842 0.584384
0.398428 0.426742 0.504233
0.471708 0.354138 0.622368
0.567933 0.433484 0.544312
0.449527 0.433972 0.409468
0.627803 0.396298 0.484516
0.499267 0.349448 0.622824
0.526646 0.429784 0.580831
0.625871 0.394769 0.491384
0.484991 0.432283 0.543836
0.607715 0.394862 0.455503
0.572719 0.416728 0.566717
0.494903 0.427721 0.450647
0.507976 0.425814 0.401319
0.608346 0.416987 0.452838
0.622622 0.383956 0.503846
0.601972 0.422297 0.524578
0.485452 0.42771 0.461259
0.481674 0.432906 0.419291
0.396901 0.426397 0.469813
0.618118 0.40168 0.507132
0.600211 0.414214 0.539247
0.452002 0.433619 0.467818
0.41553 0.430585 0.453025
0.497416 0.333196 0.614817
0.51273 0.354175 0.618684
0.521306 0.394729 0.614391
0.502311 0.42456 0.57475
0.585454 0.423229 0.513422
0.497701 0.412862 0.480741
0.406609 0.423938 0.538677
0.498231 0.418821 0.406521
0.616208 0.375854 0.47425
0.522606 0.387658 0.616683
0.52841 0.381763 0.614857
0.43186 0.413704 0.588584
0.440824 0.432221 0.456016
0.393519 0.400102 0.475399
0.502042 0.368891 0.62142
0.415643 0.404554 0.430821
0.53758 0.349438 0.585101
0.390826 0.379772 0.521381
0.590522 0.373667 0.53475
0.508762 0.416623 0.459449
0.400791 0.419287 0.527622
0.426994 0.432484 0.435424
0.453604 0.403055 0.402528
0.533451 0.383335 0.608404
0.426359 0.428235 0.427333
0.488323 0.36769 0.624559
0.482811 0.415002 0.478621
0.510794 0.420185 0.589362
0.455336 0.351755 0.593545
0.505494 0.419121 0.44886
0.610082 0.352823 0.470579
0.412155 0.428936 0.465992
0.488334 0.40563 0.614408
0.39938 0.41674 0.524175
0.503912 0.419954 0.44566
0.407451 0.410225 0.513014
0.408106 0.39633 0.540026
0.582613 0.363897 0.44253
0.547465 0.415685 0.564957
0.39442 0.358351 0.502174
0.57768 0.417849 0.515304
0.449835 0.392788 0.596191
0.574957 0.409151 0.44008
0.469405 0.418637 0.572721
0.574863 0.333837 0.435625
0.385211 0.360393 0.479292
0.436048 0.423554 0.430255
0.510951 0.411595 0.414329
0.594239 0.391734 0.530955
0.481414 0.353412 0.619987
0.536197 0.418317 0.518139
0.491547 0.383442 0.613963
0.485371 0.341355 0.618422
0.429419 0.40868 0.42231
0.429844 0.412494 0.423217
0.500429 0.398652 0.607049
0.468193 0.34847 0.608551
0.555448 0.421208 0.534922
0.448703 0.415264 0.477381
0.475305 0.418974 0.543118
0.518906 0.381407 0.391722
0.396005 0.380214 0.502353
0.454627 0.409838 0.487903
0.489677 0.39146 0.611932
0.607824 0.377856 0.487786
0.465436 0.366295 0.608226
0.597246 0.402049 0.465076
0.495982 0.360044 0.616608
0.607557 0.351379 0.470871
0.511839 0.412204 0.507345
0.60285 0.359023 0.506005
0.412446 0.398633 0.498553
0.529873 0.407267 0.512501
0.559786 0.407349 0.502531
0.591292 0.391417 0.525975
0.400121 0.379272 0.468781
0.552722 0.411765 0.525259
0.475093 0.346836 0.611649
0.603639 0.338327 0.497197
0.418629 0.404642 0.498527
0.538996 0.411682 0.535307
0.456206 0.373458 0.404976
0.534822 0.409936 0.554104
0.597463 0.362247 0.465368
0.537176 0.40751 0.571901
0.390571 0.355627 0.483702
0.554345 0.405365 0.464442
0.50438 0.402173 0.460999
0.599139 0.371447 0.492466
0.561875 0.390837 0.428038
0.577099 0.402777 0.48125
0.462344 0.371113 0.399969
0.473493 0.404718 0.517114
0.516951 0.390135 0.601375
0.473393 0.407269 0.586407
0.566795 0.353189 0.544426
0.433608 0.406167 0.491658
0.510145 0.407978 0.522579
0.534102 0.400338 0.587241
0.428844 0.400301 0.561299
0.41051 0.39951 0.529301
0.518378 0.37917 0.605198
0.408656 0.392597 0.508334
0.523839 0.382596 0.603207
0.467944 0.394718 0.476585
0.508869 0.40735 0.572243
0.590987 0.395353 0.491811
0.440804 0.383258 0.420122
0.531538 0.401274 0.534722
0.452538 0.388273 0.580965
0.587242 0.362536 0.522514
0.51161 0.397218 0.441125
0.53997 0.401484 0.534023
0.550799 0.396704 0.498631
0.473572 0.376156 0.47516
0.425436 0.401095 0.531317
0.452772 0.39894 0.513519
0.39946 0.351786 0.459165
0.524662 0.364116 0.403422
0.537327 0.344914 0.574961
0.587446 0.383757 0.472427
0.472842 0.394455 0.457042
0.552069 0.394039 0.482909
0.468403 0.351534 0.598766
0.548976 0.354419 0.418961
0.510798 0.399263 0.553615
0.460452 0.382751 0.491227
0.589546 0.349234 0.51945
0.484487 0.400124 0.561301
0.602886 0.329197 0.495553
0.479382 0.351484 0.605839
0.59265 0.369689 0.490104
0.458685 0.390543 0.583881
0.482561 0.341451 0.388175
0.450819 0.403154 0.454196
0.591794 0.354681 0.512704
0.508815 0.388316 0.492435
0.473978 0.396447 0.4177
0.500683 0.392058 0.586493
0.49408 0.39372 0.418771
0.471059 0.318942 0.600596
0.450215 0.353385 0.411164
0.476552 0.343951 0.391446
0.451927 0.336262 0.411812
0.420524 0.378998 0.488974
0.605685 0.30987 0.472986
0.413752 0.350274 0.517997
0.510092 0.307395 0.589761
0.525857 0.389655 0.542579
0.579658 0.377247 0.502187
0.510176 0.388553 0.550272
0.611382 0.289498 0.484805
0.584779 0.337364 0.452766
0.461566 0.355085 0.585824
0.435433 0.393187 0.527447
0.464671 0.30173 0.589704
0.523381 0.384523 0.469384
0.414454 0.343525 0.524192
0.565163 0.377575 0.443433
0.462534 0.369376 0.47589
0.46985 0.385588 0.515277
0.462538 0.391733 0.547488
0.591837 0.299046 0.517934
0.510786 0.337398 0.591838
0.497514 0.384619 0.456032
0.581563 0.375373 0.517163
0.475065 0.362198 0.474502
0.493159 0.387643 0.560642
0.558789 0.38509 0.445716
0.552416 0.367578 0.426509
0.533246 0.389202 0.545787
0.525879 0.390098 0.526132
0.571698 0.386896 0.525498
0.539582 0.368958 0.418421
0.540835 0.359675 0.417146
0.524064 0.370192 0.413099
0.514746 0.340211 0.405148
0.422939 0.389159 0.455644
0.461391 0.355319 0.585651
0.456903 0.309819 0.577988
0.533123 0.378825 0.450355
0.54862 0.375681 0.538262
0.436312 0.37858 0.516082
0.534121 0.375364 0.550403
0.513943 0.377553 0.542312
0.591371 0.311837 0.506927
0.518741 0.317506 0.406581
0.556674 0.369469 0.439304
0.515986 0.372886 0.569095
0.479228 0.37563 0.519739
0.531131 0.377954 0.437127
0.500168 0.319678 0.405517
0.483544 0.34773 0.477766
0.530764 0.376559 0.432598
0.564072 0.304612 0.544032
0.491021 0.372108 0.566241
0.55052 0.342601 0.425437
0.416607 0.329281 0.521544
0.520154 0.321343 0.4072
0.474042 0.364481 0.413951
0.521315 0.365322 0.57795
0.533913 0.36209 0.568113
0.496839 0.37139 0.568863
0.426434 0.251756 0.575568
0.474869 0.370554 0.511598
0.467221 0.370783 0.419275
0.422955 0.34685 0.437241
0.456434 0.374372 0.508551
0.43244 0.293995 0.557182
0.457914 0.323209 0.410624
0.39906 0.33365 0.471404
0.555863 0.336499 0.428179
0.417207 0.330948 0.440815
0.41931 0.364 0.494128
0.429327 0.35247 0.542137
0.426837 0.354898 0.508854
0.533714 0.362809 0.465082
0.461949 0.3189 0.411992
0.450817 0.369624 0.520019
0.452616 0.371147 0.533006
0.50348 0.36451 0.53875
0.478 0.365179 0.42639
0.443691 0.333974 0.557477
0.569934 0.356516 0.471928
0.449647 0.371156 0.531584
0.453675 0.365619 0.554288
0.547932 0.362988 0.501787
0.49073 0.359545 0.554838
0.508056 0.318854 0.578005
0.430022 0.298397 0.419483
0.569253 0.246702 0.575771
0.409356 0.337321 0.481465
0.561366 0.36127 0.510567
0.541391 0.364445 0.462136
0.458616 0.334988 0.417335
0.427676 0.318281 0.540106
0.527916 0.295024 0.408906
0.410723 0.325239 0.493995
0.492242 0.309139 0.583402
0.595847 0.282738 0.500134
0.483446 0.287856 0.592466
0.427926 0.354192 0.513765
0.519036 0.361869 0.499502
0.399249 0.318911 0.479137
0.500131 0.363235 0.543454
0.588422 0.329918 0.470491
0.495276 0.362882 0.515358
0.531035 0.361681 0.467274
0.570037 0.330681 0.528301
0.537152 0.361031 0.546817
0.505404 0.353717 0.467119
0.435085 0.346004 0.440942
0.532541 0.343096 0.47622
0.52988 0.345621 0.468695
0.463252 0.355845 0.52224
0.557654 0.346546 0.507282
0.49356 0.349178 0.5353
0.555416 0.344996 0.527802
0.511403 0.351464 0.530152
0.568868 0.339256 0.494196
0.573326 0.333991 0.500081
0.424342 0.244681 0.576514
0.530896 0.311395 0.56684
0.4655 0.332942 0.491617
0.552296 0.344769 0.483668
0.486784 0.318455 0.575158
0.581255 0.274177 0.437069
0.544603 0.29843 0.419758
0.540375 0.348537 0.438662
0.487703 0.308895 0.578345
0.538375 0.330308 0.426518
0.555727 0.345114 0.490452
0.545559 0.350314 0.442853
0.485197 0.343175 0.423494
0.489955 0.304187 0.409565
0.576215 0.310916 0.448409
0.473337 0.326137 0.471223
0.584761 0.255022 0.430829
0.453407 0.289239 0.573511
0.577299 0.333236 0.464488
0.596779 0.276168 0.492837
0.518992 0.349319 0.504216
0.557187 0.317695 0.539404
0.504882 0.352018 0.520538
0.550696 0.344704 0.482229
0.474173 0.301348 0.40806
0.428977 0.277101 0.557777
0.443894 0.326046 0.544461
0.533663 0.330372 0.487436
0.437326 0.329368 0.525134
0.472754 0.336959 0.522198
0.465856 0.328247 0.50286
0.485447 0.330995 0.533354
0.443926 0.33876 0.460676
0.400385 0.262724 0.488083
0.5615 0.327538 0.520784
0.486898 0.313589 0.485194
0.572469 0.309769 0.449751
0.568617 0.328538 0.463411
0.455894 0.339285 0.437921
0.569575 0.236912 0.579737
0.546066 0.335822 0.526129
0.589463 0.267511 0.453261
0.49514 0.334261 0.524377
0.529158 0.335856 0.533827
0.418037 0.307757 0.492479
0.466876 0.327359 0.426017
0.498605 0.330294 0.431834
0.565168 0.330112 0.474977
0.530738 0.328184 0.548583
0.488636 0.335771 0.437741
0.564607 0.321504 0.522682
0.485924 0.327399 0.546473
0.568806 0.324326 0.494604
0.53156 0.3306 0.467133
0.523667 0.31757 0.424277
0.480028 0.326434 0.458251
0.476008 0.321319 0.56882
0.467926 0.306019 0.416502
0.479125 0.286695 0.583658
0.518365 0.300925 0.417006
0.590816 0.289608 0.474465
0.500002 0.318524 0.483415
0.42019 0.302048 0.479268
0.534687 0.317735 0.499912
0.511467 0.23661 0.591985
0.479556 0.31509 0.520381
0.579597 0.293155 0.48958
0.478072 0.316787 0.536244
0.51829 0.304023 0.558525
0.489799 0.310187 0.460127
0.544255 0.283737 0.559248
0.408736 0.278927 0.471868
0.537074 0.314835 0.471023
0.574434 0.296695 0.508136
0.447582 0.278722 0.565769
0.412568 0.278608 0.492327
0.425509 0.29945 0.503774
0.593806 0.249299 0.466373
0.425926 0.312001 0.466455
0.52488 0.3153 0.456494
0.551599 0.287461 0.426596
0.561115 0.307408 0.444512
0.461647 0.301794 0.56503
0.571915 0.304629 0.497156
0.407138 0.271523 0.485683
0.480994 0.304214 0.466537
0.559812 0.318267 0.466101
0.487297 0.31683 0.431824
0.519191 0.243755 0.590282
0.457898 0.322729 0.542002
0.488435 0.236295 0.595822
0.566236 0.280817 0.433071
0.41477 0.261043 0.432024
0.534183 0.315654 0.465313
0.439816 0.320178 0.445729
0.496004 0.314387 0.534859
0.49741 0.315771 0.512585
0.410913 0.222608 0.409177
0.425963 0.29414 0.469325
0.440223 0.29905 0.475526
0.473922 0.283597 0.478762
0.500525 0.297456 0.504993
0.582941 0.264341 0.457677
0.4701 0.303161 0.539773
0.536787 0.271955 0.568207
0.513615 0.304515 0.520413
0.525654 0.306943 0.514897
0.533667 0.240035 0.587883
0.569425 0.239842 0.416865
0.476329 0.3026 0.434342
0.494999 0.243987 0.588307
0.578699 0.273507 0.497078
0.54523 0.248873 0.412085
0.42192 0.23392 0.40863
0.460782 0.306006 0.534392
0.438904 0.287247 0.545524
0.506487 0.27189 0.416993
0.495357 0.28684 0.484082
0.576925 0.242343 0.423351
0.591688 0.229508 0.429952
0.591157 0.23784 0.513512
0.494774 0.294895 0.546653
0.472543 0.292976 0.501397
0.593273 0.224652 0.497903
0.435054 0.257221 0.411677
0.524107 0.300988 0.438016
0.435588 0.248799 0.573046
0.417279 0.277729 0.467205
0.486921 0.254058 0.405866
0.590673 0.239545 0.507832
0.475475 0.294826 0.426463
0.568654 0.265673 0.542545
0.495264 0.284091 0.563101
0.567632 0.249553 0.562561
0.438778 0.236543 0.578902
0.443783 0.280563 0.487278
0.563812 0.271171 0.533445
0.509706 0.28701 0.509028
0.491783 0.279149 0.429369
0.461175 0.288966 0.543078
0.439036 0.280341 0.488561
0.40448 0.238197 0.488967
0.517645 0.276972 0.557047
0.477563 0.265737 0.573693
0.54299 0.288151 0.449789
0.479897 0.272758 0.495656
0.48055 0.27929 0.517921
0.410322 0.224011 0.41727
0.437225 0.257945 0.562577
0.421398 0.252806 0.4269
0.586758 0.239694 0.474684
0.413754 0.257377 0.470502
0.456427 0.289168 0.526031
0.403743 0.236474 0.490733
0.518764 0.286545 0.537907
0.403463 0.233277 0.457313
0.458642 0.287266 0.458347
0.493062 0.238569 0.58644
0.465574 0.280483 0.426556
0.397903 0.202983 0.584312
0.591149 0.220689 0.49317
0.436937 0.281182 0.512238
0.575326 0.24779 0.541799
0.508319 0.267172 0.422187
0.426874 0.27933 0.467516
0.478651 0.272096 0.568207
0.431532 0.277207 0.48528
0.5518 0.285314 0.4858
0.424109 0.261827 0.430851
0.473707 0.269445 0.480206
0.429397 0.261365 0.502946
0.445973 0.267685 0.500101
0.465681 0.242069 0.408891
0.5187 0.275309 0.513892
0.398771 0.206265 0.41998
0.449203 0.269835 0.546449
0.522814 0.217307 0.401853
0.496172 0.264095 0.457916
0.524664 0.216648 0.401318
0.589694 0.212652 0.543213
0.505988 0.254264 0.478382
0.487932 0.237697 0.581864
0.458122 0.26398 0.471404
0.438525 0.267849 0.513115
0.49487 0.268942 0.530596
0.418914 0.25104 0.443423
0.516448 0.207037 0.59514
0.405509 0.212068 0.577447
0.5885 0.230571 0.4613
0.510902 0.264946 0.494746
0.469725 0.255453 0.479616
0.406928 0.23202 0.485531
0.515982 0.223196 0.587777
0.491419 0.237145 0.410826
0.453999 0.27293 0.534511
0.400485 0.219592 0.468295
0.556418 0.218308 0.58919
0.535567 0.219011 0.401986
0.535889 0.275908 0.518263
0.39895 0.206251 0.578295
0.573087 0.254511 0.509026
0.551074 0.250797 0.423958
0.39799 0.222532 0.53288
0.521396 0.252658 0.421397
0.531797 0.261815 0.478189
0.570174 0.198601 0.60033
0.4272 0.246194 0.492253
0.555002 0.252402 0.468836
0.413772 0.230775 0.495302
0.548742 0.25692 0.501472
0.405114 0.217976 0.565476
0.433644 0.24717 0.552023
0.546105 0.230287 0.414855
0.51981 0.262113 0.522327
0.492053 0.254575 0.544372
0.525491 0.246417 0.471581
0.543099 0.237218 0.420434
0.58674 0.210456 0.48955
0.525574 0.244444 0.478189
0.596439 0.198017 0.51941
0.431263 0.254757 0.434508
0.438903 0.21211 0.587826
0.539027 0.247642 0.477543
0.501904 0.239506 0.478448
0.537085 0.255427 0.456244
0.45745 0.248165 0.563754
0.406996 0.225701 0.518418
0.438976 0.216585 0.399887
0.502113 0.236607 0.419471
0.503638 0.247231 0.491635
0.560357 0.199612 0.59862
0.511421 0.257917 0.533565
0.45669 0.212426 0.396269
0.419572 0.236968 0.486418
0.475717 0.24763 0.506517
0.451622 0.255465 0.425221
0.45431 0.25173 0.499543
0.403757 0.216471 0.470237
0.437769 0.254109 0.526353
0.401915 0.211278 0.43548
0.53318 0.261999 0.519275
0.540832 0.238712 0.572089
0.426199 0.232713 0.489514
0.479705 0.23014 0.499895
0.397144 0.201758 0.57388
0.401214 0.205301 0.453608
0.510644 0.238507 0.453155
0.426907 0.232305 0.555927
0.556438 0.243756 0.510323
0.529518 0.242628 0.44532
0.585246 0.20357 0.485185
0.5635 0.236545 0.500868
0.55625 0.239194 0.496426
0.463828 0.228378 0.416217
0.598115 0.18831 0.483206
0.594311 0.206153 0.426123
0.40703 0.195916 0.399834
0.490119 0.219385 0.579692
0.5999 0.192146 0.548332
0.427236 0.239718 0.459514
0.576611 0.221322 0.501333
0.53051 0.248183 0.525466
0.604792 0.198823 0.433301
0.49534 0.232669 0.425453
0.448854 0.242816 0.526494
0.561658 0.232876 0.471925
0.537829 0.212021 0.406004
0.441863 0.241239 0.505638
0.428218 0.234843 0.550287
0.542263 0.24395 0.505238
0.402393 0.212463 0.562014
0.50614 0.229303 0.483053
0.472897 0.230487 0.494687
0.51769 0.230199 0.480841
0.445811 0.242864 0.525666
0.52093 0.23258 0.483981
0.586421 0.202239 0.485708
0.599139 0.192738 0.568935
0.426978 0.20667 0.40804
0.479816 0.222207 0.517919
0.499378 0.224913 0.430076
0.409588 0.206991 0.456198
0.415407 0.2146 0.440119
0.410648 0.211385 0.562651
0.439155 0.22734 0.422878
0.413299 0.196514 0.403785
0.589925 0.197769 0.520979
0.481472 0.211014 0.480296
0.519118 0.232061 0.538535
0.468582 0.21679 0.487487
0.583066 0.207472 0.425582
0.411103 0.213242 0.530795
0.483088 0.208361 0.581863
0.492414 0.185908 0.603397
0.529523 0.218309 0.474774
0.415252 0.207205 0.573546
0.513221 0.215042 0.419453
0.438541 0.229052 0.534901
0.536901 0.214611 0.575638
0.501022 0.22072 0.461586
0.512034 0.223022 0.457814
0.558642 0.224788 0.496525
0.526938 0.234608 0.520472
0.444128 0.191753 0.597667
0.609753 0.189958 0.442215
0.44908 0.189038 0.600864
0.569973 0.222631 0.531852
0.392101 0.189009 0.442525
0.409179 0.212452 0.556684
0.391868 0.196714 0.533768
0.39762 0.186272 0.596955
0.496017 0.209202 0.412692
0.501329 0.229389 0.54312
0.487018 0.212663 0.474594
0.424025 0.212361 0.534238
0.478681 0.213173 0.536788
0.598919 0.181984 0.496348
0.417583 0.205519 0.458774
0.530418 0.209654 0.42433
0.393216 0.191765 0.570929
0.526719 0.219991 0.53678
0.508355 0.197799 0.582174
0.596146 0.189002 0.566121
0.396414 0.187763 0.460184
0.487155 0.193151 0.589363
0.478515 0.210175 0.568736
0.560085 0.204043 0.576096
0.445253 0.22328 0.433812
0.556143 0.218694 0.544326
0.492216 0.194087 0.401736
0.463027 0.18814 0.389991
0.402104 0.191188 0.478204
0.450085 0.217738 0.5431
0.548287 0.219707 0.542982
0.48243 0.206027 0.504791
0.509193 0.210611 0.497091
0.592107 0.177031 0.610742
0.556713 0.220275 0.52816
0.517729 0.214523 0.432908
0.444459 0.215536 0.469225
0.56973 0.212045 0.537942
0.561957 0.207249 0.471786
0.524583 0.215789 0.503763
0.490334 0.186907 0.391054
0.564199 0.197668 0.402701
0.483854 0.18872 0.59552
0.585924 0.202191 0.439746
0.469829 0.215985 0.550815
0.410563 0.183185 0.386668
0.604351 0.177178 0.60886
0.421148 0.199719 0.529353
0.537801 0.192671 0.409494
0.579276 0.196794 0.43718
0.538916 0.204435 0.560402
0.537591 0.182107 0.388289
0.381769 0.177963 0.577503
0.539513 0.206477 0.545965
0.523661 0.1839 0.394489
0.579169 0.195676 0.429152
0.472119 0.200246 0.525205
0.504804 0.20398 0.549866
0.419164 0.189935 0.409641
0.490939 0.188647 0.585708
0.42068 0.200268 0.436075
0.519747 0.197133 0.487128
0.37974 0.171549 0.608109
0.586071 0.190228 0.550273
0.456884 0.203585 0.424378
0.529948 0.203336 0.436268
0.515274 0.196046 0.468363
0.449964 0.204769 0.529787
0.413802 0.197565 0.563416
0.463502 0.184622 0.392699
0.45594 0.200151 0.467722
0.469596 0.198815 0.460098
0.504545 0.181222 0.390131
0.514218 0.203176 0.434802
0.3815 0.175778 0.51865
0.616578 0.169889 0.375107
0.402085 0.190067 0.530705
0.374829 0.170632 0.379249
0.511127 0.184848 0.396583
0.613925 0.178594 0.425988
0.510497 0.200645 0.450163
0.522568 0.208167 0.524464
0.47308 0.186832 0.589713
0.419922 0.190023 0.441613
0.53922 0.190218 0.424672
0.455449 0.18975 0.506059
0.55372 0.192371 0.567991
0.428662 0.17123 0.614332
0.617014 0.172051 0.583605
0.412469 0.185232 0.44631
0.389931 0.175215 0.590731
0.579359 0.182717 0.468403
0.617212 0.164401 0.505135
0.467658 0.174226 0.604989
0.426521 0.189559 0.489357
0.468167 0.188996 0.517646
0.455743 0.194411 0.555317
0.612212 0.173182 0.451144
0.380004 0.170782 0.380004
0.512965 0.185947 0.467301
0.444447 0.195343 0.549152
0.460943 0.190243 0.572761
0.410969 0.182201 0.47524
0.621437 0.167054 0.458317
0.416857 0.170348 0.615571
0.536472 0.194646 0.544864
0.451001 0.189958 0.500134
0.454713 0.178151 0.597567
0.508638 0.185229 0.485716
0.47785 0.190079 0.53827
0.510144 0.164706 0.620858
0.560725 0.181945 0.586939
0.507303 0.184738 0.483963
0.547727 0.190404 0.452176
0.614801 0.171421 0.454125
0.567618 0.187782 0.493079
0.479817 0.17356 0.605372
0.427157 0.178309 0.599228
0.58128 0.181014 0.486275
0.416284 0.17868 0.423218
0.424916 0.162836 0.627232
0.390512 0.163878 0.623604
0.592605 0.174988 0.553163
0.441208 0.185289 0.549145
0.605599 0.17045 0.59087
0.434974 0.183373 0.459195
0.423856 0.182622 0.432484
0.541728 0.175982 0.404652
0.53932 0.177619 0.412463
0.509461 0.182827 0.52262
0.546971 0.169466 0.378689
0.549392 0.184555 0.53223
0.401447 0.177704 0.569266
0.527246 0.182901 0.562608
0.408479 0.179962 0.567537
0.539104 0.18215 0.569391
0.562036 0.182068 0.43651
0.392476 0.173067 0.581277
0.570767 0.182711 0.548515
0.543666 0.18194 0.506212
0.451149 0.179988 0.504124
0.517265 0.173121 0.591672
0.465681 0.168208 0.610457
0.595888 0.17423 0.417776
0.402217 0.17664 0.575488
0.59052 0.175977 0.555955
0.61179 0.165942 0.483946
0.484788 0.178672 0.57448
0.564003 0.184167 0.540301
0.407353 0.176375 0.433076
0.434036 0.182202 0.518533
0.621033 0.162463 0.479927
0.579918 0.16898 0.373609
0.426772 0.179213 0.411756
0.55965 0.179865 0.457221
0.412435 0.172461 0.576005
0.423201 0.168311 0.386728
0.512345 0.17122 0.444817
0.611911 0.165945 0.5613
0.575601 0.172106 0.537016
0.595684 0.165331 0.598899
0.543388 0.165579 0.600383
0.536355 0.163849 0.378725
0.543413 0.17146 0.447627
0.440525 0.165853 0.378096
0.469023 0.171488 0.576344
0.556599 0.170243 0.468128
0.528488 0.169422 0.460545
0.43827 0.173624 0.451194
0.623474 0.157695 0.526705
0.404753 0.166637 0.596927
0.459654 0.16922 0.478559
0.551896 0.172823 0.575021
0.56696 0.170104 0.477913
0.457485 0.174191 0.558726
0.477409 0.173259 0.425875
0.459556 0.173207 0.549487
0.600769 0.16377 0.506718
0.459992 0.167421 0.38982
0.582089 0.17204 0.564197
0.403085 0.16878 0.42517
0.55547 0.17233 0.42176
0.496739 0.168111 0.588443
0.429747 0.175266 0.541536
0.430444 0.172153 0.491179
0.583302 0.168139 0.499958
0.536744 0.169792 0.584195
0.578077 0.172334 0.553216
0.544425 0.174483 0.539576
0.573116 0.169599 0.479131
0.429439 0.168835 0.599147
0.410034 0.16156 0.47318
0.41974 0.163327 0.404871
0.365697 0.156829 0.529641
0.630664 0.158264 0.570144
0.457711 0.163081 0.521735
0.586063 0.159882 0.60747
0.39143 0.159886 0.483213
0.386019 0.159701 0.599622
0.545802 0.163088 0.495162
0.609762 0.158381 0.62273
0.418937 0.155227 0.63841
0.572024 0.165985 0.563038
0.504003 0.158957 0.379545
0.476281 0.161656 0.591811
0.453649 0.162478 0.48558
0.401141 0.156821 0.629731
0.365158 0.157522 0.373857
0.541379 0.162601 0.458142
0.48822 0.155963 0.363487
0.600879 0.162733 0.571943
0.398964 0.159583 0.61038
0.467979 0.160645 0.602775
0.424994 0.164379 0.415466
0.454504 0.1653 0.425995
0.570344 0.163872 0.452894
0.402221 0.16263 0.532753
0.514687 0.165253 0.540882
0.369598 0.157562 0.430969
0.367486 0.156791 0.50731
0.550852 0.164493 0.434686
0.512067 0.164738 0.574106
0.375172 0.160104 0.381358
0.538215 0.154125 0.636851
0.512071 0.163024 0.447747
0.467938 0.164436 0.555133
0.55586 0.162497 0.482319
0.404959 0.15573 0.45378
0.571933 0.15313 0.632773
0.583348 0.155326 0.369724
0.388597 0.155935 0.55235
0.469289 0.156345 0.451789
0.574161 0.154569 0.616852
0.416865 0.15616 0.500201
0.419331 0.156877 0.417932
0.498998 0.1569 0.423291
0.517067 0.156637 0.514684
0.469257 0.156622 0.546629
0.433847 0.156982 0.443545
0.605043 0.155777 0.388563
0.418662 0.155792 0.607143
0.642216 0.152767 0.620442
0.427728 0.158416 0.558434
0.39259 0.155146 0.491833
0.399369 0.155379 0.603887
0.416915 0.154147 0.361321
0.513436 0.154405 0.376491
0.594811 0.15607 0.385195
0.505206 0.155106 0.481627
0.393424 0.155124 0.458446
0.472844 0.156452 0.544231
0.452234 0.156384 0.525794
0.558822 0.152464 0.637913
0.362469 0.153507 0.559477
0.481507 0.156728 0.554986
0.555769 0.156003 0.491073
0.618698 0.153458 0.496802
0.631535 0.153783 0.560681
0.448572 0.156438 0.456506
0.590673 0.153806 0.627893
0.62745 0.153297 0.466474
0.467229 0.154093 0.623415
0.528717 0.156051 0.446902
0.39977 0.15 0.634124
0.573734 0.15 0.361325
0.425964 0.15 0.45961
0.396593 0.15 0.560221
0.630618 0.15 0.430551
0.562464 0.15 0.626305
0.541855 0.15 0.366626
0.55015 0.15 0.359668
0.499986 0.15 0.475166
0.402864 0.15 0.485063
0.417431 0.15 0.608919
0.442398 0.15 0.547119
0.580592 0.15 0.597887
0.461057 0.15 0.471723
0.453101 0.15 0.577085
0.426064 0.15 0.59059
0.589848 0.15 0.38198
0.380543 0.15 0.475614
0.621105 0.15 0.533688
0.375617 0.15 0.380287
0.516082 0.15 0.585582
0.517867 0.15 0.534631
0.485475 0.15 0.353397
0.466623 0.15 0.590791
0.432134 0.15 0.400603
0.565531 0.15 0.466111
0.609459 0.15 0.400813
0.642474 0.15 0.380525
0.496635 0.15 0.449329
0.462632 0.15 0.435165
0.550433 0.15 0.645596
0.568726 0.15 0.529009
0.542569 0.15 0.418291
0.592915 0.15 0.360566
0.642309 0.15 0.41527
0.374885 0.15 0.611364
