2484 0.012625
0.389373 0.345276 0.392928
0.451808 0.265618 0.340236
0.471363 0.202033 0.339048
0.492717 0.196844 0.345305
0.510075 0.216358 0.351295
0.532837 0.279606 0.351745
0.348354 0.276294 0.448185
0.368177 0.280329 0.367757
0.430299 0.273144 0.293836
0.500763 0.250802 0.277665
0.571116 0.279052 0.316692
0.605146 0.278671 0.38634
0.337326 0.245312 0.471959
0.297495 0.261576 0.427161
0.395181 0.44601 0.387034
0.505834 0.450094 0.376001
0.634386 0.431482 0.402481
0.687792 0.23686 0.435097
0.341982 0.219777 0.486429
0.285745 0.255178 0.508612
0.398443 0.4603 0.504216
0.514126 0.460887 0.501836
0.646244 0.431354 0.508173
0.705436 0.216511 0.50462
0.349324 0.239645 0.507893
0.334782 0.260669 0.571548
0.398421 0.402796 0.653044
0.500184 0.419428 0.657923
0.622633 0.397944 0.628147
0.673054 0.219985 0.556312
0.36228 0.312127 0.552186
0.398135 0.274755 0.591941
0.440444 0.233987 0.663356
0.498088 0.223395 0.697643
0.558129 0.24042 0.684779
0.612515 0.263387 0.600258
0.391027 0.289221 0.391323
0.366885 0.308684 0.551581
0.291556 0.226395 0.508579
0.63087 0.439352 0.497155
0.427617 0.316874 0.698936
0.519812 0.197879 0.347696
0.373089 0.270779 0.546676
0.377121 0.323323 0.563876
0.657634 0.23318 0.486072
0.474597 0.16675 0.334883
0.596627 0.308498 0.595058
0.625205 0.253798 0.608708
0.511237 0.279696 0.722993
0.50412 0.45857 0.552989
0.663286 0.421132 0.459565
0.658824 0.239979 0.474905
0.341858 0.205061 0.520754
0.418884 0.330307 0.372616
0.52536 0.212419 0.677325
0.393858 0.275436 0.576916
0.373421 0.251303 0.608855
0.379715 0.388445 0.653291
0.349422 0.220862 0.523369
0.537909 0.396224 0.677202
0.412319 0.311456 0.615099
0.642785 0.2091 0.540453
0.552516 0.449227 0.571566
0.435413 0.240021 0.675726
0.630179 0.24854 0.568081
0.445976 0.463992 0.502424
0.483719 0.195904 0.665132
0.643101 0.225332 0.554222
0.61204 0.44727 0.470249
0.628636 0.258562 0.550464
0.510791 0.217925 0.687958
0.347335 0.253004 0.445068
0.369717 0.259804 0.552536
0.315398 0.228094 0.435057
0.637516 0.269635 0.619909
0.676529 0.235236 0.427151
0.437582 0.455197 0.395874
0.519684 0.194661 0.345667
0.470837 0.223371 0.698329
0.475132 0.202435 0.653824
0.59721 0.446112 0.542368
0.529942 0.459809 0.500419
0.523861 0.229762 0.645409
0.628895 0.300421 0.344569
0.469516 0.46248 0.457748
0.71072 0.242725 0.539219
0.349021 0.384207 0.628216
0.332258 0.269859 0.568599
0.650165 0.220058 0.425799
0.420551 0.298452 0.616621
0.654152 0.28971 0.62002
0.461534 0.460874 0.42187
0.388108 0.267979 0.581131
0.51435 0.461566 0.459591
0.350136 0.25552 0.605721
0.65427 0.301909 0.363869
0.436108 0.448406 0.373999
0.34817 0.218862 0.502966
0.644904 0.250045 0.598708
0.393004 0.311232 0.570716
0.518617 0.237165 0.652455
0.668806 0.203904 0.468383
0.638652 0.262684 0.400724
0.534434 0.263555 0.718843
0.419464 0.274463 0.677125
0.34811 0.215508 0.520571
0.43394 0.293253 0.701143
0.61757 0.263863 0.594493
0.310805 0.183672 0.460323
0.303314 0.190573 0.458101
0.442727 0.232235 0.334383
0.679026 0.206735 0.446495
0.663834 0.198368 0.446825
0.517182 0.186587 0.332049
0.691598 0.217445 0.451652
0.646177 0.236551 0.571385
0.569621 0.314693 0.696506
0.287247 0.217335 0.455231
0.510304 0.227732 0.284537
0.704526 0.268297 0.549058
0.432543 0.253202 0.298011
0.608256 0.260376 0.408474
0.617698 0.443938 0.506805
0.363908 0.245231 0.60047
0.523361 0.229146 0.702123
0.298661 0.194699 0.494091
0.468097 0.443616 0.35259
0.663591 0.222244 0.480964
0.687605 0.198386 0.496058
0.539447 0.446807 0.593993
0.521452 0.459568 0.422814
0.714826 0.333477 0.454639
0.453706 0.236345 0.643834
0.394326 0.334066 0.394124
0.589034 0.327223 0.304777
0.583481 0.400867 0.326821
0.48239 0.218882 0.69407
0.448666 0.251533 0.283762
0.543947 0.457749 0.502923
0.592252 0.298394 0.400616
0.443545 0.257865 0.345672
0.673592 0.199012 0.454605
0.583304 0.29672 0.3954
0.389652 0.456044 0.429528
0.409076 0.315909 0.622672
0.297909 0.18657 0.48357
0.669243 0.414229 0.446922
0.663958 0.205788 0.461801
0.483709 0.319439 0.265892
0.51165 0.187345 0.318294
0.446934 0.257837 0.636723
0.345554 0.428704 0.55888
0.517604 0.204438 0.654416
0.678725 0.298161 0.385892
0.41847 0.450666 0.386828
0.542905 0.243253 0.636214
0.410783 0.264468 0.623658
0.326049 0.218843 0.531274
0.657964 0.240521 0.470889
0.402782 0.273037 0.605149
0.286092 0.375521 0.498999
0.408974 0.323478 0.384507
0.409747 0.295682 0.601341
0.507569 0.462003 0.465832
0.548609 0.275916 0.290194
0.53462 0.263555 0.718467
0.543186 0.270811 0.361599
0.699646 0.368911 0.53425
0.287613 0.378945 0.493303
0.342913 0.207033 0.478805
0.491208 0.393453 0.685031
0.337271 0.250062 0.579937
0.329575 0.309162 0.615959
0.550472 0.258702 0.634905
0.378869 0.270713 0.632525
0.442922 0.406114 0.3145
0.657314 0.237995 0.468282
0.534494 0.267196 0.645511
0.54055 0.435468 0.350411
0.544054 0.247282 0.636521
0.311787 0.228844 0.531409
0.301954 0.212827 0.510171
0.342871 0.240434 0.581112
0.659958 0.23293 0.471342
0.349767 0.272718 0.44359
0.501504 0.188496 0.309852
0.717687 0.333214 0.489288
0.715083 0.309083 0.448618
0.533831 0.229346 0.309099
0.440286 0.287203 0.283276
0.285987 0.282901 0.522119
0.671659 0.242108 0.420733
0.303932 0.244451 0.533875
0.389499 0.281438 0.334681
0.433748 0.291548 0.28636
0.43031 0.291713 0.624205
0.617168 0.259482 0.415647
0.344527 0.204703 0.50253
0.710272 0.226303 0.505119
0.341111 0.202251 0.483081
0.439055 0.240702 0.655598
0.513597 0.228554 0.655931
0.338549 0.259326 0.585078
0.634683 0.364131 0.639847
0.444931 0.236367 0.337635
0.37639 0.306753 0.556272
0.432475 0.258696 0.296535
0.5352 0.23085 0.329194
0.339342 0.190338 0.496389
0.389091 0.29258 0.667511
0.591881 0.28759 0.401087
0.711289 0.228426 0.518622
0.691649 0.224244 0.547491
0.606206 0.424246 0.603343
0.313044 0.263591 0.548865
0.330776 0.428703 0.503368
0.340582 0.251574 0.408372
0.317203 0.228674 0.534673
0.510436 0.18795 0.339118
0.34022 0.215007 0.472182
0.512453 0.20501 0.30175
0.488084 0.191269 0.301272
0.446006 0.265568 0.34336
0.345737 0.291513 0.362842
0.586159 0.416432 0.341193
0.610143 0.281142 0.413939
0.351083 0.249538 0.523399
0.669039 0.19915 0.537995
0.342056 0.219414 0.460323
0.440316 0.372757 0.690816
0.520852 0.211059 0.349143
0.450055 0.231681 0.337116
0.560691 0.29705 0.70253
0.632435 0.248523 0.430002
0.499325 0.193598 0.304333
0.553175 0.455887 0.506049
0.335951 0.18688 0.494924
0.562515 0.268815 0.317462
0.506727 0.454616 0.393374
0.559685 0.240898 0.681807
0.321507 0.255524 0.556701
0.336544 0.211776 0.445909
0.313312 0.2791 0.556903
0.276872 0.337596 0.504222
0.709333 0.229868 0.467159
0.712496 0.272636 0.531085
0.64732 0.420173 0.396352
0.376007 0.25539 0.61536
0.526501 0.205243 0.661303
0.502496 0.413786 0.314266
0.54988 0.222719 0.654642
0.534599 0.233467 0.350023
0.394132 0.287959 0.571376
0.432732 0.260756 0.342997
0.333103 0.33491 0.364444
0.359226 0.295472 0.346387
0.535193 0.355118 0.702051
0.485542 0.19312 0.299307
0.495839 0.179356 0.333978
0.530396 0.398113 0.297913
0.286734 0.365037 0.457059
0.302908 0.204126 0.504107
0.667366 0.350215 0.602175
0.54478 0.251983 0.35201
0.583267 0.281605 0.604094
0.636691 0.359936 0.638007
0.385285 0.392178 0.323704
0.441696 0.448622 0.37383
0.484609 0.450304 0.371372
0.393338 0.31055 0.397612
0.518595 0.208645 0.651894
0.548942 0.266427 0.361262
0.6582 0.211078 0.506992
0.573753 0.254878 0.629157
0.610922 0.445832 0.435294
0.701996 0.217906 0.470583
0.479267 0.185149 0.337571
0.374811 0.282504 0.368805
0.459752 0.239441 0.704147
0.655253 0.204214 0.507346
0.584618 0.446259 0.551726
0.340411 0.435516 0.455984
0.329448 0.220723 0.531314
0.626813 0.246486 0.556963
0.420541 0.337375 0.294631
0.52861 0.236066 0.289529
0.534346 0.297784 0.718505
0.549358 0.389624 0.678212
0.294296 0.195666 0.486833
0.373814 0.287644 0.357731
0.682949 0.381041 0.554756
0.365875 0.313687 0.327885
0.328438 0.234588 0.543748
0.470127 0.19965 0.29491
0.65673 0.191938 0.51063
0.615055 0.280383 0.416474
0.327603 0.400007 0.576276
0.705886 0.370872 0.46315
0.511159 0.223418 0.692554
0.708001 0.225345 0.476465
0.675782 0.23162 0.562845
0.643239 0.261662 0.403674
0.546785 0.248416 0.319129
0.45488 0.461354 0.450176
0.416317 0.303721 0.622363
0.654109 0.205349 0.514841
0.393522 0.457965 0.516769
0.463735 0.187329 0.312441
0.647788 0.33786 0.34705
0.588088 0.265505 0.386034
0.586002 0.295777 0.395937
0.703676 0.217412 0.523024
0.412168 0.454382 0.5729
0.293852 0.281231 0.533504
0.348782 0.345344 0.343058
0.500053 0.222579 0.657768
0.453657 0.461849 0.4559
0.622207 0.295972 0.364185
0.549024 0.234181 0.640146
0.456554 0.19153 0.320463
0.287514 0.272088 0.512519
0.464673 0.249664 0.713961
0.44046 0.266024 0.345244
0.333379 0.215519 0.444438
0.378481 0.277062 0.383611
0.34153 0.403895 0.597546
0.430445 0.244678 0.670681
0.485094 0.178443 0.331968
0.31741 0.241903 0.425092
0.467662 0.206467 0.293117
0.357996 0.429779 0.577775
0.439721 0.255379 0.291382
0.647449 0.217467 0.546822
0.603263 0.259849 0.621817
0.386673 0.262227 0.626666
0.586633 0.242825 0.652065
0.695638 0.371687 0.426546
0.333505 0.276267 0.387534
0.322358 0.412079 0.421965
0.544254 0.377762 0.687903
0.660395 0.218431 0.501618
0.312662 0.203013 0.508959
0.480087 0.45768 0.400178
0.620286 0.417979 0.596587
0.615509 0.410435 0.35289
0.3864 0.289526 0.562613
0.423957 0.294326 0.361143
0.35864 0.289836 0.428628
0.511769 0.2256 0.658669
0.2933 0.389069 0.475849
0.514049 0.460023 0.455527
0.447183 0.219929 0.327899
0.29778 0.289965 0.548985
0.447917 0.222081 0.314926
0.333648 0.296878 0.368546
0.370017 0.287599 0.407785
0.622446 0.265966 0.590128
0.507148 0.447534 0.601685
0.612986 0.281711 0.569764
0.58681 0.270677 0.613854
0.416711 0.304245 0.368608
0.711746 0.234432 0.480064
0.319742 0.245436 0.417731
0.510037 0.220454 0.660182
0.44266 0.264079 0.341576
0.444378 0.242494 0.293196
0.443832 0.4246 0.644498
0.50011 0.46029 0.500466
0.711706 0.352925 0.492045
0.5095 0.46055 0.482185
0.472479 0.462093 0.491111
0.282247 0.35244 0.462177
0.329271 0.180532 0.470487
0.657108 0.211266 0.447267
0.62887 0.250502 0.557386
0.646451 0.431549 0.482082
0.402089 0.311603 0.608745
0.510635 0.194792 0.315669
0.286016 0.29006 0.436135
0.460159 0.232008 0.648129
0.429774 0.463406 0.494996
0.277899 0.296504 0.452407
0.3407 0.234069 0.45288
0.308158 0.218792 0.515582
0.336598 0.290683 0.372941
0.628113 0.258342 0.605879
0.663538 0.218417 0.492729
0.616677 0.443396 0.504729
0.699625 0.21423 0.51179
0.517287 0.442544 0.360748
0.552594 0.290517 0.285695
0.385625 0.454901 0.433527
0.36331 0.276605 0.544463
0.655094 0.210547 0.54475
0.632818 0.260539 0.427438
0.62736 0.269526 0.625758
0.330819 0.242296 0.549964
0.71077 0.234252 0.512575
0.557534 0.448745 0.55688
0.514668 0.233745 0.660257
0.524186 0.240045 0.653659
0.419408 0.286019 0.301212
0.630509 0.286125 0.391521
0.670237 0.20651 0.452626
0.675931 0.344307 0.585692
0.29923 0.209725 0.452666
0.332451 0.347602 0.616717
0.386257 0.290755 0.660442
0.617263 0.271046 0.414904
0.37844 0.272916 0.565775
0.363911 0.393836 0.633775
0.654664 0.421715 0.533105
0.70542 0.273732 0.543521
0.521603 0.450126 0.588553
0.571045 0.269254 0.624278
0.560578 0.266975 0.632453
0.346931 0.261815 0.414309
0.319233 0.400176 0.558218
0.454385 0.226835 0.663061
0.345926 0.243115 0.538614
0.381534 0.273314 0.571114
0.633722 0.280074 0.396834
0.54709 0.240919 0.640778
0.412525 0.277433 0.620128
0.598271 0.449317 0.443792
0.621339 0.271241 0.418409
0.392892 0.459429 0.469571
0.682898 0.345291 0.573967
0.569572 0.273885 0.372701
0.703449 0.299832 0.434104
0.557234 0.455674 0.458694
0.30211 0.364797 0.41528
0.316858 0.248374 0.42115
0.702272 0.236552 0.540902
0.380733 0.320589 0.576951
0.520821 0.247416 0.66133
0.414257 0.26622 0.63406
0.381451 0.293156 0.322733
0.365663 0.290991 0.639742
0.453443 0.24126 0.286686
0.584843 0.253525 0.657797
0.657412 0.353844 0.35635
0.391783 0.304739 0.577739
0.437982 0.256811 0.294404
0.630936 0.263341 0.594744
0.310853 0.383503 0.407229
0.611989 0.444161 0.511261
0.648536 0.398297 0.588553
0.473344 0.323511 0.26785
0.489244 0.274395 0.275068
0.563614 0.450909 0.534511
0.480703 0.191019 0.329629
0.602132 0.256936 0.635263
0.38434 0.307021 0.66863
0.643129 0.430132 0.529068
0.378684 0.300552 0.562291
0.324049 0.183698 0.468171
0.686495 0.218423 0.540496
0.605414 0.447277 0.452817
0.690787 0.364445 0.407593
0.462581 0.370018 0.283018
0.483877 0.203987 0.67182
0.347012 0.24753 0.527303
0.399729 0.294833 0.595938
0.675818 0.403617 0.435124
0.506508 0.208846 0.340274
0.342347 0.262534 0.588017
0.548719 0.226498 0.659616
0.40245 0.301623 0.607329
0.577122 0.278642 0.381217
0.560132 0.276049 0.309811
0.632996 0.263277 0.597048
0.297511 0.389772 0.518085
0.375447 0.293255 0.327702
0.557228 0.29647 0.703085
0.621638 0.300224 0.336489
0.471045 0.221462 0.654631
0.667596 0.243999 0.572241
0.614071 0.264164 0.630713
0.303716 0.389278 0.543965
0.715242 0.293275 0.50378
0.537518 0.44901 0.389773
0.358575 0.297859 0.639398
0.573168 0.262021 0.629711
0.38686 0.295677 0.663943
0.513607 0.221283 0.297198
0.684367 0.396797 0.450006
0.655177 0.419901 0.535336
0.558663 0.235803 0.654239
0.508154 0.458051 0.514411
0.706127 0.231566 0.528744
0.278743 0.330781 0.458529
0.404227 0.310668 0.681981
0.666399 0.207558 0.500368
0.682313 0.199882 0.518692
0.492851 0.459017 0.430337
0.277943 0.300604 0.453882
0.644529 0.237946 0.545455
0.481167 0.181465 0.322339
0.563351 0.252984 0.636904
0.443678 0.406456 0.664828
0.567251 0.248218 0.670712
0.331132 0.205259 0.504578
0.540457 0.454164 0.527411
0.299798 0.241773 0.515653
0.616412 0.283998 0.401079
0.282822 0.232712 0.485066
0.633103 0.2632 0.580058
0.713576 0.259641 0.488567
0.355128 0.30092 0.35209
0.323203 0.197315 0.458734
0.440806 0.260926 0.333771
0.447373 0.271648 0.285173
0.480911 0.456409 0.567052
0.508713 0.20217 0.331268
0.431676 0.262909 0.647207
0.589893 0.334375 0.309161
0.565007 0.241762 0.666116
0.582557 0.442104 0.565094
0.554605 0.281672 0.361117
0.669949 0.228421 0.483084
0.507545 0.442622 0.610945
0.480393 0.213331 0.65414
0.29596 0.362582 0.555202
0.497108 0.456554 0.551683
0.513758 0.410148 0.665455
0.33518 0.286786 0.381177
0.284765 0.345363 0.539832
0.31581 0.395572 0.411956
0.609776 0.28871 0.584063
0.523405 0.228241 0.33939
0.35699 0.291817 0.549939
0.331991 0.231234 0.460021
0.477157 0.458696 0.548799
0.303412 0.265537 0.426602
0.375103 0.307147 0.321808
0.427504 0.28057 0.633615
0.546076 0.454531 0.500424
0.525983 0.238417 0.706379
0.369348 0.294534 0.40542
0.388339 0.296246 0.58238
0.482285 0.223913 0.689893
0.479353 0.457783 0.55113
0.345462 0.267158 0.533238
0.374305 0.401328 0.340256
0.352956 0.302706 0.354031
0.585545 0.269515 0.659756
0.70163 0.226412 0.518092
0.338776 0.276621 0.592965
0.507006 0.444762 0.367016
0.669338 0.217036 0.497262
0.580014 0.277099 0.339051
0.301933 0.244647 0.517604
0.436898 0.458076 0.419635
0.652521 0.240269 0.422884
0.659107 0.211991 0.530206
0.451623 0.320053 0.276368
0.323743 0.221397 0.518836
0.492876 0.458274 0.439335
0.447891 0.240995 0.685091
0.484477 0.210981 0.294112
0.523967 0.227437 0.308705
0.637147 0.327491 0.641489
0.412728 0.274762 0.663121
0.558092 0.285798 0.363041
0.501729 0.233163 0.699303
0.426405 0.44848 0.5966
0.628245 0.266727 0.604284
0.684579 0.226542 0.452544
0.44624 0.251227 0.326407
0.555107 0.260067 0.642687
0.338927 0.267056 0.396259
0.55247 0.443628 0.586283
0.394473 0.308286 0.598742
0.361211 0.297952 0.556461
0.481152 0.458757 0.453242
0.287881 0.235364 0.492737
0.487364 0.212774 0.660384
0.604577 0.282349 0.605527
0.358657 0.274446 0.551979
0.641214 0.29044 0.388044
0.343722 0.287278 0.380674
0.285153 0.261673 0.452595
0.387781 0.453446 0.422783
0.397792 0.281473 0.618566
0.336319 0.274022 0.394816
0.677423 0.279416 0.575735
0.712194 0.272621 0.50008
0.32921 0.2287 0.456424
0.502215 0.224818 0.685942
0.445321 0.242639 0.312172
0.649163 0.240378 0.548633
0.379084 0.293333 0.569608
0.342111 0.275771 0.441421
0.409691 0.294223 0.63206
0.607069 0.281804 0.603189
0.359499 0.255492 0.597662
0.599431 0.398604 0.334308
0.307851 0.190448 0.469631
0.450838 0.258198 0.651608
0.700652 0.240184 0.539115
0.516528 0.423321 0.328623
0.414002 0.272467 0.333246
0.45351 0.360281 0.284928
0.60076 0.342474 0.315815
0.571583 0.285723 0.683221
0.529284 0.393835 0.29577
0.523407 0.45748 0.473911
0.474762 0.20813 0.671239
0.669388 0.206026 0.511923
0.52503 0.236823 0.298314
0.580388 0.282864 0.624572
0.284933 0.238642 0.486357
0.347038 0.266554 0.402624
0.664359 0.279875 0.406198
0.422789 0.461742 0.498657
0.420999 0.440913 0.611436
0.339312 0.280698 0.389762
0.394822 0.283943 0.616112
0.459291 0.234956 0.657172
0.59989 0.439311 0.553224
0.359976 0.444062 0.425514
0.586187 0.290687 0.364382
0.371507 0.29665 0.355801
0.419488 0.413304 0.327795
0.498708 0.456952 0.450299
0.403748 0.282284 0.627625
0.336323 0.350482 0.619627
0.430607 0.331866 0.290654
0.513687 0.216583 0.316199
0.413758 0.377704 0.303126
0.398536 0.378966 0.668738
0.304786 0.24071 0.441808
0.679209 0.226092 0.475235
0.548541 0.238674 0.653449
0.516363 0.248488 0.71384
0.66769 0.374829 0.586949
0.38011 0.294719 0.353747
0.378674 0.297573 0.574139
0.31519 0.207084 0.46344
0.435823 0.460947 0.466996
0.619871 0.28672 0.409932
0.588643 0.375293 0.315522
0.299517 0.23154 0.504936
0.484669 0.221315 0.682838
0.517416 0.255572 0.716619
0.595185 0.268382 0.634483
0.400029 0.293407 0.619433
0.367837 0.293522 0.371632
0.30658 0.298657 0.561134
0.502952 0.456266 0.497258
0.519473 0.446015 0.378999
0.428274 0.418519 0.330995
0.336501 0.277264 0.395657
0.504043 0.22629 0.682862
0.515606 0.230367 0.323672
0.354959 0.366111 0.639243
0.448288 0.279888 0.705508
0.502741 0.218892 0.305477
0.308178 0.239752 0.515105
0.414313 0.272756 0.642664
0.716761 0.297295 0.468229
0.62589 0.303387 0.363378
0.487671 0.231036 0.661066
0.349702 0.277663 0.605858
0.529203 0.230921 0.664834
0.489171 0.223922 0.29375
0.557802 0.413546 0.329849
0.30549 0.20839 0.461838
0.354565 0.297579 0.368437
0.589245 0.289756 0.62168
0.709345 0.360323 0.470895
0.594441 0.310844 0.391357
0.451858 0.248315 0.313891
0.461849 0.230792 0.307125
0.715863 0.336564 0.469353
0.308615 0.281736 0.541694
0.498905 0.229821 0.666842
0.31109 0.226693 0.509641
0.708864 0.275957 0.527016
0.329213 0.291974 0.385503
0.571322 0.424084 0.623206
0.589061 0.336706 0.677308
0.675022 0.208035 0.517358
0.35832 0.264407 0.578386
0.419898 0.288488 0.308284
0.350649 0.264321 0.569212
0.590717 0.302399 0.314573
0.455916 0.237875 0.682837
0.334351 0.274324 0.400964
0.593728 0.278729 0.630401
0.373968 0.295499 0.388842
0.637036 0.27522 0.597594
0.503045 0.390288 0.294276
0.429154 0.280165 0.646193
0.605528 0.305547 0.60692
0.315293 0.281027 0.547177
0.288064 0.21383 0.473288
0.471273 0.456911 0.457713
0.564098 0.431345 0.357739
0.306973 0.224729 0.454301
0.594069 0.271316 0.648526
0.516502 0.23576 0.691128
0.636312 0.280713 0.610053
0.674283 0.244299 0.478666
0.4431 0.242584 0.670617
0.392682 0.306425 0.625446
0.582658 0.290886 0.631168
0.314515 0.409812 0.464978
0.453207 0.237241 0.677873
0.528574 0.355863 0.277317
0.505378 0.455339 0.496973
0.655047 0.259593 0.574867
0.371594 0.29864 0.57861
0.483625 0.237626 0.69916
0.513059 0.451103 0.566559
0.707415 0.249129 0.519253
0.632281 0.433819 0.517529
0.513825 0.448185 0.587427
0.663211 0.334959 0.364409
0.28981 0.261726 0.451602
0.378138 0.33233 0.321945
0.508609 0.233091 0.303205
0.621963 0.306029 0.338661
0.638036 0.280684 0.603687
0.330325 0.263354 0.430391
0.410063 0.459491 0.490903
0.495718 0.240138 0.698243
0.576397 0.306013 0.365867
0.35878 0.301063 0.369326
0.335403 0.26611 0.414423
0.3044 0.228618 0.457132
0.306621 0.230228 0.456134
0.407771 0.278414 0.642747
0.679971 0.357414 0.387415
0.573019 0.450482 0.445228
0.537219 0.240063 0.667371
0.706408 0.366171 0.475859
0.36175 0.444414 0.505466
0.467013 0.249736 0.707611
0.550954 0.268155 0.32149
0.458914 0.257905 0.28658
0.457598 0.446591 0.600739
0.626763 0.302397 0.38868
0.426588 0.282754 0.328002
0.443372 0.449645 0.386985
0.451143 0.439936 0.615645
0.368878 0.306639 0.590184
0.639021 0.416966 0.559069
0.507908 0.446972 0.591779
0.357174 0.309654 0.354571
0.630613 0.280287 0.604073
0.562318 0.277772 0.686721
0.526717 0.342574 0.274682
0.386266 0.299944 0.607667
0.356688 0.301359 0.633399
0.395071 0.301934 0.632483
0.351546 0.384742 0.350531
0.296919 0.234029 0.461835
0.640562 0.310887 0.360595
0.476515 0.325736 0.716733
0.32516 0.261575 0.44582
0.5457 0.268678 0.326633
0.665914 0.242836 0.555526
0.649574 0.276386 0.414587
0.542636 0.266674 0.324431
0.691886 0.241918 0.470707
0.33564 0.269069 0.548761
0.586159 0.311299 0.371696
0.453654 0.457779 0.490016
0.368711 0.303943 0.365272
0.581834 0.447851 0.489083
0.462373 0.45449 0.556076
0.531504 0.247725 0.675611
0.621016 0.308373 0.396743
0.632568 0.284808 0.595541
0.467848 0.332127 0.713276
0.45792 0.430856 0.341535
0.673196 0.402191 0.427003
0.672816 0.264683 0.430074
0.292667 0.297842 0.533709
0.440977 0.383302 0.680141
0.386132 0.311505 0.317308
0.533187 0.443109 0.380761
0.510786 0.453413 0.488321
0.68026 0.23854 0.488437
0.698891 0.247181 0.479864
0.440767 0.293722 0.290818
0.498586 0.287971 0.278385
0.464375 0.265779 0.711163
0.602544 0.379002 0.324898
0.677298 0.400734 0.443854
0.295438 0.300231 0.537833
0.338042 0.42424 0.412138
0.49797 0.434489 0.623619
0.655809 0.302781 0.379183
0.667626 0.244479 0.546937
0.661295 0.253176 0.43579
0.29162 0.341937 0.546739
0.465826 0.455581 0.515292
0.688322 0.243909 0.474463
0.458632 0.237683 0.676982
0.675527 0.394567 0.53682
0.394164 0.301834 0.35457
0.66296 0.317072 0.607963
0.496687 0.245666 0.303637
0.491591 0.230155 0.675913
0.591259 0.442112 0.536477
0.326535 0.271643 0.418421
0.588829 0.444116 0.523279
0.588399 0.423598 0.610951
0.494651 0.242602 0.694327
0.276815 0.325168 0.476914
0.491775 0.453826 0.475025
0.382075 0.311099 0.614626
0.702443 0.255279 0.479672
0.345753 0.28269 0.401031
0.46336 0.314373 0.275942
0.305769 0.283736 0.528132
0.339844 0.285167 0.563359
0.376133 0.446989 0.41414
0.462886 0.402693 0.311336
0.544157 0.423755 0.631412
0.683829 0.393236 0.447874
0.427565 0.457453 0.450591
0.382418 0.451978 0.494432
0.371087 0.44758 0.502547
0.383146 0.29138 0.634761
0.281909 0.312363 0.512715
0.63568 0.320595 0.348289
0.405256 0.32729 0.309071
0.639998 0.305007 0.401767
0.287873 0.260471 0.480811
0.667453 0.270891 0.428383
0.370485 0.429507 0.586877
0.501488 0.258148 0.709342
0.620112 0.340979 0.330517
0.302077 0.271085 0.504783
0.66342 0.26983 0.427616
0.571344 0.438863 0.566888
0.355583 0.293496 0.614418
0.454954 0.263624 0.295471
0.279614 0.316888 0.46224
0.678896 0.39527 0.434049
0.311603 0.334249 0.571845
0.391908 0.300642 0.347143
0.460316 0.428301 0.63632
0.336841 0.326433 0.3728
0.691771 0.277198 0.550139
0.506621 0.256506 0.304599
0.640077 0.302002 0.399771
0.635252 0.290602 0.60372
0.576294 0.447539 0.466421
0.68289 0.243276 0.500061
0.53406 0.444717 0.580917
0.503226 0.341843 0.276994
0.66714 0.252296 0.443864
0.586289 0.445924 0.484891
0.316004 0.277938 0.523527
0.314439 0.278345 0.522055
0.512392 0.451918 0.426594
0.61598 0.436869 0.526566
0.367806 0.387689 0.637413
0.351335 0.287156 0.58718
0.36456 0.298728 0.608936
0.438504 0.280754 0.689469
0.542722 0.414246 0.329625
0.389405 0.314892 0.362231
0.525596 0.430209 0.349168
0.671891 0.277329 0.429629
0.64982 0.29894 0.404296
0.306434 0.396062 0.46075
0.530848 0.422883 0.635763
0.318653 0.285838 0.423519
0.354695 0.375592 0.633085
0.357291 0.29841 0.595535
0.554768 0.340601 0.290164
0.681251 0.245975 0.511427
0.480225 0.261653 0.290231
0.583724 0.288262 0.64666
0.555383 0.446552 0.471077
0.532851 0.27116 0.308666
0.491544 0.31468 0.27439
0.420518 0.457956 0.495079
0.654298 0.318944 0.364687
0.599275 0.443381 0.458217
0.527646 0.444753 0.582988
0.342859 0.292999 0.412076
0.412476 0.322808 0.30714
0.51764 0.449291 0.469014
0.332814 0.33378 0.375753
0.442784 0.378278 0.298674
0.696312 0.278007 0.453813
0.474797 0.24726 0.696973
0.612231 0.440212 0.419235
0.691913 0.282188 0.548991
0.587422 0.300776 0.341106
0.414966 0.291039 0.65633
0.621306 0.41959 0.575582
0.500418 0.300979 0.27798
0.283316 0.34459 0.483667
0.458138 0.245156 0.676084
0.291139 0.30389 0.512631
0.392583 0.307207 0.346296
0.328495 0.294512 0.402932
0.695251 0.305745 0.43247
0.456004 0.42794 0.633814
0.569915 0.413898 0.34003
0.515697 0.272943 0.707974
0.587525 0.365486 0.317405
0.375893 0.307854 0.617863
0.334209 0.307847 0.385979
0.506666 0.283823 0.710499
0.379962 0.311708 0.353039
0.599581 0.307503 0.658021
0.605993 0.307585 0.342965
0.433787 0.303048 0.299957
0.580852 0.440595 0.537466
0.324932 0.337215 0.586477
0.703698 0.284471 0.504733
0.513793 0.289166 0.710344
0.648644 0.419738 0.527413
0.69145 0.292187 0.438655
0.312005 0.276136 0.445547
0.32339 0.373204 0.58934
0.505443 0.289717 0.711245
0.319772 0.294147 0.543556
0.694096 0.256177 0.526958
0.567012 0.401745 0.327393
0.68132 0.292635 0.563813
0.481779 0.450022 0.528583
0.412149 0.304019 0.672164
0.587269 0.445776 0.416567
0.294702 0.314325 0.54448
0.437637 0.260704 0.674135
0.677624 0.245998 0.536056
0.360428 0.323502 0.367933
0.483655 0.447768 0.464079
0.569477 0.334636 0.68362
0.436915 0.300944 0.691346
0.351199 0.311152 0.606233
0.700721 0.317139 0.434739
0.637771 0.393461 0.600795
0.311812 0.283315 0.445762
0.416509 0.308613 0.32249
0.705765 0.327104 0.52824
0.603784 0.316365 0.658929
0.295821 0.306891 0.527273
0.487545 0.448025 0.509034
0.47692 0.308837 0.279152
0.463102 0.347301 0.285667
0.302436 0.278479 0.451614
0.304905 0.352286 0.556841
0.632428 0.429137 0.498838
0.41711 0.456156 0.51596
0.379594 0.316677 0.354861
0.49569 0.276412 0.708253
0.684536 0.273153 0.450325
0.304963 0.277738 0.4524
0.367605 0.315221 0.636032
0.486355 0.28673 0.285028
0.548036 0.395338 0.666023
0.399801 0.324908 0.670552
0.579386 0.429786 0.594162
0.479911 0.449488 0.444072
0.486688 0.447993 0.525819
0.604803 0.31112 0.652886
0.623342 0.310682 0.602429
0.463754 0.450073 0.554384
0.296602 0.38207 0.488103
0.348699 0.312251 0.610244
0.700783 0.343269 0.439297
0.327272 0.340623 0.584713
0.487041 0.44619 0.493825
0.364195 0.327946 0.357579
0.457328 0.274941 0.700221
0.554758 0.375748 0.677997
0.693821 0.366933 0.439377
0.321546 0.374279 0.389237
0.482435 0.33887 0.280884
0.355558 0.359874 0.347448
0.486013 0.446235 0.490107
0.529796 0.291109 0.289915
0.381086 0.323367 0.625812
0.4238 0.428973 0.351025
0.56188 0.437135 0.558382
0.561975 0.285284 0.66628
0.287556 0.287804 0.473846
0.694553 0.353903 0.431305
0.540781 0.293426 0.297077
0.659351 0.310623 0.398244
0.558451 0.330458 0.293953
0.351938 0.434091 0.524027
0.686302 0.264987 0.503233
0.463882 0.251856 0.675182
0.405438 0.315281 0.330317
0.483879 0.446725 0.561667
0.554494 0.358683 0.298008
0.296669 0.329668 0.433181
0.38797 0.31222 0.331616
0.343167 0.374702 0.358293
0.698366 0.287964 0.461836
0.510246 0.375612 0.290489
0.452908 0.396476 0.313018
0.386675 0.31867 0.655551
0.337466 0.311641 0.40714
0.57834 0.336822 0.312252
0.425446 0.320607 0.684536
0.312107 0.362076 0.56138
0.67681 0.277818 0.454988
0.691317 0.27263 0.515832
0.505591 0.331417 0.705318
0.602191 0.436665 0.500939
0.636856 0.427434 0.445053
0.402857 0.449345 0.418066
0.542139 0.439896 0.478408
0.368995 0.334908 0.610916
0.359513 0.331906 0.37453
0.660441 0.362286 0.590946
0.548665 0.439507 0.514401
0.575459 0.444226 0.415531
0.476679 0.446089 0.56352
0.481883 0.443844 0.469368
0.345244 0.337617 0.371367
0.679235 0.289881 0.55758
0.317397 0.402299 0.51992
0.607867 0.385888 0.337148
0.44756 0.449233 0.456976
0.662935 0.315659 0.58482
0.37261 0.336694 0.370117
0.382407 0.354036 0.324009
0.380375 0.448069 0.466773
0.635972 0.317534 0.595684
0.337782 0.425128 0.493886
0.533288 0.44204 0.445018
0.555138 0.439258 0.504576
0.674062 0.33387 0.388006
0.297528 0.36805 0.52658
0.647319 0.322603 0.374628
0.573053 0.441073 0.481937
0.461993 0.292933 0.70582
0.465812 0.410926 0.324472
0.610685 0.437487 0.441673
0.334991 0.373688 0.604015
0.312983 0.362903 0.412102
0.684596 0.282208 0.476693
0.465523 0.28119 0.70378
0.521793 0.334261 0.701041
0.370577 0.443689 0.469393
0.580787 0.442591 0.438786
0.571571 0.320449 0.676576
0.307001 0.308012 0.439737
0.332854 0.321786 0.399729
0.550416 0.308164 0.303648
0.533788 0.284958 0.693306
0.533244 0.301947 0.698025
0.508159 0.303722 0.293015
0.519502 0.390015 0.304447
0.66679 0.404321 0.435081
0.316631 0.372981 0.403205
0.53983 0.441417 0.415387
0.357415 0.339113 0.367569
0.477515 0.412979 0.654899
0.702062 0.304851 0.484577
0.562333 0.439136 0.477479
0.320846 0.353925 0.394821
0.525227 0.348813 0.696368
0.381191 0.444462 0.525543
0.690711 0.282154 0.496266
0.401717 0.328416 0.666235
0.473632 0.307338 0.709651
0.380354 0.326585 0.640615
0.546044 0.308937 0.296322
0.531397 0.43958 0.449925
0.561746 0.440951 0.449064
0.315422 0.331584 0.564637
0.37522 0.34688 0.333566
0.430379 0.337273 0.683864
0.443143 0.449683 0.537982
0.563666 0.442132 0.41065
0.369183 0.338108 0.632135
0.684217 0.284941 0.494156
0.674404 0.369676 0.396139
0.535787 0.336617 0.695119
0.66951 0.403135 0.471808
0.555125 0.440112 0.435837
0.318824 0.403753 0.46952
0.490008 0.346829 0.287093
0.300453 0.3115 0.449528
0.449822 0.293639 0.692436
0.487414 0.371435 0.294659
0.560505 0.427965 0.369283
0.501349 0.42877 0.619638
0.598233 0.418193 0.598778
0.361745 0.347905 0.359651
0.319439 0.398939 0.445067
0.439234 0.286766 0.677455
0.306427 0.336706 0.553216
0.307525 0.373728 0.437551
0.485144 0.439059 0.484062
0.449187 0.372653 0.302198
0.328809 0.41327 0.461233
0.698569 0.304368 0.491679
0.372965 0.418557 0.600994
0.625023 0.341273 0.349261
0.359525 0.435015 0.415623
0.378339 0.43895 0.404233
0.571061 0.441269 0.437383
0.491123 0.284395 0.701111
0.319993 0.324571 0.413913
0.467725 0.443999 0.557539
0.490139 0.268501 0.687104
0.290437 0.302505 0.475394
0.31628 0.400326 0.49042
0.624026 0.324318 0.62498
0.363728 0.346259 0.630647
0.30784 0.388241 0.487769
0.682867 0.28692 0.510361
0.441764 0.44666 0.494117
0.549511 0.334888 0.687225
0.433221 0.446734 0.422773
0.536617 0.436377 0.440927
0.514572 0.292775 0.684289
0.625372 0.329049 0.612687
0.292584 0.316058 0.492819
0.656626 0.32899 0.582131
0.425586 0.447091 0.425264
0.614136 0.42596 0.538411
0.470085 0.437975 0.472871
0.685899 0.359086 0.426692
0.492097 0.275341 0.68629
0.32486 0.408571 0.47706
0.684248 0.285424 0.520535
0.310594 0.32579 0.434895
0.595139 0.345807 0.653233
0.684112 0.289358 0.500825
0.345418 0.360001 0.607206
0.364698 0.436084 0.526631
0.387661 0.359003 0.325985
0.396369 0.353831 0.660343
0.688535 0.345452 0.541886
0.405043 0.433316 0.603148
0.33218 0.369601 0.586553
0.38052 0.419491 0.606021
0.422574 0.415415 0.635868
0.492369 0.276961 0.684103
0.36891 0.34091 0.620854
0.679258 0.354516 0.40802
0.676172 0.333722 0.563221
0.321927 0.338534 0.410586
0.494869 0.401527 0.319739
0.545253 0.433143 0.460791
0.367369 0.364512 0.353109
0.682082 0.289779 0.52561
0.603353 0.375007 0.648318
0.559998 0.343048 0.67652
0.687262 0.35583 0.433554
0.520578 0.433299 0.452189
0.299222 0.317561 0.50582
0.469901 0.417474 0.643005
0.31106 0.338165 0.552265
0.532634 0.430666 0.594752
0.31461 0.393486 0.496761
0.560883 0.321693 0.671707
0.422688 0.384562 0.317687
0.329567 0.344948 0.567129
0.639706 0.361588 0.610204
0.331707 0.41232 0.508284
0.547221 0.411542 0.343859
0.661886 0.322742 0.567452
0.515148 0.43283 0.504059
0.514667 0.433196 0.509674
0.688668 0.368017 0.502573
0.420631 0.405875 0.644732
0.5165 0.391818 0.667927
0.410049 0.349988 0.328557
0.61483 0.423348 0.387513
0.407925 0.380106 0.319156
0.681831 0.323295 0.423921
0.606356 0.398571 0.352084
0.296436 0.334835 0.529848
0.666207 0.323928 0.566735
0.636659 0.411084 0.388027
0.429299 0.446011 0.473576
0.542815 0.308589 0.676324
0.647429 0.351561 0.598451
0.290586 0.33241 0.486552
0.387526 0.343396 0.637805
0.333961 0.393502 0.564144
0.677064 0.310574 0.543775
0.396169 0.391502 0.332384
0.568806 0.353457 0.665688
0.469995 0.417161 0.339656
0.505498 0.428862 0.462737
0.480345 0.37095 0.302088
0.690437 0.349041 0.515219
0.355175 0.360532 0.60708
0.333819 0.412055 0.519338
0.673633 0.311427 0.546556
0.651856 0.41193 0.452591
0.395723 0.370421 0.654821
0.33593 0.411412 0.43158
0.354402 0.423763 0.544496
0.342992 0.414179 0.546027
0.447945 0.335033 0.687388
0.69159 0.3123 0.460607
0.383416 0.372481 0.33273
0.298113 0.327155 0.511504
0.51171 0.404329 0.32879
0.449264 0.297433 0.680961
0.697857 0.337616 0.482537
0.363125 0.384776 0.355295
0.567436 0.396313 0.645366
0.423017 0.446846 0.505358
0.657143 0.384686 0.560606
0.436489 0.444666 0.50905
0.692754 0.35284 0.495139
0.482007 0.433693 0.524497
0.508384 0.428887 0.487758
0.595608 0.421257 0.579343
0.515312 0.435167 0.400615
0.620201 0.424059 0.484298
0.560159 0.407819 0.63036
0.542243 0.428862 0.504948
0.315089 0.385802 0.459748
0.324479 0.37256 0.412247
0.696325 0.344121 0.4712
0.673969 0.332346 0.550181
0.481887 0.338923 0.695024
0.503042 0.424934 0.466314
0.620764 0.38435 0.355504
0.348253 0.422564 0.529073
0.539267 0.320601 0.674499
0.444197 0.344807 0.313968
0.580252 0.425299 0.563561
0.57597 0.415828 0.606983
0.30032 0.350397 0.504078
0.494864 0.435867 0.429526
0.600024 0.36905 0.642956
0.465641 0.287094 0.686009
0.317428 0.393065 0.474379
0.672613 0.319557 0.442586
0.455826 0.299115 0.68302
0.442608 0.38273 0.317149
0.497752 0.424021 0.358443
0.502821 0.426035 0.610546
0.302803 0.325573 0.49238
0.461284 0.422383 0.627568
0.667791 0.337485 0.402836
0.466526 0.431305 0.480387
0.352653 0.369149 0.597266
0.30441 0.337422 0.531794
0.564059 0.426623 0.555901
0.686977 0.311655 0.483497
0.6522 0.355575 0.57784
0.479423 0.407467 0.652194
0.372928 0.435722 0.526455
0.672539 0.390252 0.449289
0.512929 0.431635 0.556503
0.468165 0.407488 0.332511
0.404584 0.35813 0.645929
0.31368 0.356971 0.44641
0.456426 0.434567 0.594477
0.668483 0.329001 0.546798
0.665377 0.336593 0.552943
0.488928 0.421134 0.475413
0.393089 0.437504 0.553327
0.5501 0.42377 0.476308
0.567373 0.406484 0.351013
0.615759 0.358544 0.618266
0.503361 0.331531 0.690548
0.575661 0.374696 0.331595
0.673342 0.327317 0.435811
0.533048 0.359281 0.678899
0.359665 0.41324 0.576401
0.465247 0.353589 0.307643
0.615298 0.370424 0.351132
0.648365 0.350024 0.57059
0.309405 0.339684 0.50976
0.647033 0.378508 0.378331
0.417474 0.358727 0.661545
0.508079 0.324439 0.688852
0.456321 0.392377 0.32429
0.459791 0.324452 0.689343
0.662585 0.355994 0.557824
0.474195 0.324548 0.695945
0.688367 0.35032 0.453501
0.509845 0.345898 0.302822
0.481536 0.426148 0.502734
0.471803 0.432002 0.377025
0.522404 0.353791 0.302501
0.573995 0.356976 0.642369
0.364301 0.370423 0.609204
0.541895 0.327534 0.677416
0.375369 0.363955 0.622306
0.665423 0.358341 0.553244
0.326859 0.394336 0.513303
0.306802 0.346237 0.469425
0.58243 0.364294 0.339935
0.335173 0.36622 0.559315
0.506705 0.427298 0.591919
0.473356 0.421783 0.480877
0.559352 0.418101 0.370665
0.32379 0.383434 0.443018
0.569314 0.427924 0.455481
0.502961 0.359904 0.680206
0.457848 0.369302 0.316717
0.642397 0.40813 0.482257
0.601547 0.365898 0.624173
0.641337 0.410304 0.463668
0.513861 0.425503 0.535338
0.464743 0.404885 0.337583
0.50695 0.425454 0.59894
0.690624 0.329962 0.466395
0.564253 0.386916 0.335903
0.468102 0.417646 0.351732
0.680659 0.334697 0.513953
0.510282 0.36352 0.309526
0.55757 0.400905 0.632863
0.457741 0.355902 0.316207
0.677852 0.373913 0.451233
0.473488 0.43495 0.408189
0.568709 0.398565 0.632547
0.31353 0.372962 0.484352
0.358209 0.423487 0.453982
0.607211 0.369072 0.355472
0.44535 0.435498 0.446695
0.396285 0.435182 0.406839
0.662212 0.37054 0.398455
0.524413 0.425936 0.544824
0.56026 0.411317 0.358984
0.459585 0.436237 0.422629
0.387849 0.376862 0.634594
0.385773 0.433735 0.426795
0.316888 0.359873 0.501502
0.479088 0.415802 0.474903
0.505053 0.330156 0.677432
0.467735 0.420831 0.482093
0.463105 0.432857 0.402482
0.662913 0.393025 0.465069
0.673234 0.321883 0.519051
0.598883 0.416145 0.559988
0.550931 0.353614 0.657959
0.538008 0.425906 0.42698
0.55994 0.428889 0.431534
0.471037 0.419844 0.468513
0.56568 0.370314 0.333381
0.598053 0.4149 0.570448
0.408044 0.389893 0.644246
0.332688 0.389116 0.430989
0.645925 0.359668 0.561561
0.675495 0.338587 0.442979
0.65816 0.384597 0.533656
0.676433 0.330043 0.513429
0.639134 0.357903 0.564207
0.558157 0.400355 0.34849
0.465017 0.380601 0.323204
0.515317 0.353403 0.311005
0.400694 0.414465 0.364163
0.538076 0.422272 0.537182
0.623614 0.408205 0.545772
0.653843 0.357823 0.554119
0.407399 0.370293 0.636437
0.554912 0.426158 0.442501
0.440231 0.381828 0.660986
0.561967 0.429919 0.425253
0.46299 0.322527 0.678273
0.668865 0.31747 0.510349
0.378815 0.395485 0.615868
0.579483 0.383335 0.347553
0.581479 0.372905 0.630126
0.517428 0.420525 0.4421
0.522776 0.422597 0.586162
0.448921 0.425671 0.480473
0.499865 0.4233 0.437474
0.658151 0.357708 0.541804
0.648086 0.401409 0.461261
0.480554 0.422875 0.444305
0.671119 0.351555 0.518454
0.380731 0.386686 0.618609
0.31968 0.354733 0.477188
0.354178 0.409555 0.469676
0.471077 0.420442 0.518646
0.670819 0.375563 0.483099
0.44349 0.433203 0.420234
0.520735 0.41392 0.612726
0.557495 0.392212 0.636608
0.554713 0.419029 0.529819
0.503073 0.360488 0.671323
0.355326 0.403032 0.402534
0.596225 0.379512 0.364885
0.614341 0.413798 0.516382
0.678801 0.339854 0.460163
0.343642 0.399212 0.470631
0.556044 0.408623 0.361645
0.61825 0.369867 0.391491
0.485608 0.423277 0.552229
0.423981 0.364126 0.63989
0.507647 0.345178 0.672658
0.672907 0.343467 0.515539
0.485142 0.389456 0.659614
0.321452 0.368916 0.475518
0.457688 0.419323 0.364711
0.678124 0.357149 0.482318
0.352291 0.401319 0.477597
0.596286 0.40787 0.376108
0.440401 0.430707 0.425706
0.530471 0.415147 0.446253
0.341031 0.396997 0.524219
0.423545 0.42947 0.478277
0.619725 0.380149 0.583968
0.464345 0.420024 0.52112
0.636617 0.401072 0.499521
0.338355 0.377829 0.439603
0.568872 0.397283 0.621202
0.364333 0.418009 0.425284
0.624053 0.375891 0.384898
0.462199 0.337656 0.668551
0.610686 0.415068 0.461254
0.660524 0.3778 0.502303
0.614859 0.369679 0.571671
0.511605 0.422294 0.426221
0.476883 0.408053 0.478725
0.356609 0.41427 0.51746
0.401491 0.43211 0.493551
0.34653 0.396813 0.459102
0.378916 0.427683 0.536452
0.580071 0.414131 0.581089
0.59863 0.381293 0.61277
0.388423 0.407216 0.611421
0.502694 0.421212 0.567157
0.514093 0.408488 0.483709
0.398863 0.429104 0.477623
0.53097 0.392777 0.640809
0.420526 0.426433 0.387391
0.457952 0.368803 0.664291
0.451766 0.384676 0.336503
0.608045 0.37819 0.382142
0.673566 0.341169 0.485334
0.475011 0.354359 0.325021
0.36338 0.404245 0.465992
0.458264 0.34447 0.658219
0.351247 0.392986 0.542064
0.57948 0.424728 0.427798
0.367892 0.408525 0.463782
0.388842 0.422754 0.478244
0.388215 0.388919 0.588609
0.499222 0.358321 0.662148
0.537504 0.417975 0.427047
0.548581 0.391981 0.629191
0.667685 0.347738 0.491484
0.535801 0.392625 0.633434
0.442425 0.408777 0.362217
0.417299 0.375518 0.625612
0.476733 0.371784 0.661389
0.663813 0.352368 0.453906
0.345689 0.38849 0.46
0.364912 0.387022 0.558125
0.367451 0.405983 0.472909
0.583511 0.383407 0.616529
0.645965 0.360789 0.541946
0.439274 0.37808 0.648118
0.380929 0.405432 0.593335
0.622749 0.408033 0.399886
0.488812 0.41564 0.376946
0.573332 0.409312 0.374918
0.655045 0.339275 0.533384
0.611628 0.379685 0.580269
0.6688 0.350777 0.478188
0.587578 0.384752 0.369117
0.540867 0.388076 0.345104
0.522615 0.387671 0.341315
0.489839 0.353868 0.331838
0.464466 0.393701 0.345779
0.661199 0.34697 0.52802
0.437471 0.380118 0.646813
0.422204 0.372849 0.622493
0.464754 0.379777 0.344904
0.501154 0.354539 0.336187
0.607975 0.414412 0.443366
0.564139 0.417115 0.442485
0.374631 0.410669 0.485612
0.489122 0.403202 0.496156
0.648102 0.349675 0.534494
0.538925 0.405783 0.497912
0.445213 0.425681 0.577746
0.600211 0.407158 0.538762
0.553561 0.40205 0.368394
0.40401 0.410647 0.609606
0.435544 0.421153 0.49568
0.605906 0.40558 0.537384
0.661563 0.341217 0.476773
0.551317 0.36724 0.6307
0.662507 0.34108 0.469227
0.572371 0.380262 0.370233
0.475204 0.338378 0.66449
0.551569 0.405632 0.476153
0.461483 0.387404 0.348841
0.48436 0.40393 0.499629
0.624428 0.405655 0.452287
0.469589 0.407594 0.620517
0.599488 0.407934 0.505709
0.619398 0.407549 0.403353
0.501472 0.413622 0.433568
0.566737 0.420006 0.430976
0.45165 0.396862 0.636272
0.46913 0.402401 0.476818
0.654336 0.329915 0.477518
0.441669 0.422261 0.441578
0.39698 0.425493 0.568613
0.504748 0.339252 0.657256
0.58525 0.41138 0.476348
0.371704 0.409059 0.525447
0.470166 0.403898 0.508077
0.384378 0.415045 0.436418
0.626018 0.379765 0.414756
0.537488 0.36163 0.63662
0.378844 0.406721 0.489214
0.628416 0.393346 0.484665
0.452148 0.411719 0.608985
0.408708 0.42628 0.521228
0.486227 0.405186 0.375435
0.482964 0.40939 0.548516
0.536413 0.407992 0.532366
0.361518 0.384176 0.497667
0.529086 0.403729 0.509928
0.474081 0.346205 0.66004
0.374702 0.409898 0.53684
0.537659 0.403932 0.508339
0.351854 0.378679 0.457282
0.614537 0.369216 0.553589
0.551984 0.404268 0.497899
0.535074 0.400236 0.488914
0.492392 0.386055 0.638175
0.527425 0.403256 0.5078
0.602644 0.373184 0.5641
0.536754 0.391585 0.360566
0.643724 0.380933 0.484275
0.352187 0.378946 0.470684
0.402884 0.416702 0.460372
0.501108 0.396334 0.483359
0.634992 0.383687 0.527958
0.598427 0.403341 0.545726
0.571772 0.406289 0.473504
0.652298 0.325173 0.519071
0.418723 0.425351 0.516703
0.465374 0.385869 0.642403
0.50745 0.377711 0.347646
0.38422 0.408381 0.43805
0.465843 0.4052 0.533225
0.541978 0.403589 0.526924
0.624428 0.359141 0.433582
0.441981 0.387989 0.62762
0.37431 0.392367 0.497479
0.454265 0.386557 0.369729
0.599405 0.399043 0.508361
0.439523 0.411889 0.604125
0.399424 0.383066 0.412329
0.449241 0.398054 0.622552
0.524626 0.349358 0.643057
0.640088 0.359606 0.445092
0.54783 0.376539 0.366287
0.561027 0.403942 0.577883
0.396887 0.415592 0.570087
0.454669 0.408385 0.385732
0.615933 0.351201 0.54436
0.544977 0.396562 0.478465
0.395261 0.412825 0.496286
0.466975 0.405617 0.381161
0.497784 0.353197 0.356498
0.627224 0.38734 0.424307
0.602574 0.37811 0.409603
0.519935 0.407218 0.576597
0.581913 0.394258 0.585519
0.613088 0.380101 0.548379
0.570527 0.403582 0.568632
0.441586 0.413911 0.44537
0.445794 0.406495 0.494798
0.49662 0.327673 0.642814
0.379039 0.404952 0.533308
0.561673 0.384326 0.605619
0.381381 0.406298 0.436685
0.622654 0.380794 0.419179
0.370616 0.379351 0.522536
0.387963 0.401106 0.511966
0.644942 0.352112 0.466164
0.636438 0.348116 0.528154
0.418306 0.386834 0.397808
0.585443 0.39819 0.53282
0.378884 0.386985 0.499464
0.642136 0.352366 0.502374
0.489715 0.391246 0.378697
0.364102 0.375615 0.474906
0.3902 0.398139 0.560423
0.538658 0.399532 0.43149
0.390927 0.399041 0.422156
0.474318 0.394901 0.521488
0.469934 0.395928 0.519946
0.361329 0.361223 0.482411
0.422408 0.404112 0.481679
0.536367 0.357592 0.624056
0.503662 0.392224 0.611284
0.540624 0.384444 0.61015
0.46231 0.395151 0.618512
0.445106 0.41052 0.549206
0.534666 0.389908 0.460743
0.491975 0.401125 0.563093
0.359921 0.367114 0.471265
0.413192 0.404066 0.477704
0.476321 0.383106 0.631916
0.511824 0.386127 0.469643
0.520105 0.388474 0.613167
0.39216 0.399114 0.471996
0.408467 0.382664 0.593523
0.396104 0.412185 0.532763
0.637117 0.328692 0.527932
0.390098 0.403189 0.509544
0.549892 0.400688 0.545934
0.477997 0.375463 0.364414
0.489173 0.332275 0.643658
0.393836 0.395307 0.506991
0.419002 0.413133 0.562029
0.619992 0.377246 0.478783
0.546031 0.390343 0.495166
0.594481 0.389193 0.498999
0.37973 0.3746 0.501615
0.638554 0.324611 0.511934
0.503534 0.391304 0.444303
0.626568 0.33148 0.531361
0.485296 0.375248 0.375717
0.554695 0.390799 0.393508
0.626356 0.370015 0.483322
0.38434 0.381793 0.514561
0.442047 0.40177 0.520224
0.603205 0.39536 0.41636
0.59703 0.396985 0.453668
0.432036 0.408318 0.539723
0.600124 0.387184 0.496614
0.374034 0.37643 0.475674
0.400424 0.396407 0.49033
0.407778 0.410176 0.567382
0.405823 0.409004 0.53806
0.617394 0.359259 0.535098
0.50514 0.359724 0.3713
0.633196 0.307727 0.507154
0.549645 0.390508 0.494368
0.450337 0.364841 0.624636
0.560031 0.372063 0.393989
0.498155 0.372409 0.625984
0.553629 0.392056 0.502095
0.469136 0.394172 0.544013
0.406323 0.403128 0.582747
0.423501 0.405546 0.508855
0.614594 0.389305 0.436002
0.623431 0.368578 0.51871
0.57189 0.38236 0.577094
0.410182 0.397421 0.42299
0.430194 0.401629 0.591893
0.452136 0.399216 0.576636
0.556103 0.385649 0.496076
0.454379 0.386578 0.503798
0.382158 0.351917 0.501768
0.478947 0.386027 0.393239
0.607913 0.362417 0.434284
0.585249 0.347619 0.555601
0.424062 0.336143 0.5815
0.514365 0.380261 0.453198
0.599644 0.374625 0.537373
0.630095 0.327824 0.465272
0.487004 0.37648 0.387571
0.451821 0.344199 0.616456
0.601938 0.380567 0.474054
0.629944 0.346172 0.459704
0.551393 0.380696 0.396904
0.54436 0.351474 0.603198
0.554855 0.38432 0.489389
0.627291 0.355923 0.487979
0.440544 0.390293 0.605687
0.437976 0.387672 0.488064
0.513874 0.38978 0.402975
0.606292 0.365867 0.432147
0.531713 0.354336 0.614427
0.383321 0.371784 0.480866
0.466633 0.377473 0.492076
0.450686 0.398629 0.565347
0.395906 0.38745 0.468339
0.415107 0.381025 0.589581
0.497408 0.367961 0.383326
0.401643 0.380893 0.570626
0.539855 0.379413 0.594534
0.491757 0.328311 0.633034
0.466487 0.379339 0.497851
0.416882 0.396179 0.579288
0.449763 0.388803 0.454613
0.562991 0.342969 0.574734
0.629167 0.346078 0.471597
0.465505 0.383406 0.401023
0.386215 0.339594 0.501866
0.55718 0.385217 0.409408
0.458416 0.394642 0.417212
0.510511 0.349872 0.387895
0.402865 0.377255 0.487153
0.436008 0.392214 0.453895
0.592432 0.389063 0.443425
0.557034 0.346329 0.582667
0.551617 0.377448 0.40468
0.598403 0.385923 0.444417
0.623627 0.310794 0.522249
0.5533 0.378718 0.572587
0.554037 0.358512 0.403755
0.598735 0.365129 0.534998
0.585291 0.336764 0.430767
0.606607 0.367648 0.490716
0.476281 0.377433 0.536782
0.480599 0.366293 0.49533
0.549151 0.383289 0.552655
0.419047 0.388535 0.501309
0.558868 0.381648 0.556779
0.460818 0.381105 0.523523
0.392449 0.366691 0.501376
0.411313 0.37081 0.57487
0.546014 0.387914 0.417632
0.497186 0.386278 0.423664
0.44468 0.389834 0.407374
0.568591 0.390913 0.415926
0.579817 0.380576 0.523458
0.454598 0.380715 0.606905
0.429024 0.387386 0.410401
0.406494 0.369259 0.489518
0.448868 0.372656 0.477511
0.473135 0.371332 0.461422
0.628864 0.319948 0.477706
0.572233 0.365013 0.418546
0.621383 0.303636 0.506896
0.418287 0.388931 0.549232
0.531607 0.315031 0.605074
0.524235 0.375629 0.424482
0.576487 0.376744 0.460718
0.394292 0.353823 0.496094
0.604774 0.354779 0.505328
0.565447 0.375367 0.522946
0.616364 0.335622 0.516248
0.441477 0.363638 0.399566
0.607332 0.318049 0.532245
0.493002 0.361867 0.496889
0.569787 0.371223 0.503629
0.52623 0.356886 0.465474
0.494379 0.352929 0.39652
0.501194 0.37609 0.412879
0.490264 0.371201 0.597983
0.545366 0.370328 0.408441
0.534671 0.351661 0.596576
0.432715 0.365132 0.405513
0.584766 0.383096 0.443413
0.449609 0.346734 0.39343
0.518782 0.336226 0.613172
0.596994 0.364641 0.523632
0.446479 0.316622 0.600144
0.424262 0.380794 0.503585
0.537833 0.362076 0.463196
0.525727 0.357318 0.477038
0.540742 0.365909 0.459356
0.587546 0.374664 0.429399
0.529268 0.380108 0.537419
0.409975 0.360434 0.487747
0.615879 0.313998 0.50752
0.460212 0.370708 0.549653
0.448336 0.364725 0.406787
0.473759 0.355671 0.505565
0.616298 0.301893 0.506414
0.428444 0.380276 0.439958
0.573479 0.362983 0.505225
0.427364 0.341402 0.57785
0.620149 0.311339 0.494638
0.4312 0.356959 0.58433
0.432908 0.380631 0.44274
0.410137 0.366148 0.541619
0.582656 0.370951 0.435533
0.431531 0.338931 0.582952
0.446325 0.376924 0.560898
0.540548 0.363861 0.572183
0.478515 0.351152 0.496945
0.569102 0.365215 0.51263
0.576933 0.339127 0.552297
0.490965 0.367432 0.566335
0.535794 0.340616 0.592787
0.486907 0.366456 0.545158
0.604748 0.304705 0.529142
0.411344 0.344253 0.441828
0.484199 0.337134 0.400407
0.406992 0.343458 0.548512
0.457565 0.33743 0.395571
0.500758 0.307502 0.614741
0.488869 0.358902 0.461814
0.457919 0.362004 0.50218
0.427247 0.368843 0.494082
0.537124 0.349715 0.475055
0.441882 0.376067 0.535569
0.434707 0.34502 0.587169
0.606754 0.338165 0.514367
0.447193 0.319268 0.406098
0.608252 0.312115 0.51574
0.537324 0.313501 0.591737
0.456471 0.357044 0.413867
0.615393 0.307347 0.488702
0.607917 0.317154 0.507609
0.521577 0.359692 0.56156
0.436446 0.356983 0.488929
0.423774 0.347524 0.429089
0.511378 0.341951 0.467636
0.581142 0.319991 0.437657
0.444155 0.363871 0.523727
0.395008 0.30642 0.484884
0.605407 0.275958 0.517286
0.489779 0.357475 0.581437
0.45494 0.36277 0.584655
0.483854 0.34183 0.497231
0.474242 0.312557 0.395667
0.488511 0.359139 0.440292
0.493951 0.312702 0.610093
0.423722 0.358114 0.488427
0.551403 0.355 0.417602
0.580923 0.357451 0.464524
0.575461 0.310531 0.551215
0.605725 0.294442 0.522891
0.492245 0.341828 0.493292
0.598151 0.337946 0.458786
0.579028 0.350365 0.483849
0.467186 0.355542 0.594283
0.577929 0.342293 0.435035
0.402991 0.315745 0.535107
0.519273 0.363448 0.539086
0.490612 0.358399 0.557775
0.413498 0.355603 0.464436
0.543611 0.363205 0.431586
0.466697 0.364702 0.43241
0.417641 0.350951 0.526565
0.595522 0.319675 0.525059
0.442946 0.354579 0.465451
0.464301 0.347938 0.42135
0.491588 0.331146 0.475991
0.59283 0.331354 0.507851
0.40477 0.3213 0.473089
0.535218 0.34987 0.4356
0.409332 0.330817 0.468842
0.42349 0.354759 0.46152
0.575914 0.349273 0.461227
0.469288 0.308856 0.604013
0.57826 0.327378 0.441015
0.426428 0.356348 0.449216
0.577744 0.345249 0.510034
0.463646 0.324422 0.597397
0.427757 0.339796 0.430279
0.454973 0.349308 0.520411
0.436 0.351849 0.571848
0.421846 0.266998 0.56914
0.572545 0.325248 0.433968
0.585008 0.346182 0.462319
0.440167 0.296828 0.583938
0.573997 0.300595 0.430354
0.600189 0.314704 0.467253
0.493276 0.326532 0.597269
0.544415 0.354417 0.53085
0.46678 0.343718 0.590634
0.414991 0.341753 0.534782
0.477999 0.320801 0.603158
0.528159 0.308787 0.400839
0.422699 0.28228 0.565886
0.469815 0.274447 0.606835
0.573475 0.283909 0.554238
0.45611 0.3446 0.503547
0.575998 0.34968 0.528973
0.42676 0.342656 0.45606
0.579522 0.322122 0.536677
0.541475 0.339408 0.513365
0.472739 0.335728 0.42736
0.398722 0.287191 0.468447
0.572725 0.335938 0.509532
0.495848 0.317252 0.592208
0.441174 0.311994 0.416179
0.408554 0.310777 0.494786
0.550443 0.34008 0.430509
0.524199 0.326039 0.489343
0.465678 0.337121 0.463838
0.555616 0.338273 0.552158
0.462648 0.34118 0.558248
0.421643 0.332589 0.496841
0.46799 0.263941 0.603127
0.551669 0.343887 0.533999
0.455036 0.338776 0.424876
0.594746 0.315467 0.484467
0.500832 0.262113 0.604164
0.520871 0.339334 0.557674
0.59448 0.31345 0.490569
0.4872 0.334678 0.526796
0.585881 0.304111 0.454833
0.559447 0.330029 0.555885
0.493623 0.331016 0.45788
0.507051 0.333363 0.424526
0.579995 0.333356 0.458178
0.596327 0.299616 0.502094
0.576846 0.33835 0.520747
0.485632 0.329681 0.464226
0.483749 0.33658 0.434557
0.418853 0.331748 0.467296
0.589472 0.32014 0.505329
0.578584 0.330952 0.534033
0.460738 0.337123 0.467259
0.430372 0.329834 0.452414
0.499589 0.244596 0.601633
0.515945 0.265893 0.600083
0.517915 0.308358 0.587359
0.501742 0.326282 0.552813
0.56455 0.326772 0.511226
0.495398 0.30627 0.479097
0.426377 0.327411 0.52662
0.499458 0.31973 0.425227
0.593147 0.281592 0.470447
0.519742 0.301129 0.590622
0.526383 0.29401 0.591043
0.439963 0.319584 0.568714
0.450587 0.332854 0.45674
0.409794 0.299286 0.47135
0.502249 0.279274 0.598087
0.418414 0.295851 0.429802
0.550548 0.255083 0.583737
0.403406 0.283241 0.519545
0.582036 0.275364 0.538797
0.504574 0.314308 0.46453
0.421701 0.321905 0.518013
0.436963 0.330078 0.439757
0.453304 0.301716 0.412225
0.531478 0.295222 0.5876
0.433764 0.322168 0.432441
0.487753 0.277375 0.600521
0.483384 0.308361 0.476151
0.509015 0.325622 0.56457
0.444121 0.256281 0.587837
0.502539 0.318082 0.456643
0.596834 0.257774 0.462528
0.42962 0.329071 0.463542
0.48908 0.317103 0.584221
0.420028 0.318947 0.51537
0.50152 0.319257 0.454171
0.423665 0.305412 0.506231
0.418577 0.293285 0.534632
0.583506 0.259144 0.431442
0.539186 0.318735 0.551768
0.400834 0.259373 0.501441
0.560113 0.315665 0.512491
0.450644 0.295545 0.577806
0.561643 0.307762 0.442693
0.473425 0.315518 0.550338
0.58579 0.23093 0.417451
0.396052 0.261784 0.474816
0.441103 0.316166 0.434574
0.510423 0.308253 0.430351
0.578501 0.293915 0.53057
0.479161 0.260282 0.599484
0.527192 0.311897 0.511228
0.49138 0.288791 0.588594
0.483495 0.250538 0.601281
0.430076 0.295259 0.423771
0.43152 0.299741 0.425491
0.500338 0.304618 0.580669
0.461176 0.254484 0.594503
0.543799 0.318826 0.527179
0.456355 0.307895 0.473803
0.477622 0.31308 0.527135
0.520163 0.282497 0.406305
0.407496 0.278192 0.498779
0.460241 0.299631 0.483091
0.48986 0.296929 0.585339
0.587276 0.279989 0.485646
0.46133 0.27024 0.590487
0.574725 0.303528 0.464177
0.496376 0.266812 0.595929
0.595031 0.254863 0.462703
0.506944 0.303637 0.500844
0.590157 0.26042 0.507135
0.424312 0.288204 0.493642
0.522968 0.296257 0.505846
0.548118 0.299677 0.499703
0.57574 0.288284 0.526296
0.408889 0.274857 0.464219
0.542453 0.30375 0.519204
0.46976 0.250261 0.594172
0.593728 0.241989 0.496209
0.430327 0.293368 0.49328
0.531006 0.302684 0.526168
0.448252 0.270119 0.408052
0.52899 0.303586 0.541727
0.587362 0.260655 0.457322
0.532686 0.305262 0.556859
0.399338 0.255408 0.48004
0.543994 0.298797 0.465965
0.50385 0.291274 0.462668
0.583715 0.268577 0.491319
0.55961 0.283596 0.428294
0.560384 0.295043 0.479946
0.454624 0.269143 0.405495
0.474516 0.291343 0.508233
0.516472 0.29165 0.578966
0.475576 0.302025 0.563001
0.572886 0.251073 0.556516
0.442494 0.294707 0.486736
0.505516 0.296061 0.513545
0.531911 0.300224 0.569001
0.433092 0.295063 0.552003
0.422896 0.29036 0.523681
0.519043 0.281894 0.584018
0.420027 0.283469 0.5038
0.524092 0.285057 0.58207
0.471776 0.280462 0.47336
0.507855 0.300118 0.554316
0.572111 0.290427 0.490901
0.435574 0.2715 0.418934
0.525283 0.287718 0.525144
0.449987 0.282368 0.567616
0.580238 0.25469 0.529249
0.511633 0.285528 0.446402
0.532958 0.289341 0.525903
0.543085 0.284576 0.496159
0.477519 0.260517 0.472114
0.433944 0.287356 0.524735
0.456199 0.284098 0.506863
0.400791 0.253281 0.450539
0.529816 0.260287 0.410243
0.552935 0.244917 0.578039
0.573104 0.27454 0.468281
0.474933 0.279962 0.455546
0.544745 0.281586 0.4814
0.460489 0.251419 0.586543
0.559255 0.249576 0.412421
0.508179 0.286905 0.54032
0.463244 0.265921 0.487459
0.584564 0.24438 0.527474
0.484158 0.288471 0.545852
0.594492 0.234072 0.494337
0.475211 0.250665 0.588293
0.579658 0.262694 0.488943
0.45724 0.284278 0.567888
0.476028 0.247832 0.394708
0.453875 0.290439 0.452745
0.584147 0.24984 0.517656
0.508426 0.271769 0.48964
0.473552 0.28304 0.425921
0.501597 0.283908 0.567189
0.495426 0.280961 0.427633
0.459991 0.227835 0.595774
0.436958 0.24993 0.407136
0.467654 0.247552 0.397061
0.435478 0.234589 0.404423
0.427336 0.262284 0.485026
0.60008 0.220924 0.461482
0.41182 0.24143 0.52125
0.519894 0.214287 0.59302
0.522289 0.273901 0.532522
0.569868 0.264486 0.504183
0.507854 0.27324 0.538991
0.607752 0.211953 0.479518
0.587617 0.235159 0.43735
0.450583 0.250669 0.578881
0.440103 0.2765 0.521832
0.447065 0.214774 0.59559
0.523428 0.267579 0.469168
0.409151 0.237495 0.530589
0.56469 0.266628 0.437034
0.466576 0.253294 0.472429
0.469902 0.266882 0.509451
0.462097 0.277014 0.537506
0.596101 0.210793 0.532778
0.51762 0.236225 0.584884
0.50025 0.268677 0.455407
0.57245 0.263332 0.521083
0.47876 0.246396 0.471497
0.491822 0.273262 0.547873
0.556646 0.274239 0.442235
0.559088 0.25598 0.421595
0.530036 0.275436 0.536502
0.521064 0.272864 0.518775
0.56243 0.274465 0.525924
0.545727 0.259283 0.418686
0.549318 0.252489 0.414777
0.528249 0.259353 0.418951
0.520414 0.238793 0.406411
0.42691 0.274393 0.452437
0.450386 0.250834 0.578748
0.435415 0.217027 0.587915
0.534297 0.263019 0.449098
0.548002 0.262689 0.536852
0.438294 0.259694 0.512864
0.534916 0.261617 0.544237
0.511976 0.259367 0.534765
0.591204 0.216477 0.514665
0.527531 0.22121 0.402439
0.560274 0.256919 0.432921
0.518223 0.25916 0.55795
0.477467 0.2545 0.514735
0.533476 0.262773 0.438285
0.503575 0.222473 0.402286
0.486699 0.231821 0.475759
0.53369 0.261475 0.43433
0.582884 0.212292 0.570222
0.489307 0.256852 0.555632
0.562071 0.234668 0.414612
0.408099 0.224962 0.530242
0.528928 0.223673 0.403673
0.468608 0.250605 0.417987
0.527199 0.253773 0.567275
0.541716 0.25414 0.564247
0.496212 0.256809 0.557889
0.399837 0.185935 0.601684
0.473896 0.249749 0.507895
0.461707 0.254964 0.421682
0.413285 0.238639 0.426346
0.456474 0.25496 0.504995
0.407878 0.206869 0.57864
0.44089 0.223686 0.402128
0.402482 0.233077 0.46418
0.567844 0.229433 0.414344
0.406009 0.229969 0.427294
0.423703 0.247014 0.490595
0.419967 0.241845 0.548435
0.425856 0.23623 0.508099
0.535377 0.244727 0.462882
0.446077 0.218602 0.403469
0.448278 0.248823 0.517504
0.448644 0.25126 0.530183
0.502014 0.244016 0.535253
0.47476 0.245961 0.428067
0.426442 0.229637 0.566851
0.566063 0.242033 0.466304
0.445944 0.251159 0.529118
0.445817 0.252014 0.552347
0.548029 0.244935 0.504944
0.488362 0.241949 0.550383
0.516461 0.214692 0.581387
0.40876 0.205775 0.400265
0.596635 0.184176 0.60442
0.414139 0.228927 0.476691
0.559935 0.244817 0.515093
0.543037 0.247527 0.458435
0.443636 0.227608 0.410593
0.410705 0.218688 0.556072
0.540945 0.205672 0.396726
0.410054 0.221172 0.494207
0.491942 0.209406 0.585801
0.59988 0.200001 0.506863
0.477552 0.200494 0.596129
0.425547 0.235397 0.514137
0.519516 0.240991 0.50227
0.402775 0.220774 0.475328
0.49872 0.243569 0.539577
0.584486 0.225684 0.459989
0.493953 0.241027 0.514222
0.532638 0.243137 0.46574
0.576906 0.224098 0.546058
0.541784 0.247591 0.547313
0.507971 0.236125 0.465092
0.426444 0.231273 0.431176
0.53444 0.226715 0.476178
0.532313 0.22885 0.466999
0.457901 0.234107 0.521472
0.559615 0.230561 0.513658
0.491571 0.22874 0.535972
0.560919 0.231248 0.538302
0.511967 0.229941 0.532051
0.568083 0.225886 0.496831
0.573086 0.221933 0.505226
0.397487 0.181331 0.603554
0.551597 0.211727 0.580624
0.46516 0.217278 0.491077
0.553664 0.229341 0.483569
0.482485 0.210851 0.576942
0.599372 0.191968 0.41057
0.560138 0.20479 0.401936
0.547605 0.233998 0.431532
0.484183 0.205735 0.581942
0.548909 0.220297 0.416826
0.556834 0.22967 0.492432
0.552525 0.236066 0.434642
0.48114 0.226051 0.421723
0.488693 0.208542 0.402571
0.585767 0.209336 0.427703
0.475084 0.212506 0.468421
0.607046 0.184716 0.401875
0.428761 0.201329 0.590028
0.577681 0.223014 0.451667
0.601559 0.195675 0.495192
0.520506 0.228669 0.508835
0.572218 0.216599 0.561059
0.504468 0.229773 0.522321
0.55228 0.229214 0.481801
0.464296 0.207711 0.399744
0.403021 0.194985 0.58178
0.427297 0.218776 0.556158
0.537377 0.215543 0.490636
0.425493 0.214726 0.532472
0.466302 0.217802 0.524545
0.46197 0.212757 0.505005
0.481393 0.214112 0.538238
0.441746 0.223546 0.452467
0.388579 0.186876 0.492772
0.567867 0.215902 0.534816
0.488039 0.202178 0.487077
0.582019 0.205597 0.429177
0.571288 0.217952 0.450954
0.445921 0.223698 0.430174
0.59724 0.17804 0.608718
0.554194 0.220848 0.537426
0.604776 0.188633 0.42973
0.494096 0.214853 0.529268
0.536214 0.21916 0.542546
0.413541 0.204207 0.492729
0.454903 0.214037 0.418734
0.499296 0.21524 0.426892
0.564852 0.218034 0.469135
0.543211 0.218534 0.56045
0.487069 0.219627 0.433134
0.572083 0.212602 0.539061
0.481757 0.213512 0.552762
0.57037 0.213491 0.497943
0.535271 0.216962 0.463815
0.531168 0.207254 0.416828
0.479584 0.212447 0.453147
0.465374 0.212103 0.571385
0.454915 0.205303 0.40665
0.469558 0.194193 0.590399
0.526559 0.20052 0.407566
0.593046 0.198094 0.463983
0.502692 0.206147 0.484908
0.41781 0.197927 0.472934
0.54086 0.204612 0.507175
0.522585 0.17253 0.612934
0.474218 0.20227 0.527784
0.584391 0.194148 0.490546
0.470848 0.204599 0.544513
0.531899 0.1994 0.571795
0.490333 0.199988 0.454901
0.570473 0.192661 0.582822
0.400415 0.190793 0.46425
0.542202 0.205022 0.466922
0.581962 0.195185 0.520827
0.421725 0.190195 0.586389
0.402021 0.189095 0.496345
0.415281 0.194749 0.508695
0.610826 0.179184 0.448502
0.420931 0.202258 0.454482
0.530208 0.204406 0.449363
0.568061 0.19255 0.404362
0.572388 0.201645 0.425343
0.440742 0.201739 0.577446
0.576823 0.198839 0.503156
0.396843 0.187691 0.486992
0.480474 0.195423 0.463264
0.564445 0.208732 0.455592
0.483822 0.204561 0.425338
0.534697 0.176157 0.610616
0.442118 0.212621 0.551968
0.485759 0.172706 0.613325
0.583829 0.188135 0.4066
0.389072 0.183037 0.409658
0.539674 0.205448 0.459472
0.428584 0.207988 0.432357
0.496899 0.202249 0.545267
0.498679 0.201824 0.520249
0.381148 0.171479 0.379335
0.41793 0.189757 0.457544
0.435906 0.192511 0.469101
0.470772 0.1827 0.479918
0.503513 0.189775 0.513969
0.599219 0.181069 0.435195
0.458128 0.1964 0.552598
0.563144 0.184817 0.590334
0.519131 0.192296 0.531879
0.532878 0.193878 0.525728
0.556414 0.174748 0.611988
0.594757 0.173082 0.38284
0.468613 0.19443 0.425815
0.497417 0.173081 0.606079
0.589861 0.182923 0.50405
0.56705 0.176944 0.382615
0.393652 0.172675 0.379111
0.445291 0.198416 0.546845
0.416717 0.191832 0.56677
0.511723 0.181971 0.400892
0.497233 0.184553 0.487262
0.602357 0.174445 0.390911
0.618857 0.17042 0.400261
0.611968 0.171378 0.52762
0.496585 0.190765 0.561582
0.466736 0.188277 0.509844
0.619269 0.16656 0.504321
0.410971 0.178232 0.38547
0.531465 0.192381 0.427564
0.408708 0.175828 0.599712
0.405445 0.185126 0.45554
0.48374 0.179614 0.388576
0.610871 0.172059 0.519301
0.46599 0.190871 0.416249
0.591523 0.181285 0.569722
0.498301 0.185379 0.577145
0.595817 0.175818 0.590727
0.412513 0.169745 0.607453
0.433507 0.180585 0.486715
0.583703 0.179509 0.557817
0.515117 0.182122 0.519872
0.489341 0.179662 0.416426
0.442976 0.188298 0.56031
0.428385 0.180361 0.487822
0.38382 0.170316 0.492006
0.532796 0.180422 0.575053
0.466156 0.175898 0.588662
0.555067 0.185313 0.433497
0.475944 0.176709 0.505729
0.47537 0.179933 0.531775
0.380065 0.168379 0.387981
0.410338 0.17547 0.587602
0.39412 0.173591 0.401677
0.608324 0.170089 0.46304
0.397562 0.175333 0.461104
0.440154 0.185892 0.539969
0.382472 0.16973 0.494924
0.530418 0.183215 0.555357
0.37858 0.169458 0.441492
0.448398 0.18385 0.446938
0.494077 0.168822 0.606181
0.451031 0.181405 0.411332
0.369344 0.160945 0.614951
0.619817 0.163694 0.495979
0.421223 0.180092 0.522
0.60069 0.171991 0.568149
0.513364 0.175554 0.404512
0.414581 0.179973 0.454578
0.468406 0.17778 0.582674
0.420793 0.178649 0.481737
0.562203 0.184393 0.486362
0.39835 0.174957 0.407139
0.469293 0.175219 0.481907
0.411633 0.169897 0.508557
0.431039 0.172369 0.505937
0.451018 0.168985 0.385666
0.52763 0.173408 0.526777
0.366764 0.160712 0.390716
0.426178 0.17685 0.568231
0.537268 0.160864 0.369642
0.497183 0.171133 0.447128
0.540013 0.16079 0.368777
0.623963 0.159847 0.568934
0.512156 0.167732 0.477754
0.485252 0.16532 0.602617
0.447948 0.171173 0.464711
0.420709 0.171819 0.52355
0.49675 0.172534 0.548376
0.393055 0.169107 0.422201
0.527794 0.158606 0.627103
0.376146 0.161548 0.607998
0.614932 0.16533 0.439825
0.517592 0.170797 0.503045
0.463332 0.168125 0.479405
0.38379 0.165612 0.485447
0.529038 0.162816 0.614618
0.489525 0.166649 0.387091
0.434246 0.176754 0.553149
0.373508 0.162761 0.458482
0.582931 0.163523 0.620251
0.555796 0.162031 0.368448
0.550241 0.174887 0.533147
0.369417 0.159681 0.608799
0.592088 0.168782 0.521359
0.572347 0.169724 0.393412
0.37029 0.163354 0.555042
0.532194 0.168134 0.397907
0.543507 0.171298 0.476001
0.597484 0.158694 0.632283
0.407213 0.162327 0.492133
0.57325 0.165282 0.455853
0.388364 0.16093 0.499219
0.567239 0.165807 0.510677
0.374791 0.159481 0.594164
0.406664 0.164364 0.577474
0.568928 0.162108 0.38063
0.531109 0.165213 0.538325
0.492566 0.164933 0.565866
0.538037 0.163195 0.465532
0.564115 0.162677 0.388354
0.621503 0.156685 0.489139
0.538786 0.162576 0.475831
0.634643 0.154522 0.534809
0.405969 0.163539 0.409937
0.413446 0.158725 0.621496
0.555416 0.164061 0.472937
0.508306 0.160964 0.476878
0.552014 0.165474 0.439697
0.432589 0.164353 0.587451
0.379408 0.160617 0.533832
0.415035 0.158206 0.36511
0.504379 0.161173 0.393873
0.50933 0.162554 0.498295
0.586124 0.156653 0.632381
0.520984 0.164863 0.55301
0.439239 0.157892 0.364258
0.396877 0.161438 0.484346
0.467768 0.163131 0.519581
0.430985 0.165128 0.401437
0.438608 0.163863 0.50621
0.374722 0.15917 0.460917
0.415983 0.164618 0.54288
0.36873 0.158279 0.410939
0.54906 0.165855 0.534727
0.567778 0.163082 0.599161
0.402366 0.155879 0.487546
0.473962 0.155684 0.510373
0.365222 0.153694 0.604222
0.367042 0.15422 0.435463
0.517388 0.156767 0.436977
0.397412 0.156507 0.583151
0.579132 0.157325 0.522205
0.543194 0.157308 0.424925
0.62343 0.153061 0.481505
0.588447 0.156261 0.508007
0.579401 0.156876 0.501828
0.448075 0.156147 0.387578
0.639832 0.151474 0.478708
0.627564 0.154506 0.395596
0.374632 0.153735 0.36558
0.488722 0.154765 0.607665
0.639502 0.152461 0.574339
0.403051 0.156739 0.442321
0.608238 0.15467 0.508115
0.547873 0.157731 0.543105
0.639258 0.153436 0.40696
0.493544 0.155699 0.400311
0.427085 0.157468 0.543293
0.586596 0.156281 0.459185
0.558483 0.154724 0.369524
0.421451 0.156857 0.512177
0.399513 0.156956 0.576377
0.562811 0.157556 0.515488
0.370513 0.154851 0.590309
0.514701 0.155442 0.483056
0.46443 0.155757 0.501725
0.530696 0.15563 0.479226
0.423715 0.157326 0.541884
0.534808 0.155947 0.484233
0.624954 0.152929 0.482441
0.636983 0.152682 0.598673
0.397224 0.15 0.36973
0.47187 0.15 0.535299
0.499181 0.15 0.403835
0.374482 0.15 0.438223
0.381321 0.15 0.414968
0.377558 0.15 0.592027
0.413411 0.15 0.390312
0.380241 0.15 0.367194
0.630279 0.15 0.536691
0.478205 0.15 0.478205
0.533908 0.15 0.561676
0.457889 0.15 0.488368
0.616582 0.15 0.39196
0.378776 0.15 0.550378
0.476594 0.15 0.613469
0.49073 0.15 0.642007
0.548749 0.15 0.46742
0.383033 0.15 0.606273
0.521319 0.15 0.386988
0.412239 0.15 0.555478
0.561466 0.15 0.608589
0.505599 0.15 0.448486
0.520824 0.15 0.442425
0.586863 0.15 0.500655
0.543374 0.15 0.536636
0.421569 0.15 0.63569
0.647208 0.15 0.419289
0.428399 0.15 0.638885
0.60229 0.15 0.552741
0.353671 0.15 0.421212
0.375938 0.15 0.584584
0.35586 0.15 0.553345
0.367954 0.15 0.629803
0.496828 0.15 0.379316
0.50732 0.15 0.568223
0.486848 0.15 0.469004
