2736 0.012625
0.382649 0.387434 0.386726
0.457834 0.303794 0.338579
0.476064 0.225058 0.34421
0.491159 0.223477 0.353678
0.502584 0.251769 0.353858
0.52742 0.324669 0.346154
0.345934 0.320583 0.453604
0.389197 0.299215 0.385678
0.432669 0.270359 0.306754
0.500452 0.240185 0.284255
0.559453 0.281346 0.330729
0.59161 0.322002 0.399114
0.332119 0.281937 0.473418
0.310592 0.25909 0.431221
0.375303 0.464446 0.365548
0.508928 0.47772 0.348713
0.657884 0.441072 0.384214
0.674656 0.237541 0.441273
0.342164 0.250904 0.483575
0.294531 0.250018 0.507171
0.377557 0.493429 0.50477
0.519153 0.49771 0.502877
0.676056 0.447317 0.512343
0.692936 0.207186 0.502621
0.34814 0.279356 0.500187
0.351769 0.271731 0.556794
0.381805 0.396241 0.672302
0.501521 0.429743 0.689358
0.636808 0.391285 0.641886
0.660424 0.221028 0.54437
0.361478 0.352365 0.552067
0.41315 0.331891 0.58199
0.449638 0.248877 0.651393
0.497118 0.219919 0.688092
0.549235 0.236948 0.672944
0.593209 0.29582 0.581843
0.401614 0.34211 0.402964
0.365733 0.35358 0.55008
0.30363 0.221277 0.504874
0.658562 0.45988 0.498631
0.422287 0.303673 0.693373
0.510606 0.2275 0.358989
0.377027 0.324394 0.534095
0.374422 0.371747 0.56466
0.65931 0.26235 0.488151
0.477641 0.184131 0.356732
0.591674 0.34919 0.590363
0.605833 0.271312 0.588227
0.510865 0.262087 0.720981
0.508776 0.495523 0.565374
0.693049 0.430432 0.45149
0.661156 0.27301 0.479436
0.351913 0.229933 0.50911
0.417044 0.376629 0.367382
0.519229 0.215288 0.666241
0.407994 0.338918 0.567967
0.394075 0.277488 0.587198
0.364135 0.377025 0.665599
0.35497 0.254947 0.510395
0.547364 0.39616 0.70314
0.411554 0.357463 0.616892
0.634839 0.237362 0.526231
0.56662 0.479549 0.589871
0.442706 0.243595 0.661907
0.616568 0.283057 0.552018
0.439269 0.501263 0.50275
0.485973 0.208343 0.653248
0.634075 0.252225 0.538312
0.635084 0.473111 0.466876
0.624343 0.300978 0.540734
0.507764 0.217171 0.677995
0.350181 0.292934 0.453606
0.378009 0.308297 0.535671
0.327806 0.233822 0.44381
0.620633 0.27109 0.602353
0.662445 0.241311 0.436281
0.425241 0.483464 0.374974
0.510771 0.222127 0.358797
0.473344 0.2206 0.688808
0.479745 0.22637 0.648096
0.62054 0.471145 0.553709
0.537552 0.496482 0.501524
0.516407 0.264539 0.643856
0.614933 0.293203 0.358717
0.466072 0.499766 0.450516
0.701622 0.230714 0.536614
0.33616 0.37102 0.63695
0.34852 0.279845 0.555452
0.63817 0.247369 0.441857
0.423152 0.351735 0.617194
0.640472 0.28128 0.608874
0.454755 0.496022 0.406025
0.40573 0.324495 0.567755
0.519014 0.498704 0.452388
0.369397 0.266224 0.586677
0.638531 0.292688 0.372562
0.423629 0.47021 0.348784
0.350049 0.253296 0.494479
0.626504 0.259381 0.581032
0.394201 0.371945 0.572258
0.513152 0.267544 0.652244
0.660961 0.214699 0.472461
0.621515 0.293525 0.417421
0.533523 0.24945 0.71299
0.423662 0.271935 0.658564
0.354372 0.247727 0.507969
0.430855 0.282267 0.691951
0.598198 0.296033 0.576964
0.329246 0.182202 0.464957
0.320318 0.186475 0.462486
0.454229 0.256596 0.341285
0.665353 0.207672 0.453627
0.651092 0.21093 0.457278
0.510183 0.201367 0.350509
0.679446 0.214952 0.456031
0.63143 0.256675 0.554842
0.572395 0.299825 0.693734
0.300322 0.209589 0.457472
0.50796 0.21925 0.295954
0.697473 0.25734 0.54819
0.437822 0.251592 0.311219
0.597106 0.323092 0.422487
0.643344 0.467584 0.51011
0.38457 0.269441 0.578934
0.519442 0.222959 0.692599
0.314786 0.1893 0.49202
0.46226 0.461728 0.322286
0.663365 0.243042 0.48297
0.672425 0.193431 0.494177
0.551421 0.472907 0.616862
0.527303 0.494255 0.407611
0.723911 0.313997 0.447187
0.461767 0.272202 0.638404
0.390521 0.382893 0.391028
0.589547 0.311177 0.307056
0.596284 0.389026 0.306089
0.483655 0.217299 0.684448
0.449373 0.243962 0.293129
0.554159 0.494138 0.5049
0.589698 0.359373 0.404442
0.453815 0.297213 0.346734
0.659949 0.203396 0.461394
0.579591 0.360336 0.39968
0.366347 0.48342 0.415254
0.407191 0.353238 0.62235
0.315241 0.181016 0.483378
0.697561 0.418604 0.436231
0.657211 0.220693 0.467967
0.483025 0.307407 0.258585
0.50697 0.191071 0.337363
0.454462 0.301924 0.633004
0.316491 0.436366 0.570161
0.511561 0.226863 0.645467
0.664719 0.286035 0.38922
0.402162 0.473423 0.364842
0.530466 0.283469 0.632739
0.42557 0.305908 0.607981
0.337613 0.229778 0.520621
0.660004 0.274515 0.476275
0.417163 0.323553 0.593954
0.265296 0.363042 0.502238
0.408714 0.376427 0.383252
0.415261 0.352009 0.601235
0.511189 0.499407 0.459926
0.543549 0.269387 0.298639
0.533679 0.249631 0.712592
0.532624 0.319969 0.361105
0.721202 0.358486 0.541512
0.265253 0.368337 0.495388
0.345083 0.23536 0.47818
0.490019 0.393578 0.713224
0.355847 0.260533 0.56348
0.340743 0.294269 0.605405
0.537971 0.297799 0.63181
0.396189 0.284259 0.611804
0.432539 0.405161 0.288492
0.658573 0.270988 0.474154
0.52885 0.303578 0.651355
0.550813 0.446842 0.319362
0.531786 0.287081 0.633452
0.324172 0.231326 0.523331
0.315491 0.210177 0.505444
0.361181 0.25588 0.562953
0.661277 0.262426 0.476111
0.349928 0.316638 0.450528
0.499388 0.187798 0.327772
0.730569 0.313364 0.487992
0.714678 0.292087 0.443161
0.525131 0.234468 0.320105
0.437959 0.279115 0.290973
0.293852 0.276072 0.521503
0.655873 0.252652 0.431338
0.316402 0.245037 0.527417
0.403169 0.291223 0.349985
0.432328 0.284732 0.295328
0.43399 0.344062 0.624903
0.606662 0.320212 0.429603
0.350964 0.232583 0.494409
0.699565 0.215987 0.503511
0.346322 0.227321 0.481464
0.448341 0.262258 0.643279
0.509 0.254631 0.653744
0.358714 0.269061 0.568676
0.639607 0.347821 0.644367
0.455819 0.264868 0.342648
0.375949 0.358656 0.552882
0.436764 0.256748 0.309497
0.523935 0.250841 0.336295
0.352309 0.211051 0.491481
0.395435 0.28649 0.65076
0.586455 0.351922 0.407915
0.700884 0.216939 0.516239
0.68008 0.21721 0.540277
0.627182 0.430816 0.624554
0.325126 0.266878 0.540963
0.298704 0.437392 0.505558
0.357402 0.27395 0.423104
0.32921 0.233297 0.525496
0.504501 0.20876 0.355073
0.340702 0.243707 0.473445
0.508377 0.20141 0.316629
0.488199 0.18778 0.317504
0.454135 0.304953 0.343115
0.364819 0.291693 0.377987
0.601142 0.411061 0.315391
0.604768 0.343703 0.422245
0.350985 0.289847 0.513896
0.653876 0.203595 0.527305
0.344534 0.249048 0.464945
0.429277 0.361795 0.70974
0.510947 0.243433 0.354768
0.459964 0.259625 0.341103
0.561722 0.283836 0.698092
0.624135 0.299096 0.446052
0.497607 0.190872 0.320732
0.565674 0.49217 0.508891
0.350866 0.204272 0.490931
0.549789 0.275665 0.329655
0.509811 0.487092 0.370858
0.550351 0.23842 0.669755
0.334791 0.260161 0.545697
0.345359 0.232037 0.454861
0.325871 0.279406 0.549948
0.267465 0.320909 0.506132
0.698645 0.222306 0.468211
0.708536 0.260195 0.531056
0.670283 0.421681 0.378851
0.396002 0.279214 0.59397
0.518849 0.22125 0.650591
0.503051 0.416823 0.284292
0.536112 0.242444 0.645335
0.522034 0.269702 0.353708
0.402986 0.352457 0.566546
0.444145 0.29605 0.348073
0.344075 0.323392 0.370081
0.374589 0.293514 0.363997
0.541619 0.34377 0.71903
0.485992 0.188997 0.314917
0.494011 0.19575 0.352441
0.536558 0.39264 0.272647
0.271349 0.352977 0.450934
0.317566 0.200488 0.500149
0.669054 0.334215 0.607271
0.530905 0.290631 0.356565
0.571306 0.329132 0.591956
0.640124 0.343344 0.641389
0.372026 0.377954 0.310223
0.43022 0.471225 0.348075
0.482942 0.47664 0.342322
0.3964 0.367268 0.402903
0.512178 0.233909 0.644846
0.535764 0.313259 0.363952
0.6546 0.229442 0.502517
0.555915 0.288164 0.61355
0.633629 0.473003 0.424209
0.690341 0.212607 0.471992
0.481518 0.204058 0.350689
0.394834 0.307182 0.385495
0.461507 0.23388 0.694703
0.649464 0.223647 0.502259
0.606113 0.473199 0.565273
0.310182 0.447026 0.447517
0.339967 0.235244 0.520086
0.618059 0.288099 0.542612
0.41429 0.328603 0.296214
0.523934 0.230248 0.301808
0.536278 0.280141 0.719063
0.560716 0.386342 0.701447
0.309719 0.189154 0.485975
0.39226 0.302734 0.375234
0.70365 0.372172 0.565988
0.37268 0.302377 0.342739
0.339474 0.247135 0.531692
0.472531 0.194082 0.308557
0.643633 0.208094 0.504306
0.609238 0.341439 0.425023
0.308902 0.392904 0.587977
0.728203 0.357907 0.45623
0.508237 0.221651 0.683445
0.697493 0.218216 0.476986
0.663036 0.229721 0.552175
0.62602 0.290704 0.419624
0.535156 0.261119 0.328289
0.447856 0.498305 0.440594
0.418008 0.348694 0.621119
0.648202 0.22532 0.508029
0.37089 0.490802 0.519944
0.468156 0.188533 0.329091
0.64269 0.322992 0.349185
0.57337 0.323663 0.401083
0.581865 0.358123 0.400622
0.691434 0.207597 0.519242
0.393169 0.484648 0.588898
0.303832 0.278794 0.531275
0.352378 0.332729 0.348535
0.498371 0.246808 0.654935
0.44681 0.498804 0.447444
0.606265 0.304688 0.377239
0.534588 0.267842 0.632534
0.463201 0.197117 0.3363
0.295154 0.268017 0.511779
0.464169 0.239626 0.706283
0.450051 0.305832 0.346529
0.342331 0.233748 0.453438
0.395834 0.315386 0.399312
0.322854 0.396031 0.610421
0.438334 0.250914 0.654994
0.485833 0.193174 0.349583
0.331433 0.250519 0.434785
0.470282 0.200615 0.30536
0.32976 0.44004 0.593248
0.44244 0.251368 0.302573
0.639672 0.241167 0.53237
0.584505 0.282434 0.601387
0.405335 0.285412 0.606344
0.570723 0.253551 0.633221
0.711229 0.35891 0.416096
0.351545 0.283857 0.401773
0.297449 0.409247 0.409131
0.55452 0.371651 0.710884
0.658806 0.237414 0.498984
0.327336 0.202968 0.503687
0.477412 0.49142 0.378601
0.642735 0.423293 0.615855
0.629829 0.404129 0.332717
0.392168 0.349476 0.556272
0.43253 0.343728 0.364316
0.362595 0.337528 0.436768
0.507592 0.248777 0.655573
0.267717 0.384606 0.473427
0.518748 0.497383 0.447469
0.45834 0.23643 0.336207
0.307247 0.284135 0.54695
0.45742 0.229466 0.324544
0.351567 0.292517 0.380738
0.379933 0.334044 0.421122
0.603478 0.296437 0.573681
0.512498 0.476173 0.625326
0.604566 0.329667 0.560999
0.571262 0.308897 0.596897
0.424102 0.354467 0.372258
0.702657 0.226039 0.480053
0.335281 0.254408 0.428826
0.50621 0.241171 0.655942
0.451295 0.300912 0.34299
0.448466 0.239537 0.304077
0.431285 0.435378 0.674301
0.502864 0.497564 0.50091
0.730426 0.336616 0.491336
0.513465 0.498616 0.479326
0.470621 0.499433 0.489503
0.269559 0.33965 0.457716
0.346195 0.192164 0.473548
0.650714 0.232166 0.45819
0.620301 0.290065 0.543912
0.675996 0.448389 0.480383
0.403207 0.354139 0.607999
0.50613 0.196741 0.332246
0.292857 0.280603 0.434548
0.466669 0.265397 0.644526
0.418057 0.50079 0.493721
0.279854 0.283018 0.44766
0.343656 0.265927 0.459302
0.320319 0.219873 0.50969
0.355364 0.291027 0.386272
0.609007 0.27508 0.586169
0.661912 0.236049 0.492041
0.642259 0.467495 0.5076
0.687243 0.206382 0.508769
0.522505 0.46309 0.33035
0.550249 0.279038 0.291809
0.361159 0.482154 0.42007
0.366015 0.322798 0.534783
0.645336 0.227284 0.53117
0.624737 0.311846 0.441197
0.610337 0.273197 0.606819
0.342178 0.256125 0.537023
0.701508 0.223984 0.510777
0.572733 0.481014 0.571857
0.510233 0.257245 0.658257
0.517905 0.269371 0.653548
0.422155 0.286392 0.314124
0.61685 0.313152 0.402798
0.659795 0.215435 0.460104
0.677373 0.328169 0.591824
0.313112 0.205762 0.456957
0.334371 0.330374 0.613041
0.394345 0.288314 0.642599
0.608367 0.33061 0.426214
0.389902 0.325497 0.551899
0.347781 0.386919 0.6464
0.684335 0.430497 0.54302
0.699824 0.263277 0.543393
0.529763 0.481679 0.610057
0.55662 0.306592 0.613149
0.54728 0.302887 0.626095
0.362272 0.292721 0.427932
0.297692 0.394756 0.569354
0.461936 0.245072 0.655649
0.3517 0.273982 0.525393
0.395055 0.327086 0.557853
0.619464 0.309997 0.409189
0.533877 0.275157 0.634838
0.423644 0.322808 0.609666
0.618827 0.479195 0.434676
0.612944 0.329593 0.429594
0.371649 0.491041 0.462722
0.686273 0.329842 0.581055
0.553968 0.325134 0.381463
0.695868 0.290451 0.431582
0.569066 0.492742 0.452072
0.294244 0.353594 0.406754
0.331681 0.25677 0.430925
0.692448 0.227567 0.536796
0.383368 0.367903 0.576657
0.516104 0.271771 0.661423
0.427572 0.300912 0.617174
0.390409 0.288592 0.338202
0.378012 0.288892 0.621574
0.45552 0.235613 0.2957
0.571116 0.259948 0.6393
0.656847 0.338078 0.352712
0.398099 0.363091 0.576659
0.441229 0.254573 0.30587
0.611821 0.284055 0.577301
0.298091 0.372859 0.394344
0.637229 0.469318 0.515539
0.666652 0.394351 0.602026
0.470986 0.311623 0.259558
0.488768 0.264203 0.277229
0.580034 0.484957 0.543979
0.482432 0.204034 0.341961
0.58434 0.270076 0.615247
0.387812 0.296518 0.654135
0.672815 0.444831 0.537515
0.382442 0.352955 0.556943
0.34075 0.191135 0.471645
0.674975 0.213471 0.533185
0.627378 0.475567 0.446194
0.70034 0.350357 0.396927
0.455877 0.357619 0.264399
0.485817 0.212351 0.661504
0.348717 0.283225 0.516994
0.408037 0.347591 0.592033
0.70076 0.402494 0.423352
0.500701 0.233851 0.345957
0.363277 0.274441 0.570835
0.536193 0.242665 0.65066
0.407653 0.346965 0.604199
0.564742 0.335863 0.391188
0.550055 0.27899 0.320642
0.614081 0.28109 0.579477
0.273773 0.378929 0.524132
0.386349 0.288748 0.344573
0.558579 0.28385 0.699326
0.60872 0.291928 0.350482
0.475676 0.250232 0.653207
0.653088 0.246236 0.560897
0.596621 0.273025 0.611115
0.282946 0.37911 0.554497
0.716681 0.278322 0.50363
0.546767 0.477704 0.365862
0.369746 0.291599 0.623367
0.556685 0.294525 0.615397
0.393209 0.29056 0.647199
0.509502 0.219224 0.309118
0.710542 0.395312 0.440047
0.684734 0.4277 0.545784
0.544387 0.254296 0.643458
0.51247 0.49517 0.518221
0.696316 0.221986 0.525482
0.272887 0.316455 0.454134
0.402593 0.298063 0.671604
0.659408 0.219013 0.497437
0.667145 0.19579 0.512993
0.493887 0.49652 0.416626
0.278819 0.287 0.449103
0.639749 0.266917 0.534675
0.482656 0.188955 0.339552
0.546993 0.284341 0.625839
0.430656 0.405379 0.690915
0.55662 0.251279 0.657265
0.341116 0.221 0.497862
0.551435 0.490343 0.534942
0.310262 0.243139 0.511567
0.606778 0.330388 0.410536
0.291367 0.226351 0.483898
0.61548 0.290111 0.565147
0.708054 0.251059 0.487845
0.37073 0.299041 0.368349
0.336678 0.203764 0.464102
0.448499 0.2899 0.337793
0.445678 0.265806 0.292869
0.480084 0.494014 0.582493
0.503192 0.217936 0.342191
0.440293 0.292613 0.63359
0.591574 0.318852 0.309867
0.552868 0.249082 0.653194
0.603936 0.467932 0.581704
0.543909 0.32704 0.363739
0.668706 0.246231 0.484637
0.512994 0.468733 0.636418
0.483418 0.239602 0.651416
0.285821 0.346672 0.563565
0.500423 0.494265 0.563875
0.518126 0.417879 0.695794
0.352986 0.291023 0.394274
0.277974 0.326232 0.546048
0.298362 0.387849 0.398699
0.597635 0.331209 0.574541
0.513934 0.256934 0.34287
0.360409 0.329995 0.544181
0.334429 0.256462 0.464178
0.475807 0.496025 0.559827
0.316069 0.266947 0.431472
0.381107 0.296555 0.337011
0.434447 0.322777 0.626236
0.556794 0.49195 0.501868
0.522668 0.231124 0.69795
0.378448 0.338776 0.418057
0.399073 0.349658 0.576809
0.483648 0.225879 0.682441
0.478424 0.495372 0.56279
0.346159 0.303523 0.525513
0.359914 0.390939 0.325293
0.368728 0.300631 0.369622
0.573742 0.273025 0.641128
0.691734 0.219203 0.515109
0.35909 0.282521 0.577369
0.510292 0.468902 0.337254
0.665553 0.228804 0.49549
0.565237 0.294779 0.356018
0.312091 0.247537 0.513336
0.424167 0.491168 0.403099
0.638578 0.268897 0.437617
0.652672 0.227341 0.520818
0.445515 0.306247 0.274528
0.333094 0.23244 0.510751
0.494062 0.496448 0.427775
0.45233 0.242901 0.67478
0.484848 0.206705 0.304983
0.51698 0.233211 0.318502
0.631555 0.313345 0.636072
0.420588 0.282995 0.643132
0.547696 0.331532 0.366228
0.500263 0.2304 0.691358
0.411649 0.477157 0.619224
0.609742 0.283651 0.585853
0.675703 0.229982 0.457188
0.452774 0.273655 0.331116
0.542645 0.290201 0.636331
0.356732 0.283089 0.411426
0.566825 0.470039 0.608586
0.398915 0.352789 0.596178
0.365956 0.336922 0.550591
0.479898 0.497328 0.445305
0.296505 0.231487 0.491138
0.488671 0.233099 0.655801
0.589889 0.313627 0.591062
0.365289 0.313899 0.54006
0.626321 0.305591 0.39817
0.361917 0.296467 0.394919
0.291939 0.255839 0.451117
0.364258 0.479307 0.407176
0.410762 0.316901 0.605499
0.353656 0.287207 0.408943
0.664265 0.270298 0.570903
0.708722 0.263308 0.49948
0.333597 0.249822 0.461453
0.500517 0.227544 0.678665
0.451717 0.252448 0.32038
0.643396 0.264486 0.537949
0.388059 0.344264 0.561427
0.343991 0.312793 0.44743
0.416147 0.326774 0.622479
0.592101 0.31323 0.58874
0.380554 0.277509 0.576623
0.612393 0.384833 0.316805
0.32337 0.189332 0.47208
0.455231 0.289304 0.645966
0.691637 0.232427 0.535415
0.520696 0.430949 0.295931
0.424854 0.294521 0.344813
0.445534 0.346408 0.270871
0.602468 0.325609 0.315711
0.567883 0.276332 0.671631
0.535149 0.387881 0.270902
0.529388 0.496434 0.469389
0.478513 0.218701 0.663229
0.659718 0.213369 0.506823
0.519625 0.237524 0.308475
0.568162 0.312073 0.611476
0.292308 0.234213 0.485247
0.363855 0.291664 0.417682
0.647685 0.290766 0.414364
0.408674 0.498756 0.498096
0.404802 0.464077 0.635967
0.356594 0.292736 0.403673
0.407643 0.318656 0.603259
0.464869 0.260981 0.652563
0.624271 0.462787 0.566733
0.331008 0.46001 0.411997
0.57304 0.325809 0.377264
0.387544 0.307188 0.373505
0.40476 0.413048 0.30264
0.50127 0.495489 0.441256
0.415179 0.314874 0.614478
0.336821 0.333963 0.616869
0.425004 0.32378 0.293362
0.507672 0.22464 0.325638
0.401596 0.366058 0.287417
0.38368 0.363767 0.680655
0.315402 0.244507 0.446522
0.675986 0.237189 0.477198
0.536652 0.261073 0.646341
0.514617 0.238275 0.707032
0.679479 0.360982 0.597975
0.394757 0.310791 0.36986
0.388684 0.346439 0.566657
0.325714 0.211726 0.467151
0.424952 0.498409 0.459858
0.612758 0.337411 0.417756
0.59838 0.359519 0.301575
0.309242 0.232336 0.501418
0.485939 0.226424 0.675994
0.516069 0.243927 0.710877
0.578751 0.284555 0.614966
0.408941 0.328674 0.609783
0.385511 0.312597 0.388517
0.316344 0.291314 0.558909
0.506219 0.494812 0.497135
0.525216 0.475253 0.352102
0.414527 0.422105 0.302572
0.35324 0.290691 0.409123
0.502008 0.230987 0.67626
0.508817 0.248831 0.32852
0.347246 0.353117 0.642276
0.444563 0.271016 0.697737
0.499556 0.222013 0.314801
0.317188 0.245915 0.510348
0.425153 0.300054 0.62539
0.717334 0.281579 0.464865
0.611894 0.308037 0.374774
0.488109 0.256134 0.659792
0.368564 0.286263 0.58784
0.522108 0.248069 0.660494
0.488748 0.221952 0.301824
0.570334 0.410903 0.301379
0.31732 0.208345 0.465116
0.372973 0.304294 0.384119
0.577512 0.315097 0.609089
0.729946 0.345353 0.465941
0.59236 0.359829 0.393175
0.456155 0.262398 0.318998
0.466016 0.238485 0.312532
0.728992 0.317192 0.464575
0.317199 0.286682 0.538174
0.497505 0.248418 0.663792
0.320206 0.232265 0.504511
0.706046 0.266089 0.527114
0.345279 0.29389 0.39654
0.588048 0.434026 0.649053
0.593479 0.321733 0.677613
0.664254 0.210349 0.51181
0.377592 0.294408 0.559079
0.422266 0.294022 0.319893
0.366735 0.290668 0.552159
0.583689 0.29254 0.325792
0.459814 0.243294 0.6746
0.350698 0.288949 0.413842
0.579117 0.296658 0.613659
0.386199 0.332374 0.403504
0.620151 0.288489 0.582527
0.504122 0.385211 0.268612
0.434434 0.310695 0.635472
0.595761 0.331123 0.597666
0.324496 0.287578 0.542533
0.298832 0.207988 0.473629
0.468061 0.496042 0.45041
0.57764 0.440491 0.325818
0.316311 0.228646 0.458452
0.580047 0.278647 0.629202
0.513175 0.237005 0.684455
0.620651 0.287138 0.59443
0.673683 0.265759 0.481399
0.449377 0.252949 0.659453
0.398562 0.330019 0.615241
0.572 0.310858 0.619072
0.285127 0.413173 0.458965
0.458044 0.244634 0.669268
0.533157 0.344376 0.261736
0.509057 0.494142 0.496837
0.63978 0.270512 0.563381
0.384281 0.339222 0.568581
0.483686 0.236977 0.692485
0.519691 0.489904 0.582907
0.700674 0.241543 0.517818
0.661808 0.454085 0.523297
0.520507 0.481225 0.609074
0.657101 0.319794 0.363481
0.296456 0.258983 0.450812
0.376856 0.319838 0.33406
0.504898 0.237991 0.310564
0.610433 0.297741 0.351467
0.622416 0.289402 0.58892
0.340521 0.286302 0.438868
0.391835 0.494867 0.488668
0.49471 0.23967 0.691834
0.569562 0.346064 0.372261
0.376173 0.31125 0.385303
0.350857 0.287809 0.426219
0.312891 0.232587 0.460225
0.314708 0.235768 0.459498
0.418328 0.301512 0.626127
0.682221 0.340492 0.378771
0.5885 0.486773 0.4355
0.529651 0.254481 0.662117
0.730455 0.353978 0.471824
0.331832 0.466839 0.507457
0.466698 0.244087 0.700666
0.539803 0.282691 0.329137
0.458386 0.254618 0.29217
0.450471 0.477357 0.624875
0.616817 0.326956 0.395372
0.431083 0.306251 0.335775
0.431889 0.477336 0.363515
0.441709 0.466347 0.642425
0.380579 0.336597 0.579438
0.66798 0.425339 0.572248
0.513416 0.479126 0.61437
0.371418 0.310307 0.370259
0.614799 0.293855 0.58831
0.558872 0.271504 0.676789
0.530835 0.330479 0.262513
0.39616 0.332403 0.597339
0.3678 0.295757 0.618128
0.401706 0.322459 0.620695
0.340639 0.373345 0.34124
0.304693 0.235529 0.463214
0.628093 0.305131 0.369127
0.473125 0.308419 0.727382
0.329589 0.284092 0.450683
0.535632 0.289392 0.331535
0.656679 0.251015 0.546001
0.635464 0.306302 0.424293
0.532929 0.286866 0.328798
0.686413 0.249171 0.472623
0.344113 0.290528 0.538632
0.579699 0.349901 0.376868
0.448486 0.496906 0.488004
0.384288 0.319283 0.381956
0.601077 0.482477 0.488622
0.456817 0.493207 0.56841
0.526549 0.258241 0.671768
0.615789 0.342565 0.399767
0.617978 0.300888 0.582231
0.463014 0.316252 0.723819
0.449419 0.443365 0.31089
0.696715 0.399601 0.41409
0.658815 0.27875 0.438648
0.296945 0.292545 0.53418
0.428253 0.37608 0.702985
0.387862 0.304113 0.329724
0.541767 0.470682 0.353779
0.515239 0.493143 0.486566
0.677504 0.251348 0.489226
0.69309 0.250246 0.480517
0.438421 0.291697 0.296721
0.499537 0.279249 0.277665
0.46211 0.257129 0.705808
0.612692 0.361758 0.312689
0.703521 0.400988 0.432939
0.299637 0.29562 0.538624
0.309263 0.425446 0.396311
0.500804 0.45816 0.652581
0.640955 0.299833 0.38562
0.660941 0.253861 0.539688
0.65084 0.278282 0.44672
0.286856 0.326521 0.553874
0.462988 0.49483 0.518513
0.684664 0.255109 0.476357
0.462458 0.247604 0.670056
0.702241 0.393515 0.546867
0.403349 0.32764 0.366821
0.655477 0.305206 0.604803
0.494936 0.25504 0.306331
0.491431 0.241835 0.671667
0.615063 0.470699 0.546721
0.340648 0.28791 0.427751
0.612432 0.475279 0.530393
0.607657 0.432856 0.634225
0.49363 0.245206 0.689056
0.267349 0.313914 0.475089
0.493065 0.493738 0.470699
0.388936 0.334067 0.604143
0.696885 0.256439 0.48004
0.360562 0.305165 0.413759
0.459107 0.303464 0.271628
0.311064 0.292907 0.526514
0.35179 0.302813 0.55421
0.350824 0.467662 0.397212
0.455615 0.402364 0.284031
0.557855 0.43821 0.660217
0.709577 0.391244 0.437541
0.413054 0.493806 0.439611
0.35752 0.48323 0.493146
0.34273 0.474429 0.503567
0.394552 0.302571 0.618052
0.279117 0.298462 0.514465
0.626715 0.310587 0.356481
0.399218 0.323176 0.316013
0.631571 0.328596 0.40472
0.289842 0.260372 0.480061
0.654096 0.289853 0.436704
0.343777 0.44334 0.605754
0.500214 0.251627 0.704725
0.618533 0.324011 0.333811
0.306348 0.279943 0.503834
0.65027 0.292401 0.436584
0.590463 0.468255 0.584832
0.370066 0.298529 0.598196
0.454719 0.266436 0.300556
0.275084 0.304446 0.458448
0.702409 0.392193 0.422206
0.317542 0.32306 0.57399
0.400734 0.319401 0.360558
0.451394 0.446395 0.667245
0.352257 0.322905 0.380745
0.685852 0.271389 0.549651
0.503955 0.266866 0.306236
0.630511 0.324668 0.403925
0.621818 0.299699 0.590469
0.593043 0.484479 0.461482
0.679784 0.253288 0.499651
0.54484 0.477391 0.601994
0.505744 0.331245 0.263463
0.658977 0.274116 0.453009
0.606505 0.479893 0.483633
0.318989 0.297162 0.521189
0.31741 0.296386 0.519901
0.517133 0.489903 0.411412
0.643353 0.46092 0.534141
0.352331 0.380682 0.649109
0.36975 0.304662 0.572676
0.377727 0.312658 0.593076
0.436701 0.276913 0.678436
0.553968 0.416358 0.299121
0.396624 0.342459 0.37299
0.532661 0.444658 0.316445
0.659549 0.291909 0.435574
0.63887 0.317384 0.408267
0.280359 0.394766 0.454065
0.541086 0.439269 0.666005
0.329443 0.297588 0.428593
0.343465 0.363984 0.640011
0.372203 0.315103 0.581733
0.560675 0.325417 0.282202
0.678505 0.255397 0.510187
0.479314 0.263867 0.290309
0.574051 0.297493 0.632719
0.567128 0.48708 0.466377
0.527065 0.282725 0.310855
0.492426 0.304688 0.267272
0.405172 0.495813 0.493755
0.64344 0.308538 0.368739
0.62111 0.474366 0.452143
0.537126 0.478204 0.604435
0.353784 0.31922 0.420805
0.407477 0.321531 0.314017
0.523045 0.49027 0.463198
0.344962 0.326524 0.380444
0.432377 0.369337 0.278052
0.689114 0.281544 0.455175
0.474607 0.250426 0.692612
0.634605 0.463503 0.403148
0.687336 0.276433 0.54938
0.578533 0.312823 0.354583
0.419149 0.30489 0.641332
0.648285 0.432252 0.592415
0.502239 0.291681 0.27416
0.26893 0.334335 0.482993
0.460671 0.256505 0.669684
0.289198 0.300083 0.513701
0.398906 0.324998 0.359351
0.341248 0.304155 0.411101
0.689883 0.299544 0.428836
0.445943 0.447018 0.664435
0.583734 0.411313 0.31132
0.514647 0.265773 0.705486
0.595458 0.350187 0.306843
0.384881 0.32367 0.604004
0.348601 0.311498 0.39483
0.505784 0.274343 0.710365
0.3895 0.326526 0.368749
0.593618 0.301331 0.64874
0.596133 0.310454 0.355248
0.431513 0.306767 0.306488
0.60307 0.472527 0.54823
0.331005 0.327484 0.58465
0.704054 0.280268 0.505023
0.513581 0.278807 0.711595
0.680091 0.432594 0.536118
0.684334 0.29272 0.437716
0.316094 0.289167 0.447265
0.313569 0.360471 0.59682
0.504755 0.279009 0.712789
0.324272 0.305306 0.543535
0.689887 0.255735 0.525451
0.579363 0.39384 0.302729
0.675022 0.284732 0.563922
0.481313 0.49017 0.535607
0.411757 0.300433 0.660039
0.605589 0.473526 0.398505
0.296497 0.304754 0.547896
0.440961 0.26655 0.661039
0.672653 0.250949 0.532048
0.372666 0.335545 0.380276
0.483172 0.48954 0.457743
0.575756 0.322898 0.685727
0.432281 0.294306 0.684938
0.362943 0.316316 0.59383
0.700319 0.306362 0.428763
0.653647 0.390913 0.614534
0.314686 0.296497 0.446665
0.41396 0.320925 0.330262
0.717226 0.314213 0.532607
0.599414 0.307411 0.652001
0.295115 0.304388 0.529026
0.4881 0.488831 0.511499
0.475167 0.302295 0.27173
0.457624 0.336865 0.272336
0.305203 0.285395 0.451147
0.297878 0.341304 0.564713
0.662601 0.450611 0.500841
0.399928 0.494347 0.518662
0.388051 0.332629 0.369866
0.494024 0.26977 0.70703
0.677577 0.285142 0.454476
0.307222 0.286886 0.452279
0.374463 0.31356 0.621412
0.485594 0.284882 0.281982
0.560404 0.396186 0.691027
0.396508 0.316379 0.661477
0.599185 0.448394 0.61736
0.477976 0.491406 0.433312
0.48709 0.488615 0.532427
0.598305 0.305566 0.644217
0.614485 0.32606 0.592578
0.458258 0.490442 0.566736
0.271236 0.376995 0.488885
0.360055 0.313235 0.597944
0.710563 0.330196 0.430476
0.331522 0.333318 0.584441
0.487485 0.487814 0.492941
0.372863 0.335013 0.370264
0.453868 0.271202 0.694526
0.566655 0.370249 0.69927
0.711713 0.356693 0.429188
0.315165 0.359567 0.379129
0.481546 0.329766 0.266634
0.352617 0.350319 0.346771
0.48627 0.487907 0.488519
0.529219 0.288053 0.289138
0.383341 0.336299 0.615901
0.408512 0.439572 0.322337
0.579138 0.471626 0.574889
0.557886 0.290582 0.659063
0.283747 0.286522 0.472301
0.705767 0.341622 0.421686
0.539472 0.292724 0.297588
0.64956 0.315152 0.398894
0.563206 0.316777 0.289234
0.319768 0.450731 0.529696
0.685218 0.275239 0.503705
0.464427 0.266151 0.671388
0.403297 0.326379 0.339462
0.483478 0.488103 0.577039
0.562191 0.345713 0.283939
0.298437 0.325067 0.4303
0.391328 0.315083 0.345115
0.336103 0.361885 0.351702
0.697194 0.289853 0.460511
0.512792 0.369393 0.266063
0.443384 0.395802 0.286935
0.388432 0.316709 0.641799
0.346715 0.329358 0.412628
0.581945 0.324273 0.311163
0.418992 0.311628 0.67879
0.302052 0.353311 0.570403
0.675357 0.297228 0.457285
0.690347 0.277004 0.51613
0.506631 0.320592 0.719704
0.627354 0.466728 0.502991
0.666005 0.446212 0.434776
0.381183 0.477812 0.400816
0.551112 0.483192 0.47464
0.369281 0.347972 0.605488
0.367799 0.346348 0.38135
0.668087 0.351842 0.599486
0.562306 0.480799 0.519366
0.591681 0.474897 0.396089
0.474107 0.487816 0.579302
0.481112 0.486654 0.463959
0.355483 0.337224 0.376232
0.674464 0.285835 0.558136
0.287728 0.40204 0.526237
0.61923 0.371075 0.323939
0.438291 0.490308 0.448068
0.656402 0.31059 0.584241
0.375533 0.358086 0.375152
0.375294 0.340453 0.325914
0.354724 0.478685 0.459412
0.629071 0.327117 0.58934
0.305062 0.438003 0.494087
0.541723 0.48327 0.433382
0.569554 0.480857 0.506928
0.669184 0.319585 0.383215
0.278984 0.356421 0.533835
0.637639 0.319057 0.377253
0.590051 0.480856 0.479617
0.457177 0.285191 0.705577
0.458936 0.416946 0.294334
0.634735 0.466722 0.431471
0.325813 0.359796 0.610473
0.305768 0.356226 0.402793
0.690858 0.300221 0.477052
0.461669 0.27647 0.701619
0.525552 0.325618 0.71701
0.34233 0.470982 0.463279
0.598817 0.479104 0.426753
0.575121 0.309669 0.673741
0.308942 0.315036 0.438631
0.342163 0.330217 0.403553
0.551867 0.306275 0.302491
0.533828 0.283951 0.693324
0.535564 0.296433 0.702613
0.50961 0.305684 0.285584
0.524076 0.38923 0.276955
0.693087 0.406862 0.422496
0.307826 0.363052 0.391451
0.549806 0.477949 0.3955
0.3635 0.345796 0.372603
0.472138 0.425235 0.688212
0.711063 0.300806 0.483239
0.576178 0.482017 0.473827
0.3206 0.342943 0.389164
0.530132 0.342082 0.716049
0.353313 0.475647 0.531334
0.693787 0.290444 0.49716
0.397551 0.323523 0.657957
0.469708 0.296563 0.716293
0.381892 0.32974 0.62862
0.547839 0.303921 0.294173
0.539483 0.481868 0.439298
0.575649 0.482133 0.439007
0.319729 0.325042 0.568458
0.372285 0.338603 0.339852
0.421123 0.328652 0.685082
0.4332 0.491371 0.545137
0.577871 0.473684 0.389021
0.368614 0.337869 0.624828
0.690555 0.299309 0.495405
0.682633 0.356422 0.383871
0.542209 0.32945 0.709092
0.701627 0.413432 0.466507
0.567952 0.481044 0.421651
0.288696 0.41026 0.464459
0.490311 0.340102 0.269975
0.298703 0.315085 0.446735
0.44431 0.290912 0.689184
0.485771 0.366718 0.269921
0.574139 0.444388 0.336764
0.505212 0.455002 0.649109
0.620287 0.429567 0.621114
0.362565 0.351113 0.362222
0.293872 0.399893 0.434867
0.436628 0.28886 0.668314
0.304323 0.328854 0.560166
0.290363 0.36978 0.427632
0.485116 0.482891 0.481445
0.439223 0.367145 0.28093
0.297524 0.421817 0.453215
0.708023 0.302976 0.491542
0.347284 0.42798 0.622061
0.622863 0.333745 0.352321
0.33058 0.448621 0.399422
0.353394 0.458529 0.384808
0.587046 0.480674 0.424263
0.48907 0.282382 0.70326
0.325833 0.330145 0.41359
0.462593 0.486568 0.571555
0.487986 0.277658 0.687733
0.282664 0.302956 0.473831
0.286007 0.40474 0.491039
0.615807 0.320935 0.617389
0.361211 0.342609 0.626767
0.279577 0.389479 0.488247
0.689277 0.298739 0.512252
0.432017 0.490142 0.493084
0.557735 0.328277 0.696851
0.417978 0.483079 0.405933
0.545996 0.479119 0.427668
0.514712 0.300703 0.692306
0.620319 0.331903 0.606687
0.283706 0.314332 0.492861
0.653743 0.328122 0.584016
0.408115 0.48244 0.409024
0.643023 0.449987 0.548705
0.466741 0.482719 0.468063
0.698484 0.349871 0.415885
0.489791 0.284725 0.688944
0.293021 0.419086 0.473586
0.689147 0.293841 0.522299
0.310758 0.333028 0.432323
0.599746 0.339349 0.657218
0.691719 0.302059 0.502527
0.340376 0.354439 0.609548
0.333147 0.459585 0.532994
0.378509 0.348296 0.324158
0.386475 0.346331 0.662389
0.703784 0.338948 0.550464
0.384438 0.45451 0.626821
0.323215 0.361415 0.594138
0.356268 0.430182 0.628747
0.405908 0.427762 0.664618
0.490074 0.287813 0.687827
0.366968 0.346539 0.616303
0.68568 0.343462 0.397446
0.679201 0.324132 0.570724
0.323534 0.340447 0.40683
0.494483 0.406601 0.289426
0.55546 0.477762 0.452633
0.360612 0.363281 0.349138
0.688157 0.298176 0.528003
0.616144 0.365795 0.660359
0.568775 0.336711 0.685597
0.700495 0.34721 0.423048
0.527014 0.477807 0.441489
0.29038 0.319098 0.506857
0.46256 0.434064 0.676398
0.307912 0.333044 0.55996
0.543972 0.461434 0.620088
0.285336 0.396169 0.499493
0.566578 0.31785 0.673955
0.409791 0.382242 0.297428
0.328898 0.34599 0.573212
0.645532 0.353547 0.616434
0.298251 0.421207 0.511997
0.559718 0.418055 0.311642
0.660463 0.323195 0.571398
0.521063 0.478154 0.506151
0.520622 0.478265 0.513424
0.718282 0.366225 0.504329
0.404323 0.411818 0.670258
0.521832 0.398937 0.698713
0.399339 0.354238 0.323749
0.635645 0.433932 0.364027
0.394139 0.37342 0.303037
0.680144 0.318673 0.416406
0.61974 0.393656 0.333112
0.287951 0.326137 0.53498
0.66522 0.320699 0.571555
0.65644 0.414722 0.369806
0.415305 0.488788 0.467587
0.547694 0.311592 0.68257
0.651147 0.346739 0.603138
0.277503 0.328006 0.486111
0.380932 0.349836 0.635803
0.313987 0.392891 0.576512
0.682784 0.312133 0.549928
0.381483 0.384064 0.316522
0.578956 0.347984 0.67636
0.463789 0.43066 0.306543
0.509425 0.475925 0.454884
0.477045 0.370042 0.275354
0.713759 0.346461 0.519289
0.348412 0.362102 0.61055
0.299972 0.420438 0.524966
0.678548 0.313222 0.553078
0.68304 0.42536 0.442385
0.381073 0.363474 0.664597
0.307325 0.416347 0.41842
0.322109 0.438814 0.55406
0.312281 0.422607 0.556006
0.438087 0.330259 0.695179
0.700713 0.313838 0.454266
0.37207 0.361254 0.325453
0.287599 0.324681 0.513723
0.515316 0.413124 0.296759
0.442773 0.300362 0.679254
0.718485 0.331771 0.479811
0.350818 0.380476 0.344265
0.58231 0.399486 0.668977
0.406686 0.48926 0.506317
0.677766 0.381643 0.573357
0.424564 0.489419 0.510981
0.717775 0.349127 0.495348
0.48045 0.479255 0.531848
0.512799 0.475847 0.485778
0.620754 0.441875 0.599726
0.520514 0.474217 0.376575
0.649446 0.451541 0.48284
0.575775 0.419151 0.657431
0.554129 0.474659 0.507371
0.288742 0.390032 0.452208
0.313591 0.369374 0.398871
0.717524 0.338256 0.465642
0.682663 0.329891 0.559321
0.478567 0.335551 0.713721
0.506593 0.47332 0.459228
0.63113 0.378453 0.343202
0.31458 0.436726 0.535746
0.546354 0.324563 0.685896
0.436056 0.352688 0.302362
0.603984 0.456441 0.581211
0.594806 0.43113 0.632056
0.282312 0.347502 0.507151
0.496362 0.481141 0.413508
0.611918 0.363028 0.654366
0.461056 0.293628 0.688367
0.287239 0.400702 0.470878
0.677115 0.326546 0.432189
0.448796 0.303209 0.684712
0.431426 0.384315 0.293294
0.498697 0.446877 0.32389
0.507351 0.456519 0.6393
0.288959 0.331563 0.492231
0.452339 0.446535 0.659206
0.667216 0.332396 0.395604
0.462151 0.478325 0.477218
0.342092 0.372583 0.604567
0.294431 0.333487 0.538035
0.583081 0.4645 0.572693
0.70342 0.319781 0.481834
0.660493 0.355299 0.586084
0.474502 0.421847 0.685959
0.34203 0.464039 0.532875
0.700201 0.393348 0.438034
0.519281 0.477253 0.573366
0.461558 0.417388 0.301299
0.390749 0.363696 0.654296
0.297909 0.363053 0.438501
0.447764 0.470707 0.619504
0.678359 0.331599 0.556228
0.675057 0.337723 0.562231
0.489475 0.470717 0.47107
0.367675 0.470668 0.565608
0.560988 0.472134 0.471316
0.581245 0.410367 0.320826
0.622087 0.354494 0.623597
0.504396 0.330905 0.708809
0.586761 0.365894 0.314431
0.676945 0.329717 0.425323
0.541381 0.359937 0.702534
0.330367 0.425653 0.592197
0.459252 0.35783 0.286919
0.623156 0.364052 0.342455
0.656569 0.356274 0.578415
0.29284 0.344397 0.513138
0.654406 0.37362 0.366418
0.404363 0.35622 0.671375
0.509827 0.325327 0.705957
0.446736 0.397935 0.296797
0.451386 0.322864 0.698835
0.676442 0.354134 0.568593
0.469505 0.321479 0.710421
0.706956 0.345974 0.443158
0.513181 0.349029 0.283023
0.479754 0.474199 0.504955
0.466318 0.464803 0.346418
0.527402 0.355006 0.281341
0.585304 0.363352 0.656544
0.351578 0.375369 0.61706
0.550052 0.328311 0.689115
0.363024 0.3689 0.627719
0.681687 0.356506 0.564579
0.29636 0.400523 0.519377
0.286622 0.355291 0.466068
0.591623 0.360993 0.327488
0.322048 0.369953 0.571639
0.511911 0.464537 0.617833
0.469927 0.471441 0.478315
0.573434 0.436491 0.336232
0.301512 0.38857 0.432061
0.58607 0.472924 0.446385
0.504692 0.363395 0.707202
0.448295 0.374586 0.291726
0.676749 0.429795 0.48003
0.613331 0.366305 0.63478
0.674265 0.430908 0.4565
0.520246 0.47324 0.547608
0.457221 0.417301 0.306317
0.512405 0.460373 0.626213
0.708198 0.329459 0.459252
0.576591 0.383411 0.312291
0.461397 0.437477 0.317396
0.702903 0.340694 0.518398
0.5139 0.367673 0.28413
0.572778 0.412488 0.659692
0.449442 0.364411 0.295742
0.704974 0.374202 0.439815
0.468638 0.477593 0.385767
0.584504 0.406754 0.656819
0.284766 0.380375 0.484424
0.325313 0.444767 0.443449
0.615926 0.368959 0.344909
0.433479 0.480857 0.435098
0.372722 0.4617 0.386293
0.672399 0.363611 0.385022
0.533381 0.472596 0.560131
0.574193 0.422435 0.324916
0.451043 0.479754 0.404751
0.370852 0.379294 0.646873
0.35792 0.463642 0.410447
0.292259 0.368135 0.505809
0.476908 0.467335 0.470995
0.506735 0.338528 0.698471
0.462812 0.471447 0.479796
0.455243 0.473241 0.378959
0.695229 0.405143 0.457075
0.69297 0.334372 0.524789
0.627257 0.443366 0.575644
0.562813 0.359373 0.676713
0.548589 0.470393 0.408436
0.574865 0.472813 0.414757
0.466844 0.471102 0.463035
0.576604 0.366009 0.315042
0.625478 0.439524 0.588605
0.390283 0.392909 0.664076
0.31161 0.394347 0.418005
0.661736 0.368555 0.571988
0.687324 0.340477 0.43155
0.687638 0.391988 0.543716
0.698435 0.339806 0.518089
0.653748 0.371926 0.5741
0.571238 0.405972 0.318812
0.457429 0.388677 0.295192
0.519653 0.359796 0.288228
0.380694 0.426321 0.337835
0.550798 0.468816 0.550317
0.65504 0.428997 0.557361
0.671357 0.363698 0.565139
0.389093 0.381043 0.652035
0.568656 0.472412 0.428852
0.425305 0.382203 0.684575
0.577187 0.471234 0.406522
0.454207 0.328562 0.690622
0.689385 0.335466 0.515117
0.358835 0.403929 0.63238
0.592189 0.383499 0.326602
0.597246 0.379643 0.647852
0.523709 0.46906 0.42747
0.531668 0.461469 0.611632
0.439552 0.476338 0.47731
0.502642 0.473145 0.422509
0.680673 0.365601 0.55333
0.68098 0.419417 0.452733
0.478215 0.474863 0.432127
0.69964 0.361668 0.524159
0.362097 0.395069 0.632836
0.292406 0.373125 0.475201
0.320106 0.433689 0.462845
0.465601 0.47139 0.525443
0.706523 0.385879 0.479601
0.430082 0.474961 0.401712
0.530026 0.444047 0.643255
0.572413 0.402731 0.662577
0.57275 0.465999 0.540215
0.505269 0.368951 0.700453
0.331193 0.412407 0.385307
0.608723 0.389149 0.347064
0.646394 0.443996 0.52187
0.698763 0.344718 0.44994
0.311501 0.41929 0.464674
0.569643 0.423324 0.327289
0.630967 0.389077 0.378574
0.484371 0.473474 0.568114
0.407949 0.381074 0.658085
0.510432 0.354809 0.698098
0.699188 0.353995 0.520611
0.481864 0.401548 0.692131
0.291706 0.384449 0.472791
0.448068 0.445268 0.331624
0.710006 0.36421 0.478693
0.318181 0.427466 0.473423
0.61414 0.420917 0.349429
0.425657 0.474445 0.408559
0.539408 0.465366 0.432104
0.309154 0.409497 0.532125
0.405862 0.477794 0.473703
0.638016 0.395133 0.597807
0.456935 0.471796 0.528237
0.671612 0.424949 0.501519
0.317794 0.391606 0.427486
0.585483 0.410262 0.644943
0.331787 0.437812 0.408963
0.634997 0.386919 0.371688
0.451682 0.347583 0.686646
0.638697 0.449575 0.454314
0.695473 0.391935 0.503923
0.633699 0.397255 0.583592
0.516561 0.470017 0.407447
0.473602 0.462345 0.476238
0.321018 0.436024 0.522552
0.376821 0.474432 0.492418
0.316025 0.416299 0.44947
0.348202 0.459252 0.545342
0.602986 0.441439 0.603506
0.615207 0.387897 0.62837
0.365943 0.421062 0.633651
0.506478 0.469987 0.587897
0.519514 0.462237 0.479973
0.374104 0.471674 0.472338
0.541532 0.4102 0.672514
0.402151 0.454739 0.362595
0.444301 0.374317 0.69053
0.440928 0.398243 0.31001
0.620825 0.395893 0.366245
0.702363 0.353808 0.482747
0.470857 0.372029 0.299129
0.329317 0.434942 0.458172
0.446257 0.359784 0.679012
0.322622 0.409515 0.5535
0.599259 0.465161 0.410423
0.334115 0.440683 0.455253
0.360969 0.464349 0.473366
0.365328 0.420746 0.606629
0.500897 0.372968 0.692816
0.548452 0.465242 0.407538
0.563491 0.409233 0.657174
0.698921 0.362916 0.49057
0.548165 0.412254 0.664389
0.429532 0.433044 0.330405
0.398452 0.399083 0.646373
0.470121 0.385137 0.693379
0.687846 0.363283 0.441566
0.316807 0.409274 0.450969
0.33911 0.41422 0.570984
0.333359 0.440263 0.467264
0.600504 0.394805 0.635123
0.671335 0.376155 0.553232
0.424187 0.388721 0.672467
0.355755 0.425736 0.613799
0.645568 0.423721 0.379166
0.487654 0.452982 0.343467
0.589554 0.428011 0.342222
0.677432 0.357345 0.54209
0.631304 0.402114 0.594531
0.70193 0.365437 0.472963
0.60154 0.400348 0.347123
0.552305 0.399158 0.31549
0.529676 0.403855 0.309213
0.48976 0.375092 0.30593
0.456718 0.412707 0.314938
0.687157 0.361707 0.536115
0.422322 0.391263 0.671111
0.404048 0.402093 0.644384
0.457019 0.401502 0.316118
0.504069 0.376969 0.310088
0.634953 0.451231 0.431735
0.580917 0.466547 0.428253
0.341416 0.448257 0.483643
0.488433 0.459713 0.497799
0.673991 0.369519 0.543651
0.550226 0.460744 0.49767
0.432372 0.470585 0.599118
0.63052 0.440611 0.548975
0.567041 0.42376 0.334487
0.381667 0.431863 0.63509
0.420237 0.474786 0.49637
0.636915 0.437296 0.54697
0.693703 0.362838 0.471202
0.566057 0.386689 0.655897
0.690812 0.359869 0.461177
0.58583 0.403171 0.345491
0.468742 0.355793 0.689828
0.563808 0.460541 0.470073
0.452905 0.40978 0.319048
0.482112 0.460306 0.502609
0.655667 0.435875 0.442416
0.46278 0.440251 0.654014
0.629304 0.446315 0.508601
0.642994 0.426543 0.38221
0.504203 0.466808 0.416479
0.584097 0.466264 0.413334
0.438664 0.417705 0.667121
0.463388 0.459834 0.474194
0.685734 0.360085 0.472959
0.427235 0.472252 0.428441
0.372035 0.460489 0.585686
0.507412 0.360856 0.684969
0.608341 0.456717 0.471771
0.336787 0.440969 0.532765
0.463199 0.461263 0.513842
0.352974 0.450228 0.421015
0.648695 0.406165 0.399115
0.550259 0.384177 0.665635
0.345907 0.447777 0.488579
0.663991 0.424173 0.482372
0.44039 0.448047 0.638747
0.383178 0.472342 0.526535
0.484153 0.444846 0.340866
0.480035 0.465319 0.565088
0.549203 0.46099 0.545066
0.328322 0.418157 0.501306
0.539106 0.460074 0.514291
0.467007 0.365009 0.687702
0.341248 0.442088 0.546444
0.549822 0.459863 0.511881
0.324881 0.405919 0.448033
0.63832 0.40241 0.563662
0.567053 0.459693 0.497539
0.544842 0.457225 0.485821
0.492069 0.411627 0.673239
0.536851 0.459792 0.511337
0.625019 0.411114 0.57637
0.547376 0.415131 0.3273
0.680956 0.405671 0.481071
0.322043 0.409495 0.465625
0.37622 0.461928 0.450771
0.504153 0.454776 0.480324
0.668189 0.406453 0.535674
0.628176 0.437243 0.557551
0.590814 0.4589 0.467437
0.677945 0.353598 0.52517
0.396555 0.474358 0.521003
0.455393 0.406425 0.674819
0.51135 0.400889 0.315919
0.352634 0.44573 0.423001
0.457041 0.462995 0.545241
0.556824 0.458723 0.537454
0.650647 0.398229 0.421318
0.427566 0.416063 0.65618
0.339929 0.433724 0.500673
0.443891 0.424574 0.339703
0.630219 0.439886 0.511625
0.424784 0.449749 0.632277
0.376894 0.427589 0.393427
0.436047 0.428963 0.653766
0.533075 0.375824 0.674234
0.668753 0.385571 0.432625
0.560282 0.404535 0.33722
0.579217 0.442864 0.601238
0.371288 0.45301 0.588143
0.443553 0.449576 0.356625
0.638793 0.39092 0.552547
0.555986 0.4548 0.472359
0.366336 0.459558 0.497394
0.459451 0.447901 0.349374
0.499389 0.392473 0.328816
0.654079 0.416357 0.408946
0.623852 0.415598 0.392456
0.527692 0.455142 0.602532
0.603346 0.424188 0.606623
0.640141 0.412329 0.558555
0.592176 0.444266 0.588846
0.42698 0.467734 0.433438
0.432344 0.465215 0.496696
0.497558 0.363747 0.671741
0.345784 0.441851 0.542672
0.578076 0.410961 0.62862
0.349434 0.442559 0.421486
0.647113 0.411939 0.403591
0.337852 0.417627 0.530959
0.355637 0.447306 0.517633
0.678886 0.379907 0.456887
0.666577 0.378982 0.535425
0.399862 0.430992 0.375054
0.614064 0.442556 0.542274
0.345251 0.433008 0.503628
0.677846 0.382467 0.504009
0.488328 0.437572 0.344802
0.332501 0.417353 0.471766
0.362399 0.440743 0.576176
0.550403 0.454595 0.41181
0.362558 0.4381 0.403683
0.467271 0.456072 0.532212
0.461587 0.456932 0.529889
0.332169 0.404596 0.482597
0.401417 0.462017 0.479859
0.548963 0.389778 0.652542
0.508291 0.431429 0.644637
0.555173 0.415872 0.638439
0.45281 0.431482 0.651433
0.430464 0.466792 0.56289
0.544567 0.449975 0.448768
0.491746 0.459188 0.585289
0.330998 0.407666 0.467539
0.38939 0.45953 0.474443
0.470739 0.41488 0.667578
0.516946 0.447901 0.460804
0.529143 0.424813 0.646106
0.362455 0.449512 0.466673
0.386859 0.422266 0.61499
0.366596 0.45704 0.541953
0.662683 0.364514 0.534309
0.358465 0.450135 0.514586
0.566138 0.453216 0.56273
0.473964 0.416007 0.332355
0.488072 0.367285 0.673671
0.362784 0.44676 0.512356
0.397473 0.462262 0.578424
0.656258 0.417048 0.474329
0.559324 0.451669 0.493427
0.624424 0.436387 0.499812
0.3475 0.424826 0.506932
0.667467 0.363865 0.516601
0.506121 0.452885 0.428922
0.651382 0.373303 0.537573
0.482826 0.425172 0.343285
0.569351 0.432734 0.364715
0.663983 0.407266 0.479675
0.351676 0.431284 0.521938
0.425083 0.462665 0.528231
0.627839 0.431502 0.39705
0.624385 0.44315 0.44368
0.412928 0.465356 0.550521
0.631324 0.432445 0.49707
0.341498 0.425453 0.472963
0.371687 0.450985 0.491355
0.383941 0.45466 0.585367
0.378625 0.457712 0.548671
0.645435 0.397702 0.54242
0.507765 0.408641 0.340869
0.658647 0.355311 0.511254
0.564014 0.45175 0.49244
0.437967 0.402351 0.652563
0.574474 0.420004 0.370014
0.500269 0.408703 0.661152
0.570164 0.452715 0.502485
0.460849 0.456764 0.560704
0.382939 0.441868 0.604905
0.401036 0.462914 0.51363
0.643649 0.429939 0.422082
0.658007 0.404123 0.523487
0.591318 0.426511 0.596639
0.38449 0.444623 0.40456
0.4125 0.446209 0.618091
0.440059 0.454483 0.601057
0.573124 0.449055 0.494467
0.441363 0.452545 0.509979
0.354357 0.411261 0.507511
0.474373 0.444014 0.363516
0.634483 0.413405 0.42195
0.60321 0.406936 0.564039
0.412881 0.405149 0.59898
0.519655 0.444495 0.438528
0.627829 0.418729 0.545177
0.660114 0.373886 0.460218
0.484489 0.434345 0.35664
0.442819 0.395551 0.642088
0.633661 0.428931 0.468707
0.661744 0.385924 0.450382
0.565519 0.429069 0.369866
0.557456 0.395352 0.626128
0.570931 0.448181 0.48603
0.664668 0.395931 0.485716
0.425555 0.433673 0.634293
0.420733 0.454806 0.490017
0.518486 0.445713 0.374264
0.632702 0.416604 0.419195
0.542976 0.395387 0.643318
0.351828 0.428323 0.480574
0.457893 0.446079 0.495874
0.437809 0.458243 0.586136
0.366706 0.44328 0.463246
0.394206 0.42651 0.612328
0.497563 0.424869 0.352275
0.378495 0.431434 0.58883
0.55334 0.421503 0.621837
0.491927 0.372805 0.663828
0.45736 0.447265 0.503172
0.395474 0.44356 0.601649
0.438158 0.454223 0.447208
0.574499 0.407177 0.587622
0.665356 0.387938 0.465334
0.457611 0.442723 0.374528
0.3614 0.40563 0.507576
0.573008 0.436323 0.385155
0.449308 0.453337 0.39557
0.513483 0.414736 0.359709
0.374375 0.440005 0.48931
0.419179 0.455963 0.446343
0.619139 0.439864 0.430652
0.568755 0.404242 0.59875
0.565998 0.430455 0.379622
0.626347 0.43533 0.432119
0.647975 0.363179 0.526514
0.568247 0.43173 0.594206
0.567236 0.417847 0.382793
0.625938 0.413488 0.541807
0.604565 0.407679 0.422899
0.640273 0.416199 0.489318
0.469492 0.446658 0.554678
0.476305 0.438986 0.500373
0.564153 0.442136 0.570795
0.394453 0.451132 0.506344
0.576603 0.438731 0.574307
0.448537 0.44905 0.535871
0.362644 0.427754 0.507625
0.390809 0.426133 0.594341
0.559564 0.442942 0.39402
0.497298 0.449634 0.401838
0.431612 0.444793 0.383806
0.587406 0.440748 0.393974
0.607058 0.436698 0.529653
0.443386 0.427666 0.637256
0.411604 0.44094 0.388518
0.378835 0.435814 0.49324
0.435205 0.444966 0.47806
0.468017 0.4429 0.456314
0.66203 0.370737 0.47643
0.591321 0.42571 0.402062
0.645792 0.361282 0.510561
0.395238 0.447879 0.56464
0.537214 0.375737 0.626927
0.531472 0.439411 0.400105
0.600373 0.43834 0.451968
0.366886 0.42089 0.50167
0.636485 0.406909 0.50712
0.587582 0.441096 0.529415
0.64652 0.386576 0.520398
0.430482 0.424206 0.37777
0.627712 0.377142 0.535933
0.493003 0.436386 0.500378
0.592756 0.437566 0.503765
0.535274 0.429645 0.453606
0.49328 0.422707 0.369784
0.50168 0.440598 0.387056
0.490498 0.425828 0.630652
0.558476 0.428715 0.383892
0.545497 0.403084 0.622626
0.419841 0.426586 0.384948
0.610134 0.43888 0.430646
0.442176 0.412038 0.374042
0.525616 0.389239 0.643503
0.626293 0.416265 0.528418
0.442347 0.385046 0.619641
0.401034 0.447874 0.509902
0.549485 0.433278 0.452007
0.53519 0.429889 0.469047
0.552991 0.435669 0.447246
0.612488 0.430552 0.414186
0.538972 0.445812 0.553324
0.383839 0.431446 0.491667
0.642801 0.372613 0.510971
0.448852 0.442612 0.57029
0.438405 0.429901 0.384651
0.467082 0.433612 0.514972
0.640077 0.363634 0.509685
0.40955 0.446823 0.429016
0.59765 0.430888 0.505758
0.41503 0.412346 0.59703
0.648517 0.369104 0.497602
0.416384 0.420033 0.60757
0.415616 0.448511 0.432797
0.386269 0.430076 0.556157
0.60728 0.431532 0.421906
0.420364 0.408936 0.603205
0.432039 0.445253 0.582387
0.551615 0.424961 0.594687
0.474247 0.430667 0.503572
0.591701 0.43431 0.515132
0.592805 0.407772 0.559146
0.48968 0.437322 0.592686
0.545284 0.398447 0.61641
0.483583 0.439974 0.566255
0.623735 0.370231 0.53118
0.394564 0.420585 0.437855
0.482062 0.414247 0.377663
0.388947 0.411777 0.560731
0.452427 0.408964 0.376926
0.502622 0.371278 0.641033
0.488406 0.43422 0.455128
0.445798 0.43796 0.509923
0.405451 0.441645 0.499346
0.549294 0.425963 0.468247
0.424508 0.446361 0.550502
0.422699 0.411443 0.609442
0.635809 0.394208 0.517682
0.445309 0.400689 0.395245
0.632851 0.375507 0.518766
0.542185 0.381732 0.609913
0.44932 0.429684 0.393675
0.643182 0.37012 0.49104
0.634774 0.379957 0.510439
0.527581 0.430495 0.584931
0.418433 0.43606 0.493753
0.410685 0.428344 0.419844
0.51736 0.421405 0.459527
0.597566 0.398869 0.434689
0.426984 0.439452 0.536672
0.378828 0.386773 0.48903
0.619845 0.348847 0.517177
0.488967 0.424619 0.611096
0.444521 0.426739 0.612288
0.481989 0.4253 0.503233
0.473947 0.394671 0.378373
0.487045 0.436099 0.426108
0.49521 0.379109 0.637793
0.401626 0.434224 0.493046
0.564631 0.422475 0.39859
0.607817 0.423757 0.457998
0.585452 0.389603 0.552473
0.62488 0.363817 0.52419
0.493248 0.424736 0.496816
0.626606 0.401677 0.452731
0.606417 0.420225 0.481075
0.460893 0.41864 0.624481
0.597954 0.415465 0.426496
0.388307 0.391022 0.540785
0.525275 0.437556 0.555919
0.488641 0.433963 0.581897
0.390435 0.429488 0.463674
0.556184 0.43272 0.412747
0.461545 0.441082 0.417409
0.395111 0.425132 0.53811
0.617882 0.388267 0.528111
0.428953 0.43484 0.465362
0.459645 0.427977 0.404479
0.494027 0.416785 0.475426
0.619432 0.398784 0.509652
0.385435 0.404045 0.476526
0.544687 0.425346 0.417547
0.389252 0.412477 0.471339
0.403798 0.432323 0.46094
0.600567 0.421049 0.455333
0.468045 0.381715 0.629841
0.596799 0.40556 0.436705
0.409035 0.43415 0.446007
0.601616 0.417599 0.511362
0.459754 0.395259 0.623627
0.41721 0.426742 0.42302
0.44262 0.430567 0.533326
0.422613 0.424336 0.593723
0.43071 0.357301 0.567979
0.587914 0.407222 0.42924
0.612572 0.414311 0.456553
0.440765 0.377984 0.596999
0.582342 0.389731 0.431639
0.627881 0.384951 0.466421
0.494045 0.395897 0.626251
0.557199 0.431649 0.540395
0.461119 0.412458 0.619292
0.39518 0.416753 0.546329
0.476738 0.39134 0.632864
0.529982 0.388027 0.382737
0.426518 0.372498 0.568945
0.472219 0.351941 0.625629
0.575841 0.369806 0.55025
0.445161 0.427788 0.512012
0.597719 0.42033 0.534012
0.410664 0.426598 0.456401
0.595832 0.398651 0.539736
0.552878 0.424365 0.517284
0.470141 0.422395 0.413786
0.387896 0.373026 0.472656
0.594103 0.414937 0.510509
0.496523 0.391753 0.619018
0.440098 0.40226 0.41009
0.391771 0.3955 0.499717
0.562431 0.418695 0.416555
0.532959 0.413123 0.489024
0.460273 0.422878 0.463449
0.567462 0.414833 0.56224
0.45472 0.423154 0.580534
0.402575 0.416852 0.503132
0.471916 0.34282 0.618993
0.565076 0.424073 0.542202
0.450948 0.424097 0.412274
0.623304 0.388073 0.484843
0.4995 0.338723 0.619538
0.525448 0.420291 0.576997
0.621524 0.386498 0.491538
0.485277 0.42201 0.541261
0.604305 0.385228 0.456232
0.570143 0.407517 0.564215
0.494871 0.417025 0.452088
0.507611 0.415918 0.405334
0.604273 0.408523 0.454145
0.618692 0.375098 0.503785
0.598277 0.414 0.52356
0.485765 0.416821 0.461928
0.482042 0.422693 0.421957
0.400846 0.416476 0.469885
0.614137 0.393532 0.50687
0.596873 0.405913 0.537878
0.453633 0.422933 0.467963
0.41838 0.419892 0.453686
0.497773 0.321991 0.611878
0.512699 0.343487 0.615458
0.520254 0.386134 0.61034
0.502184 0.41383 0.571178
0.58207 0.413129 0.512666
0.497807 0.400671 0.480776
0.410263 0.413875 0.536476
0.498189 0.408097 0.409905
0.612191 0.365367 0.474452
0.521501 0.378945 0.612745
0.527139 0.372894 0.611204
0.433908 0.403433 0.585246
0.442753 0.42127 0.456598
0.396459 0.388535 0.475178
0.501868 0.358862 0.617747
0.417112 0.391922 0.431823
0.537943 0.337516 0.583624
0.393836 0.368469 0.520364
0.588657 0.362172 0.534266
0.508381 0.405028 0.460639
0.404687 0.408908 0.525881
0.429042 0.421204 0.436854
0.454353 0.391601 0.404819
0.532101 0.374348 0.605058
0.428174 0.416527 0.429044
0.48848 0.357369 0.620797
0.483376 0.402832 0.478455
0.510265 0.410365 0.585333
0.455001 0.339636 0.591705
0.505184 0.407782 0.450489
0.607115 0.341032 0.470093
0.415446 0.418349 0.466201
0.488472 0.396604 0.610104
0.40329 0.406183 0.522575
0.50365 0.408687 0.447413
0.410763 0.398624 0.511773
0.410723 0.384706 0.538481
0.58151 0.351018 0.442099
0.545597 0.40524 0.562162
0.396119 0.345779 0.501626
0.574693 0.406566 0.514508
0.450999 0.382031 0.593078
0.5724 0.397624 0.441272
0.470433 0.407123 0.569308
0.5752 0.320232 0.434029
0.387141 0.347933 0.478831
0.437549 0.411662 0.431813
0.510474 0.40016 0.417348
0.591692 0.381151 0.53014
0.481574 0.341888 0.616489
0.534434 0.406774 0.517101
0.491559 0.373283 0.61011
0.485482 0.330021 0.615168
0.430613 0.395711 0.423692
0.431123 0.399715 0.424694
0.500185 0.388918 0.603013
0.468077 0.33662 0.605684
0.553067 0.410286 0.53323
0.450343 0.402972 0.477163
0.475933 0.407527 0.540568
0.518415 0.369916 0.394477
0.398581 0.368136 0.501355
0.456011 0.397148 0.487327
0.48976 0.381499 0.607952
0.604279 0.366977 0.487866
0.465804 0.354951 0.605136
0.59366 0.391598 0.465636
0.496045 0.34895 0.613151
0.60464 0.339361 0.470339
0.511056 0.400082 0.506547
0.600303 0.346894 0.505756
0.415087 0.385986 0.497726
0.528563 0.394718 0.511659
0.557589 0.395116 0.502228
0.588774 0.380146 0.525278
0.401911 0.366683 0.468706
0.550614 0.399716 0.524018
0.475041 0.334685 0.608274
0.601288 0.326152 0.496571
0.421222 0.391864 0.49772
0.537314 0.399783 0.53352
0.456109 0.361007 0.406345
0.533424 0.398223 0.551477
0.594856 0.349913 0.465066
0.535869 0.396093 0.568862
0.392343 0.342774 0.483239
0.55247 0.393135 0.465119
0.504491 0.389276 0.46174
0.596162 0.359525 0.49239
0.56053 0.378333 0.429169
0.574262 0.390592 0.481375
0.462114 0.358712 0.401627
0.474045 0.391961 0.515563
0.516211 0.379842 0.597666
0.47409 0.395622 0.582749
0.566421 0.340078 0.544804
0.435655 0.393139 0.491051
0.509236 0.395465 0.521108
0.5329 0.389736 0.583877
0.430502 0.387954 0.559063
0.413457 0.387333 0.527865
0.517613 0.368752 0.601686
0.411378 0.380033 0.507327
0.522892 0.372288 0.599675
0.468952 0.381227 0.476433
0.508499 0.395158 0.568957
0.58785 0.383983 0.491834
0.441269 0.370111 0.421053
0.530226 0.388488 0.532861
0.453262 0.375982 0.578265
0.585477 0.349278 0.522476
0.511385 0.384282 0.442553
0.538455 0.388848 0.53232
0.549258 0.383774 0.498436
0.474542 0.362134 0.475056
0.427789 0.388055 0.52976
0.454067 0.385712 0.512265
0.400483 0.339099 0.458706
0.524504 0.351288 0.405361
0.53801 0.332003 0.573966
0.584574 0.371435 0.472509
0.473561 0.381021 0.457491
0.550643 0.381031 0.482996
0.468226 0.33896 0.59598
0.549117 0.340834 0.419255
0.510187 0.386486 0.550866
0.461389 0.368726 0.490734
0.587938 0.335957 0.519628
0.484695 0.387334 0.558431
0.600701 0.316984 0.494848
0.479362 0.33902 0.602511
0.589942 0.357086 0.490008
0.459404 0.378396 0.580918
0.481918 0.329153 0.389599
0.451922 0.389948 0.454769
0.58986 0.341484 0.51267
0.508818 0.374612 0.492106
0.474246 0.383504 0.41975
0.500568 0.38012 0.583063
0.494044 0.380806 0.420888
0.470312 0.30653 0.598429
0.44937 0.340281 0.411593
0.475781 0.331245 0.39288
0.45043 0.323024 0.411769
0.422243 0.364852 0.48853
0.603775 0.297577 0.471902
0.414496 0.336033 0.517764
0.510801 0.294215 0.588825
0.524887 0.376272 0.540203
0.577544 0.363934 0.502154
0.509591 0.375196 0.547631
0.610173 0.278774 0.484209
0.583915 0.324113 0.451491
0.461251 0.341987 0.58372
0.437303 0.379646 0.526044
0.463209 0.289197 0.589076
0.52335 0.370722 0.46965
0.414667 0.329375 0.524235
0.564045 0.364335 0.443529
0.463554 0.354995 0.475714
0.470405 0.371615 0.514053
0.463243 0.37846 0.545312
0.591433 0.286807 0.519151
0.511091 0.324533 0.58944
0.498047 0.370881 0.456537
0.579598 0.362179 0.51691
0.475958 0.347766 0.474321
0.493058 0.374329 0.55788
0.557585 0.372064 0.446092
0.552031 0.353877 0.426999
0.532167 0.376116 0.543451
0.524768 0.376392 0.524529
0.569782 0.373626 0.524753
0.539264 0.355594 0.419551
0.540785 0.346076 0.417957
0.523792 0.356831 0.414868
0.514866 0.327 0.406249
0.424333 0.375522 0.456161
0.461079 0.342216 0.583554
0.45501 0.296722 0.577891
0.532751 0.365 0.450784
0.547606 0.362154 0.53695
0.437759 0.364161 0.515134
0.533366 0.361829 0.548247
0.513305 0.363461 0.540174
0.590331 0.298945 0.507351
0.519296 0.304444 0.407144
0.556021 0.35575 0.439427
0.515672 0.359327 0.566429
0.479318 0.360985 0.518513
0.530739 0.364178 0.438053
0.500228 0.306443 0.406095
0.48418 0.332806 0.477574
0.530374 0.362742 0.433669
0.565254 0.291765 0.546288
0.490912 0.358219 0.563714
0.551013 0.328452 0.425129
0.416189 0.315089 0.521903
0.520673 0.308198 0.407824
0.47376 0.350366 0.415372
0.521178 0.351909 0.575356
0.53378 0.348791 0.566311
0.49671 0.357593 0.566281
0.423578 0.240692 0.578173
0.475141 0.355715 0.51067
0.467125 0.356788 0.420529
0.422735 0.333118 0.436669
0.457198 0.359778 0.507712
0.430167 0.281643 0.559329
0.456367 0.309847 0.410542
0.400362 0.320406 0.470738
0.556482 0.322499 0.42742
0.416739 0.3177 0.439696
0.420753 0.349256 0.49358
0.429216 0.337977 0.541886
0.427663 0.339401 0.508351
0.533422 0.347925 0.465207
0.460547 0.305257 0.411952
0.451451 0.354641 0.519073
0.453128 0.356465 0.531784
0.503027 0.349537 0.537291
0.477857 0.350408 0.427429
0.442387 0.320288 0.55753
0.568336 0.341763 0.471536
0.450242 0.356447 0.530426
0.453732 0.351465 0.552846
0.547212 0.348126 0.501807
0.490475 0.344742 0.553048
0.508486 0.304569 0.576947
0.428054 0.285076 0.418239
0.572218 0.237217 0.578502
0.41066 0.323199 0.480924
0.560292 0.346543 0.510557
0.540934 0.349822 0.462165
0.457306 0.320978 0.417334
0.426385 0.304397 0.541205
0.529039 0.282338 0.408865
0.411363 0.311351 0.493791
0.492138 0.295036 0.582305
0.595354 0.271156 0.500863
0.482915 0.275342 0.591804
0.428608 0.338682 0.513301
0.518789 0.346587 0.499525
0.400422 0.305673 0.478773
0.499741 0.34832 0.541888
0.58655 0.316261 0.469501
0.495038 0.347508 0.514621
0.5308 0.346662 0.467428
0.569774 0.316474 0.529551
0.536796 0.346851 0.545698
0.505683 0.33861 0.46719
0.434922 0.331713 0.440481
0.532177 0.327763 0.476417
0.529638 0.330333 0.468849
0.463181 0.340012 0.521414
0.556979 0.331548 0.50755
0.493176 0.333567 0.5344
0.55515 0.330172 0.528205
0.511008 0.335793 0.529495
0.5677 0.324429 0.494211
0.572191 0.319288 0.500227
0.421575 0.234018 0.579124
0.532254 0.297331 0.56718
0.465928 0.317614 0.491278
0.551562 0.329669 0.483659
0.486327 0.303634 0.573893
0.582354 0.262066 0.434422
0.545836 0.285092 0.418863
0.540382 0.333843 0.438645
0.487336 0.294223 0.577375
0.538965 0.315789 0.426326
0.554934 0.330067 0.490526
0.54546 0.335684 0.442647
0.484706 0.328092 0.424034
0.489768 0.290605 0.40981
0.576264 0.297066 0.446439
0.473863 0.310981 0.470843
0.586493 0.243921 0.427927
0.450623 0.27649 0.574467
0.576081 0.318843 0.463389
0.596235 0.264833 0.493107
0.518753 0.333704 0.504423
0.557981 0.303944 0.540954
0.5045 0.336221 0.520045
0.550011 0.329584 0.482217
0.473281 0.287865 0.408245
0.426452 0.26505 0.560556
0.442584 0.311703 0.544826
0.533371 0.314964 0.487892
0.436473 0.313942 0.525254
0.472228 0.321031 0.521608
0.465811 0.312704 0.502663
0.484941 0.315201 0.532885
0.444547 0.323903 0.460049
0.400188 0.25166 0.48866
0.561326 0.312712 0.521733
0.486942 0.298065 0.485258
0.57253 0.295691 0.447854
0.567802 0.313914 0.462411
0.455364 0.324571 0.43759
0.572477 0.227855 0.582333
0.546159 0.320619 0.526723
0.589966 0.256204 0.450818
0.494757 0.318289 0.524148
0.529234 0.320441 0.534012
0.418343 0.293426 0.492484
0.465792 0.31236 0.4259
0.498394 0.315161 0.431934
0.56392 0.315102 0.474465
0.531305 0.313434 0.548926
0.488379 0.320623 0.437717
0.564493 0.306812 0.523855
0.48545 0.311941 0.545933
0.567926 0.30949 0.494768
0.531314 0.315358 0.467196
0.524112 0.302667 0.424548
0.480121 0.311241 0.45782
0.475166 0.306254 0.567522
0.466766 0.291784 0.416396
0.478234 0.273345 0.583237
0.519012 0.286948 0.417142
0.589659 0.276778 0.473602
0.499996 0.303063 0.483576
0.420765 0.28762 0.478824
0.534672 0.302221 0.500629
0.512601 0.226595 0.593233
0.479176 0.299108 0.520377
0.578988 0.279326 0.489818
0.477498 0.300983 0.536018
0.51921 0.289083 0.559017
0.489708 0.294825 0.459826
0.546576 0.27096 0.561378
0.409002 0.266266 0.471347
0.536846 0.299603 0.470992
0.574299 0.28254 0.509419
0.44467 0.266177 0.56751
0.412457 0.265722 0.492976
0.425196 0.284733 0.504235
0.594245 0.238949 0.464671
0.426344 0.297241 0.465524
0.524917 0.300075 0.456466
0.552886 0.273762 0.425182
0.561569 0.293238 0.442991
0.459928 0.287763 0.565302
0.571429 0.289986 0.497761
0.407127 0.259357 0.486017
0.480874 0.288878 0.466283
0.559329 0.303413 0.465373
0.486904 0.301605 0.431747
0.52072 0.233247 0.591562
0.456747 0.30774 0.542026
0.488165 0.226567 0.596548
0.567402 0.267565 0.430877
0.412623 0.248873 0.430018
0.534075 0.300474 0.465213
0.439275 0.305596 0.444712
0.495974 0.298585 0.535009
0.497392 0.299885 0.512891
0.407798 0.214279 0.406034
0.426062 0.279621 0.468462
0.440451 0.284196 0.475062
0.473425 0.268858 0.478892
0.50068 0.281959 0.505587
0.58345 0.252296 0.455544
0.469235 0.287802 0.540067
0.539165 0.259306 0.569984
0.513939 0.288563 0.521073
0.525944 0.291007 0.515661
0.535925 0.229976 0.589566
0.571775 0.228798 0.413822
0.475668 0.287419 0.434047
0.49524 0.233146 0.589128
0.578754 0.260466 0.497947
0.547399 0.237635 0.410032
0.41914 0.224083 0.40587
0.459674 0.290714 0.53487
0.436899 0.273922 0.54767
0.507085 0.258554 0.416579
0.495118 0.271934 0.484382
0.579098 0.230843 0.420263
0.593991 0.21981 0.426779
0.591761 0.227631 0.514848
0.494994 0.279825 0.547329
0.472153 0.277781 0.501951
0.594445 0.2153 0.498372
0.432627 0.245431 0.409874
0.524524 0.28606 0.437947
0.432717 0.23721 0.575298
0.417072 0.264364 0.466293
0.486666 0.242523 0.405186
0.591251 0.22921 0.508884
0.474661 0.279902 0.426257
0.57034 0.253686 0.545331
0.495602 0.269849 0.563771
0.570189 0.239019 0.565347
0.435987 0.225769 0.581066
0.443106 0.266162 0.487452
0.565106 0.25817 0.535767
0.510086 0.271742 0.509785
0.491689 0.264687 0.429018
0.459736 0.274606 0.544188
0.438443 0.265992 0.488758
0.403493 0.227742 0.489321
0.518969 0.262799 0.558397
0.476515 0.252493 0.574084
0.543589 0.273868 0.448789
0.479552 0.25827 0.496276
0.480365 0.264428 0.518722
0.407255 0.214738 0.414379
0.434577 0.245859 0.564837
0.418981 0.239677 0.424801
0.587359 0.228944 0.473522
0.413223 0.244965 0.469757
0.455247 0.274306 0.527052
0.402696 0.226179 0.491194
0.519725 0.271442 0.53913
0.401748 0.223375 0.455726
0.457839 0.27264 0.457582
0.493184 0.227795 0.587369
0.464309 0.266076 0.425959
0.394599 0.196167 0.587625
0.592708 0.211294 0.493261
0.435934 0.26687 0.513415
0.576967 0.236429 0.544519
0.508856 0.253338 0.421623
0.426511 0.265101 0.466562
0.477746 0.25845 0.568645
0.431129 0.263002 0.48526
0.552037 0.270911 0.486074
0.421977 0.248056 0.428933
0.47323 0.25516 0.480332
0.428433 0.247717 0.503685
0.444893 0.253675 0.500783
0.464216 0.230808 0.407749
0.519336 0.260225 0.5148
0.395152 0.198573 0.416767
0.44696 0.256609 0.548392
0.52437 0.208385 0.399243
0.4961 0.249994 0.457426
0.526327 0.207843 0.398628
0.592338 0.203777 0.546092
0.506223 0.240493 0.478453
0.487716 0.226494 0.582807
0.457386 0.249945 0.471027
0.437329 0.253962 0.514242
0.49527 0.254391 0.531631
0.417096 0.238354 0.441496
0.517704 0.198834 0.597754
0.402416 0.203683 0.58053
0.5898 0.220443 0.459092
0.511236 0.250523 0.49532
0.469219 0.241691 0.479626
0.40578 0.221551 0.485598
0.517333 0.213368 0.589584
0.491237 0.225865 0.409666
0.452311 0.25904 0.53599
0.398417 0.210571 0.467267
0.55939 0.209892 0.59173
0.5378 0.210015 0.399109
0.53674 0.261082 0.519487
0.395671 0.198677 0.581478
0.573817 0.241693 0.510243
0.552979 0.238001 0.421853
0.396048 0.213517 0.535069
0.52237 0.239377 0.420362
0.532285 0.247858 0.478221
0.573292 0.192035 0.603501
0.426189 0.233028 0.492434
0.555987 0.239389 0.467907
0.412493 0.219557 0.495788
0.549848 0.243266 0.5023
0.402354 0.208986 0.568341
0.431356 0.234975 0.554386
0.54849 0.219371 0.412334
0.52064 0.247219 0.523405
0.492203 0.241007 0.54565
0.52623 0.233134 0.471399
0.54507 0.225277 0.418271
0.589188 0.201049 0.489335
0.526353 0.23121 0.47822
0.599988 0.19038 0.521024
0.429235 0.24081 0.432682
0.436015 0.202885 0.590727
0.539969 0.234518 0.477328
0.502332 0.226627 0.478442
0.53804 0.241847 0.455278
0.455155 0.235888 0.565327
0.405342 0.215375 0.519932
0.436379 0.207913 0.396678
0.502357 0.224431 0.418181
0.504026 0.2337 0.492109
0.563372 0.192689 0.60177
0.512248 0.243569 0.534784
0.45467 0.204014 0.39366
0.418501 0.224835 0.486377
0.47521 0.23432 0.507308
0.44954 0.241628 0.42388
0.453153 0.23827 0.500177
0.401561 0.207192 0.469278
0.436182 0.240841 0.527882
0.398549 0.202497 0.432826
0.534163 0.247415 0.52045
0.543401 0.227346 0.574004
0.424982 0.220079 0.489518
0.479364 0.217864 0.500597
0.393663 0.193966 0.57707
0.397942 0.196834 0.451549
0.511213 0.225636 0.452237
0.424619 0.220496 0.558289
0.557733 0.230742 0.511371
0.530604 0.229558 0.444126
0.588243 0.194417 0.484656
0.564731 0.224119 0.501459
0.557561 0.226546 0.496863
0.462197 0.216836 0.41469
0.602527 0.181705 0.482576
0.59763 0.197113 0.422716
0.403459 0.189385 0.395569
0.490018 0.208868 0.581445
0.603993 0.185366 0.551619
0.425819 0.226613 0.458168
0.578345 0.209985 0.501821
0.531632 0.233915 0.526709
0.608323 0.191343 0.430142
0.495186 0.219997 0.424195
0.447043 0.229906 0.52785
0.563006 0.220918 0.470813
0.540093 0.202826 0.402882
0.440461 0.228317 0.506389
0.426032 0.222849 0.552612
0.543533 0.230577 0.506103
0.399452 0.203748 0.564928
0.506782 0.21692 0.483179
0.472355 0.218261 0.495172
0.518601 0.217725 0.480902
0.444052 0.229939 0.527027
0.521877 0.219863 0.484189
0.589527 0.193329 0.485218
0.603252 0.185905 0.572312
0.423979 0.197315 0.403964
0.479286 0.21034 0.519171
0.499491 0.212666 0.428575
0.406634 0.197385 0.454279
0.412545 0.203828 0.437633
0.407676 0.201729 0.565583
0.436672 0.214952 0.420613
0.409854 0.189169 0.399349
0.593458 0.189222 0.522648
0.481117 0.200003 0.480271
0.520207 0.21887 0.539861
0.467786 0.205371 0.487729
0.586164 0.197124 0.422052
0.40871 0.202917 0.532757
0.482418 0.198636 0.584135
0.492242 0.179461 0.606855
0.530937 0.206709 0.474334
0.411989 0.197225 0.576714
0.514071 0.204104 0.417278
0.436529 0.216827 0.536605
0.539264 0.204112 0.578061
0.501403 0.208935 0.460725
0.512782 0.211062 0.456814
0.560403 0.212779 0.496852
0.528031 0.220786 0.521582
0.44138 0.184315 0.601352
0.613594 0.183532 0.439361
0.446494 0.182052 0.604514
0.571914 0.210815 0.533854
0.388211 0.18235 0.439949
0.406336 0.202849 0.55953
0.388653 0.189162 0.535975
0.394041 0.180767 0.600858
0.496116 0.199121 0.410406
0.501871 0.216888 0.544635
0.486893 0.201542 0.474274
0.421609 0.200647 0.53625
0.477957 0.202013 0.538828
0.603905 0.175769 0.496535
0.414801 0.194984 0.456936
0.532055 0.198546 0.42179
0.389439 0.18456 0.574164
0.528218 0.207169 0.538426
0.509209 0.188694 0.585148
0.600425 0.181907 0.569503
0.392432 0.18085 0.45844
0.486691 0.185038 0.592478
0.477567 0.199524 0.57104
0.563188 0.194256 0.579085
0.443023 0.210765 0.431793
0.55862 0.207105 0.546728
0.492217 0.185995 0.39861
0.461343 0.181289 0.386603
0.39826 0.183603 0.477502
0.447747 0.206146 0.545302
0.550727 0.207809 0.545169
0.481995 0.195142 0.50597
0.509937 0.198905 0.49778
0.595611 0.17249 0.614176
0.558858 0.207954 0.529872
0.51872 0.202945 0.430966
0.442888 0.203838 0.468286
0.572354 0.200681 0.540336
0.564585 0.196492 0.47051
0.525922 0.203253 0.504632
0.490285 0.180125 0.387854
0.567291 0.189017 0.398277
0.483181 0.181399 0.598863
0.589186 0.192582 0.436586
0.468487 0.204825 0.55313
0.407175 0.177464 0.382357
0.607832 0.172942 0.612308
0.418348 0.188991 0.531255
0.540054 0.184109 0.405741
0.582652 0.186786 0.433841
0.541315 0.193565 0.563124
0.539819 0.175818 0.38422
0.377836 0.172339 0.580891
0.541869 0.194889 0.548449
0.525274 0.177387 0.390617
0.582563 0.185544 0.425514
0.471102 0.189999 0.527273
0.505511 0.192919 0.552485
0.415716 0.1818 0.404996
0.490699 0.180461 0.589103
0.417414 0.189578 0.433024
0.521082 0.186863 0.48717
0.376247 0.167481 0.611997
0.590102 0.181917 0.553516
0.454736 0.192258 0.421736
0.531635 0.192507 0.433904
0.516308 0.186273 0.467404
0.44778 0.193588 0.531774
0.410344 0.187965 0.566618
0.461827 0.177684 0.389078
0.454389 0.189683 0.46668
0.468492 0.188532 0.458816
0.505297 0.174955 0.386499
0.515161 0.192323 0.432593
0.377381 0.169842 0.520158
0.620294 0.165446 0.371622
0.398426 0.181874 0.532757
0.37138 0.16569 0.375824
0.512161 0.177966 0.392871
0.618119 0.172452 0.422856
0.511268 0.190159 0.448334
0.524019 0.195274 0.526017
0.471706 0.179064 0.59319
0.416394 0.180393 0.438587
0.54151 0.180459 0.421343
0.453633 0.180278 0.50718
0.556794 0.182686 0.571199
0.425868 0.16585 0.61861
0.621053 0.167047 0.587378
0.408522 0.1768 0.443553
0.386002 0.169729 0.594688
0.583706 0.174679 0.466709
0.622829 0.160627 0.505708
0.466184 0.168232 0.609187
0.423584 0.179728 0.488834
0.46693 0.179786 0.519615
0.453328 0.18434 0.558532
0.616957 0.167765 0.448802
0.376517 0.16561 0.376418
0.513903 0.177314 0.466145
0.441717 0.184941 0.552295
0.458578 0.180551 0.576195
0.406909 0.174525 0.474117
0.626438 0.162653 0.456556
0.41373 0.165383 0.619763
0.538869 0.18397 0.547593
0.449019 0.180423 0.500831
0.452385 0.171241 0.601764
0.509331 0.176508 0.485713
0.476994 0.180787 0.541213
0.510837 0.160726 0.625619
0.563903 0.174315 0.590561
0.507888 0.176135 0.483866
0.550672 0.18088 0.44977
0.619617 0.166336 0.452006
0.571463 0.178497 0.493075
0.47898 0.167729 0.609582
0.424016 0.171242 0.603634
0.585932 0.173301 0.485788
0.412298 0.170361 0.418983
0.422251 0.158742 0.63189
0.387061 0.159959 0.62782
0.597597 0.168002 0.556432
0.438265 0.175586 0.552572
0.609822 0.165117 0.594816
0.432039 0.174137 0.457052
0.420196 0.17313 0.428655
0.544139 0.168655 0.400042
0.541672 0.169713 0.408275
0.510525 0.173177 0.524669
0.549422 0.163798 0.374024
0.552847 0.174646 0.534544
0.39693 0.170085 0.572742
0.529126 0.173563 0.566052
0.404226 0.171634 0.571063
0.541556 0.173041 0.572919
0.565456 0.172749 0.43307
0.388132 0.166828 0.585045
0.574757 0.173401 0.551761
0.546951 0.17273 0.507106
0.449028 0.171439 0.505096
0.518405 0.166346 0.595998
0.464205 0.162818 0.615038
0.600299 0.167148 0.413903
0.397675 0.169139 0.579158
0.595346 0.168741 0.559276
0.61726 0.161555 0.483428
0.484053 0.170196 0.57839
0.567822 0.174582 0.543065
0.402867 0.168841 0.429654
0.431178 0.172965 0.519984
0.626516 0.158731 0.479248
0.583483 0.163183 0.368793
0.423381 0.170929 0.406448
0.563383 0.171354 0.454856
0.408084 0.16424 0.57992
0.420021 0.162077 0.381595
0.51331 0.163571 0.442368
0.616971 0.160512 0.564631
0.580303 0.163771 0.539472
0.599896 0.159964 0.603197
0.545799 0.159842 0.605084
0.53834 0.158652 0.373888
0.546256 0.163668 0.445042
0.437982 0.160203 0.373237
0.467267 0.163473 0.580515
0.560414 0.163046 0.466619
0.530508 0.162483 0.458862
0.435217 0.165231 0.448627
0.62962 0.154741 0.52836
0.400592 0.160673 0.601608
0.457798 0.162138 0.477965
0.554928 0.164471 0.57881
0.571329 0.162955 0.476942
0.455096 0.165607 0.56251
0.476422 0.164662 0.422758
0.457435 0.164908 0.553108
0.606838 0.158673 0.507408
0.458186 0.161371 0.385229
0.586559 0.16419 0.567614
0.398242 0.161982 0.421509
0.558492 0.163887 0.417675
0.49676 0.161331 0.592979
0.426368 0.166207 0.544452
0.427092 0.164166 0.490734
0.588548 0.161378 0.500345
0.538937 0.162475 0.58842
0.582576 0.164183 0.55641
0.547606 0.165547 0.542342
0.577746 0.162422 0.47821
0.426268 0.16196 0.603994
0.404903 0.155544 0.471988
0.416026 0.156478 0.39964
0.359985 0.15291 0.531233
0.635804 0.154 0.573396
0.455832 0.156203 0.523542
0.589825 0.15476 0.612021
0.385934 0.154738 0.482821
0.381646 0.15472 0.604358
0.549213 0.156313 0.495287
0.613507 0.15411 0.626975
0.41635 0.15232 0.643678
0.57621 0.15776 0.566422
0.504699 0.154201 0.374615
0.475169 0.155453 0.596819
0.451393 0.155933 0.485208
0.397744 0.153134 0.634673
0.360874 0.153328 0.370124
0.544177 0.156086 0.456304
0.488156 0.152736 0.358282
0.606083 0.156256 0.575567
0.394946 0.154621 0.615208
0.466551 0.155016 0.608019
0.421318 0.156844 0.410711
0.452182 0.15728 0.422301
0.574449 0.156508 0.450437
0.397333 0.155994 0.534722
0.515922 0.157323 0.543853
0.364305 0.1536 0.428334
0.361817 0.152937 0.508214
0.553784 0.156753 0.431385
0.512915 0.156981 0.578384
0.370988 0.154763 0.377384
0.539787 0.1518 0.642384
0.512975 0.156286 0.445529
0.466301 0.156956 0.558837
0.559789 0.156133 0.481709
0.39944 0.15 0.451672
0.574668 0.15 0.63797
0.587211 0.15 0.364154
0.383143 0.15 0.55502
0.467768 0.15 0.449713
0.57736 0.15 0.621874
0.412285 0.15 0.500288
0.415215 0.15 0.413585
0.499199 0.15 0.4196
0.518499 0.15 0.515944
0.467795 0.15 0.549866
0.430285 0.15 0.440686
0.609954 0.15 0.384178
0.415114 0.15 0.612499
0.646731 0.15 0.624145
0.42384 0.15 0.561942
0.386879 0.15 0.491865
0.39499 0.15 0.609001
0.414061 0.15 0.355869
0.51448 0.15 0.371195
0.599599 0.15 0.380314
0.50569 0.15 0.481135
0.387693 0.15 0.45669
0.471595 0.15 0.547357
0.450061 0.15 0.527627
0.561017 0.15 0.643353
0.356693 0.15 0.562033
0.48065 0.15 0.558673
0.559726 0.15 0.49095
0.625014 0.15 0.496892
0.637265 0.15 0.563581
0.445877 0.15 0.454511
0.594087 0.15 0.632733
0.633419 0.15 0.465351
0.466019 0.15 0.629189
0.530548 0.15 0.444705
