2952 0.012625
0.374862 0.4131 0.38101
0.459408 0.343472 0.334891
0.478958 0.253237 0.343418
0.48985 0.254454 0.354434
0.497666 0.290447 0.352346
0.527346 0.362331 0.338034
0.340118 0.363299 0.455741
0.403177 0.335258 0.398479
0.437519 0.280458 0.320517
0.499556 0.237026 0.293203
0.548833 0.297243 0.341329
0.586807 0.372167 0.405404
0.32601 0.318628 0.474378
0.322274 0.264432 0.437661
0.357257 0.468703 0.345929
0.511511 0.494685 0.323017
0.674802 0.43658 0.370436
0.66541 0.247218 0.448647
0.339952 0.282551 0.481495
0.303872 0.251848 0.504596
0.356229 0.517222 0.50644
0.523339 0.528714 0.504704
0.700923 0.45317 0.515478
0.681432 0.20254 0.500564
0.344558 0.321924 0.494913
0.36205 0.299527 0.541688
0.372043 0.37921 0.676332
0.502551 0.430819 0.71436
0.642776 0.378526 0.647669
0.652967 0.232103 0.533588
0.359814 0.38509 0.554624
0.418688 0.390729 0.582383
0.457439 0.275069 0.645123
0.49581 0.222276 0.679391
0.540032 0.242819 0.663242
0.577047 0.342347 0.567981
0.403141 0.394978 0.404911
0.362419 0.389449 0.552956
0.313537 0.220875 0.502102
0.683173 0.470383 0.499989
0.421842 0.300188 0.679509
0.503581 0.261234 0.362073
0.374447 0.377593 0.529919
0.369325 0.405189 0.570075
0.66174 0.295532 0.489461
0.479849 0.209864 0.36833
0.591646 0.383281 0.590379
0.589144 0.306467 0.571766
0.509561 0.252969 0.712919
0.512719 0.525107 0.578369
0.716287 0.428034 0.442636
0.665049 0.310889 0.482255
0.354939 0.259644 0.50142
0.411726 0.409226 0.361147
0.514273 0.225852 0.658407
0.410425 0.399409 0.570689
0.411009 0.321843 0.571935
0.358602 0.361655 0.663607
0.355574 0.294242 0.500045
0.554877 0.38682 0.718986
0.405552 0.39057 0.620502
0.633633 0.271149 0.51713
0.581049 0.498442 0.610355
0.450856 0.25982 0.652879
0.61142 0.328726 0.542134
0.43145 0.532896 0.504944
0.487927 0.228352 0.648977
0.631766 0.287993 0.527294
0.658518 0.491738 0.463239
0.625477 0.346294 0.537949
0.504848 0.222027 0.669697
0.347389 0.335077 0.45793
0.379243 0.363474 0.527366
0.334956 0.245502 0.452066
0.605013 0.290056 0.585327
0.653444 0.258139 0.446441
0.411239 0.501114 0.353468
0.503856 0.254297 0.362542
0.47593 0.225108 0.681025
0.483184 0.256377 0.648042
0.642727 0.48507 0.56622
0.54414 0.527575 0.502996
0.512965 0.304915 0.644703
0.596759 0.301308 0.374931
0.46238 0.531691 0.44286
0.691255 0.225862 0.531964
0.335096 0.353293 0.634693
0.35844 0.30628 0.542216
0.633326 0.28174 0.455385
0.417945 0.392548 0.622141
0.625097 0.286545 0.593489
0.447237 0.523304 0.389339
0.412711 0.385672 0.565189
0.52347 0.529766 0.44513
0.38517 0.292925 0.569322
0.620251 0.297012 0.387617
0.410354 0.479266 0.324496
0.348049 0.289749 0.488785
0.612445 0.285335 0.563839
0.387864 0.416167 0.580722
0.510878 0.303242 0.653166
0.658842 0.228807 0.475655
0.613772 0.341276 0.428786
0.530169 0.242481 0.703094
0.432284 0.287121 0.641182
0.355273 0.284546 0.498245
0.432119 0.281671 0.677841
0.583047 0.342071 0.563955
0.342193 0.187638 0.468915
0.332728 0.18659 0.466513
0.460327 0.287807 0.343023
0.656636 0.216722 0.460342
0.646965 0.229757 0.465157
0.50467 0.223608 0.358328
0.670282 0.217127 0.460306
0.624901 0.289077 0.539764
0.569124 0.291479 0.683009
0.310273 0.206227 0.461141
0.50593 0.21736 0.307254
0.687482 0.254829 0.542663
0.444157 0.260897 0.322299
0.596828 0.386233 0.426724
0.667871 0.482 0.514324
0.399824 0.311251 0.562632
0.515375 0.222129 0.682853
0.32752 0.186645 0.490926
0.455359 0.468815 0.295147
0.663694 0.266226 0.484497
0.659737 0.195275 0.492815
0.563326 0.488134 0.639372
0.533415 0.522074 0.39209
0.71885 0.298708 0.444361
0.466236 0.316093 0.639649
0.382959 0.415665 0.385382
0.583087 0.301648 0.318877
0.602337 0.373269 0.299039
0.484731 0.221694 0.676503
0.452961 0.245177 0.303111
0.56368 0.525373 0.506947
0.59489 0.407945 0.399038
0.458052 0.339715 0.34399
0.652067 0.214982 0.467084
0.584953 0.411187 0.392993
0.342836 0.496671 0.400894
0.40263 0.381541 0.622718
0.328943 0.178479 0.483629
0.717051 0.411281 0.426594
0.65657 0.238661 0.472526
0.482506 0.300069 0.260938
0.502995 0.203018 0.34889
0.457602 0.348888 0.636765
0.294047 0.431248 0.579888
0.507997 0.255022 0.642077
0.647513 0.288674 0.400077
0.384667 0.48341 0.342759
0.524921 0.331979 0.636694
0.435249 0.359137 0.601163
0.344149 0.249545 0.51271
0.664559 0.313954 0.479478
0.424147 0.379705 0.591041
0.258784 0.350242 0.504507
0.403067 0.41419 0.377616
0.412041 0.397438 0.606181
0.514486 0.530897 0.45414
0.536913 0.271909 0.309242
0.530296 0.242825 0.702675
0.53066 0.365589 0.354214
0.728276 0.342182 0.546148
0.257026 0.35687 0.496803
0.343327 0.26276 0.478547
0.488214 0.382576 0.731233
0.367412 0.287543 0.54654
0.356527 0.295152 0.591576
0.532898 0.342355 0.635785
0.411814 0.315734 0.596628
0.423534 0.392438 0.275601
0.663108 0.310385 0.477802
0.527691 0.339818 0.658799
0.560782 0.446327 0.295363
0.526463 0.334424 0.63766
0.333048 0.24175 0.51632
0.325791 0.210486 0.5022
0.372249 0.286485 0.545184
0.664293 0.296534 0.479434
0.345293 0.360351 0.453648
0.497042 0.194343 0.340699
0.72942 0.297646 0.486483
0.705385 0.284478 0.443294
0.519506 0.245767 0.328305
0.43923 0.282002 0.303902
0.304264 0.279211 0.517963
0.645395 0.274857 0.443209
0.326187 0.254649 0.52017
0.416104 0.314624 0.363661
0.434415 0.290169 0.309406
0.429965 0.385997 0.630614
0.607932 0.380008 0.434601
0.351275 0.262227 0.490225
0.68877 0.211388 0.501623
0.3458 0.252434 0.48162
0.455877 0.295751 0.637367
0.507174 0.286094 0.652797
0.371678 0.296399 0.551741
0.634886 0.335073 0.639327
0.46108 0.299568 0.342627
0.370829 0.398989 0.556092
0.442518 0.266106 0.32121
0.51637 0.277242 0.340537
0.355845 0.235465 0.489913
0.407387 0.295936 0.632977
0.590624 0.406287 0.404419
0.689702 0.211602 0.513194
0.670164 0.216863 0.532954
0.64186 0.424508 0.637962
0.334571 0.282688 0.530692
0.275066 0.434694 0.507844
0.37002 0.305143 0.435289
0.337531 0.247956 0.517514
0.499691 0.235987 0.360271
0.338381 0.272027 0.474424
0.505527 0.201779 0.328292
0.488126 0.189834 0.33057
0.457103 0.346127 0.340128
0.382469 0.305628 0.395322
0.610133 0.396526 0.303061
0.608371 0.398396 0.421608
0.348918 0.333617 0.50785
0.64552 0.217328 0.518924
0.343708 0.279267 0.467818
0.422883 0.347489 0.711304
0.503995 0.279371 0.355835
0.464447 0.293283 0.340395
0.556924 0.278684 0.687108
0.627409 0.354846 0.454986
0.495882 0.193561 0.333436
0.577758 0.523507 0.511751
0.356477 0.226188 0.489722
0.539782 0.29489 0.338004
0.512139 0.510553 0.348334
0.540644 0.246178 0.660143
0.344079 0.279481 0.533214
0.348013 0.255065 0.46188
0.336272 0.292932 0.540298
0.269281 0.309614 0.508988
0.689142 0.220267 0.469692
0.699116 0.256181 0.528076
0.682633 0.409303 0.367121
0.412625 0.320944 0.578941
0.513607 0.243445 0.645724
0.504575 0.408892 0.263786
0.527286 0.271007 0.640132
0.514278 0.311067 0.352788
0.401278 0.407738 0.572148
0.450539 0.336417 0.348985
0.360788 0.323869 0.383255
0.392638 0.305722 0.381027
0.545428 0.328496 0.722109
0.486361 0.19029 0.327708
0.492141 0.219366 0.360728
0.541615 0.379818 0.260202
0.269622 0.342369 0.447038
0.32895 0.198911 0.497688
0.660002 0.322731 0.603095
0.52433 0.334414 0.353989
0.566681 0.37765 0.588862
0.633908 0.331799 0.635217
0.368446 0.363262 0.31053
0.417937 0.481067 0.323233
0.480349 0.491606 0.315427
0.391355 0.413322 0.400115
0.508695 0.264611 0.642128
0.531958 0.359844 0.359361
0.653958 0.250478 0.499381
0.543948 0.335331 0.608483
0.656026 0.487891 0.412662
0.68099 0.211248 0.473553
0.483144 0.229105 0.354385
0.406876 0.347015 0.396259
0.464636 0.23705 0.685787
0.649181 0.245829 0.498702
0.627347 0.488514 0.580387
0.286413 0.447156 0.439076
0.345629 0.258393 0.511623
0.616964 0.337025 0.536292
0.412202 0.328289 0.307553
0.519648 0.231591 0.312981
0.534685 0.269988 0.710665
0.568187 0.374707 0.713359
0.321923 0.185468 0.485833
0.407166 0.33377 0.387871
0.70951 0.358042 0.573019
0.385796 0.304074 0.360672
0.346244 0.27216 0.520807
0.475182 0.194716 0.319952
0.638928 0.230056 0.49986
0.612739 0.395458 0.425015
0.301592 0.381658 0.593698
0.734693 0.340941 0.45101
0.505286 0.225198 0.675173
0.688215 0.215928 0.477709
0.654353 0.23918 0.540612
0.618042 0.336995 0.431483
0.526541 0.282929 0.334874
0.440305 0.529594 0.430447
0.414019 0.38495 0.623177
0.647401 0.248481 0.5033
0.347631 0.514156 0.524444
0.472142 0.198084 0.340587
0.630437 0.314776 0.360553
0.57111 0.384961 0.405093
0.586639 0.40886 0.394908
0.679684 0.202845 0.515294
0.373998 0.501919 0.606159
0.31403 0.286784 0.526225
0.363675 0.328673 0.362328
0.498395 0.276756 0.653959
0.43935 0.530295 0.438462
0.591928 0.32969 0.390759
0.526517 0.312993 0.631487
0.46892 0.211826 0.34487
0.304202 0.27226 0.508787
0.465611 0.238479 0.696528
0.454366 0.347763 0.344545
0.345652 0.255303 0.460566
0.404082 0.364971 0.407469
0.316097 0.380566 0.615308
0.447264 0.270475 0.644495
0.486146 0.214976 0.35799
0.340898 0.266064 0.443548
0.473382 0.200541 0.315845
0.310582 0.433593 0.605701
0.447091 0.257261 0.313274
0.637633 0.272089 0.522492
0.568462 0.321383 0.585161
0.420543 0.326359 0.591881
0.554903 0.278326 0.619993
0.711983 0.343119 0.410524
0.367011 0.303028 0.416149
0.285835 0.398075 0.400043
0.560665 0.357551 0.720035
0.658287 0.259211 0.497048
0.337742 0.207932 0.500331
0.473299 0.516937 0.357386
0.656846 0.415149 0.627495
0.635211 0.386523 0.32533
0.389372 0.400991 0.55947
0.434945 0.387526 0.362144
0.361315 0.383304 0.43893
0.505903 0.277574 0.653836
0.254899 0.376516 0.471133
0.523328 0.528495 0.43927
0.46461 0.260765 0.338965
0.318476 0.288349 0.540565
0.464154 0.245953 0.329633
0.368875 0.301595 0.396527
0.383247 0.385015 0.426042
0.589326 0.340524 0.561518
0.517457 0.496033 0.648221
0.604063 0.376531 0.557794
0.560279 0.357904 0.588437
0.424832 0.397604 0.370216
0.693566 0.223348 0.480288
0.34658 0.271513 0.43877
0.504483 0.267636 0.653626
0.454983 0.340967 0.341457
0.453911 0.245519 0.313234
0.418764 0.434552 0.695213
0.50495 0.528875 0.502501
0.73317 0.321644 0.489813
0.516759 0.530867 0.477003
0.468267 0.531257 0.489236
0.268921 0.331045 0.455373
0.354305 0.20825 0.476583
0.650043 0.25693 0.466
0.618837 0.33684 0.537861
0.701266 0.454459 0.477682
0.400216 0.387825 0.609543
0.502663 0.205954 0.342952
0.303998 0.280611 0.437444
0.470289 0.306101 0.646475
0.405188 0.530737 0.494043
0.287878 0.278632 0.447362
0.343422 0.299848 0.462858
0.328853 0.225084 0.505587
0.372037 0.304545 0.402455
0.592379 0.309292 0.570282
0.661231 0.256127 0.491582
0.666815 0.482462 0.511475
0.675974 0.20281 0.505847
0.528128 0.473626 0.303753
0.544046 0.276529 0.302582
0.336545 0.49477 0.406761
0.364203 0.369326 0.530793
0.641998 0.251008 0.521468
0.627989 0.36549 0.447931
0.59459 0.295312 0.589847
0.349014 0.283304 0.524778
0.691377 0.219919 0.508368
0.588872 0.503136 0.588569
0.508388 0.286374 0.656713
0.514937 0.304287 0.654185
0.426842 0.301802 0.329263
0.60865 0.351195 0.41113
0.655845 0.229916 0.466188
0.668461 0.317056 0.589459
0.322709 0.205141 0.461873
0.347121 0.324448 0.600619
0.40766 0.301609 0.625407
0.610069 0.387187 0.428782
0.392995 0.380986 0.547544
0.341561 0.372399 0.64703
0.706217 0.429451 0.551605
0.690123 0.26142 0.538717
0.537585 0.503059 0.631114
0.548326 0.352114 0.610981
0.540721 0.345354 0.627112
0.370035 0.331734 0.438053
0.288843 0.382334 0.575752
0.467151 0.273069 0.653037
0.353872 0.314188 0.515269
0.399386 0.383824 0.55452
0.611963 0.351762 0.417748
0.526915 0.320022 0.635379
0.428851 0.373515 0.606427
0.639248 0.499873 0.424565
0.615544 0.384507 0.43248
0.349336 0.510471 0.456962
0.678572 0.318689 0.580752
0.550429 0.377618 0.379695
0.683959 0.291554 0.434729
0.581454 0.522784 0.44372
0.299752 0.345153 0.404653
0.342577 0.272824 0.440046
0.682912 0.225326 0.531227
0.381256 0.403221 0.581196
0.513974 0.302256 0.661192
0.437376 0.349042 0.608859
0.403713 0.299051 0.354287
0.393594 0.303424 0.604739
0.459642 0.237865 0.304622
0.55611 0.281263 0.62575
0.646422 0.326899 0.359716
0.394992 0.409456 0.583291
0.446034 0.2626 0.316612
0.596453 0.32084 0.563398
0.299698 0.360809 0.38947
0.661565 0.485062 0.520989
0.672765 0.380847 0.61026
0.469398 0.304564 0.261552
0.488178 0.260626 0.283278
0.596854 0.510016 0.554997
0.484045 0.223837 0.34662
0.568545 0.300596 0.598499
0.39833 0.300982 0.636068
0.695963 0.448512 0.545139
0.379958 0.396866 0.559036
0.349709 0.203608 0.47492
0.665615 0.215794 0.526241
0.649482 0.495042 0.438439
0.696449 0.337243 0.393638
0.450597 0.346868 0.259719
0.487464 0.228321 0.656716
0.348363 0.32431 0.509866
0.408101 0.394552 0.594931
0.714499 0.391208 0.413748
0.49717 0.262925 0.346885
0.376755 0.304204 0.553657
0.527781 0.267482 0.6453
0.407042 0.386908 0.605272
0.563962 0.390903 0.389553
0.541709 0.292886 0.329368
0.598475 0.315416 0.56503
0.265454 0.362204 0.527859
0.40119 0.29977 0.361017
0.554155 0.279119 0.688781
0.591593 0.299166 0.367184
0.478516 0.285132 0.654925
0.643421 0.261281 0.54735
0.580823 0.299702 0.59406
0.277896 0.361872 0.560319
0.709775 0.271661 0.502683
0.557761 0.495857 0.341226
0.385193 0.300183 0.606084
0.545828 0.339556 0.610888
0.40548 0.300975 0.629659
0.507098 0.22258 0.318765
0.724844 0.381509 0.431409
0.706161 0.425612 0.554811
0.533686 0.284103 0.637142
0.515894 0.525916 0.522873
0.686184 0.21864 0.521344
0.276481 0.308881 0.452337
0.407842 0.298849 0.655187
0.657071 0.234167 0.495319
0.655299 0.20036 0.508283
0.494517 0.526694 0.402402
0.286215 0.282389 0.448435
0.639325 0.304124 0.527098
0.483754 0.204043 0.349788
0.537091 0.328239 0.623513
0.420165 0.398356 0.705791
0.544778 0.266818 0.647373
0.344546 0.240731 0.494638
0.561687 0.520128 0.543611
0.318581 0.250922 0.507206
0.604414 0.378345 0.414026
0.299425 0.224599 0.483707
0.605068 0.330074 0.554136
0.699814 0.249553 0.487549
0.388299 0.311037 0.385573
0.343216 0.21584 0.469184
0.452408 0.325509 0.33911
0.447033 0.269357 0.303688
0.478589 0.522104 0.598293
0.499771 0.239665 0.34584
0.447497 0.333977 0.6281
0.585762 0.309237 0.32107
0.541065 0.268162 0.644294
0.624573 0.480892 0.600627
0.541969 0.370103 0.359584
0.66795 0.267482 0.48582
0.518135 0.485213 0.660594
0.485686 0.271715 0.651833
0.291321 0.332302 0.566213
0.502908 0.524351 0.576653
0.521677 0.415963 0.719416
0.368619 0.307519 0.409422
0.28474 0.312131 0.548884
0.295151 0.37623 0.391258
0.592395 0.375451 0.570259
0.507795 0.289973 0.343699
0.360756 0.368184 0.541398
0.334758 0.283421 0.466522
0.473424 0.526081 0.571301
0.32769 0.276475 0.438234
0.39334 0.300919 0.353837
0.437236 0.367571 0.625869
0.566929 0.523901 0.50319
0.518673 0.229442 0.688191
0.381437 0.386668 0.422563
0.401149 0.398738 0.579925
0.48474 0.234491 0.676136
0.476481 0.525497 0.574862
0.345838 0.343188 0.521373
0.355578 0.376339 0.323759
0.386127 0.312214 0.386896
0.559866 0.2925 0.62688
0.682217 0.217329 0.511797
0.374516 0.306357 0.561233
0.513458 0.482324 0.310242
0.66326 0.243738 0.494181
0.553156 0.325086 0.366665
0.320133 0.257307 0.508486
0.410133 0.514678 0.385505
0.633196 0.308334 0.45003
0.650437 0.247513 0.513975
0.442506 0.299965 0.281803
0.338604 0.250264 0.504832
0.495199 0.528017 0.415801
0.457316 0.255725 0.667118
0.485892 0.207457 0.314908
0.512934 0.244582 0.326031
0.619463 0.308905 0.623122
0.430856 0.308978 0.627386
0.546172 0.374776 0.36215
0.498713 0.233905 0.683173
0.396244 0.491902 0.640516
0.592735 0.317112 0.571018
0.66957 0.238869 0.461824
0.456129 0.303995 0.333399
0.535909 0.329489 0.636311
0.370968 0.309414 0.424828
0.581545 0.484284 0.631461
0.398264 0.390508 0.597732
0.36693 0.374747 0.547934
0.478488 0.530002 0.436832
0.30457 0.232214 0.49021
0.489925 0.259641 0.654455
0.577208 0.355524 0.579671
0.367234 0.358638 0.532717
0.615173 0.334628 0.408958
0.376577 0.31812 0.410813
0.300469 0.256522 0.452868
0.340972 0.490684 0.391269
0.420245 0.363165 0.597253
0.367782 0.31106 0.42212
0.651775 0.276335 0.559778
0.700771 0.26198 0.498587
0.33526 0.273317 0.464863
0.498918 0.236251 0.672138
0.456291 0.271289 0.326373
0.641607 0.297347 0.529358
0.389234 0.391837 0.56166
0.341877 0.351432 0.451068
0.420518 0.365405 0.616277
0.578982 0.355368 0.577541
0.39575 0.317561 0.560275
0.615639 0.367346 0.31331
0.334358 0.191264 0.474598
0.457901 0.326684 0.645993
0.682468 0.231546 0.530053
0.525296 0.426622 0.27115
0.432952 0.327349 0.354211
0.440427 0.335541 0.271013
0.595599 0.314486 0.326566
0.558466 0.280894 0.658752
0.539886 0.375511 0.259132
0.534792 0.528737 0.465015
0.481644 0.236572 0.660013
0.655181 0.226386 0.502846
0.5156 0.244553 0.317457
0.55895 0.351819 0.604485
0.299737 0.234427 0.484871
0.375347 0.326457 0.430064
0.635197 0.317808 0.424653
0.393091 0.527429 0.499157
0.388816 0.471948 0.65822
0.370654 0.315991 0.417683
0.417296 0.363938 0.595146
0.468376 0.294856 0.65224
0.646881 0.474068 0.580895
0.308646 0.461816 0.398606
0.567062 0.369665 0.383006
0.402255 0.334002 0.387024
0.393517 0.402877 0.289239
0.503723 0.527595 0.431822
0.424004 0.358957 0.605263
0.348345 0.327294 0.605195
0.422964 0.326283 0.305964
0.504811 0.238313 0.331762
0.396477 0.351729 0.288289
0.378675 0.348907 0.676654
0.323115 0.253038 0.452214
0.673443 0.250835 0.479022
0.528607 0.293861 0.642738
0.511993 0.234594 0.697179
0.677737 0.34596 0.601296
0.408313 0.339643 0.38182
0.390999 0.392255 0.567213
0.331375 0.21926 0.471222
0.413173 0.529297 0.45284
0.613157 0.385604 0.419212
0.599182 0.342649 0.302282
0.316937 0.237607 0.498771
0.486895 0.23846 0.670756
0.513651 0.238974 0.701326
0.564162 0.317492 0.600033
0.414556 0.369606 0.604388
0.396897 0.348151 0.400626
0.32849 0.29457 0.55172
0.508768 0.526962 0.497976
0.531299 0.493225 0.326526
0.40254 0.413943 0.28461
0.366922 0.314774 0.421956
0.500433 0.242018 0.67028
0.505075 0.272538 0.331805
0.35096 0.34056 0.634357
0.444744 0.271822 0.68663
0.498721 0.23032 0.322064
0.324075 0.25832 0.505492
0.434987 0.342098 0.614625
0.710234 0.274932 0.464608
0.597015 0.327495 0.388051
0.489269 0.28674 0.659829
0.385347 0.311787 0.571061
0.51756 0.271269 0.656632
0.489561 0.225349 0.310078
0.579113 0.397312 0.28557
0.325085 0.210497 0.468984
0.387667 0.327709 0.40042
0.567248 0.351279 0.598031
0.734024 0.3296 0.462398
0.595036 0.399704 0.388964
0.458649 0.284027 0.323147
0.46947 0.253113 0.316649
0.727029 0.301169 0.461851
0.325836 0.301317 0.533039
0.497664 0.273513 0.661575
0.326778 0.242182 0.500814
0.69707 0.264798 0.524344
0.360459 0.307891 0.410207
0.602668 0.431897 0.667488
0.591133 0.311095 0.667914
0.65742 0.21968 0.507229
0.387769 0.339888 0.544307
0.425741 0.313638 0.333655
0.37483 0.331286 0.537537
0.572314 0.294438 0.34183
0.463607 0.2593 0.668702
0.364058 0.313843 0.425733
0.565455 0.329651 0.599252
0.391507 0.377019 0.409908
0.604279 0.316839 0.569031
0.506092 0.375661 0.255138
0.439387 0.349434 0.630044
0.588083 0.362592 0.590561
0.333098 0.304668 0.536256
0.307342 0.204935 0.475003
0.464583 0.528995 0.442605
0.589879 0.434487 0.303997
0.322139 0.235871 0.46324
0.565537 0.301645 0.613688
0.510312 0.243628 0.677048
0.604924 0.309369 0.579578
0.673804 0.293588 0.483526
0.455534 0.274849 0.652198
0.40525 0.361081 0.606958
0.56206 0.34308 0.609476
0.267444 0.405724 0.452841
0.462515 0.263163 0.663661
0.535617 0.333098 0.258887
0.511981 0.526447 0.497576
0.630617 0.295523 0.550021
0.389914 0.382021 0.565576
0.484219 0.243992 0.685445
0.525664 0.517668 0.600264
0.691529 0.24059 0.515037
0.686631 0.462939 0.528671
0.526744 0.504829 0.630349
0.642784 0.312183 0.372321
0.304649 0.262197 0.452891
0.384258 0.319958 0.350839
0.503031 0.248522 0.317295
0.594072 0.304113 0.367573
0.606555 0.313111 0.574932
0.345988 0.315759 0.445644
0.373434 0.52063 0.487721
0.494193 0.246179 0.684594
0.568138 0.385138 0.371208
0.389268 0.338218 0.40026
0.360711 0.318489 0.436056
0.318626 0.239863 0.464113
0.320143 0.244597 0.463431
0.428995 0.34001 0.612834
0.672232 0.328221 0.37997
0.604896 0.512636 0.424277
0.523925 0.277191 0.657686
0.738181 0.338947 0.46867
0.303943 0.478854 0.509177
0.467969 0.247472 0.692201
0.533333 0.307043 0.333576
0.459703 0.258402 0.299765
0.442573 0.497136 0.648235
0.609411 0.357964 0.401102
0.434496 0.336757 0.343076
0.41921 0.492963 0.339628
0.432262 0.479179 0.668096
0.390442 0.372279 0.573576
0.687005 0.418878 0.582977
0.518501 0.502118 0.636265
0.387334 0.324636 0.387136
0.597919 0.322373 0.574673
0.550145 0.276679 0.665585
0.532686 0.319541 0.262409
0.403601 0.370986 0.591681
0.383173 0.305758 0.600962
0.410411 0.353784 0.609843
0.342417 0.360245 0.344255
0.310818 0.240653 0.465812
0.611247 0.310755 0.383127
0.470909 0.294327 0.725717
0.332067 0.31127 0.454613
0.530843 0.31741 0.333298
0.650737 0.269395 0.535574
0.629214 0.347691 0.432012
0.528354 0.314706 0.330353
0.682299 0.261469 0.474783
0.349261 0.322672 0.530602
0.578171 0.387644 0.376582
0.442422 0.530022 0.487465
0.395574 0.349737 0.394023
0.620275 0.509079 0.488759
0.450212 0.524007 0.581531
0.522242 0.276406 0.666606
0.612604 0.375616 0.401218
0.601482 0.330404 0.570447
0.459918 0.302707 0.721566
0.440099 0.444489 0.286062
0.70892 0.388628 0.404077
0.651713 0.306585 0.447061
0.306773 0.29561 0.531663
0.419908 0.363871 0.709865
0.395926 0.30875 0.345269
0.551943 0.485696 0.327467
0.518939 0.526264 0.485284
0.674846 0.269011 0.489677
0.687452 0.258206 0.48141
0.438813 0.299948 0.307698
0.499474 0.275841 0.283159
0.462279 0.25755 0.697125
0.612029 0.343705 0.314758
0.718213 0.389437 0.42369
0.309462 0.298973 0.536076
0.292674 0.416933 0.385322
0.503864 0.470146 0.677665
0.625698 0.31127 0.398046
0.656027 0.272523 0.531138
0.64805 0.314275 0.455093
0.295782 0.316368 0.555728
0.459124 0.526785 0.523298
0.681483 0.270789 0.478315
0.465854 0.268028 0.66558
0.717652 0.384405 0.556087
0.411595 0.359079 0.374646
0.642394 0.303127 0.594688
0.494126 0.268428 0.310324
0.491894 0.261473 0.668141
0.637324 0.487479 0.558487
0.350467 0.313312 0.436328
0.634225 0.495268 0.539088
0.622551 0.429439 0.649917
0.493452 0.254974 0.682796
0.266856 0.308932 0.475356
0.493918 0.527234 0.466761
0.396392 0.363743 0.596323
0.690795 0.263609 0.480876
0.371118 0.337761 0.425266
0.456068 0.298193 0.275905
0.317834 0.309592 0.524333
0.360569 0.332463 0.544357
0.328324 0.473158 0.380757
0.447705 0.39184 0.268889
0.570397 0.438932 0.681925
0.722874 0.377438 0.428794
0.396716 0.521081 0.429201
0.332101 0.502229 0.49262
0.315597 0.489981 0.504523
0.409111 0.330653 0.602359
0.285165 0.291997 0.515378
0.611616 0.31065 0.370459
0.397681 0.326686 0.328829
0.625087 0.357215 0.409096
0.294328 0.264665 0.479814
0.647832 0.321207 0.443979
0.324824 0.438955 0.619314
0.499435 0.252424 0.696339
0.608616 0.316216 0.346414
0.310838 0.294569 0.501942
0.644713 0.326619 0.443964
0.610408 0.484289 0.605216
0.386562 0.319876 0.581511
0.45553 0.276515 0.307808
0.278743 0.299231 0.457354
0.713758 0.380057 0.412865
0.331949 0.321206 0.569373
0.410062 0.34636 0.371269
0.441567 0.451377 0.691035
0.366875 0.333436 0.394256
0.676874 0.274925 0.543045
0.502255 0.281271 0.310104
0.623119 0.353863 0.409346
0.606045 0.32258 0.577594
0.610604 0.512254 0.455375
0.676064 0.268838 0.498611
0.555739 0.498037 0.623477
0.507742 0.323341 0.261768
0.656969 0.306517 0.459994
0.626384 0.506081 0.483091
0.322905 0.321212 0.520033
0.321358 0.319308 0.5187
0.521652 0.520011 0.395852
0.667933 0.472913 0.542282
0.347049 0.36714 0.647868
0.383933 0.338528 0.557683
0.393752 0.342548 0.578442
0.438791 0.284429 0.665574
0.562837 0.406516 0.280237
0.402178 0.372515 0.378626
0.540133 0.447582 0.290733
0.652416 0.318892 0.441883
0.630033 0.34496 0.414482
0.268119 0.38503 0.447941
0.551712 0.441875 0.688964
0.339031 0.318257 0.435177
0.343968 0.349276 0.63542
0.387803 0.346429 0.567903
0.560872 0.312501 0.286914
0.674451 0.271224 0.507801
0.478843 0.269867 0.293415
0.562711 0.320102 0.620475
0.579365 0.520296 0.460344
0.523481 0.300475 0.314256
0.493009 0.298865 0.2691
0.388699 0.524442 0.494025
0.626852 0.307309 0.380752
0.642702 0.496697 0.445246
0.546543 0.499864 0.625843
0.361248 0.353449 0.42813
0.405628 0.328686 0.326319
0.528072 0.523857 0.457233
0.359684 0.332866 0.392091
0.425495 0.354722 0.27578
0.683327 0.295251 0.458213
0.475321 0.261695 0.687411
0.655659 0.473229 0.387711
0.678703 0.279806 0.5435
0.568233 0.337582 0.369042
0.427185 0.333444 0.626539
0.667507 0.429825 0.605379
0.502902 0.285964 0.278094
0.265899 0.327608 0.484219
0.463359 0.277427 0.664922
0.294666 0.301714 0.514254
0.406744 0.35 0.369638
0.353583 0.32409 0.421066
0.678747 0.302176 0.431282
0.435455 0.451952 0.687934
0.593149 0.399026 0.296175
0.513209 0.265704 0.697135
0.594484 0.335846 0.31047
0.396686 0.352355 0.592064
0.36237 0.327485 0.407759
0.505326 0.272079 0.703196
0.399942 0.350984 0.379699
0.58361 0.30627 0.634553
0.582872 0.326154 0.370455
0.431137 0.320579 0.317529
0.624586 0.492371 0.560502
0.3457 0.330125 0.576453
0.698016 0.283595 0.504134
0.512776 0.275296 0.704406
0.70363 0.434439 0.543534
0.675511 0.303068 0.440817
0.320925 0.307663 0.450312
0.317113 0.349209 0.595545
0.50443 0.275086 0.706253
0.33206 0.322274 0.541419
0.682833 0.262688 0.521664
0.58672 0.379505 0.292225
0.665188 0.287033 0.557221
0.479693 0.522185 0.543606
0.417705 0.311977 0.643222
0.623979 0.488816 0.380028
0.306973 0.302644 0.546386
0.446536 0.286065 0.650236
0.667322 0.264555 0.526013
0.38199 0.35691 0.39158
0.482342 0.524239 0.451266
0.576005 0.314141 0.676724
0.431926 0.29711 0.67206
0.378976 0.334939 0.578472
0.689726 0.302916 0.429557
0.65911 0.379278 0.621225
0.319139 0.314762 0.449412
0.414599 0.340081 0.340908
0.716087 0.302842 0.532933
0.59031 0.308368 0.638543
0.302931 0.307534 0.528925
0.487765 0.521855 0.515302
0.473946 0.300231 0.272358
0.453503 0.32986 0.271501
0.31047 0.297424 0.452853
0.305609 0.333584 0.566392
0.688042 0.460162 0.502347
0.381229 0.523172 0.523038
0.39722 0.356537 0.379702
0.493765 0.270411 0.700365
0.674188 0.308268 0.45775
0.311706 0.300799 0.454039
0.388688 0.326587 0.60382
0.484967 0.286528 0.28424
0.56922 0.387622 0.705474
0.401765 0.320327 0.644509
0.616225 0.451944 0.635515
0.47606 0.525844 0.421801
0.486434 0.521015 0.540027
0.587888 0.310787 0.630379
0.603229 0.350713 0.584038
0.451601 0.522169 0.579947
0.259916 0.36791 0.489085
0.376127 0.328146 0.582111
0.704274 0.31954 0.427835
0.344516 0.336304 0.577873
0.487187 0.522074 0.493305
0.383569 0.350236 0.382885
0.453255 0.276166 0.685724
0.573223 0.357572 0.706244
0.713289 0.341615 0.423421
0.322136 0.346594 0.379216
0.481387 0.324712 0.263837
0.359518 0.344557 0.356345
0.485809 0.522381 0.488025
0.526927 0.289274 0.294923
0.390038 0.355835 0.605862
0.394303 0.437378 0.302777
0.597509 0.493373 0.593389
0.551386 0.307216 0.651774
0.285469 0.289345 0.47236
0.701582 0.330654 0.418108
0.536439 0.296934 0.303436
0.63746 0.329725 0.405667
0.561857 0.306986 0.295947
0.293577 0.456887 0.535976
0.682566 0.293252 0.503127
0.465501 0.2886 0.668151
0.405896 0.343737 0.35052
0.482354 0.518507 0.592828
0.564576 0.331375 0.284754
0.308807 0.329858 0.431941
0.399408 0.328836 0.360058
0.341512 0.35002 0.356646
0.692572 0.29926 0.461463
0.515313 0.36053 0.255897
0.434801 0.385164 0.274868
0.398979 0.328086 0.624424
0.354835 0.354947 0.418262
0.578259 0.316931 0.322238
0.418379 0.312557 0.664443
0.306999 0.345573 0.572877
0.674774 0.323532 0.458306
0.686077 0.289468 0.514434
0.506715 0.308679 0.720182
0.651529 0.487216 0.507016
0.688523 0.449496 0.424245
0.35959 0.492428 0.383069
0.560024 0.51875 0.470121
0.374629 0.361663 0.597643
0.375108 0.364721 0.389708
0.663511 0.341386 0.599992
0.5749 0.515531 0.52464
0.609143 0.492687 0.376376
0.470891 0.518098 0.595476
0.479861 0.5222 0.458619
0.36738 0.345896 0.386724
0.666307 0.291545 0.55234
0.272547 0.389204 0.530392
0.618796 0.352149 0.324998
0.428224 0.523991 0.438606
0.644908 0.314172 0.577504
0.379821 0.376594 0.381
0.37752 0.334709 0.338259
0.328405 0.494628 0.45258
0.618012 0.344236 0.581681
0.280324 0.439121 0.494795
0.550586 0.515739 0.420881
0.583433 0.515294 0.509105
0.65562 0.314951 0.38872
0.277125 0.340078 0.538346
0.623417 0.32525 0.387463
0.607823 0.511476 0.477034
0.455015 0.284741 0.698179
0.451455 0.411991 0.273574
0.658549 0.48331 0.420842
0.329724 0.346103 0.60688
0.310774 0.351369 0.399931
0.69335 0.319266 0.477139
0.460367 0.27943 0.694456
0.527135 0.314818 0.718377
0.314874 0.48376 0.456974
0.616905 0.502988 0.413622
0.571865 0.306822 0.662389
0.315501 0.328538 0.44099
0.351983 0.347744 0.409957
0.549936 0.308184 0.308432
0.531692 0.290257 0.687464
0.534975 0.296114 0.697824
0.510363 0.307467 0.28569
0.528218 0.379862 0.263449
0.708653 0.398549 0.412067
0.312323 0.353745 0.388668
0.561449 0.504356 0.375178
0.372713 0.356122 0.382016
0.466505 0.42698 0.713839
0.709808 0.299526 0.482425
0.590687 0.515758 0.469215
0.330387 0.338751 0.391768
0.532825 0.330011 0.72112
0.326182 0.493272 0.538717
0.692847 0.304193 0.497344
0.402278 0.32993 0.641356
0.467462 0.290003 0.712879
0.390649 0.343065 0.614599
0.545968 0.302745 0.299789
0.547889 0.515327 0.427817
0.590246 0.512312 0.42722
0.332761 0.327341 0.565401
0.378012 0.338385 0.354233
0.417051 0.326156 0.673343
0.421346 0.524396 0.553911
0.593779 0.492981 0.366951
0.37626 0.343418 0.611698
0.6924 0.31603 0.495994
0.677069 0.344793 0.381187
0.545604 0.321037 0.709385
0.724774 0.40908 0.460335
0.581391 0.509708 0.405819
0.270187 0.405388 0.459238
0.49127 0.335379 0.2649
0.303495 0.323726 0.447425
0.442592 0.296023 0.679901
0.485171 0.360155 0.259226
0.587013 0.441967 0.313576
0.50898 0.468154 0.674516
0.635535 0.42509 0.635234
0.369844 0.355686 0.371139
0.282105 0.391358 0.427226
0.438627 0.303624 0.65699
0.31475 0.32655 0.560751
0.289642 0.362252 0.422454
0.484407 0.519123 0.479522
0.432267 0.356311 0.277402
0.276381 0.417951 0.444655
0.707466 0.303789 0.491033
0.330599 0.419532 0.634878
0.612453 0.332582 0.362986
0.310896 0.447479 0.385605
0.33347 0.461859 0.368475
0.603626 0.506088 0.409956
0.488579 0.286095 0.699021
0.335137 0.343984 0.416746
0.456521 0.518685 0.586277
0.487879 0.292685 0.68569
0.281641 0.305574 0.47428
0.267994 0.398608 0.491227
0.603187 0.332235 0.604818
0.367814 0.342786 0.615406
0.264987 0.382151 0.488092
0.690682 0.31414 0.512743
0.42115 0.525587 0.494137
0.560962 0.322082 0.693859
0.401417 0.507559 0.387718
0.55594 0.511609 0.413404
0.514709 0.311403 0.692692
0.610641 0.345076 0.597582
0.283607 0.314035 0.495229
0.64427 0.332697 0.580053
0.389236 0.50524 0.391509
0.667496 0.459865 0.559064
0.462659 0.519755 0.463448
0.696692 0.340569 0.411248
0.48942 0.299069 0.68784
0.271052 0.417174 0.469804
0.688971 0.308062 0.522034
0.31643 0.346107 0.432579
0.59745 0.334393 0.650434
0.693703 0.316462 0.50318
0.34571 0.349819 0.603979
0.305862 0.470191 0.540778
0.378591 0.342892 0.333698
0.385953 0.342357 0.651516
0.705752 0.330756 0.554412
0.366344 0.459936 0.645704
0.327018 0.354095 0.593382
0.339124 0.424405 0.642578
0.389471 0.422331 0.682467
0.489579 0.303118 0.687521
0.372199 0.353961 0.606922
0.679203 0.335698 0.395433
0.671705 0.318495 0.570929
0.331586 0.348233 0.407563
0.494906 0.401269 0.26978
0.566344 0.512825 0.443041
0.36381 0.361121 0.356082
0.688337 0.31129 0.528036
0.619038 0.35136 0.660665
0.572152 0.329785 0.681601
0.698557 0.338342 0.418463
0.533693 0.513033 0.43026
0.291686 0.321204 0.509553
0.45435 0.438766 0.701397
0.316761 0.332627 0.561252
0.555392 0.478473 0.644144
0.269591 0.388066 0.501289
0.56655 0.318545 0.666394
0.402434 0.373489 0.293028
0.33773 0.352293 0.573073
0.640706 0.34707 0.614311
0.275547 0.417154 0.515229
0.569739 0.411336 0.290779
0.652555 0.328874 0.569589
0.526042 0.513968 0.508223
0.525558 0.513662 0.517322
0.732921 0.354411 0.505445
0.390466 0.403241 0.683141
0.525605 0.395616 0.720788
0.395199 0.358997 0.328542
0.651031 0.430665 0.348044
0.388767 0.363472 0.302238
0.669827 0.320778 0.417495
0.623481 0.377672 0.32794
0.293693 0.320472 0.537906
0.657043 0.323314 0.569695
0.666258 0.405424 0.358795
0.400463 0.520739 0.462583
0.5496 0.317779 0.680039
0.64473 0.344029 0.600449
0.275087 0.323275 0.488537
0.38176 0.356002 0.626693
0.305818 0.386299 0.583767
0.679976 0.31687 0.551233
0.376222 0.37283 0.31528
0.583265 0.339289 0.67394
0.456976 0.43271 0.281259
0.513313 0.513268 0.446358
0.474486 0.364965 0.263008
0.723028 0.336859 0.521063
0.350901 0.36087 0.606979
0.277536 0.41558 0.529489
0.675095 0.318342 0.554325
0.706802 0.424584 0.431941
0.376957 0.353876 0.658354
0.290393 0.410439 0.408225
0.297877 0.439333 0.563828
0.290029 0.418555 0.564517
0.432981 0.328669 0.688479
0.697982 0.317072 0.452302
0.371408 0.352582 0.331906
0.28961 0.32277 0.516875
0.519259 0.409955 0.274687
0.440153 0.309898 0.670729
0.721924 0.321468 0.477466
0.350737 0.371763 0.346162
0.593526 0.390275 0.680821
0.388722 0.520135 0.50922
0.681526 0.371349 0.582945
0.410864 0.523448 0.515076
0.727035 0.337195 0.494557
0.477855 0.514419 0.539936
0.516642 0.513455 0.483639
0.639094 0.44523 0.615645
0.525571 0.5029 0.35324
0.675567 0.466927 0.481108
0.5893 0.415889 0.675771
0.564971 0.511893 0.509479
0.27671 0.384075 0.445643
0.315909 0.364605 0.393033
0.721137 0.32703 0.461965
0.679941 0.328881 0.562371
0.476024 0.327537 0.718211
0.510085 0.511686 0.451488
0.629528 0.366962 0.342496
0.289525 0.438741 0.542727
0.550595 0.328233 0.685982
0.431429 0.359719 0.302365
0.62489 0.470727 0.599668
0.610433 0.432016 0.649875
0.278202 0.339702 0.51067
0.497202 0.514976 0.396621
0.614072 0.352564 0.654317
0.458474 0.304666 0.684838
0.269634 0.397231 0.467254
0.672137 0.336092 0.429951
0.445038 0.311994 0.678383
0.42368 0.377731 0.286126
0.500729 0.456654 0.296071
0.511538 0.473486 0.664968
0.284911 0.334289 0.494775
0.442479 0.454701 0.683821
0.657263 0.33345 0.397368
0.456891 0.517038 0.474681
0.341892 0.369762 0.604694
0.298891 0.331012 0.541629
0.60316 0.487171 0.591341
0.707239 0.324582 0.48072
0.656614 0.353129 0.588578
0.469112 0.425064 0.712381
0.313881 0.477968 0.540939
0.715392 0.384164 0.428515
0.525556 0.51029 0.59086
0.454351 0.417086 0.278496
0.38546 0.363344 0.649714
0.29503 0.36409 0.433813
0.438631 0.493185 0.643532
0.677124 0.333936 0.560369
0.672895 0.337947 0.566519
0.48968 0.510839 0.466464
0.341073 0.485966 0.579022
0.572845 0.510604 0.465146
0.591197 0.400978 0.305047
0.618639 0.354123 0.620645
0.504367 0.326697 0.713086
0.58936 0.354753 0.313102
0.670415 0.335892 0.423401
0.547 0.352481 0.713014
0.312072 0.418549 0.604532
0.453665 0.357078 0.279621
0.619622 0.354412 0.345563
0.652516 0.359078 0.581744
0.288963 0.344386 0.516699
0.647991 0.366252 0.364228
0.398111 0.351832 0.667394
0.510224 0.323753 0.709225
0.43832 0.394102 0.281879
0.446233 0.323653 0.694291
0.675178 0.349438 0.574696
0.466425 0.317416 0.710629
0.70941 0.337803 0.437734
0.516163 0.348881 0.27595
0.477151 0.511898 0.508354
0.459459 0.481164 0.318119
0.531103 0.351053 0.274639
0.590502 0.3604 0.659201
0.348594 0.371597 0.61675
0.554394 0.328406 0.688796
0.359734 0.367021 0.624471
0.683121 0.351497 0.571243
0.278959 0.394398 0.52364
0.278243 0.356007 0.463808
0.592036 0.353574 0.328944
0.323405 0.370458 0.577913
0.517035 0.48863 0.642138
0.465729 0.511997 0.476019
0.586538 0.433862 0.312984
0.29272 0.384972 0.424527
0.6035 0.503978 0.435875
0.504997 0.356417 0.721673
0.440804 0.371914 0.283252
0.704675 0.436952 0.476536
0.614631 0.363 0.636074
0.699756 0.435463 0.447506
0.526088 0.509454 0.560524
0.448662 0.419134 0.28289
0.517606 0.481765 0.651342
0.709267 0.326179 0.455781
0.583041 0.372943 0.30405
0.453588 0.443923 0.291009
0.713521 0.339806 0.520652
0.517338 0.364745 0.273937
0.585601 0.408841 0.676761
0.44312 0.366862 0.288947
0.716099 0.363276 0.431153
0.461853 0.506957 0.363204
0.59665 0.40172 0.670925
0.270451 0.37672 0.483732
0.300444 0.449285 0.433214
0.614013 0.363655 0.345908
0.420915 0.516039 0.422524
0.351649 0.470767 0.367712
0.667491 0.354908 0.381073
0.542551 0.506867 0.5757
0.586033 0.415713 0.303836
0.44171 0.510573 0.385298
0.363868 0.372901 0.644943
0.332579 0.47423 0.39416
0.281371 0.365899 0.508963
0.474191 0.509146 0.466894
0.507154 0.341271 0.707686
0.457037 0.512341 0.477965
0.445371 0.499265 0.35496
0.71732 0.401599 0.448204
0.703551 0.340705 0.528036
0.64965 0.452981 0.589636
0.570252 0.355938 0.682004
0.560219 0.5014 0.388889
0.590234 0.500193 0.39622
0.462153 0.512037 0.457018
0.580411 0.35755 0.312629
0.645703 0.445691 0.603781
0.379653 0.382952 0.668916
0.302622 0.39174 0.408824
0.660768 0.3688 0.579101
0.685827 0.341785 0.426929
0.70561 0.388358 0.553683
0.710103 0.342387 0.520655
0.652295 0.376428 0.58091
0.580721 0.398073 0.30272
0.450152 0.387574 0.280687
0.523166 0.360476 0.279667
0.366348 0.419885 0.323183
0.563331 0.503129 0.564358
0.678868 0.432082 0.56798
0.672958 0.36114 0.573429
0.379935 0.378793 0.652874
0.582845 0.504873 0.413343
0.414766 0.376473 0.693426
0.59319 0.496131 0.386429
0.447818 0.334373 0.689901
0.701887 0.346055 0.517994
0.34711 0.397131 0.639406
0.596939 0.37352 0.320983
0.604285 0.37545 0.654737
0.530389 0.505875 0.41257
0.540709 0.484553 0.635844
0.42927 0.516923 0.474947
0.505314 0.510093 0.406804
0.689097 0.363992 0.562803
0.70596 0.421239 0.442703
0.476267 0.514613 0.418676
0.717528 0.359807 0.528948
0.352076 0.389802 0.637326
0.277248 0.377205 0.473142
0.294585 0.440457 0.455228
0.458967 0.509877 0.533073
0.729614 0.380085 0.476458
0.415364 0.503367 0.381263
0.538897 0.456734 0.668454
0.584325 0.397782 0.677116
0.590017 0.499823 0.551758
0.505869 0.36598 0.718481
0.319623 0.407269 0.374176
0.613118 0.386113 0.340404
0.673303 0.458444 0.527567
0.704169 0.343701 0.443833
0.287343 0.424465 0.457538
0.581747 0.41827 0.304919
0.634217 0.396103 0.371064
0.482529 0.509732 0.584175
0.397019 0.382729 0.663519
0.511677 0.355307 0.712673
0.71536 0.353975 0.524366
0.478153 0.402587 0.715591
0.275543 0.385877 0.469923
0.437075 0.453883 0.306241
0.72732 0.356993 0.475646
0.292178 0.436243 0.468708
0.627103 0.414541 0.332877
0.409879 0.503846 0.389182
0.548966 0.502686 0.417172
0.288338 0.409097 0.53877
0.387999 0.511074 0.470177
0.647097 0.395885 0.606528
0.448318 0.510633 0.536458
0.699673 0.433535 0.502822
0.308127 0.394815 0.418313
0.598337 0.409758 0.66081
0.311184 0.43862 0.395305
0.635824 0.3887 0.365656
0.442879 0.352605 0.691839
0.664225 0.468673 0.446463
0.720306 0.391759 0.506167
0.64637 0.406334 0.593179
0.521258 0.505362 0.388576
0.469779 0.506025 0.473612
0.294126 0.44423 0.528309
0.352054 0.501463 0.492152
0.293713 0.420475 0.439122
0.320498 0.472179 0.556544
0.621033 0.44889 0.621285
0.62157 0.383926 0.635173
0.349901 0.41675 0.646805
0.51028 0.502133 0.609372
0.524805 0.503715 0.475533
0.348694 0.497241 0.467647
0.55224 0.411994 0.694442
0.384887 0.464972 0.341273
0.433954 0.371248 0.702035
0.432055 0.402005 0.29376
0.627224 0.399771 0.357089
0.718606 0.353952 0.480632
0.467011 0.379858 0.284221
0.303644 0.444313 0.44865
0.435604 0.365328 0.687035
0.303606 0.411174 0.563623
0.61861 0.487054 0.392088
0.308152 0.450614 0.445416
0.332352 0.486646 0.468811
0.34603 0.42519 0.62097
0.501018 0.37469 0.713964
0.560483 0.497476 0.387016
0.57625 0.409273 0.675592
0.719243 0.363374 0.489951
0.560543 0.414412 0.685797
0.416132 0.438953 0.307591
0.384761 0.401686 0.656305
0.463551 0.385384 0.713189
0.69805 0.363757 0.43245
0.296306 0.415303 0.44114
0.320723 0.417565 0.582993
0.306616 0.45205 0.460706
0.609698 0.393778 0.645229
0.681438 0.376172 0.564845
0.411949 0.386878 0.682781
0.337128 0.42293 0.627665
0.661772 0.421038 0.364552
0.486172 0.471874 0.314586
0.60439 0.424096 0.321097
0.688892 0.363141 0.551378
0.644019 0.406725 0.604861
0.721419 0.363172 0.468515
0.61009 0.398506 0.335534
0.561594 0.397206 0.298848
0.536446 0.406279 0.288617
0.489502 0.387354 0.289652
0.447596 0.420422 0.291246
0.702858 0.363839 0.543935
0.409836 0.389251 0.681782
0.389102 0.407884 0.656791
0.448799 0.41261 0.295165
0.506163 0.390156 0.29464
0.659337 0.46982 0.420305
0.597937 0.497854 0.41263
0.313081 0.465094 0.481431
0.487553 0.502475 0.500001
0.687707 0.37354 0.55507
0.560989 0.503045 0.497008
0.418838 0.498501 0.620965
0.655782 0.45552 0.560001
0.579976 0.422028 0.310768
0.364127 0.432394 0.652087
0.403844 0.512745 0.498964
0.662707 0.450543 0.557453
0.714302 0.366545 0.466077
0.576813 0.387987 0.668557
0.707259 0.364074 0.453741
0.596187 0.404932 0.330548
0.462199 0.362466 0.703268
0.577465 0.50267 0.462936
0.442996 0.419748 0.296285
0.479463 0.502744 0.506287
0.67995 0.445475 0.431592
0.454759 0.453159 0.680341
0.655819 0.468515 0.512765
0.660446 0.425951 0.367042
0.506775 0.504854 0.398582
0.601768 0.492556 0.394345
0.42464 0.42124 0.688206
0.457025 0.505046 0.471294
0.708169 0.370573 0.467963
0.411839 0.508171 0.41377
0.347521 0.473823 0.602817
0.508781 0.3697 0.704537
0.631032 0.488928 0.468352
0.309458 0.454092 0.541553
0.455276 0.5038 0.520307
0.327609 0.462022 0.407095
0.661818 0.410153 0.386333
0.561397 0.387297 0.681871
0.317107 0.467086 0.487689
0.692949 0.436583 0.4791
0.428809 0.464031 0.664321
0.357759 0.502211 0.533273
0.481959 0.463999 0.3122
0.476427 0.504945 0.581397
0.561711 0.499053 0.558668
0.301497 0.432772 0.505548
0.548159 0.502043 0.518618
0.459275 0.37092 0.703787
0.315098 0.452243 0.557944
0.560956 0.502264 0.515402
0.305546 0.415714 0.437584
0.657305 0.414798 0.573812
0.582004 0.502297 0.496916
0.554534 0.500773 0.482351
0.490717 0.42156 0.700518
0.545452 0.501851 0.514777
0.645865 0.425058 0.588565
0.558538 0.418706 0.303711
0.709493 0.41277 0.477594
0.298937 0.42215 0.458635
0.348705 0.487849 0.441156
0.507264 0.499447 0.476839
0.691826 0.411609 0.544312
0.652939 0.451539 0.569489
0.610913 0.49498 0.461481
0.696858 0.366424 0.531602
0.373375 0.507657 0.526914
0.443471 0.411833 0.696551
0.515493 0.411852 0.293313
0.327495 0.458236 0.409448
0.446929 0.504536 0.55741
0.570843 0.498485 0.548988
0.666636 0.410376 0.409163
0.411771 0.422166 0.676037
0.311626 0.452439 0.503963
0.4309 0.439635 0.315985
0.657354 0.462369 0.516027
0.410393 0.465707 0.656651
0.358129 0.44395 0.377733
0.421876 0.437549 0.67672
0.540757 0.383232 0.694731
0.682501 0.391228 0.420424
0.571313 0.409188 0.318277
0.596573 0.459677 0.622332
0.347703 0.466011 0.605013
0.431301 0.468169 0.331159
0.656794 0.409134 0.561563
0.568409 0.499034 0.465554
0.337241 0.486141 0.498425
0.449918 0.466747 0.322265
0.501645 0.415994 0.306224
0.672426 0.419661 0.394091
0.642193 0.428095 0.3769
0.536083 0.483398 0.627328
0.62056 0.430978 0.622913
0.664112 0.423311 0.56938
0.611775 0.461571 0.608374
0.411323 0.506221 0.419815
0.417786 0.508707 0.500495
0.497381 0.382048 0.694107
0.318832 0.455564 0.554039
0.592058 0.419359 0.646532
0.325229 0.45338 0.40788
0.663711 0.417733 0.389438
0.311077 0.433282 0.540534
0.325502 0.472179 0.523657
0.699823 0.386627 0.445838
0.686351 0.388016 0.54542
0.382802 0.447606 0.356928
0.638127 0.464933 0.553447
0.316442 0.454732 0.507715
0.704907 0.392291 0.506991
0.487345 0.459919 0.316278
0.306556 0.434771 0.466011
0.338553 0.453492 0.590719
0.563277 0.490265 0.39036
0.340976 0.450997 0.388137
0.459428 0.499774 0.54242
0.452245 0.500631 0.539746
0.307921 0.426689 0.481551
0.380384 0.499428 0.47816
0.560864 0.39917 0.670986
0.512483 0.448768 0.672106
0.5694 0.426697 0.661881
0.441238 0.444593 0.67697
0.413532 0.505979 0.578217
0.55567 0.493391 0.43571
0.491684 0.496156 0.607737
0.307584 0.426016 0.460808
0.365565 0.493946 0.471067
0.462854 0.426764 0.694877
0.522751 0.493243 0.450576
0.538559 0.4389 0.67255
0.333321 0.4744 0.460873
0.367083 0.4334 0.631737
0.3377 0.47942 0.552884
0.680284 0.379255 0.544165
0.328232 0.475645 0.519788
0.583679 0.487402 0.580796
0.46895 0.437682 0.305259
0.485061 0.384675 0.696362
0.332577 0.474715 0.51751
0.374054 0.487336 0.596564
0.685698 0.433802 0.468695
0.573104 0.497632 0.491851
0.651262 0.463744 0.50212
0.318519 0.449107 0.512474
0.692135 0.381816 0.52289
0.509789 0.496597 0.412303
0.669739 0.391688 0.546385
0.480357 0.450319 0.315101
0.583904 0.447464 0.339268
0.693816 0.422349 0.47546
0.322035 0.456396 0.529944
0.406019 0.5039 0.537455
0.647779 0.443224 0.380865
0.649041 0.469788 0.433482
0.390779 0.500628 0.563125
0.659257 0.457711 0.498282
0.314187 0.445612 0.467992
0.342613 0.481656 0.491833
0.360208 0.473692 0.603853
0.351029 0.48366 0.560781
0.668058 0.413302 0.551714
0.51278 0.433775 0.31365
0.681901 0.381588 0.516398
0.578887 0.497676 0.490648
0.423891 0.415828 0.671546
0.589909 0.438151 0.346235
0.501788 0.423977 0.68887
0.586691 0.497094 0.503536
0.45094 0.50028 0.577059
0.36213 0.454994 0.622803
0.377092 0.49994 0.519209
0.666418 0.442778 0.408374
0.685666 0.418168 0.52972
0.609511 0.442722 0.614863
0.362878 0.466106 0.386828
0.39446 0.464997 0.64034
0.426939 0.486288 0.625536
0.590553 0.494098 0.493753
0.42678 0.499888 0.517105
0.325962 0.441917 0.514534
0.468295 0.473615 0.334971
0.656575 0.433016 0.408137
0.623837 0.436718 0.577077
0.394638 0.438896 0.617612
0.52624 0.489473 0.422409
0.654337 0.439089 0.555652
0.68231 0.393729 0.449506
0.481771 0.463671 0.32801
0.429547 0.418181 0.662001
0.661437 0.455182 0.462752
0.681953 0.399966 0.438314
0.580045 0.448889 0.344309
0.570258 0.414656 0.64452
0.587715 0.494351 0.483039
0.693717 0.411923 0.483398
0.410116 0.450187 0.657583
0.402336 0.499615 0.492192
0.523504 0.481173 0.346532
0.654878 0.435718 0.404915
0.555208 0.4111 0.66498
0.323262 0.453918 0.47873
0.44809 0.495616 0.500018
0.423311 0.494481 0.608212
0.338197 0.471186 0.456911
0.374087 0.441859 0.630495
0.499551 0.453486 0.323839
0.356615 0.449126 0.605256
0.567949 0.439604 0.645467
0.49025 0.395117 0.688313
0.447086 0.495907 0.508848
0.374536 0.46283 0.621343
0.425554 0.501142 0.437102
0.590775 0.43877 0.604863
0.690699 0.403021 0.456466
0.446456 0.474251 0.348731
0.333568 0.441499 0.515208
0.589474 0.461712 0.360875
0.437044 0.488923 0.3721
0.5191 0.448929 0.33146
0.345622 0.474656 0.490365
0.400885 0.498145 0.436206
0.642754 0.468167 0.417847
0.583794 0.432523 0.616567
0.581183 0.456196 0.354494
0.650517 0.460778 0.419738
0.670164 0.390195 0.533314
0.58466 0.457451 0.615799
0.582581 0.44727 0.358852
0.652251 0.437 0.551641
0.626022 0.444839 0.408927
0.670105 0.441084 0.487805
0.461463 0.493968 0.57062
0.471391 0.489836 0.505354
0.581366 0.477636 0.591023
0.368679 0.489878 0.511157
0.595646 0.469552 0.593726
0.434743 0.496135 0.548039
0.33286 0.45928 0.513617
0.369609 0.447825 0.611999
0.574592 0.474919 0.3691
0.496605 0.491697 0.378731
0.415858 0.474406 0.360859
0.606425 0.464372 0.372283
0.631015 0.466453 0.538604
0.430409 0.447191 0.662437
0.393146 0.466327 0.368384
0.350592 0.473616 0.495971
0.420661 0.497192 0.47752
0.462748 0.49459 0.448799
0.690323 0.394545 0.471243
0.61139 0.453972 0.382148
0.670802 0.393386 0.515033
0.369537 0.479037 0.580715
0.547497 0.407085 0.647044
0.540307 0.481509 0.375286
0.623473 0.475963 0.442536
0.337582 0.456126 0.507423
0.666119 0.433964 0.509705
0.609406 0.479383 0.539058
0.673841 0.41045 0.526064
0.415728 0.454574 0.357694
0.648253 0.412057 0.54203
0.49318 0.487654 0.504237
0.615367 0.478063 0.507205
0.545547 0.480408 0.440053
0.492646 0.461835 0.342097
0.501496 0.482525 0.360957
0.48991 0.453593 0.659438
0.572978 0.459958 0.358506
0.559521 0.426809 0.645334
0.403768 0.456176 0.365834
0.633219 0.470732 0.417257
0.42941 0.446939 0.354135
0.53354 0.412909 0.66872
0.653918 0.442705 0.535502
0.430092 0.424003 0.638749
0.375807 0.489125 0.515918
0.562805 0.482697 0.439097
0.545428 0.481966 0.460434
0.566967 0.483705 0.433301
0.634228 0.456341 0.398108
0.550642 0.489126 0.570307
0.356422 0.472578 0.494633
0.669492 0.403407 0.515065
0.435025 0.489703 0.590747
0.424177 0.464783 0.363058
0.458487 0.485892 0.52356
0.665451 0.399024 0.513645
0.388378 0.487238 0.414194
0.621011 0.470918 0.509623
0.395914 0.446464 0.617338
0.675872 0.398826 0.499805
0.397354 0.448251 0.628837
0.395956 0.491314 0.418872
0.361126 0.462932 0.570874
0.62963 0.462403 0.406653
0.402627 0.443412 0.623865
0.414862 0.485602 0.60502
0.566172 0.456278 0.617807
0.468422 0.484602 0.509707
0.61411 0.475192 0.521247
0.612738 0.444008 0.573159
0.48828 0.478675 0.61836
0.559147 0.426602 0.638195
0.479613 0.488991 0.585786
0.644288 0.411585 0.536047
0.373198 0.467429 0.42753
0.477935 0.460555 0.35181
0.366891 0.447664 0.575789
0.440769 0.449217 0.35599
0.504211 0.405833 0.666685
0.487922 0.487777 0.445957
0.431343 0.49027 0.517839
0.381396 0.486217 0.504021
0.56303 0.479913 0.460081
0.40348 0.490985 0.565776
0.405249 0.443298 0.630722
0.664097 0.423636 0.522302
0.434816 0.450728 0.377985
0.658617 0.411945 0.523248
0.553994 0.41911 0.629266
0.436763 0.47121 0.371466
0.671265 0.403972 0.491242
0.661913 0.414718 0.513886
0.536356 0.471383 0.609776
0.397469 0.486405 0.49779
0.392052 0.472632 0.403879
0.523463 0.4763 0.447135
0.618567 0.446012 0.423211
0.406406 0.487996 0.549901
0.356289 0.439882 0.494395
0.639641 0.402406 0.520359
0.487604 0.462278 0.63864
0.43156 0.460334 0.63759
0.478653 0.481029 0.509161
0.469404 0.447526 0.355556
0.485838 0.487795 0.408499
0.494948 0.414827 0.664713
0.376923 0.480309 0.496567
0.580644 0.459458 0.374843
0.632619 0.463324 0.44973
0.602092 0.436944 0.565105
0.64693 0.408663 0.528345
0.493616 0.480784 0.500351
0.65192 0.435545 0.442873
0.63205 0.463011 0.478493
0.451252 0.45026 0.651785
0.620495 0.454883 0.411848
0.367754 0.437098 0.553369
0.533467 0.48567 0.574483
0.48642 0.480237 0.606089
0.365505 0.473165 0.459298
0.570901 0.473877 0.389984
0.454111 0.489129 0.397826
0.369291 0.466887 0.551011
0.641535 0.428539 0.533883
0.412657 0.48958 0.461445
0.450126 0.47603 0.382647
0.494581 0.47705 0.472211
0.646163 0.437659 0.512333
0.360859 0.455246 0.477135
0.557258 0.471942 0.395137
0.364452 0.462062 0.47
0.381214 0.479559 0.455859
0.624729 0.463633 0.446392
0.460105 0.421791 0.655449
0.618957 0.451394 0.42478
0.388153 0.481619 0.436662
0.625429 0.458887 0.515985
0.449151 0.433273 0.648772
0.399898 0.475812 0.407434
0.426252 0.484587 0.546894
0.404089 0.461369 0.616394
0.425146 0.428358 0.580324
0.608963 0.454134 0.4151
0.6379 0.453805 0.447583
0.430051 0.430668 0.615242
0.599979 0.446218 0.420072
0.654572 0.424744 0.460368
0.493735 0.433453 0.654538
0.573132 0.480478 0.554685
0.451311 0.448434 0.646093
0.370794 0.458603 0.560948
0.471066 0.429065 0.661826
0.537949 0.439517 0.358972
0.416452 0.438887 0.584034
0.467176 0.403302 0.649305
0.58848 0.427996 0.560949
0.429996 0.483721 0.52087
0.620234 0.458093 0.544336
0.389809 0.47811 0.450283
0.615772 0.442762 0.550758
0.567845 0.480611 0.524529
0.464029 0.476649 0.393632
0.369639 0.4365 0.473188
0.616632 0.460975 0.515148
0.496794 0.434036 0.646373
0.429483 0.458984 0.394321
0.36778 0.450207 0.507541
0.578593 0.464476 0.395256
0.543307 0.473123 0.487906
0.452141 0.482869 0.459001
0.585001 0.460227 0.579768
0.442706 0.472927 0.604388
0.377589 0.468152 0.510091
0.46817 0.400193 0.641442
0.582653 0.473752 0.556964
0.440679 0.475517 0.392535
0.651859 0.430898 0.482623
0.498613 0.395046 0.641195
0.533553 0.468491 0.60095
0.649157 0.430169 0.49079
0.481932 0.478369 0.556252
0.626274 0.436882 0.449401
0.587359 0.452939 0.581049
0.495135 0.476363 0.441371
0.509902 0.469146 0.380542
0.628398 0.453026 0.445198
0.643636 0.422954 0.505536
0.620842 0.456451 0.531151
0.484024 0.477599 0.455697
0.479054 0.479015 0.403483
0.377415 0.468844 0.467933
0.639544 0.437581 0.508849
0.617982 0.447645 0.548789
0.443362 0.483229 0.464914
0.399768 0.476619 0.447004
0.496405 0.385456 0.630686
0.514184 0.3994 0.636498
0.527002 0.430452 0.635285
0.502848 0.469695 0.59383
0.60235 0.465692 0.518257
0.498773 0.467326 0.479297
0.386781 0.464711 0.55034
0.497962 0.465296 0.387088
0.637448 0.422345 0.472239
0.528237 0.424033 0.636953
0.534818 0.418593 0.633433
0.418701 0.45457 0.607219
0.430482 0.48228 0.450434
0.375266 0.449798 0.475757
0.502373 0.410882 0.641677
0.403768 0.4578 0.422456
0.539354 0.40361 0.596129
0.373949 0.428412 0.529299
0.602706 0.424078 0.540474
0.511498 0.468008 0.45088
0.380266 0.461053 0.5375
0.414641 0.480693 0.424972
0.446727 0.450911 0.388142
0.540808 0.420823 0.625895
0.414376 0.476463 0.415343
0.486336 0.410138 0.645794
0.480492 0.469457 0.477742
0.513777 0.460363 0.610674
0.45302 0.406654 0.607064
0.507212 0.469276 0.43792
0.627655 0.407262 0.470791
0.395065 0.475008 0.463093
0.486241 0.443273 0.637407
0.378733 0.45931 0.533544
0.50519 0.469847 0.434208
0.388201 0.458036 0.52076
0.391923 0.44422 0.551688
0.592411 0.42156 0.439701
0.559318 0.45931 0.581111
0.381915 0.415311 0.50721
0.593358 0.465086 0.520814
0.440703 0.437491 0.613983
0.590083 0.456929 0.430221
0.462611 0.467539 0.590962
0.578862 0.398926 0.438365
0.372019 0.417376 0.481729
0.426462 0.475339 0.419068
0.513154 0.460294 0.395369
0.609081 0.436992 0.537887
0.479015 0.401658 0.6401
0.545746 0.469458 0.525784
0.490132 0.426823 0.635684
0.48393 0.391871 0.636532
0.419604 0.461836 0.411839
0.419788 0.46499 0.4123
0.500954 0.439375 0.628811
0.4658 0.401154 0.625722
0.568247 0.468603 0.546242
0.438594 0.471307 0.477085
0.470029 0.46966 0.555889
0.52364 0.433432 0.37338
0.379584 0.433275 0.508985
0.445534 0.466555 0.489704
0.487846 0.433789 0.634099
0.627204 0.426895 0.48725
0.46063 0.41499 0.626526
0.616136 0.447233 0.46028
0.495155 0.40702 0.636286
0.624842 0.407136 0.471242
0.516306 0.465516 0.512592
0.618358 0.413355 0.507917
0.39529 0.452652 0.503911
0.538054 0.462145 0.518979
0.572736 0.462077 0.505276
0.605902 0.439673 0.532154
0.385586 0.43649 0.468188
0.56493 0.464215 0.534207
0.47295 0.400439 0.630921
0.618181 0.396148 0.49954
0.402111 0.458777 0.503466
0.549052 0.463003 0.547448
0.453963 0.429903 0.393686
0.543764 0.459896 0.569699
0.613133 0.417818 0.464099
0.546412 0.453603 0.589241
0.378101 0.414506 0.486722
0.566 0.459634 0.458547
0.505518 0.459245 0.454305
0.616193 0.424988 0.492767
0.57275 0.444996 0.416997
0.592853 0.455623 0.479508
0.461049 0.427312 0.387288
0.469113 0.460207 0.524416
0.521173 0.433354 0.621544
0.467955 0.454947 0.606761
0.573625 0.412704 0.548719
0.420149 0.464329 0.494647
0.514507 0.462373 0.531723
0.542457 0.442523 0.605636
0.416198 0.45408 0.576319
0.393051 0.449335 0.539594
0.5224 0.423623 0.624505
0.391291 0.446283 0.515379
0.529179 0.426015 0.62234
0.461978 0.45652 0.476216
0.510873 0.45811 0.590898
0.608174 0.445172 0.491516
0.435649 0.442633 0.412254
0.539865 0.456527 0.54684
0.444764 0.440725 0.597607
0.599453 0.421486 0.525907
0.513186 0.453608 0.429179
0.550032 0.455991 0.5456
0.561786 0.454985 0.50027
0.468519 0.442147 0.474896
0.410552 0.455638 0.542378
0.443544 0.457297 0.520443
0.390481 0.412633 0.459512
0.528333 0.421456 0.388063
0.537774 0.404941 0.584237
0.604153 0.438295 0.469869
0.468561 0.455658 0.453763
0.562678 0.453354 0.481286
0.466181 0.407555 0.61623
0.553352 0.415599 0.411841
0.513937 0.455533 0.569275
0.453574 0.447321 0.493198
0.601476 0.409969 0.521408
0.481669 0.456714 0.577717
0.616498 0.388221 0.49799
0.477463 0.406494 0.625389
0.608692 0.4261 0.49018
0.451474 0.441948 0.601686
0.485127 0.400208 0.377048
0.443203 0.462364 0.449643
0.604874 0.413873 0.514731
0.511687 0.450637 0.492839
0.47072 0.45311 0.403997
0.501043 0.442335 0.606194
0.492952 0.449976 0.403657
0.472748 0.380012 0.613857
0.450668 0.415755 0.404637
0.478927 0.404254 0.380063
0.454625 0.401833 0.407481
0.406888 0.442326 0.492178
0.618283 0.370686 0.477213
0.404427 0.416186 0.522895
0.508139 0.372395 0.598707
0.532483 0.448438 0.556262
0.593256 0.436023 0.503511
0.513381 0.448118 0.564934
0.619179 0.344651 0.487923
0.593596 0.400604 0.454902
0.459231 0.41396 0.600686
0.423172 0.452792 0.537548
0.469624 0.367283 0.596366
0.527553 0.447644 0.463675
0.407255 0.410896 0.528262
0.575354 0.43749 0.437725
0.45562 0.437455 0.476129
0.465827 0.448044 0.521674
0.456288 0.450857 0.561151
0.598065 0.361098 0.515447
0.510957 0.397311 0.606637
0.496568 0.447302 0.450664
0.594463 0.433576 0.521141
0.470335 0.430919 0.474366
0.492566 0.447452 0.576539
0.56909 0.443575 0.438627
0.559324 0.428467 0.418206
0.54109 0.446428 0.559523
0.533245 0.450142 0.535511
0.584474 0.444556 0.532608
0.545057 0.427714 0.406817
0.545294 0.419998 0.407282
0.527865 0.429158 0.397891
0.516439 0.402793 0.393655
0.411159 0.450502 0.451913
0.459016 0.414177 0.600479
0.463424 0.378663 0.582532
0.538523 0.441028 0.442181
0.557927 0.435401 0.548251
0.425717 0.443692 0.523353
0.540786 0.435391 0.563247
0.51819 0.440753 0.554971
0.600879 0.3753 0.50717
0.518554 0.382558 0.39893
0.564603 0.431492 0.433218
0.518907 0.433854 0.584796
0.478179 0.441298 0.526481
0.536012 0.439017 0.426221
0.501045 0.385426 0.39815
0.480738 0.419383 0.477319
0.535443 0.437522 0.420962
0.562669 0.371306 0.537671
0.490606 0.435014 0.58188
0.553716 0.408955 0.421358
0.412708 0.400563 0.523409
0.520262 0.386275 0.398898
0.473597 0.428257 0.401577
0.524352 0.424364 0.59359
0.537513 0.421906 0.580478
0.49712 0.433594 0.584759
0.438904 0.30965 0.566155
0.472686 0.437844 0.516257
0.465596 0.434067 0.408875
0.419808 0.415516 0.437033
0.450163 0.440812 0.513503
0.440277 0.360776 0.550721
0.461763 0.390326 0.407007
0.389065 0.399175 0.473537
0.558441 0.40343 0.426552
0.415451 0.398908 0.442924
0.407353 0.430427 0.498293
0.424539 0.419719 0.549546
0.4177 0.425883 0.514025
0.538127 0.430781 0.460784
0.46579 0.387558 0.408426
0.444703 0.437225 0.52709
0.446935 0.436938 0.542519
0.506366 0.432119 0.548817
0.476866 0.432207 0.417075
0.445487 0.40208 0.561952
0.581054 0.423892 0.471478
0.443414 0.437027 0.54086
0.449394 0.430071 0.565904
0.556007 0.430885 0.501998
0.491295 0.42714 0.566904
0.507345 0.388254 0.586806
0.436629 0.368387 0.422947
0.556048 0.298717 0.564072
0.399607 0.405933 0.483942
0.571397 0.428409 0.512836
0.547043 0.431234 0.458072
0.460915 0.404103 0.412649
0.429675 0.390122 0.539286
0.525105 0.361834 0.405328
0.404104 0.394508 0.496076
0.492839 0.378377 0.592405
0.601654 0.343288 0.49918
0.485215 0.353194 0.599218
0.419322 0.425577 0.519323
0.523002 0.43185 0.498383
0.390657 0.3851 0.480928
0.502325 0.430768 0.554323
0.601899 0.396121 0.472962
0.497282 0.432598 0.519524
0.535008 0.430283 0.463051
0.577398 0.400371 0.527868
0.542866 0.424743 0.556569
0.505677 0.424293 0.464361
0.432097 0.416837 0.440353
0.536285 0.415882 0.473784
0.533183 0.417598 0.465596
0.461068 0.42752 0.528066
0.565972 0.417367 0.50807
0.495379 0.421682 0.541993
0.563008 0.415074 0.530436
0.51537 0.423878 0.535913
0.578672 0.410419 0.495059
0.583276 0.404574 0.501025
0.436809 0.302094 0.566687
0.527417 0.382652 0.569042
0.462092 0.408116 0.492371
0.559185 0.416452 0.483013
0.488446 0.39096 0.584477
0.579712 0.337189 0.447654
0.542175 0.367869 0.420677
0.544267 0.416698 0.433736
0.489209 0.380941 0.586534
0.539811 0.400759 0.422142
0.56345 0.416494 0.490194
0.550253 0.417983 0.43902
0.485923 0.414202 0.415765
0.491251 0.37303 0.40504
0.580702 0.379702 0.455054
0.470126 0.400985 0.471168
0.580375 0.313346 0.442775
0.462386 0.358769 0.573172
0.587403 0.402145 0.466699
0.602415 0.335976 0.493026
0.522793 0.422644 0.503324
0.558587 0.387265 0.536387
0.50838 0.425077 0.524379
0.557198 0.416489 0.481411
0.477531 0.370268 0.403946
0.437715 0.341339 0.548544
0.445602 0.398332 0.546504
0.537558 0.405459 0.485803
0.435454 0.406152 0.527829
0.472969 0.413165 0.525671
0.463975 0.40462 0.503693
0.486809 0.407728 0.536963
0.438408 0.412315 0.461592
0.398195 0.323134 0.484809
0.568195 0.400387 0.520493
0.486235 0.390278 0.484277
0.576817 0.380111 0.456181
0.576666 0.400414 0.465934
0.455414 0.411781 0.436101
0.556032 0.287319 0.568027
0.55201 0.409838 0.527513
0.59096 0.328186 0.461763
0.497269 0.411545 0.527032
0.533065 0.410728 0.536794
0.413869 0.380813 0.493637
0.46905 0.401826 0.422236
0.499091 0.404521 0.426746
0.574368 0.403726 0.476476
0.531981 0.400936 0.550993
0.488839 0.409463 0.433768
0.570845 0.39396 0.521415
0.487345 0.403301 0.550779
0.577499 0.397331 0.495661
0.534692 0.404528 0.465222
0.524063 0.391319 0.418434
0.478835 0.401356 0.457791
0.478676 0.396195 0.577741
0.471739 0.377945 0.413726
0.482063 0.35682 0.589276
0.517416 0.372643 0.4128
0.600021 0.35605 0.478396
0.500428 0.394726 0.482194
0.414793 0.376529 0.481299
0.538028 0.394653 0.498454
0.506871 0.293417 0.590456
0.480357 0.393824 0.521001
0.58655 0.363968 0.49048
0.479608 0.394763 0.538275
0.516304 0.379471 0.558738
0.489915 0.386489 0.45961
0.536873 0.353073 0.553304
0.404661 0.347537 0.473423
0.540617 0.39035 0.470663
0.579543 0.368398 0.505857
0.457182 0.346628 0.561845
0.410491 0.347597 0.490067
0.424129 0.375501 0.503606
0.596084 0.306797 0.472365
0.420588 0.387696 0.469608
0.526648 0.390954 0.454843
0.548748 0.358027 0.430596
0.563115 0.378274 0.449498
0.467367 0.375496 0.567409
0.578799 0.37793 0.497324
0.404308 0.337422 0.48378
0.480662 0.380844 0.466149
0.566063 0.392059 0.468443
0.488565 0.392611 0.428629
0.512799 0.303081 0.588783
0.459799 0.397661 0.544372
0.489549 0.290656 0.596495
0.564049 0.348451 0.441117
0.422437 0.32852 0.439779
0.537087 0.390866 0.464738
0.439051 0.394053 0.447775
0.497054 0.392879 0.535664
0.498358 0.394397 0.512027
0.423149 0.273517 0.422037
0.422122 0.370884 0.472422
0.43647 0.37627 0.477247
0.47421 0.36066 0.478021
0.500735 0.376467 0.503115
0.584511 0.32883 0.465051
0.47235 0.381132 0.540486
0.527983 0.341946 0.564397
0.514446 0.384763 0.518874
0.527338 0.38681 0.513037
0.524163 0.299031 0.584278
0.560942 0.300041 0.428439
0.478482 0.379099 0.432895
0.493967 0.304223 0.588583
0.581961 0.342428 0.49504
0.537533 0.31181 0.41818
0.433271 0.292055 0.419026
0.463021 0.38326 0.534336
0.444897 0.358028 0.540055
0.504951 0.343345 0.416049
0.496034 0.364501 0.482676
0.569995 0.303141 0.435871
0.584708 0.281531 0.443548
0.590586 0.293977 0.50852
0.494711 0.373012 0.545949
0.472745 0.371317 0.499508
0.591944 0.277995 0.496781
0.44478 0.321685 0.416865
0.524239 0.377636 0.435693
0.448021 0.309368 0.565589
0.415149 0.350014 0.470118
0.487566 0.316941 0.405464
0.590541 0.296486 0.504052
0.478448 0.371311 0.424571
0.563521 0.330581 0.532555
0.494718 0.359913 0.563878
0.557047 0.306841 0.550649
0.45216 0.295496 0.572204
0.443775 0.357064 0.486862
0.56105 0.341047 0.525573
0.50957 0.366434 0.506648
0.492762 0.35542 0.428523
0.46496 0.364855 0.541463
0.4387 0.356602 0.488105
0.405557 0.296205 0.48652
0.5135 0.352928 0.554366
0.481044 0.337623 0.57543
0.543224 0.362736 0.452592
0.480573 0.350047 0.493505
0.480928 0.358425 0.516147
0.422049 0.279937 0.429101
0.447561 0.321714 0.554793
0.430226 0.323748 0.434467
0.588103 0.300317 0.478866
0.412797 0.325345 0.472431
0.45853 0.366728 0.523932
0.405115 0.293633 0.487866
0.516831 0.365726 0.534855
0.407994 0.289027 0.46339
0.46001 0.36363 0.460141
0.492564 0.298683 0.586157
0.470079 0.355763 0.426559
0.412375 0.245203 0.570732
0.589195 0.275005 0.49346
0.438452 0.3561 0.509009
0.570101 0.309949 0.530792
0.506991 0.341571 0.421852
0.425257 0.355809 0.470658
0.481602 0.345899 0.569754
0.430444 0.353179 0.485339
0.554156 0.361264 0.485549
0.431559 0.334302 0.437675
0.474639 0.345397 0.47944
0.43073 0.334016 0.498988
0.447999 0.342565 0.497196
0.470711 0.304956 0.41039
0.517793 0.354867 0.510875
0.411058 0.252652 0.433304
0.455818 0.340988 0.541214
0.516225 0.27086 0.407964
0.496745 0.339619 0.458635
0.517706 0.269686 0.40763
0.58231 0.26362 0.53183
0.505957 0.329296 0.477409
0.488707 0.300011 0.581432
0.459587 0.339111 0.472208
0.44084 0.341448 0.508715
0.493822 0.347655 0.528179
0.424488 0.32089 0.451182
0.511332 0.256515 0.58904
0.418109 0.260574 0.564551
0.587043 0.287907 0.469365
0.510721 0.342271 0.492265
0.470882 0.329755 0.479118
0.408717 0.290593 0.484465
0.510491 0.280168 0.584166
0.491351 0.300976 0.412592
0.457987 0.34749 0.5306
0.40453 0.27116 0.472505
0.54276 0.267366 0.579926
0.526832 0.272234 0.409221
0.534592 0.353946 0.514409
0.412478 0.250849 0.564856
0.572513 0.323024 0.504101
0.544771 0.31921 0.430618
0.402669 0.273274 0.523079
0.518256 0.325911 0.42277
0.532123 0.337476 0.477268
0.556052 0.237726 0.58706
0.428677 0.317618 0.490268
0.554024 0.323774 0.471518
0.416348 0.293438 0.492326
0.546605 0.330614 0.498034
0.41543 0.267869 0.55264
0.442048 0.312063 0.543131
0.537654 0.292713 0.422425
0.517824 0.341395 0.518877
0.491632 0.329675 0.541648
0.524398 0.320894 0.471214
0.536369 0.304865 0.42662
0.582474 0.266567 0.491124
0.524368 0.318941 0.477276
0.588057 0.245747 0.513149
0.438202 0.327142 0.440798
0.451932 0.264332 0.579274
0.537737 0.320887 0.477597
0.501011 0.312484 0.477647
0.535328 0.329 0.458492
0.465443 0.31522 0.559961
0.410873 0.282888 0.511239
0.449447 0.266893 0.410502
0.50094 0.306295 0.421631
0.502943 0.322405 0.489545
0.546217 0.241279 0.58677
0.509043 0.335791 0.530231
0.464182 0.260717 0.404616
0.42116 0.304607 0.485601
0.477037 0.322982 0.503739
0.458558 0.328455 0.42829
0.457 0.325466 0.496599
0.407927 0.269977 0.474137
0.441661 0.325499 0.520248
0.411723 0.261286 0.447115
0.530893 0.339808 0.515208
0.530214 0.302536 0.56623
0.42874 0.302204 0.488376
0.480678 0.302391 0.496693
0.410683 0.24621 0.56015
0.409519 0.254755 0.462405
0.509157 0.311319 0.454868
0.435983 0.294648 0.545683
0.552497 0.314746 0.506108
0.526491 0.315869 0.447862
0.579455 0.259934 0.488043
0.560175 0.304973 0.498474
0.552678 0.309354 0.494584
0.469052 0.29417 0.419479
0.587771 0.233489 0.486124
0.584061 0.255277 0.441134
0.42036 0.238249 0.416283
0.490555 0.279429 0.57687
0.587821 0.234677 0.535233
0.430566 0.310959 0.464236
0.572914 0.284962 0.500146
0.527247 0.32609 0.521374
0.593923 0.241485 0.44801
0.495515 0.304378 0.427598
0.453837 0.315034 0.52141
0.559315 0.300844 0.475588
0.529221 0.266726 0.414174
0.445557 0.31253 0.501694
0.436387 0.298601 0.540663
0.53891 0.317671 0.501836
0.412639 0.261152 0.548715
0.504416 0.301074 0.48194
0.474482 0.302071 0.491967
0.515474 0.302451 0.480103
0.450834 0.314613 0.520363
0.518679 0.30564 0.482886
0.580327 0.257637 0.488387
0.585595 0.233005 0.553568
0.438178 0.261186 0.421103
0.481224 0.294403 0.513983
0.498716 0.294966 0.432893
0.416834 0.262672 0.464111
0.423675 0.275343 0.450446
0.42109 0.265288 0.54982
0.447521 0.295492 0.429955
0.426108 0.244207 0.419889
0.581351 0.250264 0.514638
0.482053 0.276691 0.478936
0.515062 0.306191 0.534271
0.470813 0.284377 0.485287
0.573377 0.26355 0.44057
0.417035 0.271454 0.522387
0.485635 0.265124 0.577552
0.492876 0.226848 0.592972
0.525906 0.288002 0.475505
0.427513 0.262568 0.560845
0.510064 0.280668 0.424123
0.445268 0.296934 0.528026
0.527111 0.275553 0.568761
0.499436 0.28974 0.462772
0.509649 0.292896 0.459604
0.553384 0.292415 0.495551
0.523352 0.311263 0.516843
0.45638 0.236646 0.586947
0.597859 0.2288 0.45584
0.460252 0.231813 0.590111
0.563388 0.286995 0.52394
0.405032 0.230603 0.454384
0.418649 0.266234 0.544018
0.400803 0.24034 0.524381
0.414075 0.22313 0.582261
0.495174 0.269099 0.418136
0.499368 0.301325 0.538864
0.486811 0.278703 0.474101
0.430933 0.276788 0.526063
0.480807 0.282388 0.531608
0.585886 0.225776 0.495478
0.424326 0.26671 0.466018
0.524759 0.275344 0.43021
0.408081 0.234579 0.556811
0.52119 0.292356 0.531979
0.504758 0.253773 0.574674
0.582239 0.231782 0.55062
0.4084 0.231599 0.468016
0.488854 0.24348 0.581535
0.481835 0.271515 0.563921
0.546271 0.258459 0.564987
0.452249 0.291294 0.439909
0.545807 0.282847 0.535624
0.491738 0.243766 0.410972
0.469267 0.229044 0.401917
0.411674 0.239145 0.481585
0.457978 0.284151 0.536192
0.538996 0.286205 0.535418
0.483289 0.272968 0.500321
0.506305 0.279526 0.494553
0.576623 0.206616 0.592733
0.548314 0.288271 0.522
0.514233 0.282121 0.437057
0.449148 0.281974 0.471447
0.56086 0.273675 0.528924
0.555864 0.271009 0.476647
0.520251 0.287343 0.501099
0.489938 0.2284 0.402819
0.552058 0.247048 0.417279
0.48641 0.234774 0.586541
0.577159 0.256981 0.45421
0.474333 0.282316 0.545212
0.424578 0.220019 0.405284
0.588082 0.203106 0.591521
0.428923 0.262352 0.521611
0.529512 0.247107 0.420332
0.56963 0.254262 0.451944
0.529398 0.266485 0.551721
0.527841 0.2222 0.404098
0.400435 0.214392 0.563093
0.530621 0.271827 0.538358
0.516768 0.227837 0.408537
0.568699 0.252539 0.444453
0.475255 0.267501 0.519164
0.501829 0.269133 0.542792
0.431897 0.243314 0.425397
0.491617 0.240416 0.576671
0.430235 0.26141 0.447665
0.515495 0.262521 0.486423
0.397113 0.197648 0.591442
0.573826 0.241938 0.537005
0.463808 0.267699 0.431373
0.524435 0.268201 0.442103
0.511974 0.259823 0.470423
0.457303 0.271421 0.523137
0.425635 0.25326 0.549879
0.469751 0.226808 0.405524
0.460654 0.261943 0.470134
0.472878 0.260236 0.462697
0.500941 0.221552 0.404476
0.510969 0.267964 0.440086
0.397135 0.209713 0.512732
0.59996 0.194209 0.39246
0.412102 0.239625 0.522215
0.389936 0.195718 0.395343
0.506577 0.229989 0.409494
0.597828 0.214797 0.441119
0.507788 0.264957 0.454471
0.51731 0.279174 0.519975
0.478226 0.235827 0.580609
0.430174 0.248784 0.453537
0.531522 0.250228 0.434535
0.461794 0.250571 0.50158
0.540614 0.24849 0.556485
0.44188 0.203711 0.599478
0.598609 0.200239 0.567212
0.42387 0.239109 0.457932
0.409101 0.212585 0.575473
0.568269 0.23778 0.476221
0.59656 0.193411 0.501883
0.473902 0.212805 0.591483
0.434546 0.249133 0.490029
0.472459 0.251162 0.511393
0.463833 0.25508 0.545281
0.595536 0.207887 0.462442
0.395741 0.197131 0.396695
0.510151 0.24531 0.470221
0.454446 0.256868 0.53902
0.468705 0.246886 0.563184
0.421765 0.233235 0.479954
0.602796 0.194761 0.466573
0.431233 0.201485 0.600398
0.527565 0.257943 0.536823
0.457874 0.250248 0.496852
0.464246 0.221714 0.584908
0.506307 0.244758 0.485122
0.480463 0.252922 0.530328
0.506309 0.191975 0.602366
0.545837 0.230385 0.572804
0.505318 0.243775 0.483695
0.53898 0.250752 0.460136
0.597557 0.204067 0.46431
0.556895 0.246526 0.493405
0.483122 0.211608 0.59139
0.441158 0.221412 0.585098
0.569225 0.23514 0.488905
0.429855 0.233775 0.438481
0.437548 0.187217 0.610946
0.407018 0.187156 0.607414
0.576509 0.220831 0.538268
0.452175 0.24422 0.537871
0.58699 0.203441 0.573375
0.443815 0.239828 0.466577
0.435517 0.240136 0.445819
0.532083 0.224718 0.420318
0.5306 0.230996 0.42617
0.505535 0.244513 0.51642
0.535296 0.203601 0.398195
0.537834 0.245415 0.524663
0.418118 0.225115 0.554725
0.519514 0.240085 0.552306
0.423549 0.231329 0.552969
0.528721 0.237411 0.558025
0.550501 0.238229 0.449901
0.412155 0.215041 0.566392
0.557223 0.238195 0.536322
0.533704 0.241566 0.502831
0.459169 0.236429 0.500273
0.511703 0.218147 0.577674
0.472146 0.202871 0.594984
0.580121 0.219596 0.435598
0.419493 0.224372 0.560813
0.574777 0.223056 0.540576
0.592365 0.197757 0.486419
0.486791 0.23187 0.563219
0.550839 0.24199 0.530429
0.421959 0.225922 0.447135
0.444151 0.240757 0.51273
0.600341 0.188258 0.482898
0.564509 0.202984 0.39362
0.43992 0.233005 0.427641
0.547627 0.235471 0.466184
0.428782 0.224774 0.561059
0.436623 0.206839 0.407524
0.509225 0.223311 0.454013
0.591658 0.198899 0.545144
0.56046 0.225521 0.526468
0.577848 0.199928 0.579711
0.532103 0.204078 0.582193
0.526831 0.196865 0.399799
0.533389 0.223964 0.457738
0.4511 0.198142 0.397506
0.474963 0.22227 0.563298
0.542892 0.220709 0.4744
0.521795 0.220113 0.466364
0.448807 0.226167 0.460966
0.599443 0.183232 0.518617
0.42271 0.206652 0.580861
0.467081 0.217073 0.48107
0.53836 0.223913 0.560758
0.552032 0.220373 0.482289
0.46597 0.228434 0.54579
0.481241 0.226772 0.436824
0.467493 0.227837 0.537667
0.580982 0.202366 0.503373
0.467066 0.205094 0.407968
0.566051 0.221705 0.547755
0.420126 0.21503 0.440374
0.543769 0.225744 0.436938
0.495869 0.213731 0.573766
0.442101 0.23146 0.530724
0.441834 0.224044 0.491833
0.567072 0.217201 0.498474
0.526553 0.218056 0.569646
0.562567 0.224031 0.538679
0.532991 0.231166 0.530189
0.557934 0.21953 0.483583
0.443443 0.211051 0.58393
0.427256 0.204045 0.478779
0.434801 0.2103 0.424352
0.388051 0.182102 0.522718
0.609504 0.182088 0.554561
0.466903 0.212556 0.514863
0.569354 0.193767 0.586259
0.412603 0.194785 0.485524
0.407211 0.191903 0.582045
0.533538 0.210911 0.493854
0.592472 0.180898 0.60424
0.431517 0.174619 0.618676
0.555667 0.215652 0.546959
0.500765 0.19012 0.401358
0.480349 0.204028 0.57539
0.463291 0.207405 0.487224
0.416556 0.179665 0.611541
0.381886 0.181822 0.390682
0.530987 0.208575 0.465967
0.488107 0.179191 0.385684
0.580811 0.2016 0.554435
0.417246 0.190664 0.592448
0.473874 0.19785 0.58516
0.43957 0.21545 0.432677
0.463782 0.215795 0.439717
0.554986 0.211816 0.465069
0.420225 0.206686 0.524148
0.509672 0.217833 0.530776
0.390118 0.185289 0.44243
0.389691 0.182358 0.503796
0.538979 0.214161 0.448638
0.507606 0.21317 0.559741
0.392383 0.187105 0.399381
0.529617 0.173387 0.613333
0.509101 0.209638 0.457171
0.474366 0.21434 0.541733
0.540976 0.208286 0.484893
0.424499 0.19572 0.463751
0.558425 0.176157 0.610158
0.567055 0.188169 0.392023
0.411073 0.193059 0.540328
0.476118 0.197697 0.461908
0.559157 0.18459 0.594242
0.434091 0.199817 0.499541
0.435365 0.205168 0.435513
0.498008 0.202462 0.438079
0.512045 0.202411 0.509042
0.475843 0.202479 0.534404
0.447723 0.20203 0.456179
0.585463 0.188719 0.409485
0.434328 0.191873 0.589047
0.623642 0.169794 0.603
0.442987 0.208279 0.543692
0.414888 0.189801 0.492263
0.418973 0.189719 0.585432
0.430127 0.179639 0.38296
0.50856 0.184168 0.399881
0.576748 0.19152 0.407195
0.504657 0.193503 0.483704
0.415561 0.19016 0.466565
0.478596 0.20214 0.532509
0.46331 0.202175 0.518394
0.547036 0.172649 0.61448
0.386373 0.179084 0.547874
0.484925 0.202432 0.541057
0.540244 0.198144 0.491353
0.594039 0.179458 0.496092
0.607992 0.177497 0.545784
0.459778 0.198489 0.465831
0.574961 0.178393 0.606614
0.603548 0.17523 0.472146
0.472732 0.1808 0.602156
0.52149 0.197902 0.456422
0.415537 0.172134 0.612739
0.558912 0.17931 0.385182
0.442815 0.189099 0.468571
0.419293 0.189975 0.546271
0.606223 0.174637 0.442791
0.549353 0.175394 0.602272
0.5319 0.178155 0.390856
0.539038 0.176035 0.383838
0.501043 0.183236 0.479161
0.42478 0.185889 0.487546
0.433579 0.184719 0.589137
0.455706 0.1939 0.534792
0.562998 0.188352 0.576248
0.470914 0.184887 0.477655
0.463137 0.194391 0.559983
0.441892 0.194306 0.572873
0.572003 0.185944 0.405194
0.406232 0.178587 0.479137
0.594016 0.176423 0.524274
0.395111 0.178265 0.40026
0.510885 0.189669 0.566427
0.512279 0.193221 0.524847
0.486078 0.168685 0.378975
0.473065 0.189945 0.571551
0.445664 0.190292 0.421877
0.548416 0.187128 0.473743
0.587917 0.183629 0.420266
0.621712 0.170167 0.397206
0.497547 0.187104 0.459287
0.470722 0.190334 0.449245
0.540475 0.166688 0.620359
0.549555 0.193103 0.520284
0.532653 0.192812 0.435548
0.575683 0.178462 0.383194
0.617617 0.170513 0.428416
0.396013 0.176968 0.590429
0.418044 0.178354 0.512845
0.560437 0.178853 0.403951
0.5503 0.183022 0.54255
0.426542 0.18484 0.553281
0.493569 0.18038 0.427094
0.539198 0.167412 0.610546
0.391475 0.170971 0.526911
0.402902 0.173649 0.588999
0.500475 0.181514 0.523593
0.571318 0.17995 0.464438
0.382338 0.170334 0.383251
0.459607 0.16483 0.374366
0.53882 0.180393 0.507836
0.504297 0.166264 0.610355
0.544865 0.182249 0.522661
0.439139 0.17196 0.601412
0.493246 0.181623 0.557737
0.37991 0.164448 0.625269
0.522525 0.180607 0.426846
0.52963 0.176729 0.409118
0.446008 0.179565 0.492439
0.523211 0.179475 0.571383
0.566189 0.182416 0.538287
0.466754 0.165748 0.614009
0.42999 0.186225 0.560648
0.556519 0.181963 0.571931
0.54748 0.182542 0.530276
0.503578 0.178334 0.500879
0.444493 0.182655 0.42421
0.584825 0.174262 0.390681
0.469898 0.181778 0.440647
0.409285 0.175092 0.587085
0.493117 0.17845 0.502513
0.54021 0.182671 0.543417
0.514404 0.17823 0.499549
0.515345 0.174891 0.480231
0.412448 0.16997 0.411966
0.562365 0.174519 0.420749
0.412467 0.160825 0.365018
0.434362 0.176474 0.560763
0.369906 0.162391 0.402607
0.528028 0.160783 0.619369
0.499942 0.169448 0.413694
0.516191 0.172331 0.543085
0.500387 0.171541 0.573451
0.475068 0.172632 0.434147
0.601805 0.167266 0.435363
0.471975 0.169649 0.465584
0.518595 0.172012 0.434796
0.54353 0.17002 0.490639
0.382112 0.163591 0.483692
0.436698 0.157609 0.632119
0.411129 0.168687 0.466549
0.368506 0.15885 0.506789
0.443912 0.173553 0.577442
0.410236 0.169607 0.411358
0.634548 0.158858 0.404958
0.536968 0.159548 0.625851
0.396232 0.167273 0.452414
0.460906 0.165962 0.393285
0.410886 0.169894 0.452943
0.564678 0.175274 0.423999
0.512023 0.166657 0.393843
0.377966 0.163707 0.61136
0.38215 0.16539 0.378044
0.445378 0.167324 0.597521
0.392375 0.165644 0.507553
0.511507 0.166585 0.393471
0.447645 0.173263 0.577417
0.510095 0.169737 0.45639
0.409571 0.171385 0.576348
0.374225 0.158984 0.631684
0.408501 0.161386 0.389116
0.438443 0.15641 0.362619
0.625336 0.155306 0.482789
0.468686 0.163952 0.543074
0.378669 0.159778 0.607829
0.514561 0.155596 0.629084
0.530159 0.164193 0.424587
0.553526 0.158644 0.367054
0.453186 0.163857 0.509511
0.381517 0.160564 0.598696
0.378585 0.159215 0.618855
0.608789 0.158438 0.621939
0.615688 0.158638 0.444566
0.494753 0.162244 0.500096
0.558153 0.159801 0.612561
0.46391 0.165041 0.562461
0.4332 0.165396 0.579612
0.498727 0.158401 0.374185
0.370745 0.159277 0.585
0.590545 0.160527 0.490676
0.551876 0.163722 0.460229
0.573609 0.163148 0.507623
0.362886 0.155281 0.497114
0.480832 0.162166 0.506162
0.559403 0.163806 0.522753
0.448726 0.164502 0.516327
0.363938 0.157366 0.400058
0.489422 0.162402 0.460831
0.569555 0.155802 0.637694
0.504997 0.160764 0.391282
0.500401 0.161947 0.490561
0.58457 0.162323 0.463071
0.492778 0.164536 0.565653
0.620192 0.156042 0.4747
0.403024 0.157482 0.363587
0.621243 0.158903 0.600058
0.406166 0.157298 0.559343
0.436022 0.15524 0.380488
0.476519 0.156761 0.572835
0.479844 0.156265 0.550624
0.53131 0.155791 0.592418
0.50108 0.152048 0.638692
0.367893 0.154694 0.580103
0.39742 0.155765 0.597992
0.451156 0.157659 0.562433
0.553847 0.157276 0.572867
0.616035 0.154807 0.390551
0.622899 0.154003 0.439277
0.593465 0.153817 0.358849
0.538194 0.153954 0.364914
0.375318 0.1556 0.572177
0.463933 0.155713 0.593354
0.623503 0.152946 0.478591
0.485865 0.155841 0.528006
0.564372 0.156394 0.471389
0.464179 0.155998 0.499518
0.475004 0.153556 0.367404
0.589502 0.156323 0.559295
0.451047 0.156025 0.399916
0.474796 0.156158 0.546861
0.547501 0.156686 0.403943
0.449197 0.152474 0.635348
0.601335 0.154997 0.530356
0.644721 0.152363 0.576235
0.510464 0.15507 0.600758
0.63945 0.152996 0.615224
0.417788 0.158278 0.56852
0.420868 0.157799 0.532061
0.442798 0.153641 0.364853
0.587325 0.155292 0.37304
0.568998 0.157765 0.442942
0.475995 0.1557 0.476147
0.401445 0.15 0.444778
0.432611 0.15 0.398479
0.614202 0.15 0.372825
0.492332 0.15 0.559424
0.396025 0.15 0.578468
0.486628 0.15 0.648892
0.492351 0.15 0.44986
0.527966 0.15 0.548831
0.449448 0.15 0.6217
0.441473 0.15 0.546057
0.570109 0.15 0.445914
0.640432 0.15 0.543466
0.567472 0.15 0.567673
0.585847 0.15 0.518737
0.476438 0.15 0.528414
0.464637 0.15 0.627294
0.532223 0.15 0.368046
0.470679 0.15 0.396593
0.475074 0.15 0.647977
0.623266 0.15 0.508409
0.39088 0.15 0.566886
0.607125 0.15 0.616097
0.54689 0.15 0.591231
0.468583 0.15 0.593702
0.531802 0.15 0.572169
0.45213 0.15 0.463804
0.559882 0.15 0.370985
0.511742 0.15 0.400905
0.448202 0.15 0.564743
0.481474 0.15 0.5573
0.626571 0.15 0.354019
0.539547 0.15 0.608269
0.389369 0.15 0.444833
0.550333 0.15 0.563507
0.448889 0.15 0.526281
0.61877 0.15 0.641623
