1584 0.012625
0.359701 0.220465 0.360435
0.411505 0.210948 0.322454
0.455554 0.204682 0.309171
0.499658 0.203477 0.309445
0.539157 0.203146 0.312982
0.5858 0.206971 0.324708
0.320435 0.212447 0.407312
0.366518 0.287057 0.36544
0.447117 0.288436 0.339584
0.497952 0.284724 0.336196
0.561494 0.288704 0.342983
0.634783 0.264715 0.371723
0.320491 0.195778 0.456042
0.338334 0.289223 0.446471
0.443744 0.318809 0.441729
0.499232 0.316494 0.438361
0.56779 0.319038 0.44339
0.661868 0.269159 0.44944
0.315658 0.205526 0.497366
0.337589 0.283802 0.500828
0.44609 0.316906 0.497303
0.501989 0.312595 0.49806
0.56739 0.315966 0.497995
0.66749 0.259425 0.501828
0.318474 0.210196 0.541425
0.345307 0.289367 0.566373
0.44572 0.318559 0.57138
0.498488 0.313983 0.570278
0.562211 0.318077 0.56278
0.664002 0.258945 0.552076
0.343751 0.217689 0.584863
0.366689 0.237697 0.637424
0.444864 0.259348 0.659047
0.500015 0.259085 0.661704
0.549846 0.275974 0.65606
0.629151 0.26137 0.619452
0.348807 0.250131 0.350828
0.341885 0.216636 0.591869
0.320605 0.268122 0.50615
0.561165 0.315635 0.492215
0.456412 0.304054 0.617364
0.549454 0.212988 0.30302
0.329507 0.217556 0.606688
0.352903 0.215716 0.606008
0.671588 0.191828 0.480958
0.4717 0.21574 0.290213
0.628334 0.225099 0.628088
0.629539 0.272375 0.614941
0.506966 0.293094 0.638241
0.496366 0.31451 0.523862
0.576149 0.316012 0.471359
0.670628 0.194769 0.465976
0.306839 0.224643 0.552381
0.371945 0.217266 0.341462
0.531581 0.244797 0.667178
0.353549 0.228992 0.632292
0.367757 0.271845 0.626084
0.436564 0.31941 0.574715
0.311379 0.219947 0.56457
0.518941 0.312897 0.580843
0.39136 0.214741 0.644253
0.677739 0.221674 0.565811
0.522217 0.312857 0.531285
0.448313 0.27065 0.652924
0.661766 0.242421 0.598386
0.465577 0.313875 0.498161
0.483683 0.223349 0.671827
0.671335 0.240834 0.575148
0.554358 0.31517 0.478157
0.664845 0.215285 0.586934
0.513353 0.250713 0.663953
0.313507 0.218679 0.406851
0.330221 0.231673 0.605914
0.314894 0.259952 0.433236
0.623141 0.291327 0.60627
0.662085 0.266422 0.438168
0.461626 0.315249 0.446289
0.547345 0.214417 0.30228
0.477102 0.260491 0.660434
0.46885 0.212975 0.672027
0.544459 0.313939 0.516851
0.511099 0.312427 0.497041
0.547427 0.2095 0.670986
0.594274 0.303211 0.383401
0.478291 0.308702 0.475876
0.651685 0.278897 0.523561
0.421154 0.320456 0.563365
0.351238 0.29301 0.559572
0.674335 0.238586 0.410625
0.392379 0.216773 0.653432
0.618966 0.301298 0.58929
0.474462 0.310504 0.458233
0.356562 0.242408 0.627924
0.503109 0.310726 0.475934
0.358846 0.288687 0.604688
0.611113 0.302714 0.404649
0.461477 0.316506 0.436739
0.312246 0.212737 0.531668
0.642575 0.274311 0.598292
0.35479 0.21268 0.62497
0.537906 0.205183 0.663212
0.684365 0.214799 0.46521
0.648053 0.269611 0.401548
0.523377 0.287724 0.645534
0.443729 0.290743 0.635953
0.309853 0.219618 0.559042
0.459446 0.296625 0.629065
0.634699 0.258401 0.615572
0.300653 0.237928 0.460669
0.304327 0.245118 0.461158
0.410075 0.231377 0.31298
0.677833 0.24036 0.448549
0.684751 0.224983 0.437898
0.535062 0.223411 0.301697
0.671926 0.253496 0.459592
0.660884 0.258103 0.583385
0.537689 0.306029 0.613715
0.316624 0.264495 0.466047
0.506289 0.272337 0.324214
0.638351 0.289127 0.527782
0.444929 0.277708 0.329511
0.662468 0.225984 0.365041
0.5551 0.314859 0.498002
0.355812 0.273315 0.617755
0.521845 0.263408 0.660182
0.306096 0.248233 0.495865
0.479263 0.316077 0.427783
0.676814 0.199342 0.477033
0.677718 0.23634 0.496512
0.516241 0.313014 0.541822
0.508576 0.313439 0.457397
0.6128 0.305987 0.470106
0.439734 0.226161 0.672258
0.354654 0.22243 0.35491
0.553815 0.307472 0.378193
0.545061 0.318834 0.412105
0.48614 0.254615 0.662868
0.463594 0.281673 0.333875
0.518961 0.312211 0.498137
0.644921 0.222023 0.361841
0.398104 0.221508 0.318753
0.683223 0.228304 0.453238
0.640783 0.220862 0.353339
0.441838 0.316399 0.461141
0.399701 0.217864 0.638486
0.303502 0.244744 0.485862
0.579722 0.316054 0.464644
0.68316 0.215199 0.456277
0.487864 0.30293 0.369855
0.52129 0.232965 0.302964
0.428292 0.222824 0.67246
0.425971 0.319461 0.525348
0.529615 0.222719 0.670037
0.621604 0.300248 0.424391
0.452781 0.316992 0.441904
0.580726 0.215943 0.673564
0.394562 0.248633 0.65224
0.3148 0.247642 0.549251
0.669872 0.197326 0.461321
0.378102 0.243285 0.642342
0.396145 0.312176 0.49358
0.358867 0.223299 0.343313
0.37646 0.219185 0.645458
0.49902 0.310042 0.479342
0.534561 0.291946 0.34652
0.523515 0.287296 0.645049
0.603697 0.217028 0.321999
0.597675 0.310987 0.51525
0.39723 0.312479 0.490763
0.308511 0.203425 0.481132
0.493124 0.312355 0.583666
0.341847 0.285628 0.58
0.388164 0.312625 0.577494
0.587683 0.217509 0.665635
0.395069 0.288194 0.628048
0.467308 0.315469 0.409441
0.670898 0.199565 0.45849
0.564174 0.199224 0.660947
0.520997 0.318368 0.42892
0.581757 0.215736 0.671639
0.320476 0.262935 0.535467
0.313048 0.255746 0.513115
0.337803 0.277865 0.59082
0.672636 0.20007 0.463397
0.31946 0.21863 0.402547
0.506157 0.238056 0.303795
0.612448 0.304995 0.48983
0.621717 0.301035 0.466534
0.540181 0.258323 0.318463
0.459443 0.294504 0.351065
0.356896 0.293424 0.51089
0.6572 0.270304 0.433232
0.331515 0.27667 0.527621
0.405549 0.295927 0.354079
0.454096 0.295952 0.352258
0.404371 0.218037 0.661322
0.665713 0.226865 0.376324
0.30741 0.216367 0.527912
0.661951 0.266794 0.501399
0.308176 0.208035 0.490785
0.439791 0.254986 0.659981
0.52767 0.209807 0.660459
0.349581 0.291408 0.580452
0.574019 0.319226 0.575469
0.407782 0.226038 0.313793
0.344653 0.217369 0.605406
0.446395 0.280474 0.332514
0.565365 0.243708 0.316166
0.301147 0.217216 0.514518
0.424646 0.299616 0.622701
0.648098 0.221495 0.357502
0.659385 0.269014 0.511242
0.660836 0.263093 0.536366
0.550289 0.314701 0.547217
0.343215 0.285584 0.538329
0.419753 0.317592 0.496597
0.328409 0.266808 0.394946
0.320519 0.260129 0.542348
0.528603 0.215185 0.305317
0.312001 0.202984 0.464506
0.515999 0.249752 0.311339
0.490352 0.242932 0.306029
0.40383 0.218345 0.322355
0.3751 0.300564 0.387647
0.547231 0.319016 0.420168
0.657827 0.222301 0.374997
0.320995 0.216769 0.566357
0.672649 0.23767 0.542053
0.309341 0.21038 0.438912
0.465808 0.311547 0.591065
0.556168 0.212775 0.307711
0.41331 0.219942 0.311588
0.534182 0.300709 0.623748
0.670997 0.221495 0.397286
0.502521 0.242771 0.306729
0.523939 0.310656 0.499447
0.300049 0.219069 0.510179
0.55765 0.281868 0.336607
0.499718 0.313962 0.445574
0.551602 0.275703 0.654685
0.339568 0.282879 0.550474
0.306779 0.228573 0.424527
0.355704 0.292935 0.541657
0.382925 0.306003 0.497358
0.663626 0.267857 0.475293
0.636503 0.289802 0.516139
0.573945 0.318214 0.440113
0.375801 0.274653 0.627858
0.538121 0.232501 0.670659
0.499007 0.31631 0.411436
0.5688 0.247086 0.668906
0.583361 0.2212 0.310826
0.352168 0.221307 0.628761
0.400102 0.240649 0.324391
0.394483 0.315592 0.414057
0.389874 0.301836 0.377029
0.516317 0.307812 0.598572
0.487693 0.244134 0.307414
0.502469 0.215148 0.301822
0.514194 0.315249 0.404095
0.392695 0.309215 0.473054
0.309928 0.249896 0.507531
0.595554 0.313907 0.559438
0.596621 0.232092 0.321101
0.625803 0.230649 0.644221
0.576364 0.318832 0.575693
0.437858 0.318797 0.411161
0.464445 0.314369 0.436953
0.487577 0.314005 0.436513
0.346746 0.233001 0.352343
0.532498 0.220436 0.669692
0.607461 0.226121 0.324824
0.666997 0.206268 0.51384
0.603706 0.242434 0.655845
0.556101 0.31522 0.459308
0.669775 0.255037 0.475517
0.47454 0.206865 0.306297
0.369164 0.283567 0.36134
0.471875 0.271329 0.651546
0.670321 0.207857 0.515945
0.538022 0.310692 0.521492
0.422699 0.315641 0.47268
0.315968 0.245318 0.552341
0.667667 0.22755 0.595146
0.451343 0.308563 0.38017
0.522047 0.275056 0.328071
0.518586 0.298303 0.626929
0.525188 0.310618 0.58185
0.308643 0.248787 0.488988
0.382572 0.291376 0.363862
0.588127 0.312211 0.525436
0.412123 0.310566 0.382601
0.324539 0.260082 0.557067
0.47288 0.247953 0.310997
0.674859 0.213703 0.520841
0.657357 0.223058 0.380979
0.415219 0.317344 0.536094
0.597357 0.309456 0.474759
0.512952 0.254472 0.660517
0.664409 0.262503 0.481029
0.655683 0.267457 0.551875
0.648199 0.268774 0.406947
0.555744 0.263844 0.325292
0.47047 0.306372 0.47208
0.39956 0.221919 0.647151
0.666655 0.207619 0.527483
0.444902 0.315015 0.503613
0.462197 0.234474 0.302394
0.590002 0.311025 0.40383
0.640368 0.237983 0.347518
0.641269 0.223479 0.356384
0.662701 0.25854 0.516914
0.452761 0.31572 0.532099
0.35589 0.290824 0.520215
0.407403 0.316675 0.404241
0.505692 0.21265 0.659246
0.469726 0.306927 0.47497
0.609312 0.293531 0.383862
0.582101 0.229572 0.67257
0.449121 0.230669 0.302253
0.349521 0.28795 0.503806
0.477428 0.277783 0.646969
0.398695 0.226263 0.323682
0.308988 0.233107 0.424334
0.353354 0.266535 0.3595
0.420838 0.317746 0.546503
0.444584 0.271659 0.648251
0.485902 0.214282 0.302537
0.322227 0.268227 0.426569
0.470748 0.250741 0.314189
0.431008 0.316954 0.534355
0.454626 0.279116 0.334056
0.671394 0.233959 0.565286
0.612024 0.265327 0.630571
0.392551 0.275929 0.634302
0.586238 0.272053 0.650504
0.597319 0.310795 0.453607
0.356195 0.296527 0.403596
0.413694 0.315884 0.455303
0.522341 0.308794 0.58697
0.66663 0.203237 0.50467
0.308875 0.244171 0.516819
0.484764 0.310247 0.44875
0.556905 0.313348 0.545108
0.561154 0.317899 0.421698
0.3459 0.221279 0.619285
0.382767 0.236472 0.33373
0.327399 0.231652 0.388413
0.523536 0.213605 0.65856
0.401043 0.31127 0.482147
0.503035 0.306278 0.473848
0.423148 0.230083 0.310217
0.362889 0.293749 0.530157
0.436441 0.242037 0.313505
0.377723 0.305983 0.402802
0.336537 0.247281 0.373062
0.637736 0.255728 0.609962
0.499981 0.310344 0.545994
0.652115 0.22446 0.611861
0.616665 0.245685 0.640746
0.376333 0.238918 0.338556
0.657584 0.269109 0.484289
0.324986 0.272141 0.419793
0.519889 0.217778 0.658669
0.404733 0.225307 0.324324
0.455591 0.270398 0.328382
0.468486 0.31123 0.563884
0.494161 0.306924 0.497609
0.604185 0.305595 0.491391
0.499827 0.306163 0.487881
0.479632 0.306276 0.49321
0.388546 0.305806 0.47585
0.299273 0.218993 0.468617
0.678442 0.222356 0.436112
0.665316 0.229288 0.591407
0.567581 0.311642 0.483558
0.38771 0.22196 0.634476
0.520116 0.23512 0.308576
0.361317 0.296249 0.459328
0.448691 0.220872 0.669014
0.458099 0.310454 0.493981
0.365763 0.29612 0.470684
0.312644 0.217218 0.424021
0.3163 0.254407 0.520887
0.372328 0.302283 0.40052
0.62924 0.27114 0.60905
0.67034 0.20491 0.492367
0.554264 0.310648 0.496971
0.664509 0.252789 0.508238
0.506613 0.313894 0.43294
0.53484 0.294765 0.357406
0.440422 0.313299 0.463023
0.331556 0.224964 0.591132
0.670244 0.23617 0.556319
0.663292 0.222954 0.40093
0.614557 0.289351 0.613641
0.330449 0.265964 0.559399
0.653802 0.268801 0.506198
0.524042 0.305459 0.524062
0.52834 0.210555 0.655981
0.545263 0.209535 0.662461
0.438294 0.289171 0.345479
0.634158 0.27562 0.398158
0.677346 0.228523 0.451652
0.598824 0.309608 0.550081
0.314356 0.252332 0.458668
0.403838 0.314407 0.56684
0.420366 0.295625 0.622282
0.659094 0.228642 0.381143
0.344672 0.238231 0.61248
0.429722 0.31623 0.563926
0.569787 0.311214 0.51195
0.632933 0.287545 0.524169
0.506798 0.307604 0.539869
0.603894 0.233507 0.652241
0.591787 0.227311 0.657802
0.329929 0.258909 0.393708
0.413119 0.314554 0.525793
0.454825 0.245029 0.661562
0.324362 0.24223 0.571982
0.349928 0.240409 0.616561
0.638736 0.272496 0.402117
0.580422 0.225579 0.670137
0.394381 0.239339 0.649305
0.55033 0.311006 0.464284
0.659291 0.226706 0.386594
0.443025 0.311515 0.480526
0.59972 0.308139 0.542
0.622111 0.23784 0.338289
0.625777 0.294991 0.456793
0.528981 0.305926 0.474223
0.396072 0.311149 0.450121
0.327295 0.27278 0.426399
0.649942 0.268655 0.52671
0.365374 0.226148 0.609396
0.537385 0.206756 0.65376
0.408544 0.252925 0.651553
0.415043 0.301769 0.365957
0.401377 0.300071 0.610932
0.464559 0.27111 0.331467
0.574904 0.279765 0.643963
0.589737 0.312105 0.41484
0.362721 0.225501 0.624038
0.452014 0.276739 0.334853
0.635596 0.262486 0.603033
0.4046 0.313031 0.447591
0.551758 0.30826 0.500708
0.571781 0.312729 0.543735
0.48204 0.299072 0.373274
0.491242 0.287773 0.350822
0.52739 0.304012 0.513246
0.477877 0.212489 0.312653
0.601785 0.270409 0.634921
0.426923 0.302349 0.613091
0.564286 0.309758 0.50961
0.349116 0.226575 0.607262
0.303245 0.222729 0.465728
0.660251 0.252989 0.534136
0.552388 0.309275 0.468838
0.599464 0.308707 0.444006
0.477767 0.306239 0.39201
0.485365 0.230332 0.665836
0.324446 0.227592 0.565542
0.375831 0.23369 0.633841
0.583355 0.312151 0.457953
0.528114 0.213171 0.317934
0.354138 0.289456 0.583192
0.56303 0.250962 0.66356
0.386101 0.229523 0.635494
0.630207 0.237096 0.345403
0.550413 0.283083 0.344114
0.634016 0.264984 0.601234
0.404476 0.309845 0.503767
0.411534 0.302437 0.370839
0.531941 0.296553 0.621895
0.585538 0.300309 0.379613
0.463824 0.21452 0.664716
0.645545 0.272862 0.557708
0.606321 0.281189 0.624351
0.406713 0.310917 0.517848
0.624713 0.292284 0.498242
0.519475 0.309821 0.444611
0.400964 0.30386 0.603574
0.599022 0.241704 0.651865
0.42365 0.296133 0.6194
0.515489 0.255548 0.32126
0.585674 0.309498 0.466844
0.569741 0.309173 0.513227
0.570553 0.255554 0.660422
0.498048 0.303445 0.504533
0.652091 0.264252 0.518878
0.382041 0.300104 0.474597
0.440012 0.300063 0.615337
0.668963 0.214704 0.502593
0.666797 0.236278 0.519351
0.491419 0.303545 0.461681
0.368882 0.294381 0.471638
0.664097 0.223347 0.568153
0.481046 0.22114 0.305528
0.589741 0.238727 0.659753
0.468541 0.30803 0.57299
0.556694 0.27797 0.646101
0.313076 0.227274 0.522653
0.515267 0.303029 0.510179
0.331874 0.266789 0.512663
0.643349 0.252063 0.385253
0.32905 0.264268 0.486868
0.64589 0.251363 0.595927
0.64044 0.279518 0.489936
0.38892 0.298768 0.384211
0.310813 0.226891 0.451642
0.416017 0.232532 0.326629
0.463544 0.282985 0.346233
0.484734 0.304603 0.532199
0.52699 0.221337 0.315905
0.432087 0.249218 0.655553
0.553029 0.303425 0.383982
0.560076 0.271438 0.649488
0.536577 0.302702 0.528078
0.605982 0.229899 0.33507
0.665349 0.207688 0.48047
0.500581 0.304831 0.549621
0.475321 0.207152 0.663603
0.397447 0.306755 0.524398
0.492398 0.303505 0.52379
0.50586 0.305544 0.572461
0.36827 0.298392 0.404919
0.388996 0.302831 0.517213
0.408939 0.311885 0.450288
0.63723 0.237079 0.616499
0.561416 0.222763 0.317325
0.341052 0.232334 0.577293
0.320581 0.216219 0.439622
0.482082 0.304276 0.523208
0.342731 0.28382 0.444589
0.418581 0.305027 0.377239
0.417327 0.235586 0.657604
0.520011 0.300912 0.496953
0.522293 0.265456 0.650991
0.34298 0.249083 0.377028
0.367746 0.238753 0.619659
0.485918 0.248857 0.65538
0.48322 0.302471 0.524415
0.333387 0.230508 0.564581
0.433212 0.313889 0.420112
0.388512 0.298511 0.387174
0.569041 0.284922 0.634569
0.653957 0.255666 0.512045
0.36556 0.294246 0.579075
0.499947 0.307444 0.435869
0.663415 0.213555 0.496924
0.582339 0.281761 0.347922
0.333736 0.266482 0.514592
0.461286 0.304927 0.45718
0.660308 0.248907 0.418709
0.662072 0.221299 0.540376
0.469713 0.295632 0.373561
0.318967 0.242585 0.534372
0.491276 0.299184 0.46599
0.460645 0.262413 0.647415
0.486193 0.247035 0.319737
0.533189 0.249905 0.32186
0.586999 0.312289 0.586891
0.434205 0.278472 0.634772
0.607317 0.231923 0.338106
0.503673 0.257828 0.651625
0.458202 0.307511 0.543516
0.625558 0.268167 0.603871
0.662384 0.248009 0.460607
0.425641 0.230932 0.324846
0.578666 0.230004 0.658359
0.345955 0.282924 0.402325
0.522161 0.300706 0.537866
0.381969 0.232242 0.626015
0.345134 0.235299 0.580659
0.484733 0.296652 0.473292
0.331203 0.261733 0.49227
0.487984 0.21752 0.660369
0.61658 0.254697 0.617982
0.337245 0.242046 0.582434
0.627999 0.278096 0.405265
0.367129 0.292566 0.398833
0.346421 0.277314 0.468374
0.441539 0.307803 0.4581
0.395015 0.253836 0.633038
0.352514 0.287482 0.40596
0.626697 0.28684 0.55191
0.631901 0.282175 0.496232
0.320672 0.222973 0.437018
0.504937 0.245415 0.654773
0.440079 0.246785 0.324311
0.659326 0.229065 0.564465
0.354763 0.237411 0.606784
0.32786 0.230938 0.412972
0.409938 0.239766 0.639182
0.618342 0.254987 0.616052
0.360615 0.27524 0.604986
0.553288 0.31125 0.413956
0.313196 0.231463 0.470213
0.444124 0.226366 0.657233
0.644185 0.264874 0.52532
0.506494 0.308543 0.420858
0.412679 0.271199 0.338348
0.472437 0.300563 0.390654
0.558236 0.303208 0.388965
0.546804 0.292703 0.623095
0.513679 0.30709 0.404836
0.508393 0.296348 0.483384
0.47539 0.230113 0.662802
0.661368 0.220349 0.515311
0.525296 0.261577 0.3289
0.599307 0.240483 0.639712
0.333988 0.261787 0.487629
0.342117 0.269752 0.39662
0.634156 0.277206 0.42752
0.455118 0.302071 0.49587
0.455669 0.305085 0.549286
0.359926 0.28913 0.403851
0.394294 0.254794 0.629051
0.455261 0.230772 0.659939
0.543972 0.298924 0.522478
0.431073 0.307806 0.458539
0.607863 0.265437 0.358974
0.390194 0.289376 0.372208
0.454014 0.308362 0.41758
0.494271 0.293618 0.471446
0.403714 0.251284 0.637727
0.407639 0.309378 0.567309
0.456777 0.297321 0.379599
0.528657 0.235061 0.321203
0.451378 0.306628 0.402929
0.445137 0.307619 0.580646
0.328608 0.260877 0.449704
0.662969 0.221166 0.475518
0.567549 0.239769 0.661496
0.513292 0.270106 0.641684
0.583223 0.30805 0.545952
0.394634 0.287926 0.365729
0.360106 0.239745 0.605695
0.321069 0.226285 0.458937
0.46069 0.299367 0.480511
0.647667 0.237593 0.388929
0.547643 0.307171 0.403746
0.328084 0.25562 0.505638
0.487487 0.241387 0.655364
0.513407 0.274065 0.63901
0.594351 0.263451 0.632504
0.397961 0.243867 0.632285
0.373801 0.280309 0.375408
0.372714 0.288231 0.53792
0.495509 0.292514 0.496027
0.507812 0.301617 0.441144
0.458431 0.306065 0.419529
0.355461 0.286154 0.407747
0.507433 0.240969 0.652228
0.540935 0.229256 0.326589
0.422586 0.309442 0.572154
0.468624 0.280002 0.628544
0.509194 0.24053 0.323687
0.3311 0.256154 0.517239
0.419804 0.256227 0.644707
0.619542 0.288987 0.477634
0.605899 0.287195 0.389064
0.487668 0.210118 0.653204
0.372865 0.290233 0.592727
0.543351 0.229451 0.656135
0.491042 0.248237 0.326923
0.52989 0.306693 0.420135
0.3214 0.235671 0.461746
0.378211 0.289284 0.38848
0.601869 0.244632 0.630417
0.597264 0.298754 0.479037
0.63273 0.238569 0.371057
0.443555 0.237625 0.32892
0.455739 0.236294 0.325783
0.605345 0.295938 0.478223
0.359093 0.278219 0.529
0.503497 0.218248 0.649648
0.32491 0.247092 0.516573
0.627071 0.279532 0.513751
0.371008 0.295864 0.41227
0.534024 0.299985 0.553923
0.552139 0.302714 0.59939
0.656649 0.225352 0.519238
0.352505 0.265938 0.589907
0.436991 0.279123 0.348028
0.349078 0.269002 0.574517
0.564209 0.2892 0.36638
0.46457 0.252753 0.646199
0.351395 0.2828 0.411377
0.593753 0.257586 0.629018
0.359816 0.263007 0.37407
0.627465 0.263994 0.591283
0.499916 0.300856 0.403931
0.43167 0.240924 0.64742
0.611909 0.23856 0.613925
0.35951 0.276433 0.534643
0.326322 0.244381 0.477592
0.479385 0.287776 0.475736
0.535881 0.30427 0.431524
0.325348 0.242184 0.454466
0.580884 0.276434 0.631508
0.518618 0.246828 0.647371
0.617952 0.276351 0.593785
0.652806 0.211177 0.476837
0.452368 0.253986 0.645696
0.405479 0.240628 0.62009
0.589175 0.241925 0.634017
0.411856 0.303498 0.477019
0.461277 0.251218 0.647262
0.514274 0.296172 0.390174
0.496798 0.289724 0.495891
0.641556 0.26123 0.566168
0.363817 0.246184 0.595656
0.48893 0.254523 0.644649
0.500952 0.292317 0.530669
0.636877 0.264124 0.510049
0.558575 0.298086 0.503766
0.502478 0.294101 0.540043
0.598412 0.302635 0.417013
0.349206 0.268972 0.467028
0.426928 0.299805 0.390792
0.514589 0.245738 0.330023
0.584835 0.293309 0.382258
0.621282 0.269362 0.59032
0.331573 0.25613 0.423441
0.450092 0.297046 0.491993
0.499107 0.252361 0.642882
0.607147 0.245038 0.356975
0.38024 0.284793 0.387455
0.339842 0.267571 0.413253
0.329361 0.240786 0.458211
0.329385 0.240075 0.456161
0.418778 0.259315 0.637564
0.597483 0.301873 0.433629
0.538535 0.293134 0.466186
0.546934 0.235608 0.650642
0.59379 0.295979 0.481756
0.433438 0.300705 0.498601
0.478156 0.263556 0.636099
0.554135 0.263723 0.339984
0.46955 0.265736 0.345963
0.473031 0.294646 0.547119
0.626107 0.260985 0.396175
0.426029 0.249329 0.340577
0.464836 0.297659 0.443404
0.470297 0.29586 0.552122
0.376391 0.245355 0.59364
0.561756 0.297144 0.526417
0.499614 0.292234 0.542288
0.394229 0.292325 0.389769
0.619285 0.264975 0.595392
0.54138 0.28233 0.625188
0.513691 0.291825 0.386213
0.392836 0.249104 0.61447
0.401414 0.29819 0.597057
0.410556 0.245397 0.622367
0.422052 0.304795 0.423509
0.334787 0.242428 0.465887
0.60231 0.287748 0.398918
0.483697 0.288202 0.606828
0.334214 0.23836 0.435325
0.557929 0.252417 0.339292
0.644186 0.245549 0.549671
0.641641 0.255597 0.422513
0.554963 0.25091 0.33876
0.646014 0.242929 0.475703
0.349886 0.260374 0.551194
0.613731 0.249113 0.365952
0.469214 0.287457 0.492638
0.386084 0.280729 0.379275
0.539355 0.287116 0.490281
0.473795 0.289143 0.528095
0.537752 0.23007 0.641961
0.632812 0.244376 0.392153
0.624201 0.254721 0.592177
0.478993 0.289263 0.603977
0.474091 0.296212 0.425293
0.58146 0.30242 0.452886
0.63689 0.262455 0.448012
0.371155 0.27607 0.519114
0.465762 0.295977 0.579934
0.427347 0.292918 0.376844
0.516522 0.294184 0.442676
0.50018 0.282869 0.491374
0.648207 0.221358 0.486945
0.640694 0.250162 0.483244
0.459064 0.277611 0.35972
0.497799 0.276475 0.363437
0.478055 0.268751 0.629064
0.554922 0.301817 0.406528
0.581133 0.299817 0.462679
0.373412 0.272536 0.521976
0.422134 0.300774 0.45181
0.495965 0.289316 0.554507
0.614873 0.279034 0.412612
0.641835 0.23187 0.544455
0.64908 0.240557 0.440608
0.39332 0.286195 0.521686
0.474862 0.283145 0.506398
0.645113 0.234201 0.477476
0.46432 0.243404 0.644414
0.577303 0.293754 0.515258
0.399711 0.27014 0.359725
0.605412 0.289655 0.568803
0.502507 0.236274 0.33808
0.494628 0.228861 0.645573
0.539727 0.284479 0.514746
0.345692 0.270594 0.427409
0.539542 0.284273 0.508238
0.541808 0.292823 0.549074
0.498496 0.245226 0.639333
0.383297 0.281771 0.48418
0.490175 0.278706 0.484574
0.3993 0.241511 0.607738
0.63346 0.254965 0.483956
0.355017 0.271568 0.405866
0.475804 0.277741 0.376327
0.361368 0.264521 0.519166
0.362649 0.268898 0.555285
0.437354 0.29791 0.453986
0.477772 0.293871 0.411406
0.520356 0.288778 0.556178
0.583323 0.296549 0.465175
0.456866 0.289054 0.472475
0.440543 0.294265 0.493601
0.436874 0.295039 0.497638
0.41036 0.273166 0.615724
0.38021 0.273219 0.504107
0.589656 0.28924 0.395221
0.441192 0.286439 0.38116
0.631585 0.242037 0.408761
0.351939 0.25245 0.483727
0.634278 0.257213 0.445325
0.436967 0.294133 0.539791
0.503415 0.257295 0.628589
0.571245 0.291976 0.392516
0.355285 0.251856 0.501747
0.637454 0.253629 0.441824
0.530179 0.278999 0.529431
0.389488 0.284197 0.591517
0.463793 0.254274 0.34633
0.380911 0.276744 0.476244
0.582825 0.296664 0.456674
0.394503 0.285422 0.538713
0.405835 0.274146 0.362887
0.475732 0.287795 0.559562
0.393559 0.292983 0.41698
0.619728 0.267019 0.529903
0.513682 0.237833 0.342394
0.630877 0.24791 0.408615
0.615237 0.261827 0.588448
0.538643 0.279277 0.477797
0.64098 0.223878 0.496741
0.512071 0.280966 0.5362
0.499936 0.281761 0.388138
0.645787 0.235751 0.451366
0.541531 0.28088 0.487968
0.355141 0.247964 0.522479
0.35582 0.24856 0.520309
0.502554 0.280804 0.459695
0.550508 0.284707 0.50946
0.43212 0.298207 0.565173
0.369888 0.271964 0.578312
0.392056 0.267038 0.592661
0.459616 0.265198 0.621139
0.521422 0.289307 0.424245
0.395567 0.262064 0.366654
0.511639 0.286721 0.432221
0.629174 0.258059 0.447902
0.630488 0.248073 0.417224
0.407811 0.290177 0.475035
0.513851 0.283352 0.55771
0.357314 0.269736 0.438576
0.425081 0.296727 0.565426
0.37992 0.263351 0.583546
0.530551 0.28187 0.389197
0.637033 0.21918 0.508433
0.48461 0.246405 0.349112
0.572882 0.255788 0.627073
0.527938 0.27002 0.481657
0.535044 0.25071 0.348269
0.492697 0.272415 0.378481
0.453749 0.283366 0.495164
0.600913 0.283408 0.410091
0.548596 0.281229 0.471752
0.508841 0.278018 0.53761
0.353688 0.258548 0.413461
0.443963 0.281118 0.3771
0.505299 0.269022 0.48115
0.396094 0.290901 0.422019
0.466825 0.285509 0.404168
0.621757 0.263247 0.468847
0.48165 0.244473 0.633784
0.556341 0.292095 0.450754
0.616471 0.265452 0.529391
0.581668 0.263095 0.362162
0.431981 0.252554 0.630135
0.553888 0.286689 0.535194
0.498893 0.2703 0.371796
0.391538 0.272138 0.487432
0.463525 0.236008 0.638201
0.37514 0.257533 0.505704
0.409095 0.267851 0.365707
0.367957 0.275749 0.42194
0.613688 0.270678 0.453605
0.472753 0.281922 0.558689
0.538168 0.290367 0.423709
0.512177 0.253661 0.618919
0.548371 0.286847 0.401614
0.404439 0.252535 0.600382
0.380661 0.27949 0.41561
0.504439 0.261501 0.615551
0.404075 0.273634 0.376323
0.56998 0.276103 0.609132
0.585397 0.270858 0.374909
0.45256 0.268601 0.363838
0.533994 0.269963 0.51592
0.398316 0.281322 0.55116
0.613985 0.259659 0.500215
0.508198 0.264337 0.613337
0.562632 0.280409 0.509907
0.617595 0.264723 0.458092
0.352228 0.245519 0.452045
0.412197 0.28897 0.546251
0.502856 0.264555 0.613559
0.366824 0.250246 0.534586
0.627681 0.239641 0.518568
0.535461 0.289838 0.417971
0.612881 0.266194 0.541276
0.48209 0.26984 0.514036
0.440359 0.268512 0.614038
0.546933 0.285438 0.451508
0.383479 0.263314 0.524714
0.452154 0.24935 0.630883
0.635201 0.225816 0.532566
0.394183 0.273418 0.397873
0.485734 0.257332 0.4784
0.537882 0.280731 0.594413
0.458505 0.265279 0.610618
0.392278 0.268206 0.579485
0.607407 0.27063 0.455543
0.565442 0.287001 0.549658
0.356749 0.242748 0.45283
0.433968 0.255994 0.358396
0.598622 0.271249 0.514519
0.569048 0.276383 0.602841
0.376388 0.252134 0.516633
0.485686 0.262431 0.503312
0.483982 0.260161 0.375832
0.476676 0.26771 0.393059
0.358793 0.247908 0.462093
0.402044 0.271012 0.528548
0.556998 0.273636 0.494133
0.452145 0.274898 0.506963
0.404355 0.269323 0.37852
0.498258 0.251717 0.616774
0.623937 0.244894 0.46523
0.357248 0.243115 0.460237
0.415322 0.277132 0.593754
0.490791 0.254853 0.364804
0.524861 0.278965 0.570698
0.437326 0.274729 0.601864
0.536077 0.274978 0.542032
0.483923 0.262223 0.467599
0.484425 0.263962 0.512506
0.573347 0.272488 0.605027
0.608317 0.238247 0.594449
0.47307 0.270606 0.528941
0.404607 0.275061 0.489564
0.395176 0.273926 0.578935
0.598295 0.2784 0.459478
0.399341 0.26943 0.551495
0.485893 0.254629 0.495068
0.404165 0.2724 0.396906
0.471343 0.249907 0.617181
0.528903 0.277739 0.578287
0.58952 0.279159 0.459264
0.407632 0.280972 0.43906
0.487818 0.261936 0.390023
0.417006 0.285189 0.414414
0.485533 0.254188 0.492982
0.522878 0.257168 0.367755
0.408351 0.233209 0.603469
0.45541 0.279669 0.429361
0.524341 0.257894 0.526129
0.55171 0.241564 0.621771
0.368301 0.245838 0.479248
0.594862 0.27666 0.453599
0.531608 0.257645 0.365814
0.620377 0.240988 0.419167
0.535225 0.268997 0.386055
0.431835 0.274797 0.511183
0.626263 0.222873 0.499315
0.466002 0.221974 0.634261
0.426526 0.25478 0.363952
0.483677 0.263976 0.532133
0.529424 0.272346 0.399401
0.386674 0.266295 0.456998
0.42235 0.272316 0.375969
0.416851 0.286453 0.425715
0.611437 0.24946 0.472313
0.504409 0.270616 0.404674
0.471744 0.273909 0.413382
0.427427 0.265823 0.603202
0.366789 0.251608 0.416971
0.547301 0.273425 0.389244
0.450252 0.267947 0.601674
0.406881 0.263834 0.532932
0.625161 0.224378 0.463882
0.618545 0.230238 0.509853
0.49919 0.263406 0.593004
0.545844 0.258646 0.498394
0.561908 0.27193 0.460721
0.44713 0.272253 0.455446
0.519354 0.245214 0.486638
0.39793 0.227945 0.59168
0.392296 0.261178 0.401499
0.582234 0.28053 0.551626
0.518646 0.247831 0.50567
0.541421 0.26895 0.451587
0.479524 0.259698 0.533901
0.484037 0.244035 0.480786
0.399406 0.271895 0.415979
0.612116 0.247989 0.539799
0.417527 0.267525 0.508885
0.557657 0.279025 0.410812
0.465838 0.254979 0.474751
0.606112 0.258113 0.55931
0.395503 0.255791 0.389035
0.432571 0.27576 0.402279
0.438601 0.270638 0.480647
0.611278 0.234217 0.583752
0.424472 0.272622 0.495034
0.515149 0.249102 0.468042
0.523519 0.247224 0.501214
0.60212 0.262704 0.427325
0.404897 0.259368 0.512778
0.60475 0.249381 0.407788
0.535599 0.252442 0.487726
0.474169 0.25216 0.608597
0.478278 0.269656 0.419368
0.553219 0.269366 0.460502
0.415642 0.274787 0.555131
0.399379 0.263999 0.445248
0.621181 0.212983 0.478648
0.475694 0.241517 0.611491
0.50918 0.255212 0.590243
0.434932 0.265861 0.482186
0.542539 0.258463 0.461143
0.543705 0.254701 0.598304
0.371349 0.244264 0.452337
0.37738 0.249634 0.41951
0.539529 0.24477 0.371027
0.526331 0.232435 0.610031
0.520769 0.240608 0.601614
0.509336 0.232744 0.37087
0.509301 0.261886 0.413593
0.57454 0.273214 0.45445
0.404174 0.266945 0.44326
0.519666 0.250254 0.45575
0.400092 0.260311 0.406047
0.4843 0.262482 0.564413
0.60148 0.238189 0.486788
0.531122 0.242996 0.485618
0.398938 0.265963 0.43578
0.511581 0.259147 0.585827
0.440939 0.261295 0.513844
0.614901 0.223986 0.494676
0.435155 0.255511 0.60119
0.480534 0.250401 0.601646
0.420222 0.247055 0.597605
0.534138 0.24961 0.374162
0.513867 0.240422 0.470198
0.532518 0.248323 0.468476
0.392581 0.250157 0.539488
0.425462 0.271051 0.401038
0.452146 0.261716 0.592917
0.460887 0.255648 0.521032
0.535235 0.260301 0.450987
0.418378 0.2492 0.584791
0.618691 0.210336 0.492812
0.588366 0.263409 0.434351
0.518525 0.246011 0.588031
0.568902 0.252291 0.475934
0.529156 0.24327 0.462052
0.413736 0.256001 0.4801
0.492982 0.245417 0.394002
0.374896 0.237943 0.459922
0.463259 0.239238 0.608865
0.491509 0.249835 0.403989
0.533881 0.25894 0.437364
0.496526 0.252132 0.552962
0.546734 0.26037 0.546829
0.407777 0.256227 0.405842
0.411758 0.25823 0.465293
0.450992 0.23158 0.617137
0.393579 0.244877 0.531274
0.40191 0.254648 0.458826
0.484343 0.23119 0.488853
0.468202 0.253771 0.404461
0.417592 0.258756 0.475843
0.602042 0.230345 0.491803
0.434868 0.264536 0.550162
0.581671 0.255594 0.394444
0.43051 0.266759 0.452946
0.437478 0.265785 0.448583
0.538079 0.24934 0.46093
0.494055 0.230762 0.609852
0.376656 0.243072 0.432053
0.473462 0.247896 0.531354
0.494669 0.213314 0.622507
0.374527 0.233194 0.478491
0.414172 0.255105 0.492771
0.584257 0.247283 0.58512
0.419236 0.256472 0.578417
0.409313 0.245833 0.49051
0.617603 0.207679 0.50789
0.460384 0.239503 0.497206
0.527989 0.239981 0.588784
0.458026 0.247972 0.455002
0.517451 0.228719 0.464724
0.51641 0.199827 0.615886
0.593565 0.229694 0.587607
0.37991 0.231231 0.491218
0.601761 0.238348 0.561933
0.454664 0.249088 0.456423
0.548985 0.242611 0.519911
0.475525 0.224695 0.481249
0.589789 0.251233 0.447336
0.496669 0.207413 0.620602
0.417022 0.249922 0.485171
0.615831 0.211867 0.51724
0.376903 0.23175 0.44473
0.563666 0.241354 0.594351
0.616683 0.207709 0.498717
0.408158 0.244491 0.566559
0.435167 0.250086 0.516281
0.432982 0.255702 0.400963
0.434924 0.250766 0.587078
0.585323 0.250292 0.524576
0.444678 0.256265 0.550702
0.408086 0.246333 0.553628
0.436485 0.25788 0.552511
0.449955 0.257285 0.561285
0.496803 0.203708 0.621942
0.407345 0.227707 0.588128
0.593975 0.248914 0.437036
0.591777 0.246407 0.542055
0.380838 0.233396 0.428562
0.494761 0.248458 0.418827
0.522515 0.223151 0.475705
0.414162 0.240999 0.406144
0.615753 0.20662 0.523578
0.557914 0.252555 0.574575
0.537588 0.234114 0.588888
0.589219 0.241853 0.450712
0.50707 0.218035 0.468969
0.378201 0.221743 0.501319
0.477264 0.24257 0.560535
0.390599 0.230169 0.534045
0.512544 0.231796 0.542867
0.412655 0.240024 0.497347
0.546809 0.219238 0.605176
0.450751 0.246488 0.409245
0.387291 0.223653 0.552487
0.576287 0.252589 0.564201
0.421706 0.243449 0.506246
0.525577 0.24145 0.430766
0.608105 0.223075 0.558777
0.500429 0.218521 0.500541
0.499637 0.219313 0.503429
0.578597 0.238326 0.498274
0.44779 0.251166 0.565372
0.508758 0.239711 0.569086
0.432152 0.23117 0.379437
0.558776 0.257083 0.434124
0.444062 0.247828 0.407649
0.607085 0.227733 0.441819
0.557407 0.254741 0.417002
0.389299 0.231089 0.518203
0.603758 0.22825 0.554667
0.567975 0.259669 0.431281
0.454766 0.233976 0.48445
0.539645 0.203728 0.613148
0.584532 0.245495 0.563374
0.38796 0.229541 0.486169
0.414626 0.215806 0.601485
0.41641 0.235432 0.54127
0.608479 0.211177 0.540022
0.438096 0.242536 0.412789
0.547494 0.227282 0.589133
0.477766 0.234682 0.423879
0.496716 0.207056 0.473158
0.48596 0.224755 0.402408
0.584781 0.224612 0.509743
0.398836 0.218713 0.576849
0.422034 0.235524 0.513917
0.611012 0.209137 0.544053
0.565177 0.238633 0.462
0.433978 0.237607 0.580229
0.417184 0.239287 0.453382
0.429796 0.238114 0.52818
0.425213 0.237956 0.529312
0.458698 0.230659 0.590516
0.603787 0.212065 0.467424
0.428644 0.239154 0.404797
0.382921 0.219303 0.504976
0.505034 0.231066 0.422789
0.454295 0.212051 0.612401
0.58936 0.216871 0.485312
0.421596 0.242583 0.41952
0.539287 0.238011 0.565662
0.450996 0.229937 0.505686
0.570083 0.239935 0.536691
0.456314 0.227552 0.507089
0.583734 0.22284 0.494316
0.480159 0.215366 0.511525
0.497862 0.207682 0.489672
0.546613 0.233994 0.541559
0.504278 0.224041 0.447108
0.553372 0.224629 0.488512
0.53335 0.233909 0.558046
0.517212 0.210743 0.501443
0.408652 0.223713 0.467518
0.391785 0.219123 0.430199
0.587464 0.212184 0.476276
0.599125 0.212052 0.543942
0.482147 0.222903 0.58493
0.494463 0.198927 0.473978
0.56724 0.237254 0.409624
0.426883 0.228958 0.521151
0.53913 0.190664 0.614578
0.452852 0.213932 0.381116
0.538551 0.219079 0.534396
0.541549 0.227079 0.552297
0.39415 0.218487 0.499177
0.49047 0.212468 0.454173
0.564332 0.22534 0.583246
0.46743 0.200232 0.614703
0.412699 0.224039 0.480096
0.621029 0.194957 0.445621
0.458265 0.204952 0.61138
0.457989 0.224867 0.404914
0.49413 0.223456 0.431858
0.496105 0.221284 0.55008
0.378255 0.204561 0.487005
0.469198 0.228 0.556706
0.607584 0.215564 0.424705
0.470525 0.205765 0.484283
0.391456 0.208503 0.575826
0.385683 0.214131 0.52189
0.528573 0.212956 0.52886
0.609748 0.19633 0.485069
0.588354 0.223739 0.559558
0.482799 0.226928 0.562905
0.435191 0.228269 0.519547
0.573816 0.231849 0.459558
0.498271 0.211634 0.527543
0.475776 0.223853 0.418776
0.417846 0.195106 0.608503
0.387527 0.208177 0.446276
0.463791 0.218595 0.548194
0.609851 0.197207 0.549102
0.605426 0.201776 0.552748
0.483405 0.190017 0.477957
0.438769 0.222088 0.535018
0.52764 0.196345 0.483236
0.540822 0.222241 0.423845
0.586408 0.204832 0.592142
0.498793 0.205014 0.591211
0.550542 0.221897 0.403257
0.616956 0.196344 0.440708
0.523284 0.209832 0.581058
0.423411 0.222431 0.549681
0.468991 0.202006 0.387303
0.572927 0.223288 0.3974
0.603234 0.204786 0.567499
0.379872 0.19632 0.503254
0.58013 0.224603 0.41763
0.433942 0.213052 0.59342
0.503672 0.199196 0.597426
0.465428 0.213609 0.408491
0.462828 0.208395 0.594829
0.589556 0.211602 0.549608
0.474769 0.20935 0.591055
0.588467 0.210386 0.46236
0.51064 0.201375 0.385831
0.479849 0.195041 0.498295
0.476047 0.216204 0.434572
0.51968 0.206663 0.392576
0.570814 0.193825 0.611323
0.395438 0.200747 0.584543
0.536685 0.194952 0.605876
0.404372 0.2019 0.591098
0.586916 0.211972 0.544584
0.41038 0.207356 0.513262
0.383004 0.195023 0.461386
0.565197 0.208135 0.387435
0.384053 0.197954 0.555185
0.498515 0.202556 0.544855
0.471793 0.188452 0.481113
0.53658 0.210124 0.432254
0.399926 0.206971 0.446615
0.540144 0.198368 0.467329
0.500727 0.203792 0.580641
0.461175 0.199825 0.391554
0.563582 0.203098 0.486778
0.585933 0.192711 0.604525
0.562581 0.20656 0.469904
0.500946 0.192542 0.517452
0.469901 0.203963 0.41373
0.49908 0.203484 0.547431
0.600895 0.192099 0.47033
0.543201 0.211023 0.41101
0.472781 0.20609 0.421964
0.603228 0.187812 0.518045
0.510102 0.198915 0.394495
0.537341 0.21043 0.563146
0.45759 0.19474 0.381867
0.580211 0.208299 0.459414
0.475619 0.203822 0.442478
0.545099 0.212393 0.56582
0.401023 0.2012 0.482445
0.426755 0.211877 0.466063
0.58054 0.202903 0.386692
0.45681 0.203967 0.460532
0.436752 0.216147 0.439243
0.588841 0.211679 0.425359
0.5071 0.194137 0.522742
0.537427 0.211002 0.427308
0.46658 0.20519 0.446814
0.41446 0.192242 0.591099
0.431743 0.205837 0.444301
0.386343 0.188444 0.497025
0.473909 0.180751 0.474877
0.502323 0.178392 0.610463
0.466837 0.184014 0.481978
0.467458 0.198217 0.43795
0.572024 0.197857 0.469908
0.616529 0.178953 0.52612
0.553946 0.199342 0.542317
0.551314 0.184878 0.606965
0.522771 0.187835 0.450043
0.537428 0.194386 0.451184
0.468064 0.185041 0.471108
0.552912 0.201239 0.394251
0.555073 0.201073 0.547731
0.431153 0.203248 0.578776
0.395306 0.1982 0.434692
0.604758 0.18979 0.567794
0.611171 0.187584 0.445335
0.576348 0.196149 0.532369
0.610721 0.180489 0.519685
0.612828 0.18527 0.575657
0.539252 0.200734 0.418654
0.465544 0.19126 0.395346
0.516536 0.190142 0.385395
0.42967 0.204247 0.414708
0.51654 0.186554 0.519722
0.562078 0.199613 0.537027
0.601584 0.190584 0.559095
0.409202 0.178361 0.615182
0.534259 0.190777 0.457471
0.447244 0.202402 0.578834
0.538675 0.196006 0.448221
0.45869 0.183065 0.61124
0.624181 0.172832 0.516216
0.412086 0.19024 0.577624
0.56145 0.193215 0.395748
0.577893 0.181666 0.607466
0.506547 0.179244 0.454386
0.512683 0.185283 0.546752
0.452606 0.182371 0.484637
0.491523 0.180662 0.450133
0.603154 0.181921 0.551446
0.569981 0.190394 0.466198
0.47508 0.180783 0.452815
0.60001 0.179454 0.526477
0.402994 0.183577 0.588952
0.374163 0.1744 0.464534
0.416626 0.185761 0.477229
0.472608 0.178542 0.507634
0.583948 0.182863 0.487449
0.451996 0.191513 0.441013
0.513264 0.18738 0.556842
0.545313 0.19069 0.574016
0.527942 0.180924 0.518397
0.502506 0.181345 0.590075
0.396258 0.188174 0.417352
0.589514 0.178674 0.375843
0.559181 0.18629 0.520551
0.609365 0.178148 0.459556
0.410014 0.184731 0.474203
0.538833 0.191093 0.422547
0.619428 0.174406 0.380347
0.484494 0.181003 0.528655
0.415031 0.170822 0.623238
0.506653 0.175277 0.605203
0.605537 0.177899 0.523618
0.485845 0.190898 0.571642
0.387881 0.181595 0.467621
0.460745 0.189205 0.418423
0.594803 0.179273 0.486042
0.404859 0.175522 0.482438
0.5636 0.186107 0.413143
0.446411 0.183062 0.440528
0.518434 0.17244 0.456904
0.399009 0.180286 0.52857
0.437861 0.178256 0.487102
0.600912 0.176437 0.587833
0.467345 0.173938 0.51096
0.571519 0.178549 0.509311
0.375429 0.175214 0.425687
0.557057 0.182126 0.576549
0.41004 0.184036 0.433549
0.604127 0.177603 0.388829
0.453365 0.170707 0.616144
0.561445 0.180199 0.466956
0.586563 0.175535 0.510989
0.62381 0.170616 0.600341
0.502143 0.174986 0.443112
0.470388 0.16835 0.475408
0.413244 0.182451 0.524553
0.433069 0.182369 0.506394
0.400367 0.178106 0.457231
0.424662 0.185355 0.536015
0.555053 0.183043 0.558913
0.591381 0.17581 0.604443
0.415721 0.183653 0.57572
0.499186 0.176122 0.539751
0.504233 0.168812 0.482507
0.430422 0.180067 0.490036
0.527678 0.179705 0.573694
0.435371 0.18632 0.422095
0.455676 0.178454 0.590085
0.443556 0.179331 0.385715
0.609518 0.171391 0.374662
0.612121 0.169162 0.487741
0.462182 0.168954 0.370197
0.402455 0.168572 0.466529
0.444316 0.16305 0.624649
0.384989 0.171267 0.551009
0.556526 0.17445 0.438824
0.406292 0.169018 0.465965
0.421427 0.170942 0.491136
0.36722 0.161058 0.610605
0.498836 0.165501 0.605444
0.526656 0.168732 0.444081
0.5473 0.171371 0.582297
0.611834 0.164764 0.496613
0.535381 0.171201 0.578257
0.437877 0.173619 0.399885
0.399786 0.161984 0.627506
0.473643 0.168446 0.590615
0.617909 0.166115 0.44398
0.387281 0.170171 0.450812
0.368379 0.165186 0.577372
0.403628 0.166903 0.476431
0.586622 0.16936 0.608645
0.613572 0.169186 0.562241
0.433561 0.170637 0.600497
0.394699 0.171013 0.583404
0.577304 0.175286 0.415099
0.482471 0.169462 0.416789
0.557536 0.174801 0.412025
0.624568 0.165049 0.552524
0.61328 0.168957 0.599519
0.610377 0.163732 0.477071
0.589575 0.167646 0.372829
0.538745 0.172288 0.39946
0.522496 0.170694 0.398689
0.484388 0.163249 0.367746
0.454779 0.170992 0.391513
0.614448 0.167861 0.543629
0.432283 0.170969 0.599436
0.397943 0.157307 0.633296
0.442697 0.161921 0.373768
0.505819 0.159672 0.365697
0.571147 0.166189 0.44165
0.551693 0.164257 0.446374
0.405123 0.162692 0.496201
0.483298 0.158606 0.491722
0.623254 0.161261 0.558058
0.528471 0.160667 0.494628
0.444942 0.166698 0.558905
0.566466 0.164589 0.548229
0.548716 0.165148 0.405077
0.407835 0.164392 0.589026
0.439607 0.163952 0.501194
0.569443 0.164726 0.548626
0.624835 0.157291 0.468608
0.569857 0.161855 0.620886
0.627043 0.157704 0.458128
0.589913 0.159698 0.364104
0.463003 0.15854 0.624152
0.54126 0.161296 0.478675
0.442163 0.163268 0.37938
0.479183 0.158691 0.494884
0.576692 0.165328 0.449952
0.465591 0.164825 0.570982
0.564075 0.163201 0.518626
0.583836 0.165487 0.408977
0.490276 0.161395 0.440467
0.55386 0.164998 0.437759
0.445625 0.164923 0.585497
0.461588 0.159157 0.471138
0.639255 0.154306 0.463335
0.438135 0.165196 0.443415
0.416406 0.167496 0.564738
0.504243 0.156878 0.628249
0.561028 0.163447 0.481645
0.395912 0.157192 0.539072
0.465851 0.155114 0.50356
0.40136 0.158131 0.430758
0.629158 0.155204 0.387039
0.556566 0.155509 0.623783
0.398145 0.156016 0.497667
0.583312 0.156381 0.493713
0.443109 0.157842 0.577749
0.426568 0.158963 0.530122
0.473949 0.156229 0.400973
0.482993 0.155731 0.536496
0.526794 0.15597 0.523707
0.371756 0.154482 0.5014
0.522477 0.155322 0.504322
0.461183 0.1547 0.623284
0.394797 0.157265 0.550598
0.52966 0.155485 0.503451
0.367651 0.155997 0.434249
0.630327 0.155163 0.598377
0.542106 0.155786 0.498705
0.529059 0.155065 0.488112
0.49314 0.155778 0.592503
0.521155 0.155243 0.502513
0.632231 0.155049 0.612768
0.539088 0.157216 0.394955
0.594435 0.155774 0.490004
0.371558 0.155263 0.454246
0.413881 0.15654 0.459253
0.49352 0.153921 0.480312
0.59693 0.156619 0.552517
0.574744 0.157607 0.561492
0.560143 0.156466 0.475852
0.63624 0.153611 0.533806
0.431126 0.158685 0.524056
0.456711 0.156363 0.594331
0.510291 0.156903 0.379881
0.390587 0.15 0.423904
0.463465 0.15 0.527325
0.535116 0.15 0.522875
0.648526 0.15 0.387822
0.421999 0.15 0.610741
0.378172 0.15 0.502504
0.416799 0.15 0.360382
0.575327 0.15 0.528039
0.423482 0.15 0.587971
0.357324 0.15 0.364997
0.432226 0.15 0.597127
0.540692 0.15 0.631405
0.636468 0.15 0.415316
0.569788 0.15 0.364026
0.56619 0.15 0.581416
0.391401 0.15 0.582194
0.434323 0.15 0.394093
0.647171 0.15 0.598097
0.543072 0.15 0.480338
0.405528 0.15 0.5083
0.447049 0.15 0.393379
0.505315 0.15 0.350558
0.620208 0.15 0.399623
0.632669 0.15 0.360547
0.523287 0.15 0.563681
0.603252 0.15 0.612691
0.618743 0.15 0.591102
0.571647 0.15 0.579539
0.430001 0.15 0.438095
0.439697 0.15 0.494182
0.491966 0.15 0.647583
0.385817 0.15 0.549847
0.589555 0.15 0.621023
0.387043 0.15 0.421239
0.631231 0.15 0.385313
0.355741 0.15 0.541919
