2340 0.012625
0.390234 0.316998 0.393375
0.446721 0.248498 0.339762
0.468436 0.195238 0.332132
0.493776 0.188261 0.335749
0.514793 0.202072 0.345143
0.539424 0.257074 0.351625
0.347621 0.254375 0.442486
0.358348 0.276777 0.358385
0.430801 0.278771 0.29127
0.500442 0.260032 0.276835
0.574144 0.283058 0.311836
0.616554 0.265315 0.377182
0.3386 0.228603 0.470478
0.291918 0.267392 0.427287
0.405908 0.431666 0.39813
0.504144 0.432501 0.389157
0.621719 0.420531 0.412067
0.694183 0.24109 0.433693
0.338131 0.207185 0.488303
0.283413 0.261744 0.50841
0.409123 0.440352 0.503786
0.511546 0.439154 0.500818
0.629913 0.417853 0.505778
0.709348 0.224087 0.505103
0.346443 0.222404 0.513531
0.325005 0.263813 0.577573
0.408049 0.398633 0.638795
0.499478 0.408546 0.640537
0.612215 0.396405 0.617712
0.679699 0.224743 0.560404
0.361562 0.290131 0.554936
0.388446 0.25278 0.601288
0.436964 0.233172 0.670453
0.49807 0.228332 0.701301
0.560772 0.246332 0.690249
0.622277 0.255816 0.61058
0.380072 0.267077 0.381887
0.365395 0.284713 0.555771
0.286628 0.232411 0.510279
0.616339 0.423678 0.496004
0.432662 0.324607 0.693887
0.525803 0.189539 0.335965
0.366687 0.247773 0.557493
0.375911 0.296616 0.567059
0.657517 0.22059 0.484772
0.473136 0.166853 0.318295
0.601494 0.287554 0.59906
0.6346 0.254356 0.618805
0.510756 0.289834 0.718057
0.501981 0.437549 0.547121
0.646584 0.41104 0.462828
0.658087 0.226267 0.47246
0.332145 0.198434 0.52767
0.415894 0.300928 0.372312
0.528036 0.215294 0.683567
0.383242 0.250307 0.586871
0.364013 0.247562 0.620596
0.389971 0.388289 0.640792
0.341832 0.208813 0.531591
0.533617 0.39137 0.660456
0.410342 0.286099 0.616709
0.651243 0.200115 0.548829
0.545276 0.429691 0.562889
0.434212 0.244835 0.682147
0.640191 0.236354 0.577839
0.44938 0.441903 0.501979
0.482461 0.19341 0.672715
0.651183 0.217185 0.563466
0.59955 0.429874 0.472187
0.633935 0.240368 0.557986
0.51168 0.221439 0.692738
0.343901 0.234854 0.438717
0.361328 0.24161 0.564021
0.307656 0.229178 0.430877
0.644354 0.275997 0.626125
0.684149 0.238239 0.424539
0.443388 0.437541 0.406297
0.525506 0.187715 0.333289
0.47022 0.228143 0.701817
0.472443 0.194175 0.659992
0.585284 0.42882 0.536888
0.526084 0.438136 0.499409
0.529622 0.214872 0.649395
0.632246 0.308061 0.341118
0.471359 0.440303 0.461412
0.712389 0.251591 0.538839
0.3608 0.385753 0.618847
0.323255 0.273334 0.57364
0.65965 0.212286 0.417951
0.415696 0.27159 0.620206
0.657561 0.298729 0.621886
0.464679 0.439758 0.429539
0.377406 0.248772 0.592408
0.512308 0.439026 0.462728
0.341663 0.258306 0.614387
0.657838 0.309544 0.363656
0.442188 0.432271 0.386886
0.342239 0.205469 0.508223
0.653708 0.252382 0.60686
0.387636 0.279238 0.575255
0.522628 0.223757 0.654286
0.67525 0.201904 0.466249
0.649062 0.256686 0.394128
0.533405 0.273735 0.717163
0.420902 0.282152 0.682427
0.339905 0.204561 0.528187
0.437879 0.30161 0.699028
0.627276 0.256047 0.604848
0.300637 0.187791 0.458514
0.294365 0.196164 0.456594
0.434857 0.225361 0.328717
0.686812 0.209734 0.443381
0.673443 0.1971 0.44167
0.521882 0.186328 0.319103
0.697529 0.221923 0.449982
0.655886 0.2327 0.579797
0.564679 0.322554 0.690782
0.28176 0.224972 0.455508
0.510512 0.23625 0.280677
0.704257 0.27611 0.546969
0.431472 0.258343 0.292897
0.618503 0.238636 0.397757
0.604161 0.426959 0.504852
0.35383 0.242042 0.611573
0.524402 0.23565 0.70532
0.290688 0.200616 0.495535
0.470855 0.428074 0.368494
0.665512 0.213983 0.479557
0.694652 0.202738 0.496923
0.533734 0.42821 0.58247
0.518672 0.437728 0.430192
0.703109 0.339104 0.458842
0.447548 0.222458 0.649253
0.392698 0.304752 0.392587
0.585008 0.335969 0.309304
0.575552 0.399776 0.342175
0.481832 0.222509 0.697989
0.450096 0.259329 0.281272
0.538825 0.436573 0.501641
0.599402 0.269405 0.393565
0.436308 0.241356 0.342679
0.681937 0.200823 0.451384
0.591456 0.267183 0.387605
0.401452 0.437697 0.436242
0.409168 0.29542 0.62348
0.289335 0.192797 0.484135
0.652864 0.406409 0.451801
0.670834 0.201958 0.458368
0.484549 0.327731 0.275797
0.514746 0.190272 0.306731
0.441328 0.239245 0.641116
0.362568 0.417525 0.552354
0.521188 0.198707 0.663008
0.680424 0.308658 0.38855
0.426404 0.43472 0.398005
0.551489 0.226863 0.641504
0.402781 0.25136 0.632998
0.318128 0.218135 0.53745
0.65786 0.227023 0.46803
0.393794 0.254159 0.614053
0.303864 0.376114 0.497498
0.404418 0.293472 0.382132
0.403296 0.268103 0.606126
0.506073 0.439377 0.468404
0.548705 0.28298 0.289378
0.533596 0.273644 0.716805
0.552946 0.248094 0.35766
0.68367 0.369693 0.530043
0.305521 0.378616 0.492493
0.337068 0.19608 0.479029
0.492083 0.389373 0.667657
0.327565 0.253147 0.587193
0.329789 0.320744 0.617372
0.557825 0.242344 0.639775
0.373225 0.272137 0.643024
0.448762 0.40242 0.331393
0.657915 0.225006 0.465066
0.538511 0.248842 0.644801
0.535788 0.422774 0.367513
0.552225 0.230853 0.641455
0.304845 0.231102 0.535701
0.295116 0.217049 0.512929
0.332698 0.240985 0.589835
0.660662 0.221464 0.468581
0.347567 0.251433 0.437435
0.503033 0.192947 0.299525
0.704475 0.338633 0.489813
0.708061 0.317371 0.453028
0.538324 0.230873 0.302885
0.443006 0.294317 0.284294
0.286677 0.290529 0.520994
0.679517 0.244541 0.418004
0.297773 0.248425 0.536448
0.384552 0.283883 0.327418
0.436277 0.298216 0.287023
0.42507 0.265934 0.628087
0.626537 0.238573 0.405509
0.336144 0.195488 0.507331
0.712858 0.234582 0.505423
0.333998 0.193416 0.484166
0.434964 0.236066 0.66293
0.516766 0.218347 0.65914
0.329366 0.26291 0.592028
0.626729 0.369649 0.632207
0.437057 0.226692 0.332925
0.373129 0.280365 0.562356
0.431916 0.263967 0.292228
0.543278 0.225866 0.323377
0.328962 0.185128 0.499853
0.390007 0.302111 0.671433
0.600691 0.25959 0.392489
0.713588 0.237159 0.518939
0.696191 0.230583 0.549414
0.593723 0.414089 0.591518
0.307116 0.266565 0.55179
0.349119 0.417792 0.502901
0.331528 0.246026 0.400281
0.310089 0.229938 0.53974
0.514293 0.184507 0.326358
0.336088 0.203507 0.471043
0.514525 0.210347 0.293985
0.488344 0.197074 0.292602
0.440009 0.248543 0.341576
0.339072 0.296593 0.357927
0.577758 0.410342 0.357754
0.6182 0.25541 0.405658
0.347736 0.23211 0.530525
0.677109 0.201738 0.542766
0.336929 0.207599 0.456576
0.446775 0.374475 0.67543
0.527365 0.199694 0.340636
0.442106 0.222089 0.332991
0.557172 0.305638 0.698782
0.640357 0.229314 0.421382
0.500469 0.198965 0.295341
0.547113 0.43494 0.504434
0.325209 0.183595 0.497965
0.566714 0.270404 0.312107
0.505069 0.435561 0.404636
0.562559 0.246583 0.687564
0.314143 0.258503 0.561282
0.328144 0.206315 0.440301
0.308528 0.283342 0.558531
0.289148 0.344713 0.503052
0.712389 0.237391 0.467257
0.710097 0.28081 0.529478
0.63405 0.412386 0.406012
0.367348 0.252698 0.627015
0.530634 0.203394 0.669746
0.501774 0.407123 0.332272
0.557845 0.218588 0.662672
0.543962 0.218702 0.34494
0.384382 0.259099 0.579788
0.425566 0.247876 0.337845
0.333875 0.342942 0.367183
0.354774 0.30159 0.340653
0.53125 0.356561 0.68767
0.48562 0.19919 0.291207
0.497016 0.178747 0.320595
0.526731 0.395348 0.31616
0.301838 0.366496 0.460571
0.295412 0.208538 0.506568
0.660183 0.355704 0.596335
0.554737 0.235844 0.346786
0.591779 0.261668 0.612744
0.629395 0.365904 0.630981
0.395043 0.393671 0.337302
0.447234 0.43208 0.386829
0.485195 0.432337 0.385014
0.386815 0.282787 0.391711
0.52263 0.20094 0.659831
0.559303 0.245843 0.355737
0.662585 0.204247 0.509194
0.582429 0.244983 0.639238
0.599467 0.42926 0.441203
0.706279 0.223834 0.47006
0.478217 0.181581 0.32645
0.364779 0.276475 0.358795
0.460438 0.246209 0.70622
0.661145 0.197342 0.510085
0.573969 0.428122 0.545141
0.358221 0.422494 0.460226
0.321711 0.218743 0.537879
0.634997 0.230311 0.567092
0.425624 0.342537 0.301073
0.529723 0.243412 0.28534
0.532011 0.306748 0.711901
0.543805 0.386512 0.662043
0.287094 0.202374 0.487689
0.366485 0.286129 0.348573
0.667511 0.381275 0.547811
0.366914 0.324343 0.325369
0.321016 0.234011 0.550308
0.469386 0.206116 0.288237
0.665269 0.187867 0.51432
0.622949 0.255804 0.408475
0.342485 0.397525 0.569096
0.688811 0.370485 0.466493
0.511978 0.227516 0.696505
0.710827 0.232333 0.476407
0.681958 0.237564 0.565899
0.653282 0.256314 0.397796
0.552703 0.246551 0.313557
0.458198 0.439575 0.454831
0.413247 0.280697 0.625324
0.659813 0.198322 0.518546
0.405177 0.438322 0.515201
0.461735 0.191241 0.302437
0.644708 0.344545 0.35142
0.600587 0.246303 0.375482
0.594208 0.267158 0.388155
0.707337 0.224919 0.523964
0.421278 0.434491 0.565377
0.29254 0.286823 0.532883
0.352538 0.35154 0.347138
0.50105 0.213626 0.661575
0.456968 0.440011 0.459998
0.628623 0.295362 0.358746
0.558417 0.222372 0.647521
0.453185 0.19412 0.310329
0.286314 0.278304 0.51165
0.466118 0.258446 0.714041
0.433834 0.249514 0.342229
0.325524 0.211232 0.438836
0.366195 0.263975 0.372704
0.355734 0.3994 0.588344
0.429117 0.249581 0.677968
0.485002 0.178318 0.319202
0.309241 0.242265 0.420761
0.466919 0.212729 0.287366
0.373293 0.417096 0.568829
0.439974 0.261444 0.287957
0.654989 0.210465 0.554994
0.612223 0.257648 0.631323
0.379367 0.259161 0.637558
0.593633 0.244369 0.661232
0.680978 0.37294 0.433235
0.325005 0.279675 0.382534
0.339205 0.406587 0.429023
0.53945 0.376505 0.67153
0.663183 0.210877 0.502713
0.304377 0.205313 0.512414
0.481219 0.437683 0.4106
0.607525 0.409695 0.586282
0.605594 0.405716 0.36634
0.37841 0.26239 0.571322
0.416306 0.272259 0.356536
0.353477 0.266708 0.421826
0.514415 0.217229 0.662326
0.311596 0.38595 0.47714
0.512006 0.437267 0.459074
0.440466 0.217658 0.321246
0.297253 0.29624 0.547666
0.443055 0.222793 0.308474
0.327979 0.304882 0.366003
0.361788 0.26762 0.398806
0.631866 0.258148 0.599467
0.505019 0.428673 0.589538
0.622612 0.260259 0.576638
0.595664 0.258107 0.623138
0.40925 0.280624 0.364231
0.713542 0.242137 0.480385
0.311398 0.246 0.412772
0.512236 0.213736 0.664765
0.436625 0.248916 0.338922
0.443925 0.248046 0.288788
0.44959 0.412227 0.628412
0.498695 0.438189 0.499726
0.696277 0.355024 0.492321
0.507692 0.437769 0.483147
0.473624 0.439779 0.491532
0.295767 0.35579 0.465068
0.318389 0.180052 0.469394
0.665007 0.204994 0.441437
0.636557 0.234934 0.566496
0.630607 0.417878 0.482545
0.4004 0.289288 0.611422
0.513538 0.197736 0.305799
0.286871 0.2983 0.439238
0.455224 0.219142 0.65261
0.435627 0.441071 0.495436
0.282133 0.30609 0.456242
0.337014 0.221116 0.447476
0.301484 0.221172 0.519103
0.329483 0.296867 0.369339
0.637049 0.258392 0.615119
0.666314 0.211656 0.492729
0.603126 0.426105 0.502972
0.703938 0.220625 0.512616
0.514679 0.426673 0.376122
0.551132 0.298994 0.287537
0.397893 0.436452 0.43988
0.358394 0.256388 0.552969
0.662884 0.207096 0.551666
0.640615 0.241656 0.419998
0.63393 0.275328 0.632995
0.32322 0.241692 0.556577
0.712434 0.242327 0.51273
0.549791 0.428891 0.549854
0.51747 0.224742 0.662437
0.528594 0.227188 0.655307
0.419796 0.290068 0.29889
0.639806 0.278755 0.386096
0.677695 0.206669 0.449103
0.668561 0.351564 0.579681
0.292423 0.215066 0.451422
0.339104 0.355886 0.612835
0.386276 0.298377 0.665555
0.626002 0.249493 0.406013
0.368091 0.254064 0.576905
0.375442 0.392475 0.622749
0.63733 0.410703 0.528517
0.703933 0.281009 0.541323
0.517845 0.429428 0.577883
0.578655 0.255575 0.633342
0.567291 0.252635 0.638881
0.338889 0.250938 0.406559
0.3351 0.397923 0.551972
0.45048 0.223004 0.668666
0.339538 0.232833 0.54718
0.370683 0.254583 0.582341
0.643973 0.272508 0.391104
0.555553 0.228114 0.646922
0.40526 0.260282 0.628074
0.587899 0.430915 0.448737
0.629693 0.249928 0.41
0.403949 0.440034 0.47246
0.674257 0.352389 0.567704
0.58105 0.25339 0.363068
0.700637 0.306851 0.438117
0.551689 0.433796 0.461932
0.313302 0.367612 0.421762
0.308964 0.248866 0.417094
0.704786 0.243778 0.541196
0.377741 0.297105 0.580794
0.523613 0.236636 0.661209
0.408192 0.256378 0.643417
0.380256 0.301747 0.317857
0.363876 0.297254 0.64592
0.454012 0.2479 0.283594
0.589699 0.256973 0.666029
0.651028 0.359644 0.363262
0.385275 0.27724 0.583554
0.437859 0.261985 0.290776
0.639743 0.260097 0.603277
0.323918 0.384894 0.415241
0.598661 0.426384 0.508897
0.635303 0.394926 0.580276
0.475271 0.331406 0.278411
0.489621 0.282525 0.277302
0.555457 0.43077 0.52989
0.480014 0.190211 0.320574
0.609794 0.257687 0.644351
0.387035 0.317283 0.670305
0.626608 0.416155 0.524782
0.372845 0.276268 0.569612
0.313891 0.184315 0.466835
0.691219 0.223316 0.542877
0.593895 0.429297 0.456678
0.679042 0.367914 0.415397
0.465947 0.371975 0.29996
0.482748 0.203011 0.677983
0.342776 0.233354 0.5345
0.392937 0.271025 0.602256
0.659969 0.399006 0.441107
0.510219 0.201004 0.332987
0.333239 0.265156 0.59535
0.556016 0.224058 0.666779
0.398311 0.27991 0.611914
0.589013 0.256586 0.371448
0.562658 0.278992 0.306489
0.64158 0.261443 0.605246
0.31555 0.387609 0.515088
0.373841 0.303179 0.322095
0.553614 0.304686 0.698951
0.624107 0.309941 0.333066
0.468023 0.210868 0.658473
0.674761 0.249639 0.575555
0.621054 0.267512 0.639154
0.320283 0.388483 0.538952
0.708507 0.301206 0.503156
0.533279 0.430653 0.401862
0.357757 0.305378 0.643915
0.580854 0.251814 0.639272
0.387857 0.30431 0.667804
0.515262 0.226079 0.292135
0.66787 0.392617 0.455022
0.637912 0.409286 0.530565
0.565775 0.23238 0.662062
0.505753 0.436219 0.512252
0.708265 0.239008 0.529111
0.288863 0.337267 0.461919
0.408347 0.319898 0.680674
0.671464 0.204507 0.501724
0.688982 0.203813 0.521117
0.492663 0.436601 0.436976
0.283011 0.309738 0.457604
0.649237 0.22732 0.55253
0.480751 0.183296 0.31117
0.571063 0.242594 0.645134
0.449691 0.399413 0.647784
0.570391 0.253399 0.6775
0.32322 0.201939 0.508973
0.534705 0.433206 0.523691
0.295125 0.24486 0.51742
0.625606 0.267111 0.393543
0.280495 0.238844 0.485863
0.642293 0.255605 0.587507
0.712497 0.267345 0.489095
0.350467 0.306182 0.347078
0.314692 0.197703 0.456034
0.435705 0.250241 0.330489
0.449517 0.277855 0.28484
0.481295 0.434373 0.559783
0.51246 0.199992 0.32264
0.428294 0.254761 0.655316
0.585318 0.342619 0.3147
0.569573 0.244754 0.673531
0.571705 0.423812 0.556839
0.563881 0.261588 0.355566
0.670878 0.222309 0.48195
0.505426 0.424686 0.597671
0.478615 0.203306 0.658646
0.309707 0.366509 0.549786
0.495655 0.434829 0.545975
0.511769 0.401031 0.647661
0.327565 0.291434 0.37735
0.296848 0.352072 0.535903
0.330283 0.39457 0.419738
0.618445 0.271251 0.59048
0.530322 0.217293 0.335085
0.353133 0.274434 0.555524
0.329351 0.221942 0.456593
0.477665 0.436958 0.543613
0.297635 0.269172 0.426049
0.376046 0.317675 0.318598
0.423089 0.263859 0.640879
0.540782 0.432596 0.499409
0.526572 0.245476 0.708011
0.361899 0.275482 0.397507
0.380805 0.27408 0.590044
0.481626 0.225829 0.692912
0.479682 0.435908 0.545679
0.342553 0.252445 0.53918
0.384325 0.398385 0.354049
0.348201 0.307875 0.349461
0.588316 0.273832 0.666935
0.704051 0.232466 0.518642
0.331334 0.281727 0.598937
0.505208 0.427357 0.381585
0.672471 0.213473 0.497691
0.586633 0.275797 0.330863
0.297168 0.247078 0.519456
0.442871 0.437797 0.427626
0.660713 0.233443 0.416849
0.664376 0.207675 0.53493
0.455826 0.327809 0.283864
0.317081 0.219453 0.523922
0.492653 0.43547 0.444882
0.447889 0.244796 0.68892
0.484448 0.216287 0.289494
0.527718 0.228122 0.303594
0.634801 0.335649 0.638729
0.412056 0.278662 0.67036
0.567145 0.265518 0.357069
0.501965 0.237857 0.701328
0.433512 0.429091 0.585371
0.636494 0.266018 0.612353
0.689226 0.228488 0.450831
0.441679 0.243804 0.323262
0.561055 0.248732 0.648022
0.329918 0.265546 0.389596
0.545079 0.424113 0.575503
0.391247 0.286853 0.603201
0.356825 0.280367 0.561639
0.481982 0.435729 0.457297
0.285289 0.240266 0.493541
0.486578 0.205965 0.665327
0.612461 0.272514 0.613028
0.351928 0.25944 0.560199
0.649019 0.287868 0.385088
0.335256 0.288798 0.375732
0.283978 0.267813 0.454912
0.400123 0.434895 0.430254
0.391067 0.269968 0.627142
0.327827 0.274011 0.389133
0.680369 0.288093 0.574622
0.709423 0.279844 0.499808
0.32561 0.221911 0.452501
0.502347 0.226541 0.689303
0.442118 0.241613 0.307676
0.653904 0.232177 0.554768
0.370335 0.272904 0.578292
0.339629 0.258675 0.436247
0.406823 0.28129 0.637432
0.615121 0.272065 0.610731
0.349976 0.253609 0.607733
0.590603 0.397302 0.348781
0.299788 0.194045 0.46896
0.44821 0.245871 0.654543
0.702633 0.246628 0.539237
0.514108 0.413386 0.34721
0.408304 0.268262 0.327124
0.457704 0.363264 0.299681
0.595541 0.350812 0.322214
0.569746 0.293928 0.684401
0.525743 0.391255 0.314437
0.520721 0.433709 0.475578
0.472976 0.20586 0.676517
0.67477 0.205253 0.514229
0.52712 0.240292 0.29436
0.586157 0.271996 0.632325
0.283165 0.243572 0.48705
0.338113 0.259433 0.394813
0.671276 0.281788 0.405814
0.429762 0.438748 0.498794
0.42874 0.423774 0.597842
0.331049 0.280926 0.384508
0.388446 0.272594 0.624562
0.455707 0.226067 0.661028
0.586867 0.422074 0.546432
0.375931 0.427298 0.432812
0.594487 0.278871 0.356502
0.365964 0.296707 0.348171
0.427103 0.407826 0.344547
0.497871 0.433599 0.454518
0.398074 0.271774 0.635752
0.343577 0.357685 0.615255
0.435315 0.33693 0.297013
0.517311 0.215967 0.310361
0.421665 0.379727 0.318575
0.408053 0.380207 0.655405
0.299333 0.242463 0.440283
0.680911 0.223634 0.47405
0.555365 0.232169 0.659376
0.516416 0.257001 0.713471
0.654307 0.376149 0.579462
0.374504 0.293013 0.345345
0.370818 0.278474 0.582149
0.309216 0.207432 0.461865
0.44108 0.43878 0.470259
0.627757 0.266605 0.403181
0.581052 0.380005 0.329048
0.295419 0.23429 0.506912
0.48388 0.221528 0.686235
0.517239 0.264711 0.715099
0.601741 0.266618 0.642998
0.395698 0.279487 0.625653
0.359351 0.288887 0.364131
0.306228 0.304895 0.559596
0.50129 0.433212 0.496843
0.516671 0.427483 0.392247
0.43522 0.410757 0.348383
0.328385 0.276837 0.390308
0.504363 0.227099 0.685969
0.520455 0.224645 0.320398
0.364865 0.369659 0.631141
0.452274 0.287165 0.703211
0.504357 0.220624 0.300908
0.303585 0.240174 0.51772
0.410296 0.266523 0.652031
0.709763 0.305844 0.470597
0.630614 0.303321 0.359988
0.487141 0.221258 0.662787
0.342946 0.281093 0.613081
0.533371 0.226493 0.668526
0.489316 0.227925 0.291072
0.55084 0.407135 0.34742
0.299721 0.211247 0.460724
0.347294 0.298568 0.363282
0.594338 0.280444 0.627751
0.692763 0.360781 0.473431
0.599779 0.286106 0.386916
0.449201 0.244476 0.311354
0.459606 0.230303 0.304334
0.702231 0.341123 0.471977
0.305993 0.283073 0.542277
0.49919 0.223823 0.669109
0.306192 0.226851 0.513036
0.705474 0.282367 0.525423
0.323234 0.297323 0.383196
0.562689 0.412058 0.608822
0.583493 0.343329 0.670405
0.680008 0.20914 0.519619
0.347567 0.258778 0.587537
0.419933 0.289938 0.305892
0.339968 0.259772 0.577149
0.590232 0.310476 0.313698
0.45551 0.239712 0.685958
0.326455 0.273234 0.39558
0.599458 0.274887 0.638088
0.365126 0.281576 0.380583
0.644398 0.274489 0.603299
0.502278 0.387372 0.313248
0.427197 0.270415 0.65365
0.609137 0.294804 0.610312
0.311821 0.281664 0.548547
0.28443 0.219718 0.473834
0.47298 0.433407 0.461488
0.557263 0.418621 0.374442
0.302463 0.225828 0.452507
0.598417 0.273505 0.656428
0.517524 0.238323 0.692946
0.642156 0.283529 0.614984
0.673542 0.237712 0.477426
0.442051 0.243969 0.675744
0.392264 0.297256 0.629449
0.586256 0.282666 0.636743
0.332262 0.402576 0.467801
0.452441 0.238501 0.68161
0.525658 0.359777 0.292752
0.503509 0.4321 0.49657
0.662511 0.259911 0.57873
0.364626 0.284561 0.58566
0.483861 0.241324 0.699995
0.51008 0.428335 0.558738
0.707315 0.255341 0.518905
0.616675 0.417408 0.514361
0.510925 0.426404 0.57688
0.659748 0.342832 0.369571
0.288372 0.266069 0.453399
0.382958 0.341444 0.32389
0.510381 0.233834 0.300157
0.623727 0.31427 0.336224
0.644121 0.281951 0.608495
0.324488 0.255967 0.425698
0.419009 0.437668 0.491832
0.495998 0.243684 0.698883
0.582245 0.288819 0.360451
0.351764 0.300331 0.364082
0.327968 0.26062 0.408555
0.300746 0.229566 0.45598
0.302948 0.230427 0.454716
0.403999 0.273718 0.65174
0.67103 0.363739 0.395744
0.565463 0.428321 0.450178
0.541016 0.237123 0.670621
0.688735 0.365104 0.477884
0.377264 0.427362 0.505463
0.468275 0.256223 0.707306
0.55558 0.265341 0.317608
0.460009 0.262633 0.286072
0.461063 0.426578 0.589083
0.632393 0.292271 0.385674
0.423998 0.276273 0.324378
0.448778 0.431293 0.398816
0.455665 0.42191 0.602173
0.364919 0.296793 0.596015
0.623872 0.40646 0.552356
0.505692 0.42569 0.580734
0.353266 0.313114 0.350348
0.63719 0.279717 0.609827
0.560894 0.284511 0.687645
0.524118 0.348312 0.288195
0.382729 0.288148 0.614211
0.35611 0.30812 0.637473
0.394328 0.294877 0.636971
0.362048 0.384332 0.361919
0.294429 0.235983 0.461797
0.642915 0.314864 0.360383
0.478609 0.330943 0.703827
0.322498 0.253127 0.442427
0.550884 0.262462 0.323463
0.67066 0.243327 0.558526
0.658214 0.269347 0.41135
0.547551 0.260468 0.321632
0.69304 0.242483 0.470272
0.329872 0.264007 0.55416
0.592007 0.293974 0.367442
0.456466 0.43427 0.490803
0.362751 0.301019 0.359006
0.572484 0.425478 0.489248
0.464582 0.431497 0.550306
0.533432 0.246012 0.676444
0.624984 0.291222 0.394275
0.638784 0.281691 0.60047
0.470856 0.336815 0.700513
0.462184 0.417172 0.359531
0.65751 0.397541 0.433599
0.679196 0.265322 0.429385
0.296007 0.302548 0.531929
0.447686 0.382119 0.66381
0.388328 0.319067 0.315615
0.529208 0.424447 0.394159
0.508647 0.42946 0.488729
0.680513 0.23547 0.487693
0.699153 0.249372 0.479824
0.443355 0.297159 0.292625
0.498254 0.294016 0.283042
0.466693 0.273033 0.708856
0.594162 0.382426 0.338046
0.660844 0.395423 0.449366
0.298886 0.304274 0.535777
0.356029 0.414268 0.420528
0.497062 0.417106 0.609194
0.659187 0.307762 0.380053
0.670702 0.243349 0.54907
0.667082 0.247146 0.432585
0.302926 0.347411 0.541963
0.4673 0.432054 0.513502
0.68853 0.24251 0.473868
0.4579 0.23747 0.679816
0.658072 0.389718 0.531787
0.389342 0.293885 0.348339
0.66196 0.324374 0.6053
0.497573 0.243335 0.30319
0.491165 0.227722 0.677866
0.579425 0.42222 0.531442
0.320059 0.268592 0.414406
0.577534 0.423222 0.519691
0.577881 0.411102 0.597415
0.494979 0.244596 0.694445
0.288101 0.330984 0.478507
0.491434 0.429376 0.476938
0.381841 0.303136 0.619189
0.701798 0.258517 0.47993
0.338008 0.276292 0.395011
0.466183 0.320683 0.284131
0.304787 0.282582 0.528236
0.333204 0.282275 0.567357
0.389933 0.429262 0.42272
0.466561 0.397173 0.329281
0.537908 0.410561 0.616103
0.66712 0.389059 0.453249
0.434347 0.435454 0.455728
0.395353 0.432327 0.495261
0.385489 0.429047 0.502841
0.380934 0.291494 0.641866
0.290703 0.319027 0.511185
0.635753 0.326141 0.349312
0.410202 0.331201 0.311429
0.643126 0.294509 0.401445
0.28888 0.262468 0.481316
0.674165 0.269384 0.427482
0.384562 0.414855 0.576152
0.501843 0.26449 0.707074
0.616001 0.347773 0.335436
0.301066 0.269595 0.504804
0.670454 0.266308 0.426016
0.561463 0.41824 0.558173
0.352228 0.296901 0.620101
0.455639 0.264814 0.295188
0.288469 0.322993 0.465232
0.662928 0.391632 0.44036
0.316716 0.33976 0.567338
0.388275 0.29679 0.341263
0.464213 0.41229 0.620727
0.334468 0.332074 0.373974
0.690679 0.282034 0.547574
0.507948 0.253174 0.304764
0.644126 0.292766 0.398955
0.639845 0.290821 0.607482
0.568147 0.423925 0.469079
0.682745 0.241073 0.499453
0.528755 0.421706 0.570731
0.502349 0.346605 0.290639
0.671306 0.247535 0.441633
0.5763 0.423457 0.485504
0.314302 0.271938 0.524975
0.312889 0.27277 0.52327
0.510341 0.427783 0.433805
0.601397 0.418363 0.522587
0.379263 0.386457 0.626171
0.343723 0.285808 0.593293
0.361452 0.297452 0.615128
0.442112 0.286298 0.689275
0.53714 0.405737 0.348068
0.385876 0.304178 0.357273
0.522115 0.415216 0.367365
0.67742 0.277472 0.429937
0.653631 0.292937 0.404422
0.323982 0.39083 0.464008
0.52621 0.409064 0.619797
0.314704 0.283408 0.422148
0.366321 0.377213 0.623437
0.352469 0.296043 0.60134
0.549845 0.345824 0.301185
0.680753 0.243463 0.511074
0.480762 0.262333 0.292135
0.585713 0.286612 0.651792
0.5503 0.421752 0.473157
0.5351 0.268159 0.308383
0.49153 0.320992 0.283992
0.428044 0.434063 0.495637
0.654041 0.325188 0.367456
0.587892 0.422767 0.461683
0.523115 0.421225 0.57252
0.337588 0.283383 0.407973
0.416896 0.325622 0.308835
0.51531 0.424032 0.47126
0.332924 0.340168 0.37867
0.44847 0.377375 0.316378
0.696163 0.281138 0.45588
0.475514 0.24912 0.695918
0.600809 0.42325 0.427517
0.689771 0.286647 0.546108
0.590118 0.299522 0.337076
0.415301 0.28941 0.660922
0.607007 0.407617 0.567124
0.499739 0.306397 0.285055
0.29749 0.346664 0.48426
0.458225 0.244173 0.677886
0.297769 0.30587 0.511275
0.39039 0.30294 0.341416
0.324073 0.29432 0.401164
0.691187 0.310142 0.437097
0.460467 0.411572 0.618356
0.562359 0.405708 0.357698
0.515491 0.278579 0.703187
0.580354 0.37066 0.329664
0.375575 0.305125 0.623404
0.329947 0.310878 0.385151
0.506534 0.289655 0.704061
0.377426 0.309178 0.347058
0.598587 0.312256 0.657746
0.607867 0.309959 0.34026
0.436327 0.303706 0.301654
0.569972 0.418887 0.53224
0.329233 0.342623 0.583127
0.698338 0.287971 0.503777
0.513072 0.294954 0.703152
0.630822 0.405772 0.52344
0.690155 0.295437 0.441989
0.310569 0.271732 0.444778
0.336873 0.375443 0.581809
0.505222 0.29554 0.703902
0.319682 0.290245 0.543228
0.693042 0.258102 0.52626
0.559606 0.397636 0.344242
0.679923 0.29832 0.560594
0.481604 0.426024 0.525263
0.415686 0.310446 0.672095
0.578354 0.425664 0.425936
0.301323 0.319251 0.540642
0.43906 0.264089 0.678068
0.678638 0.245603 0.536551
0.356447 0.320464 0.365328
0.484102 0.421957 0.467265
0.563039 0.339452 0.67473
0.4415 0.30656 0.687478
0.349764 0.312791 0.609573
0.693101 0.321707 0.440312
0.625433 0.389823 0.591
0.311574 0.278293 0.445476
0.418232 0.3053 0.321511
0.692513 0.329852 0.524938
0.601706 0.321588 0.656809
0.302482 0.30785 0.52518
0.487011 0.423191 0.507661
0.478259 0.311969 0.287901
0.466198 0.349651 0.29934
0.302498 0.27672 0.452428
0.316566 0.355106 0.551029
0.616594 0.411819 0.497499
0.425403 0.431366 0.51461
0.377602 0.312912 0.349442
0.496428 0.281491 0.702756
0.686119 0.273119 0.451284
0.30499 0.27473 0.452798
0.369678 0.319363 0.639035
0.486884 0.288474 0.28996
0.542282 0.388557 0.648695
0.405341 0.331275 0.667388
0.568884 0.41219 0.581737
0.480986 0.424152 0.449378
0.485999 0.423562 0.52272
0.603811 0.315315 0.652177
0.625167 0.306195 0.604696
0.465897 0.425754 0.548738
0.315451 0.378147 0.487741
0.348009 0.31575 0.613076
0.688532 0.345421 0.445332
0.332154 0.343822 0.580985
0.486768 0.420524 0.49401
0.362858 0.326617 0.355209
0.460686 0.279536 0.697209
0.54852 0.373447 0.661297
0.678369 0.366265 0.445617
0.333215 0.377481 0.398672
0.483457 0.341746 0.294368
0.362299 0.360932 0.355213
0.485891 0.420475 0.490674
0.529059 0.293888 0.294419
0.384582 0.318762 0.627621
0.431464 0.415293 0.368034
0.552978 0.414262 0.550696
0.56103 0.285946 0.667087
0.292944 0.2886 0.474878
0.68177 0.354941 0.437849
0.540055 0.294995 0.300789
0.659269 0.309869 0.401437
0.553873 0.335656 0.303089
0.369858 0.417918 0.521748
0.683787 0.262548 0.501983
0.464602 0.24846 0.674873
0.407589 0.312718 0.328922
0.484043 0.422003 0.554697
0.548665 0.361013 0.312209
0.303845 0.332268 0.437147
0.389249 0.315693 0.328711
0.353753 0.375518 0.36871
0.694127 0.290204 0.464022
0.508607 0.373508 0.310774
0.45783 0.391346 0.330968
0.390588 0.322818 0.656031
0.335022 0.305433 0.406423
0.573343 0.343624 0.318819
0.430987 0.326404 0.679094
0.325194 0.36341 0.55527
0.676702 0.274116 0.455308
0.688101 0.272262 0.514312
0.504293 0.333497 0.691295
0.588916 0.415003 0.499747
0.621718 0.411717 0.449885
0.413951 0.428984 0.426423
0.537913 0.413273 0.479731
0.372945 0.328192 0.611674
0.356204 0.325904 0.373682
0.649698 0.362812 0.584099
0.541853 0.414429 0.511913
0.567545 0.421833 0.425517
0.477679 0.421046 0.556396
0.482421 0.417098 0.472072
0.344837 0.338567 0.373576
0.677431 0.293487 0.554284
0.336143 0.394633 0.516582
0.598647 0.385192 0.350777
0.451648 0.423997 0.46136
0.661531 0.319235 0.581454
0.37149 0.325407 0.368529
0.390302 0.359448 0.332153
0.393697 0.427375 0.470336
0.636147 0.313978 0.595652
0.35658 0.411207 0.494477
0.529468 0.415539 0.449732
0.548226 0.413862 0.503207
0.668748 0.34043 0.394721
0.315348 0.367151 0.522729
0.646583 0.324242 0.377841
0.564749 0.415378 0.483032
0.465301 0.297735 0.698952
0.469158 0.400853 0.342998
0.598211 0.418187 0.447137
0.347839 0.373983 0.595561
0.323683 0.363721 0.418989
0.67909 0.276993 0.476516
0.468393 0.28525 0.698335
0.518707 0.335161 0.686636
0.385177 0.423386 0.472911
0.571976 0.41851 0.445107
0.565365 0.325373 0.670299
0.310497 0.304979 0.441748
0.331867 0.320225 0.401255
0.548041 0.308819 0.308985
0.532188 0.287469 0.687554
0.530342 0.305059 0.689169
0.507328 0.301542 0.301057
0.516579 0.384542 0.324352
0.650071 0.396198 0.441074
0.329084 0.374295 0.411961
0.535078 0.416071 0.42473
0.357139 0.335161 0.368749
0.479579 0.39905 0.636332
0.691651 0.306001 0.485423
0.555829 0.412436 0.479035
0.328311 0.358122 0.401798
0.521874 0.347811 0.680525
0.395647 0.423527 0.52331
0.68551 0.280279 0.495197
0.407464 0.331991 0.662375
0.475989 0.31102 0.698535
0.384897 0.327053 0.641078
0.543543 0.311103 0.302895
0.527733 0.412431 0.454055
0.555244 0.415028 0.453583
0.320899 0.334508 0.559241
0.381013 0.350692 0.338536
0.436591 0.341188 0.674519
0.447468 0.423716 0.534418
0.556799 0.419431 0.421273
0.375066 0.33897 0.630739
0.678128 0.280139 0.492959
0.662271 0.371042 0.405785
0.530981 0.337296 0.681211
0.650525 0.391768 0.47396
0.54918 0.41387 0.442356
0.337224 0.394203 0.471865
0.49022 0.346927 0.302412
0.306655 0.309077 0.452306
0.454427 0.296933 0.687362
0.488085 0.367804 0.314186
0.553766 0.411076 0.385392
0.500104 0.409245 0.60474
0.586082 0.404318 0.586724
0.364632 0.343494 0.362966
0.336628 0.391709 0.450544
0.443292 0.289537 0.676472
0.315588 0.338865 0.547109
0.322727 0.37053 0.443522
0.485197 0.411508 0.485209
0.45441 0.369769 0.319978
0.347153 0.40166 0.464826
0.688145 0.304249 0.491709
0.385964 0.405371 0.588622
0.621542 0.34261 0.353763
0.376402 0.417818 0.424408
0.392371 0.421296 0.414392
0.563309 0.416007 0.44387
0.492201 0.286565 0.693809
0.322013 0.323624 0.416823
0.469672 0.418051 0.551261
0.491507 0.266353 0.682278
0.298675 0.300677 0.476407
0.335012 0.391458 0.489924
0.62258 0.328815 0.623388
0.370852 0.347601 0.627183
0.326845 0.380781 0.487333
0.676493 0.282159 0.508412
0.44632 0.419555 0.494753
0.542671 0.336254 0.674855
0.440398 0.42274 0.431071
0.53228 0.408426 0.446505
0.513892 0.290071 0.675012
0.623363 0.328633 0.611177
0.303109 0.314336 0.492482
0.653113 0.328505 0.577981
0.433811 0.423432 0.433276
0.598874 0.406603 0.533336
0.471736 0.409636 0.475362
0.672594 0.358612 0.434022
0.493674 0.272759 0.68021
0.343562 0.39697 0.478621
0.678407 0.281769 0.518373
0.316315 0.322325 0.438143
0.589403 0.345013 0.645331
0.676993 0.284475 0.499237
0.354736 0.35828 0.601505
0.381404 0.416707 0.524238
0.396209 0.361213 0.335646
0.404712 0.354106 0.651431
0.674808 0.346116 0.536438
0.41534 0.415064 0.589966
0.344779 0.366986 0.579621
0.392888 0.405934 0.592973
0.430788 0.401749 0.6204
0.494009 0.273573 0.677671
0.374896 0.337569 0.619485
0.668616 0.356124 0.416154
0.667446 0.336538 0.556748
0.326699 0.338081 0.415051
0.494624 0.392035 0.3392
0.540526 0.404644 0.464103
0.37458 0.358757 0.361769
0.67536 0.285215 0.523118
0.593053 0.373229 0.635529
0.553001 0.342914 0.664435
0.673517 0.354636 0.44062
0.517646 0.404476 0.456374
0.309628 0.313443 0.504406
0.472862 0.400285 0.625612
0.320406 0.338657 0.545821
0.52759 0.406597 0.5818
0.333614 0.38481 0.495157
0.554315 0.32111 0.662949
0.430644 0.381391 0.334447
0.336672 0.341458 0.561861
0.630811 0.361381 0.602594
0.350961 0.399433 0.506548
0.541136 0.398274 0.362644
0.656904 0.320621 0.562768
0.511902 0.404883 0.502691
0.511309 0.405411 0.507692
0.66975 0.363142 0.501397
0.429109 0.394653 0.628903
0.514214 0.381784 0.648364
0.416472 0.344709 0.335811
0.603247 0.410155 0.400044
0.417333 0.379075 0.334803
0.674616 0.324171 0.43108
0.596271 0.392139 0.366231
0.309573 0.335535 0.526036
0.660488 0.323531 0.561437
0.624221 0.401423 0.398896
0.435926 0.418847 0.476526
0.538236 0.306426 0.666699
0.63993 0.350349 0.592697
0.304135 0.330847 0.486767
0.394746 0.338196 0.633472
0.350699 0.385254 0.557413
0.668763 0.308184 0.539124
0.406108 0.387242 0.347673
0.562213 0.350034 0.653184
0.472693 0.400822 0.358889
0.503727 0.399014 0.466025
0.481704 0.364499 0.32154
0.673458 0.345948 0.512737
0.364272 0.354379 0.601554
0.353349 0.398576 0.516554
0.66578 0.308227 0.541842
0.634319 0.397655 0.456692
0.406235 0.367259 0.642025
0.354017 0.398963 0.438277
0.371813 0.406943 0.539562
0.361214 0.400387 0.540705
0.453937 0.336413 0.675223
0.680375 0.31027 0.464675
0.393268 0.370974 0.34617
0.310931 0.324241 0.509241
0.50944 0.391991 0.348774
0.454247 0.297821 0.675267
0.680788 0.334849 0.484255
0.37361 0.37908 0.367684
0.559523 0.386821 0.629154
0.430883 0.41862 0.505085
0.640018 0.377158 0.553992
0.442107 0.416328 0.508293
0.674791 0.348686 0.495034
0.48215 0.405327 0.521155
0.506135 0.399685 0.488194
0.582621 0.402266 0.569375
0.512689 0.409501 0.412262
0.60471 0.402684 0.484962
0.552385 0.394537 0.614793
0.536162 0.400511 0.50349
0.333246 0.376565 0.463409
0.337559 0.368336 0.420255
0.678586 0.340287 0.474446
0.662817 0.329912 0.543907
0.483342 0.337843 0.678817
0.501426 0.394256 0.469301
0.610485 0.379856 0.367836
0.367133 0.405621 0.525853
0.534009 0.315084 0.661143
0.449108 0.338109 0.324289
0.568898 0.401404 0.55503
0.566475 0.39845 0.592791
0.316085 0.346273 0.501976
0.494363 0.406587 0.43708
0.590616 0.365356 0.631131
0.468888 0.285142 0.679052
0.336569 0.381642 0.475945
0.662386 0.311821 0.44885
0.460174 0.298304 0.675607
0.448863 0.376269 0.335486
0.496852 0.402929 0.37599
0.501425 0.403462 0.59586
0.315156 0.3177 0.49185
0.465255 0.40235 0.611823
0.660735 0.336606 0.409794
0.468639 0.401204 0.482011
0.363798 0.359596 0.5904
0.317263 0.335309 0.527382
0.554639 0.400633 0.548245
0.673427 0.305733 0.484564
0.642361 0.350062 0.572024
0.48134 0.391659 0.633002
0.388993 0.414098 0.52414
0.654252 0.381565 0.454484
0.509832 0.403032 0.549039
0.471068 0.393155 0.35208
0.413209 0.348789 0.636014
0.326717 0.349339 0.451081
0.46042 0.409451 0.582834
0.657165 0.322662 0.541302
0.654257 0.330582 0.547041
0.48879 0.389443 0.477327
0.406496 0.414135 0.54816
0.544678 0.39293 0.4783
0.559684 0.393308 0.3685
0.607887 0.353815 0.61043
0.501784 0.329279 0.674395
0.567812 0.370731 0.347654
0.662455 0.320994 0.443139
0.528611 0.353429 0.661105
0.37474 0.396857 0.567866
0.468092 0.345825 0.322972
0.606427 0.366434 0.362461
0.639203 0.340714 0.565498
0.323342 0.331537 0.507082
0.635168 0.374271 0.388857
0.425109 0.3532 0.64952
0.505878 0.321849 0.673163
0.460764 0.381595 0.343515
0.464088 0.324124 0.676
0.648989 0.349659 0.551763
0.476511 0.323464 0.680331
0.67211 0.346103 0.459447
0.507717 0.339117 0.318595
0.482111 0.395645 0.501563
0.474144 0.407301 0.392016
0.51924 0.347512 0.319795
0.567587 0.344795 0.631125
0.375322 0.360458 0.601441
0.535467 0.323838 0.663201
0.385566 0.355934 0.61489
0.650696 0.352076 0.54707
0.346597 0.381747 0.51025
0.32144 0.335485 0.471103
0.575699 0.358239 0.352076
0.348771 0.355659 0.553297
0.504863 0.400086 0.579385
0.474994 0.389693 0.482125
0.55234 0.398702 0.386744
0.340888 0.373151 0.449076
0.561059 0.397732 0.459559
0.502008 0.353448 0.661426
0.461919 0.359417 0.334294
0.624054 0.389316 0.483112
0.592382 0.357041 0.613881
0.623795 0.391862 0.466443
0.510339 0.395695 0.530033
0.46794 0.388182 0.357324
0.505078 0.399669 0.585352
0.673477 0.325176 0.4709
0.556647 0.378053 0.353913
0.470868 0.396723 0.370128
0.663609 0.327264 0.511608
0.507933 0.354503 0.328133
0.549996 0.386832 0.616723
0.461492 0.345762 0.330828
0.659067 0.366063 0.456679
0.475684 0.406589 0.419095
0.560283 0.385977 0.616881
0.332223 0.361156 0.484138
0.375508 0.402525 0.458985
0.598812 0.36134 0.366589
0.450452 0.40628 0.452323
0.409202 0.413603 0.41702
0.649373 0.366176 0.408046
0.519727 0.396182 0.538306
0.553094 0.394612 0.376074
0.46354 0.407294 0.43134
0.400559 0.368491 0.622336
0.400806 0.409547 0.434813
0.333637 0.348112 0.499044
0.480162 0.38229 0.476759
0.503101 0.321732 0.65962
0.470067 0.38803 0.483223
0.466599 0.405332 0.414091
0.642558 0.378815 0.468129
0.658416 0.31073 0.516378
0.58516 0.394294 0.55251
0.544715 0.341982 0.642057
0.532862 0.394626 0.43534
0.552726 0.399183 0.439149
0.473009 0.386779 0.47117
0.558747 0.362907 0.348968
0.584734 0.393966 0.561695
0.418501 0.379736 0.62933
0.349482 0.376678 0.437906
0.633377 0.346304 0.556248
0.661226 0.331128 0.450363
0.637889 0.371162 0.529502
0.659384 0.320176 0.511177
0.628163 0.342025 0.559294
0.550923 0.385747 0.366685
0.46822 0.367175 0.343344
0.512521 0.343501 0.327872
0.410511 0.39822 0.378484
0.531512 0.392428 0.531512
0.607541 0.389317 0.540467
0.639633 0.346001 0.54862
0.417501 0.355312 0.624326
0.548428 0.395512 0.44833
0.447721 0.371561 0.642513
0.554461 0.400649 0.433933
0.466722 0.316937 0.664148
0.654431 0.302907 0.508442
0.391216 0.3837 0.603884
0.57081 0.372037 0.364298
0.572866 0.358582 0.616717
0.514353 0.387834 0.448491
0.519099 0.392341 0.573818
0.453213 0.392818 0.482125
0.498551 0.390624 0.444283
0.6417 0.344504 0.537129
0.629299 0.383581 0.464414
0.481561 0.389816 0.449957
0.652355 0.340113 0.515672
0.393356 0.374793 0.606838
0.335771 0.336665 0.477783
0.372122 0.387034 0.472608
0.473278 0.387778 0.515378
0.648679 0.36185 0.484298
0.449586 0.40426 0.429216
0.517283 0.389919 0.596945
0.549932 0.377707 0.619806
0.545732 0.389024 0.525393
0.501972 0.34926 0.651341
0.370261 0.386731 0.412128
0.586422 0.36432 0.378145
0.59814 0.389527 0.51416
0.660654 0.330285 0.465477
0.362708 0.378561 0.473066
0.549094 0.389771 0.37866
0.608016 0.350297 0.40062
0.485962 0.391873 0.544886
0.431458 0.344732 0.627492
0.505728 0.334164 0.653487
0.654662 0.332356 0.513046
0.486602 0.37418 0.638461
0.339458 0.351623 0.476519
0.461602 0.395011 0.381223
0.657202 0.345572 0.483927
0.370834 0.377457 0.479224
0.585659 0.391577 0.390224
0.446964 0.400691 0.433969
0.525987 0.381365 0.452502
0.361233 0.378532 0.520483
0.43202 0.3962 0.480593
0.607198 0.363535 0.575257
0.4675 0.386498 0.51768
0.617949 0.379323 0.498936
0.354284 0.360027 0.445371
0.560346 0.380338 0.605806
0.380914 0.394108 0.433197
0.612529 0.361368 0.395545
0.465726 0.325875 0.651954
0.595672 0.388858 0.46453
0.638705 0.361286 0.501383
0.604904 0.345288 0.566079
0.50905 0.389059 0.434852
0.478427 0.372047 0.479933
0.374956 0.391968 0.515272
0.413856 0.402901 0.494617
0.364944 0.375371 0.463096
0.394553 0.403224 0.532837
0.569511 0.388766 0.570289
0.587464 0.366785 0.599753
0.400441 0.391611 0.598497
0.501147 0.389026 0.557429
0.51117 0.373977 0.484873
0.411573 0.399747 0.480246
0.526356 0.374631 0.622107
0.429354 0.402913 0.400074
0.463002 0.356176 0.645034
0.456253 0.366784 0.355905
0.59687 0.359374 0.393378
0.652472 0.326976 0.486559
0.47624 0.336012 0.341234
0.380542 0.376979 0.469271
0.461846 0.326875 0.64155
0.369579 0.37173 0.536781
0.56958 0.394345 0.43613
0.384508 0.380837 0.467423
0.403209 0.39361 0.480622
0.399507 0.360531 0.579048
0.498395 0.34137 0.641418
0.532122 0.38407 0.435853
0.541913 0.373117 0.612214
0.64621 0.331213 0.491645
0.530571 0.372874 0.615512
0.447806 0.384325 0.378619
0.426502 0.351484 0.612703
0.479187 0.354595 0.639756
0.644936 0.335961 0.458788
0.363989 0.365626 0.463666
0.379705 0.360483 0.551796
0.384414 0.377611 0.47535
0.573931 0.364949 0.602313
0.630122 0.341592 0.5378
0.446898 0.360908 0.630569
0.393621 0.384677 0.582524
0.609421 0.390761 0.410813
0.488751 0.386641 0.392722
0.564725 0.38879 0.390423
0.639524 0.321365 0.529767
0.600075 0.35779 0.572133
0.646067 0.33361 0.480119
0.577848 0.365462 0.383153
0.535055 0.369397 0.364774
0.51881 0.367074 0.362233
0.48945 0.332321 0.347818
0.467323 0.370557 0.365647
0.64343 0.330991 0.524588
0.44539 0.362894 0.629344
0.430172 0.345359 0.609975
0.467033 0.354212 0.363695
0.49986 0.331222 0.352163
0.593632 0.387615 0.448535
0.555834 0.383387 0.448422
0.390918 0.38147 0.486711
0.489379 0.365763 0.495232
0.63216 0.328804 0.530988
0.532767 0.370376 0.497588
0.450559 0.393066 0.567974
0.585411 0.380162 0.534198
0.546507 0.378906 0.384961
0.41468 0.389913 0.596093
0.442595 0.385504 0.495643
0.590339 0.379433 0.53305
0.638342 0.318848 0.478528
0.545508 0.344848 0.61577
0.640039 0.319996 0.472036
0.56469 0.355743 0.383629
0.476847 0.32048 0.644934
0.54469 0.369397 0.478805
0.464307 0.361734 0.367788
0.485282 0.36654 0.498172
0.608 0.381249 0.456179
0.472707 0.380745 0.603158
0.584615 0.378026 0.505401
0.605839 0.388232 0.413963
0.499864 0.377613 0.441406
0.558136 0.38731 0.438778
0.457855 0.375037 0.618246
0.471751 0.363991 0.478048
0.633772 0.302136 0.478352
0.447669 0.388838 0.447532
0.409592 0.398203 0.560866
0.503145 0.317808 0.637524
0.573325 0.376781 0.478883
0.388769 0.38014 0.522183
0.473154 0.365655 0.505355
0.39909 0.385745 0.443009
0.611699 0.353589 0.422477
0.533077 0.337203 0.619891
0.394895 0.375371 0.489612
0.609865 0.366934 0.485793
0.457277 0.383985 0.5937
0.420535 0.392879 0.519248
0.486321 0.372852 0.391841
0.484035 0.373368 0.540448
0.529933 0.373315 0.526726
0.378756 0.352548 0.49578
0.524004 0.367503 0.507433
0.475915 0.325637 0.639886
0.390832 0.381558 0.53245
0.531429 0.367876 0.506453
0.368047 0.351349 0.460577
0.602326 0.34017 0.549824
0.54418 0.368156 0.498143
0.52962 0.362911 0.489979
0.492428 0.360429 0.618016
0.522618 0.366849 0.505633
0.592422 0.341957 0.559272
0.531436 0.365643 0.378718
0.622749 0.356757 0.485164
0.3695 0.349726 0.472179
0.41533 0.383426 0.464135
0.49971 0.357059 0.484521
0.61597 0.358621 0.525154
0.584103 0.375746 0.540363
0.561812 0.369054 0.476425
0.637085 0.301898 0.516785
0.42881 0.389597 0.51505
0.469615 0.361672 0.622167
0.505518 0.350946 0.366818
0.398776 0.377282 0.444295
0.469601 0.366713 0.527236
0.534687 0.367507 0.522323
0.611967 0.325938 0.437183
0.449359 0.361961 0.610756
0.390702 0.358238 0.49592
0.456844 0.351726 0.384851
0.584115 0.366604 0.508146
0.446055 0.382941 0.589852
0.408378 0.34569 0.4191
0.455501 0.371462 0.605508
0.52154 0.322356 0.624328
0.624075 0.332467 0.44896
0.542758 0.347394 0.380909
0.553401 0.371321 0.566828
0.409098 0.385169 0.561905
0.458533 0.37632 0.399764
0.605008 0.318475 0.542553
0.538494 0.357753 0.481167
0.40936 0.37906 0.49615
0.469294 0.37222 0.396381
0.497315 0.318785 0.369916
0.611302 0.360135 0.43125
0.590483 0.344731 0.4172
0.516746 0.370403 0.564358
0.5723 0.364305 0.574579
0.598525 0.351462 0.544154
0.56115 0.371465 0.559273
0.447591 0.377516 0.450489
0.451838 0.366996 0.494114
0.495701 0.295215 0.62696
0.394979 0.373711 0.529043
0.554932 0.3566 0.591604
0.396088 0.375247 0.443075
0.608036 0.351617 0.426282
0.386097 0.343827 0.518891
0.403171 0.365725 0.50952
0.624385 0.323233 0.468234
0.620443 0.318985 0.525528
0.425038 0.349281 0.407606
0.572266 0.363424 0.529572
0.394372 0.350177 0.497402
0.622667 0.323515 0.500985
0.489394 0.354386 0.394432
0.37997 0.339949 0.475422
0.402921 0.364542 0.55323
0.532869 0.359842 0.440394
0.403699 0.364923 0.429615
0.47728 0.353527 0.516456
0.473408 0.354604 0.515223
0.375499 0.324948 0.481864
0.432138 0.362149 0.482261
0.532739 0.327229 0.609054
0.502168 0.360474 0.593984
0.5358 0.355057 0.594701
0.46653 0.364739 0.600532
0.451209 0.371971 0.542341
0.529364 0.348639 0.466059
0.491973 0.362336 0.552275
0.374724 0.332183 0.471763
0.424435 0.363549 0.478776
0.4786 0.351985 0.611725
0.50895 0.343664 0.473267
0.517024 0.358014 0.596346
0.406749 0.3623 0.473711
0.417062 0.347187 0.583246
0.410046 0.378046 0.528839
0.623722 0.298847 0.525755
0.405093 0.367819 0.507459
0.542415 0.364289 0.538855
0.478293 0.337458 0.380346
0.488563 0.30021 0.626841
0.408061 0.356702 0.504663
0.428356 0.374188 0.554652
0.601649 0.344091 0.480258
0.539305 0.349165 0.496282
0.580119 0.35208 0.500419
0.393587 0.334751 0.49933
0.624119 0.292519 0.510065
0.501931 0.348685 0.450914
0.614513 0.298003 0.529809
0.485326 0.334451 0.390108
0.547461 0.356681 0.406557
0.607197 0.337134 0.484129
0.398548 0.342409 0.51127
0.449281 0.359822 0.516321
0.588907 0.363341 0.425152
0.582966 0.361718 0.457489
0.440385 0.367643 0.53426
0.584866 0.351081 0.497958
0.38894 0.337716 0.47583
0.413755 0.35646 0.489728
0.418423 0.374154 0.55928
0.418103 0.371542 0.533369
0.603377 0.32534 0.533247
0.504856 0.31953 0.383948
0.622347 0.273451 0.505813
0.542455 0.349426 0.49564
0.454283 0.331438 0.609574
0.5547 0.334199 0.402864
0.497209 0.339321 0.607535
0.545795 0.351543 0.502492
0.472408 0.352105 0.535773
0.416305 0.367824 0.572572
0.433362 0.36334 0.506822
0.598764 0.357784 0.441425
0.606062 0.335688 0.517291
0.565433 0.343837 0.569009
0.419998 0.358599 0.429985
0.437434 0.364707 0.579431
0.45638 0.357901 0.564861
0.548198 0.342933 0.497572
0.459363 0.341001 0.501167
0.392485 0.308751 0.500205
0.479656 0.343893 0.406404
0.596029 0.322974 0.437019
0.581102 0.303634 0.557046
0.422719 0.285684 0.578756
0.511615 0.335288 0.458938
0.586424 0.337408 0.535402
0.615153 0.288912 0.464953
0.487163 0.333747 0.400674
0.452411 0.305359 0.604769
0.586362 0.342798 0.476155
0.613105 0.310537 0.461249
0.545537 0.342401 0.408045
0.541951 0.314197 0.593093
0.54712 0.341275 0.491442
0.608145 0.320329 0.487953
0.446839 0.355906 0.590738
0.444943 0.34145 0.48695
0.511342 0.349351 0.41567
0.594334 0.326287 0.43534
0.529059 0.318788 0.600228
0.396643 0.329906 0.480013
0.469582 0.330383 0.490513
0.455458 0.356836 0.55521
0.409161 0.346354 0.469332
0.422363 0.340544 0.579601
0.497336 0.325406 0.395835
0.410452 0.340309 0.563039
0.536102 0.342841 0.581654
0.49071 0.289995 0.618209
0.46971 0.332643 0.495741
0.424888 0.353978 0.569383
0.454197 0.343783 0.45711
0.563527 0.2959 0.574081
0.609717 0.308426 0.472188
0.467193 0.339566 0.412157
0.394427 0.29461 0.500772
0.550174 0.34406 0.419099
0.461356 0.351491 0.426153
0.51098 0.305281 0.397321
0.414337 0.331398 0.485479
0.442559 0.347922 0.456296
0.579392 0.349788 0.447635
0.556653 0.302116 0.5792
0.546164 0.335813 0.414118
0.584531 0.347812 0.448302
0.613555 0.27434 0.522299
0.549114 0.33719 0.564304
0.551144 0.31463 0.409108
0.586558 0.325027 0.534222
0.58178 0.286844 0.428012
0.590261 0.328429 0.491677
0.479066 0.330112 0.529154
0.481703 0.316718 0.493841
0.543865 0.340986 0.546027
0.428945 0.341413 0.499034
0.552795 0.33996 0.550733
0.465392 0.333937 0.518021
0.403917 0.321899 0.498924
0.417133 0.325463 0.567935
0.540042 0.34465 0.427305
0.496815 0.34045 0.432573
0.448629 0.348062 0.417034
0.559506 0.349356 0.424758
0.568367 0.337414 0.522959
0.458666 0.343096 0.590952
0.434677 0.345133 0.418562
0.416496 0.320891 0.487152
0.453292 0.323328 0.476463
0.474455 0.322568 0.462741
0.613283 0.278655 0.476197
0.566261 0.316609 0.42146
0.611553 0.265114 0.506369
0.427104 0.342441 0.542442
0.533572 0.271251 0.597533
0.521711 0.328602 0.433659
0.565677 0.331168 0.463122
0.403856 0.30695 0.493876
0.589644 0.31258 0.505734
0.557224 0.329148 0.522409
0.602153 0.295385 0.515624
0.442744 0.318228 0.406818
0.599363 0.276919 0.534125
0.492818 0.311198 0.496248
0.560502 0.324492 0.505259
0.521758 0.307592 0.469961
0.495107 0.305416 0.405445
0.50123 0.329175 0.422608
0.489985 0.328772 0.582476
0.541469 0.325677 0.416697
0.533063 0.310076 0.58618
0.434873 0.318804 0.411356
0.573258 0.339492 0.446854
0.448283 0.301227 0.399215
0.517835 0.294314 0.599759
0.583719 0.321988 0.523711
0.442678 0.271982 0.594974
0.432848 0.331202 0.500606
0.532402 0.313814 0.467375
0.521044 0.307931 0.480649
0.53521 0.318196 0.463733
0.577256 0.329348 0.433029
0.526241 0.333787 0.532091
0.418439 0.309779 0.484918
0.604188 0.272398 0.507098
0.463295 0.321198 0.54086
0.44936 0.316894 0.413436
0.475276 0.303294 0.502348
0.606805 0.26161 0.506269
0.434354 0.332289 0.442269
0.564045 0.314312 0.507038
0.426679 0.288542 0.574019
0.607785 0.270037 0.493188
0.433271 0.307758 0.576855
0.438452 0.332724 0.444906
0.417877 0.317546 0.536893
0.573138 0.323449 0.437774
0.430638 0.288173 0.578416
0.450289 0.328462 0.551634
0.538688 0.318115 0.565282
0.479078 0.298084 0.494878
0.560779 0.3165 0.51392
0.574683 0.28993 0.556222
0.491221 0.318961 0.555615
0.535381 0.295901 0.584727
0.488356 0.316473 0.537296
0.598249 0.262353 0.532323
0.413317 0.292933 0.438545
0.48429 0.287183 0.406617
0.410988 0.295791 0.546541
0.455493 0.290048 0.400414
0.500647 0.264107 0.604911
0.488252 0.308014 0.463381
0.461066 0.310305 0.499218
0.434295 0.316829 0.491133
0.531321 0.299525 0.478078
0.447572 0.326326 0.52925
0.43499 0.296169 0.580744
0.593101 0.294426 0.514566
0.442133 0.269147 0.405387
0.597801 0.268422 0.516711
0.540757 0.266719 0.587996
0.45672 0.305601 0.418807
0.60344 0.264264 0.487018
0.596022 0.27247 0.507732
0.520583 0.310227 0.555192
0.441243 0.30335 0.485876
0.423904 0.291709 0.427432
0.508526 0.289474 0.469721
0.579966 0.268369 0.431981
0.448853 0.311416 0.518782
0.398139 0.259046 0.482774
0.602304 0.235742 0.521047
0.489391 0.308119 0.569399
0.45621 0.313877 0.573162
0.483594 0.287145 0.495476
0.471981 0.26397 0.399559
0.488811 0.307231 0.4439
0.49329 0.267329 0.599389
0.430089 0.304075 0.484984
0.548742 0.305072 0.42155
0.569577 0.308954 0.464805
0.578143 0.260673 0.559183
0.599167 0.25204 0.526137
0.491268 0.287443 0.492408
0.586325 0.291396 0.457493
0.56753 0.300697 0.484747
0.467591 0.308012 0.580662
0.573373 0.289671 0.432371
0.404334 0.26848 0.537108
0.518399 0.311738 0.535322
0.491083 0.307365 0.549182
0.419717 0.303681 0.46132
0.539849 0.313498 0.436963
0.467912 0.312696 0.436218
0.423647 0.296868 0.523186
0.587229 0.271247 0.527706
0.446023 0.300848 0.463111
0.463964 0.293091 0.424489
0.490358 0.276282 0.475206
0.581984 0.281963 0.508991
0.408338 0.27027 0.469046
0.532856 0.298144 0.44032
0.413098 0.278521 0.464489
0.428097 0.300271 0.457924
0.566321 0.298824 0.460654
0.466323 0.262477 0.595066
0.575197 0.274391 0.436059
0.429836 0.302114 0.446294
0.568865 0.293016 0.512169
0.461411 0.276064 0.587946
0.426471 0.28265 0.427638
0.457473 0.294685 0.515938
0.437205 0.29916 0.565469
0.410459 0.220594 0.577831
0.571743 0.271531 0.429179
0.573935 0.296723 0.461245
0.43301 0.248011 0.584751
0.578473 0.247485 0.421729
0.589574 0.267223 0.463962
0.492775 0.277365 0.586275
0.54174 0.300846 0.530909
0.466258 0.29372 0.57881
0.419329 0.288969 0.532514
0.476382 0.272651 0.59134
0.532333 0.261956 0.402704
0.413468 0.233419 0.572502
0.465295 0.232966 0.603415
0.58078 0.236383 0.565079
0.458013 0.28965 0.500414
0.568908 0.298003 0.531286
0.42888 0.286575 0.451401
0.576612 0.270083 0.542001
0.538725 0.283735 0.51466
0.471997 0.279541 0.428978
0.398041 0.24059 0.463716
0.565597 0.282052 0.511667
0.495778 0.266329 0.583299
0.435339 0.258171 0.412686
0.410922 0.259217 0.493273
0.548713 0.286914 0.431769
0.521654 0.270733 0.490442
0.465891 0.281691 0.461701
0.555079 0.286665 0.554025
0.462733 0.286935 0.550824
0.425338 0.276605 0.493544
0.462338 0.223307 0.601994
0.549572 0.289817 0.535366
0.453104 0.28222 0.425378
0.583424 0.265912 0.482952
0.503088 0.221255 0.602226
0.520783 0.285235 0.554568
0.584084 0.263881 0.489706
0.486946 0.277607 0.522996
0.583139 0.253805 0.447902
0.560221 0.278662 0.558852
0.492979 0.275999 0.457788
0.508189 0.278531 0.428227
0.572067 0.281367 0.455004
0.588911 0.251577 0.502697
0.569703 0.284394 0.523583
0.485038 0.274281 0.463117
0.483723 0.281122 0.43614
0.421615 0.276532 0.462444
0.580328 0.268986 0.506492
0.574108 0.278242 0.538393
0.461331 0.281665 0.464772
0.430126 0.272642 0.446974
0.502124 0.206716 0.603469
0.520787 0.223073 0.598189
0.520608 0.255974 0.581302
0.501412 0.270108 0.549316
0.559902 0.271433 0.513261
0.496252 0.250007 0.477137
0.428466 0.270576 0.525041
0.501089 0.263993 0.426874
0.590053 0.234441 0.465081
0.523075 0.250174 0.584945
0.531219 0.244638 0.587125
0.436192 0.265226 0.566888
0.450384 0.276495 0.453195
0.410114 0.24808 0.467017
0.504009 0.233254 0.593822
0.411713 0.241779 0.422247
0.562394 0.214307 0.591974
0.402327 0.236181 0.523736
0.586446 0.228745 0.548952
0.50484 0.258692 0.463648
0.423754 0.265613 0.516802
0.435075 0.272595 0.435879
0.446994 0.249689 0.409723
0.537009 0.24602 0.585294
0.42998 0.263681 0.428046
0.486741 0.23233 0.595885
0.483912 0.252067 0.473459
0.509449 0.270287 0.560091
0.433108 0.213837 0.594291
0.502842 0.262524 0.456028
0.59957 0.215943 0.454866
0.43079 0.272331 0.458585
0.488563 0.263695 0.57609
0.421953 0.263289 0.514398
0.501865 0.26369 0.453629
0.423886 0.249022 0.505603
0.415707 0.240828 0.538778
0.592675 0.213119 0.420013
0.541088 0.263742 0.55333
0.397199 0.216362 0.504635
0.55762 0.2594 0.514562
0.443506 0.243097 0.577451
0.562909 0.253591 0.437058
0.47166 0.25861 0.545419
0.599212 0.195207 0.402391
0.394524 0.218673 0.471981
0.437002 0.258024 0.430278
0.512679 0.252723 0.430588
0.57855 0.241039 0.53782
0.475908 0.217824 0.597446
0.526416 0.254362 0.511543
0.491043 0.238405 0.583712
0.481297 0.210863 0.600927
0.422897 0.238925 0.416767
0.424831 0.242095 0.41901
0.501435 0.25013 0.575104
0.452559 0.213389 0.597264
0.543548 0.261458 0.528937
0.455974 0.251573 0.470116
0.476004 0.254155 0.523524
0.525553 0.234976 0.405409
0.406035 0.229953 0.499984
0.459527 0.243527 0.479811
0.489324 0.244626 0.579672
0.58456 0.230685 0.483562
0.453943 0.224903 0.590876
0.571616 0.249735 0.458481
0.497372 0.222087 0.593685
0.598476 0.21275 0.45498
0.506848 0.246306 0.500067
0.591938 0.215588 0.510605
0.422983 0.23328 0.492705
0.523439 0.239084 0.505817
0.548513 0.243521 0.50031
0.576139 0.233487 0.533461
0.405964 0.226348 0.458807
0.542994 0.246338 0.52069
0.463191 0.208924 0.595933
0.59832 0.20186 0.49752
0.429203 0.237707 0.491784
0.531266 0.244712 0.52664
0.439335 0.222771 0.402009
0.530594 0.246461 0.542008
0.591661 0.214892 0.448224
0.535994 0.249637 0.557217
0.396732 0.212539 0.478536
0.54481 0.243802 0.462999
0.506517 0.235876 0.459445
0.584181 0.219621 0.490824
0.566901 0.230272 0.419899
0.558968 0.240588 0.477483
0.446121 0.22263 0.40059
0.472894 0.234129 0.505771
0.520503 0.237125 0.57559
0.47302 0.246159 0.558544
0.584614 0.206257 0.570488
0.441071 0.239114 0.484074
0.505036 0.238354 0.51248
0.536871 0.245584 0.568328
0.427529 0.240336 0.555819
0.420951 0.234724 0.526519
0.523898 0.230253 0.58119
0.418146 0.230106 0.504839
0.529685 0.232584 0.579624
0.471566 0.22729 0.468917
0.508612 0.243308 0.552462
0.570207 0.236111 0.490163
0.426832 0.219194 0.410932
0.525889 0.230236 0.525002
0.441753 0.229199 0.570031
0.586483 0.207954 0.539175
0.515211 0.230265 0.442651
0.534277 0.232109 0.526789
0.545362 0.229143 0.496253
0.477566 0.211003 0.467566
0.430885 0.230436 0.526984
0.452995 0.228009 0.50587
0.393961 0.210372 0.442407
0.537673 0.214527 0.404758
0.566164 0.202843 0.588995
0.574867 0.221989 0.461966
0.474216 0.225932 0.449755
0.547246 0.227135 0.479266
0.450791 0.207697 0.59081
0.570654 0.206302 0.400265
0.508249 0.230065 0.539593
0.460876 0.214304 0.484759
0.592064 0.201355 0.53728
0.481924 0.231903 0.544541
0.600593 0.195711 0.495332
0.4699 0.206753 0.589602
0.58174 0.213282 0.488061
0.450104 0.230798 0.568756
0.471653 0.207031 0.391142
0.450004 0.234525 0.446832
0.589335 0.204521 0.524642
0.510944 0.217592 0.488201
0.471134 0.227238 0.42331
0.502696 0.229252 0.565282
0.497819 0.225638 0.424837
0.449376 0.192881 0.604413
0.426039 0.205674 0.396605
0.460987 0.206431 0.391716
0.423372 0.193409 0.391076
0.423884 0.210203 0.483368
0.609673 0.186509 0.452681
0.402869 0.198012 0.528412
0.528174 0.18104 0.605416
0.52422 0.218053 0.532774
0.573381 0.212009 0.50726
0.508178 0.217771 0.539302
0.616525 0.182261 0.476074
0.598747 0.193099 0.424841
0.438497 0.204137 0.585828
0.435821 0.220352 0.524162
0.434223 0.182978 0.609833
0.527785 0.213686 0.465968
0.398324 0.196957 0.540234
0.57278 0.21331 0.426836
0.464708 0.204958 0.468069
0.46688 0.212739 0.508738
0.457125 0.221224 0.538953
0.610091 0.180254 0.544135
0.524571 0.194263 0.591223
0.503588 0.215315 0.449899
0.576667 0.210506 0.528662
0.478548 0.19975 0.467299
0.490295 0.218531 0.548509
0.563469 0.220528 0.433724
0.569534 0.207175 0.410551
0.5334 0.220084 0.537842
0.522549 0.216918 0.519146
0.566136 0.220111 0.532191
0.555801 0.210867 0.410082
0.560175 0.207016 0.404706
0.535523 0.209664 0.413184
0.526758 0.197823 0.398659
0.421826 0.219249 0.445265
0.438298 0.204217 0.585707
0.421041 0.181277 0.604046
0.540767 0.209665 0.44248
0.555659 0.210343 0.543514
0.432782 0.206128 0.515341
0.541405 0.20909 0.548782
0.513359 0.205649 0.536768
0.602797 0.181376 0.521711
0.5355 0.185848 0.389958
0.569766 0.204 0.422305
0.522747 0.206969 0.559964
0.474471 0.20175 0.515468
0.54051 0.209201 0.431789
0.506585 0.185817 0.390996
0.487741 0.188411 0.473004
0.541049 0.207924 0.427701
0.600803 0.179313 0.587176
0.487447 0.205267 0.558782
0.574234 0.192015 0.399625
0.394828 0.187336 0.540521
0.537143 0.187273 0.391478
0.463202 0.200978 0.411517
0.535029 0.203446 0.571323
0.552655 0.204985 0.57164
0.496015 0.205324 0.560748
0.383558 0.167291 0.619055
0.470852 0.198836 0.508344
0.455029 0.203118 0.414919
0.400441 0.193952 0.414705
0.451591 0.203052 0.505498
0.390212 0.177018 0.594972
0.428785 0.184991 0.387376
0.394502 0.192924 0.458811
0.580712 0.188244 0.397782
0.39169 0.189584 0.415156
0.418347 0.197843 0.49024
0.407745 0.196759 0.559712
0.417313 0.188068 0.511279
0.542619 0.194521 0.457533
0.434495 0.180344 0.388051
0.441441 0.196538 0.520852
0.440839 0.198486 0.535314
0.502378 0.193212 0.540017
0.470801 0.193939 0.421173
0.410748 0.184339 0.580416
0.573731 0.193134 0.459789
0.43817 0.198348 0.534282
0.435391 0.200615 0.560137
0.556117 0.194751 0.508451
0.486233 0.192854 0.556935
0.524198 0.17753 0.593976
0.39207 0.176664 0.382993
0.613007 0.166463 0.621571
0.407426 0.186615 0.473638
0.567668 0.194632 0.521304
0.551173 0.196782 0.451568
0.432224 0.184857 0.396619
0.394078 0.181837 0.570246
0.551761 0.175387 0.379796
0.399669 0.182406 0.495769
0.491926 0.175196 0.598061
0.61371 0.171715 0.512003
0.472621 0.171941 0.608739
0.416216 0.187393 0.5187
0.523818 0.191172 0.504761
0.39408 0.183713 0.47262
0.498641 0.19319 0.544891
0.594389 0.184381 0.45088
0.493197 0.190951 0.517092
0.539613 0.193381 0.461154
0.591249 0.183234 0.561258
0.551768 0.197953 0.555897
0.511747 0.188895 0.460725
0.413717 0.181616 0.41893
0.543753 0.18165 0.473891
0.540651 0.18265 0.462532
0.450217 0.184734 0.526679
0.569353 0.183401 0.52053
0.490365 0.181875 0.544175
0.573094 0.184479 0.551065
0.515331 0.182503 0.539159
0.578147 0.180463 0.499948
0.5839 0.178235 0.510608
0.381184 0.163335 0.621145
0.567689 0.175556 0.597922
0.461063 0.176086 0.49152
0.563734 0.183336 0.482653
0.478773 0.17336 0.589079
0.61717 0.168051 0.39176
0.573764 0.172348 0.382352
0.557784 0.184565 0.419949
0.481279 0.171303 0.595029
0.560135 0.179244 0.401296
0.56666 0.183325 0.494061
0.562819 0.185991 0.423088
0.477641 0.180662 0.411444
0.48791 0.174148 0.387816
0.601269 0.173049 0.41138
0.473475 0.174148 0.464784
0.624671 0.164866 0.383418
0.413323 0.170262 0.609353
0.589042 0.179447 0.44025
0.615673 0.168508 0.497244
0.5256 0.181688 0.513273
0.589451 0.175805 0.577908
0.505657 0.181877 0.528221
0.562469 0.183291 0.480412
0.456599 0.173257 0.384114
0.384955 0.168686 0.599038
0.41138 0.174288 0.570195
0.548086 0.173113 0.492444
0.410746 0.172255 0.542595
0.458739 0.17339 0.532816
0.455276 0.171472 0.508901
0.477469 0.171915 0.550601
0.433015 0.177029 0.443393
0.372191 0.162044 0.495717
0.581768 0.172753 0.547849
0.488637 0.16668 0.488285
0.597465 0.168431 0.412596
0.583342 0.173459 0.439084
0.435024 0.175471 0.41772
0.614059 0.160557 0.626116
0.567147 0.17617 0.549874
0.623029 0.162739 0.414033
0.493845 0.171908 0.539261
0.54725 0.175166 0.554492
0.399997 0.169008 0.493379
0.444834 0.171979 0.403792
0.499365 0.171899 0.415127
0.576392 0.17403 0.46325
0.558264 0.175188 0.574617
0.484548 0.174158 0.42308
0.587182 0.171513 0.553194
0.477793 0.172102 0.565857
0.582593 0.171368 0.501907
0.54532 0.173948 0.458014
0.538819 0.169884 0.401003
0.477224 0.171861 0.44614
0.454728 0.171387 0.584843
0.44469 0.169135 0.389144
0.461797 0.164977 0.606516
0.533836 0.168228 0.390124
0.607757 0.166664 0.455618
0.506602 0.168701 0.485447
0.404872 0.163312 0.467792
0.551878 0.164723 0.513593
0.529938 0.154999 0.634034
0.468143 0.163865 0.539436
0.600095 0.161638 0.491607
0.463228 0.16513 0.559223
0.545457 0.163314 0.58908
0.490199 0.163602 0.447842
0.588326 0.161396 0.603964
0.383604 0.161484 0.458621
0.555013 0.165627 0.461314
0.59824 0.161862 0.529985
0.40474 0.160815 0.606611
0.384697 0.160965 0.498925
0.398332 0.161987 0.513241
0.630037 0.157118 0.436371
0.406322 0.163972 0.444489
0.538418 0.164742 0.439547
0.582997 0.161663 0.382959
0.58702 0.16334 0.407062
0.425441 0.163856 0.595487
0.591749 0.162638 0.508401
0.380369 0.160745 0.487581
0.479087 0.16208 0.458555
0.57728 0.16629 0.444832
0.480369 0.164772 0.411824
0.545453 0.15628 0.631377
0.427466 0.16839 0.56596
0.483765 0.154953 0.632106
0.601583 0.160993 0.386101
0.369835 0.159238 0.391744
0.551171 0.165573 0.451698
0.41314 0.164557 0.417507
0.498406 0.164021 0.560262
0.499916 0.163279 0.529938
0.363506 0.154962 0.360871
0.401229 0.156415 0.44842
0.42509 0.157293 0.462209
0.467518 0.155041 0.479096
0.50621 0.155971 0.522662
0.619324 0.154894 0.420361
0.445892 0.158113 0.568329
0.57996 0.155869 0.61286
0.525856 0.156602 0.544676
0.542162 0.15701 0.536772
0.570444 0.153791 0.63381
0.612752 0.153721 0.363534
0.461506 0.157484 0.410761
0.498826 0.15344 0.62614
0.608711 0.155267 0.508799
0.581464 0.153779 0.361386
0.376324 0.153736 0.359263
0.430806 0.158572 0.561416
0.397004 0.156868 0.583745
0.516408 0.155745 0.380564
0.499672 0.155355 0.488702
0.620901 0.154429 0.372093
0.637896 0.153196 0.382595
0.63318 0.153119 0.53633
0.498737 0.156464 0.57868
0.459731 0.156002 0.516774
0.641026 0.151952 0.50811
0.393923 0.154432 0.365103
0.53837 0.156536 0.411866
0.391313 0.154463 0.620045
0.386175 0.155672 0.447175
0.482383 0.154837 0.369029
0.631695 0.153233 0.526398
0.458532 0.156891 0.398352
0.612889 0.155159 0.586587
0.500925 0.155402 0.595642
0.615371 0.154747 0.60958
0.396117 0.15 0.628768
0.420461 0.15 0.483973
0.605174 0.15 0.573679
0.520165 0.15 0.529824
0.488102 0.15 0.397591
0.427667 0.15 0.577113
0.413979 0.15 0.485319
0.362754 0.15 0.494008
0.54581 0.15 0.595241
0.458063 0.15 0.60934
0.566959 0.15 0.417577
0.471686 0.15 0.512209
0.469892 0.15 0.545856
0.360611 0.15 0.369318
0.39152 0.15 0.608123
0.374171 0.15 0.382035
0.629675 0.15 0.455197
0.377055 0.15 0.454904
0.424938 0.15 0.552548
0.361124 0.15 0.497606
0.542395 0.15 0.572718
0.355539 0.15 0.432162
0.437381 0.15 0.435293
0.494493 0.15 0.627313
0.440017 0.15 0.391145
0.351849 0.15 0.631854
0.642465 0.15 0.497926
0.402269 0.15 0.528991
0.623577 0.15 0.583631
0.518014 0.15 0.383372
0.395274 0.15 0.44508
0.460855 0.15 0.602767
0.404888 0.15 0.478333
0.578532 0.15 0.486308
0.377961 0.15 0.38773
0.464994 0.15 0.481162
