3708 0.012625
0.374733 0.471589 0.382128
0.452128 0.481438 0.317829
0.485067 0.406354 0.333451
0.489649 0.417803 0.342095
0.495162 0.469979 0.335665
0.551725 0.467391 0.314387
0.320369 0.48633 0.434127
0.420033 0.531427 0.403929
0.458385 0.394559 0.341168
0.495264 0.243774 0.313623
0.527064 0.440678 0.360296
0.606756 0.509721 0.378386
0.297381 0.467003 0.47413
0.340831 0.344765 0.463757
0.333501 0.415564 0.327586
0.522178 0.498237 0.24195
0.671075 0.380746 0.362218
0.654956 0.349881 0.471545
0.322781 0.457036 0.482142
0.323194 0.290418 0.494754
0.268009 0.546337 0.518592
0.545667 0.638117 0.516922
0.751145 0.4317 0.523845
0.658606 0.205712 0.495041
0.314854 0.49013 0.496104
0.363895 0.483379 0.518863
0.394789 0.366513 0.625757
0.499903 0.39497 0.744265
0.6176 0.340575 0.617995
0.64441 0.31654 0.507711
0.356519 0.493989 0.567571
0.379191 0.523255 0.621024
0.46836 0.452553 0.656565
0.492089 0.245126 0.66716
0.515385 0.324428 0.643793
0.585551 0.534083 0.581608
0.379792 0.520984 0.377328
0.353465 0.495352 0.569784
0.324441 0.228292 0.494632
0.748591 0.460904 0.499847
0.446898 0.381621 0.63318
0.49218 0.441188 0.353483
0.329997 0.514104 0.553457
0.361205 0.491581 0.584778
0.68913 0.452244 0.496505
0.487738 0.338761 0.364623
0.5945 0.487217 0.599185
0.579871 0.514545 0.546146
0.502918 0.258176 0.682917
0.532756 0.610415 0.645009
0.721633 0.37671 0.423221
0.69891 0.451756 0.482761
0.348767 0.416778 0.495426
0.396282 0.480551 0.358549
0.500969 0.298387 0.648403
0.366272 0.522081 0.613045
0.41271 0.545318 0.572134
0.392105 0.363429 0.610967
0.333622 0.482171 0.492111
0.554362 0.345135 0.707147
0.389698 0.471466 0.615938
0.651531 0.456113 0.509058
0.631762 0.49244 0.670245
0.471078 0.407462 0.649437
0.631384 0.504577 0.550436
0.384842 0.636712 0.519737
0.48883 0.337461 0.645674
0.651694 0.474473 0.5219
0.731246 0.499436 0.438607
0.647956 0.490378 0.554346
0.496728 0.263395 0.658977
0.325601 0.491966 0.445038
0.331557 0.525852 0.542537
0.339138 0.338456 0.471383
0.578272 0.45767 0.545026
0.65385 0.402849 0.470709
0.364057 0.481471 0.298189
0.492789 0.427767 0.356133
0.480458 0.25403 0.670522
0.488914 0.42244 0.658129
0.69066 0.468174 0.604479
0.579245 0.634523 0.512593
0.515477 0.47216 0.669747
0.5557 0.476568 0.422593
0.443647 0.640445 0.402848
0.674869 0.222021 0.517303
0.379016 0.355238 0.590644
0.361684 0.484431 0.522378
0.659583 0.472278 0.465202
0.389592 0.478191 0.627658
0.59359 0.411811 0.550483
0.403936 0.578499 0.311053
0.373384 0.535334 0.606507
0.547739 0.632884 0.401855
0.401165 0.492226 0.541266
0.581041 0.459087 0.438296
0.376219 0.438802 0.289146
0.325987 0.471959 0.485927
0.607304 0.467005 0.535853
0.359527 0.489073 0.602283
0.514005 0.461541 0.67389
0.659567 0.320338 0.48255
0.632101 0.519645 0.41984
0.51643 0.24801 0.674767
0.461408 0.45704 0.628658
0.336942 0.469814 0.490917
0.45601 0.367865 0.641727
0.592841 0.530273 0.57505
0.349922 0.239815 0.475668
0.348506 0.222361 0.474674
0.466517 0.455323 0.331962
0.656986 0.284905 0.473504
0.652266 0.353459 0.479267
0.498192 0.344149 0.358525
0.663087 0.253334 0.471563
0.638561 0.475943 0.527967
0.537381 0.341764 0.645722
0.331134 0.20188 0.470753
0.496158 0.213768 0.325602
0.66093 0.294489 0.51877
0.467558 0.368027 0.335648
0.637688 0.517876 0.386473
0.739632 0.481012 0.528806
0.397697 0.531442 0.55226
0.504765 0.234611 0.667049
0.350402 0.212754 0.488652
0.430328 0.43736 0.250307
0.672228 0.41711 0.492097
0.650069 0.238934 0.487645
0.60444 0.472787 0.694282
0.564814 0.580312 0.312685
0.680574 0.312814 0.455412
0.450607 0.479681 0.674226
0.376108 0.483104 0.378559
0.542901 0.347501 0.366932
0.579677 0.343005 0.340026
0.485905 0.251729 0.666653
0.470263 0.285207 0.320791
0.615223 0.625364 0.518194
0.614589 0.478741 0.363525
0.453019 0.490708 0.325067
0.656373 0.293369 0.476684
0.610552 0.479961 0.353897
0.293166 0.466032 0.36239
0.395721 0.473098 0.611301
0.356782 0.211906 0.484721
0.701552 0.36462 0.415892
0.659363 0.358921 0.483125
0.482307 0.299812 0.288722
0.494405 0.280192 0.350603
0.43075 0.485678 0.664704
0.29437 0.38264 0.582384
0.504316 0.424877 0.645947
0.608881 0.425859 0.448646
0.347354 0.44344 0.308726
0.535193 0.485419 0.668631
0.414171 0.527587 0.628825
0.351569 0.362765 0.500122
0.700229 0.453346 0.476581
0.390834 0.525693 0.623708
0.28691 0.336026 0.506892
0.387335 0.490955 0.364107
0.381854 0.490173 0.62009
0.531943 0.64079 0.420912
0.520273 0.351905 0.33655
0.516423 0.249296 0.674335
0.558494 0.480564 0.320057
0.699188 0.324322 0.532185
0.28015 0.342531 0.499757
0.332735 0.415501 0.487455
0.482407 0.345706 0.725438
0.372744 0.472298 0.516898
0.397351 0.40379 0.543467
0.546458 0.479963 0.660121
0.433138 0.522584 0.587229
0.421518 0.377318 0.308181
0.698581 0.454781 0.474535
0.544855 0.449693 0.676811
0.571312 0.394591 0.281424
0.537728 0.482648 0.667756
0.345615 0.316664 0.498979
0.334061 0.231468 0.493922
0.373815 0.481741 0.516505
0.693365 0.449217 0.481202
0.325831 0.492405 0.434113
0.490121 0.248706 0.346291
0.697125 0.293975 0.486054
0.670686 0.327928 0.45985
0.50843 0.331104 0.341039
0.456873 0.368689 0.33268
0.33278 0.350847 0.509275
0.653472 0.443536 0.464708
0.344977 0.334843 0.503427
0.448492 0.477029 0.392117
0.452439 0.387056 0.339806
0.39815 0.48246 0.639546
0.648428 0.520036 0.402897
0.340956 0.419912 0.491667
0.667709 0.206271 0.496208
0.338674 0.387554 0.489877
0.458748 0.47659 0.655321
0.507957 0.450678 0.666939
0.375413 0.487826 0.523292
0.593952 0.358694 0.591897
0.465274 0.467516 0.331443
0.353182 0.499737 0.577873
0.465219 0.376084 0.33667
0.507485 0.435371 0.341746
0.352499 0.357652 0.489132
0.44728 0.448773 0.598063
0.617285 0.487156 0.363224
0.667098 0.204122 0.504293
0.658461 0.246207 0.511996
0.639938 0.37334 0.635098
0.348797 0.421399 0.514878
0.259373 0.403723 0.516136
0.37162 0.508244 0.458575
0.350506 0.342439 0.501133
0.495816 0.379503 0.35787
0.324325 0.437059 0.48122
0.49454 0.230214 0.340917
0.485215 0.223876 0.346237
0.449058 0.487095 0.322637
0.419202 0.48986 0.435856
0.59288 0.352195 0.332826
0.638823 0.495306 0.382831
0.321439 0.495583 0.511045
0.641265 0.307118 0.497129
0.324652 0.455865 0.473472
0.431473 0.358477 0.658988
0.496231 0.460757 0.343778
0.467805 0.46152 0.326278
0.528917 0.334942 0.653188
0.669196 0.506001 0.436833
0.489165 0.232825 0.344492
0.641155 0.613706 0.528122
0.355119 0.335544 0.486879
0.525704 0.441052 0.351435
0.522935 0.540138 0.261041
0.515381 0.342143 0.641897
0.354979 0.430167 0.513728
0.337146 0.398479 0.481003
0.353899 0.432154 0.521876
0.303482 0.311824 0.507532
0.675694 0.226183 0.475226
0.670433 0.285781 0.513042
0.649435 0.364411 0.3811
0.421309 0.542586 0.579177
0.501796 0.386462 0.641312
0.506624 0.386013 0.26338
0.519758 0.449472 0.646321
0.514046 0.482249 0.333242
0.360266 0.510529 0.607147
0.451166 0.494451 0.338759
0.39785 0.45466 0.42946
0.431005 0.476347 0.422747
0.535098 0.319408 0.688804
0.484459 0.218364 0.346471
0.493096 0.340576 0.357222
0.54085 0.351406 0.280257
0.301044 0.355405 0.451608
0.342379 0.223312 0.491794
0.617322 0.368157 0.561852
0.535515 0.487876 0.325097
0.589162 0.509215 0.613944
0.59287 0.365676 0.587727
0.396813 0.358512 0.355386
0.383437 0.445146 0.283907
0.466254 0.487649 0.237633
0.369865 0.50364 0.3772
0.50674 0.441015 0.650705
0.556384 0.487201 0.324787
0.655739 0.386768 0.49684
0.555317 0.511426 0.636968
0.704346 0.465828 0.371525
0.668274 0.221568 0.478159
0.490259 0.350606 0.345445
0.415276 0.532501 0.394132
0.473001 0.273762 0.670849
0.653099 0.38295 0.494919
0.679348 0.467799 0.625484
0.281051 0.413595 0.423026
0.349251 0.390812 0.501687
0.643703 0.50119 0.551259
0.431232 0.401113 0.356526
0.506228 0.251106 0.328937
0.519524 0.289866 0.673916
0.562217 0.337777 0.689694
0.349914 0.202813 0.486044
0.429414 0.519064 0.402026
0.671932 0.340936 0.555652
0.429147 0.426079 0.404539
0.350152 0.424478 0.505937
0.478731 0.204573 0.342481
0.641043 0.365034 0.490565
0.643369 0.49757 0.3879
0.339638 0.36844 0.579334
0.698781 0.325345 0.45194
0.497338 0.258936 0.66235
0.673218 0.218161 0.480616
0.643199 0.329105 0.511682
0.635885 0.51626 0.426152
0.516841 0.43311 0.343616
0.398006 0.621977 0.37532
0.393581 0.478586 0.622101
0.65177 0.39259 0.496926
0.262823 0.530118 0.548082
0.478423 0.251148 0.339001
0.578044 0.404046 0.417538
0.605512 0.513495 0.362217
0.610653 0.481558 0.356664
0.657458 0.209696 0.504196
0.317803 0.484316 0.651901
0.339593 0.391134 0.516577
0.405491 0.419921 0.41063
0.499974 0.442091 0.665181
0.396689 0.628834 0.388579
0.581041 0.506618 0.411483
0.529965 0.492214 0.658681
0.480389 0.288396 0.337973
0.32841 0.339861 0.50169
0.47268 0.257957 0.67773
0.446881 0.491477 0.327744
0.336648 0.39435 0.480357
0.394661 0.536672 0.389475
0.35255 0.361497 0.591639
0.468699 0.441779 0.645518
0.490012 0.324418 0.35213
0.343937 0.39517 0.472127
0.477764 0.201207 0.337039
0.307164 0.384386 0.606835
0.469205 0.343867 0.32993
0.65168 0.451152 0.5132
0.557965 0.530733 0.592462
0.42788 0.535633 0.598238
0.534039 0.466889 0.614507
0.660213 0.345006 0.429531
0.389362 0.491209 0.452566
0.319082 0.371622 0.407682
0.551082 0.328377 0.691447
0.661855 0.40429 0.498496
0.341027 0.252449 0.491204
0.448026 0.553325 0.272926
0.647015 0.360431 0.62084
0.599956 0.36128 0.367236
0.355316 0.513663 0.589641
0.418621 0.503453 0.348522
0.344888 0.510631 0.420492
0.505996 0.440809 0.66305
0.268639 0.365844 0.469685
0.548137 0.628176 0.389572
0.474764 0.419323 0.326712
0.348118 0.386034 0.521931
0.479054 0.36709 0.329654
0.401003 0.467759 0.441498
0.361909 0.528966 0.406233
0.597654 0.524834 0.570071
0.536218 0.50597 0.730993
0.616071 0.500072 0.581879
0.577033 0.521529 0.615855
0.407087 0.504327 0.354208
0.678585 0.226919 0.481968
0.351104 0.413338 0.469795
0.503701 0.427136 0.658103
0.45034 0.487511 0.328102
0.473814 0.314388 0.325702
0.397933 0.394209 0.699148
0.516308 0.639652 0.512567
0.704123 0.315342 0.486464
0.534419 0.643205 0.465851
0.45755 0.641506 0.488091
0.297557 0.349634 0.45966
0.351298 0.292639 0.478947
0.668087 0.417723 0.478882
0.642731 0.498368 0.551092
0.752716 0.43149 0.460944
0.388454 0.484309 0.607323
0.494445 0.268691 0.344517
0.332108 0.342134 0.459284
0.457064 0.469907 0.679961
0.333843 0.616411 0.50495
0.316351 0.311511 0.460021
0.324035 0.472351 0.462297
0.33588 0.268271 0.493691
0.403603 0.484908 0.44364
0.583867 0.513056 0.546202
0.662284 0.393046 0.495333
0.739685 0.483056 0.523913
0.657769 0.216582 0.497137
0.544902 0.447904 0.243882
0.524408 0.333989 0.333981
0.287005 0.462843 0.369224
0.332255 0.505319 0.548108
0.643137 0.402287 0.503994
0.663222 0.504838 0.425758
0.565366 0.472043 0.551075
0.351411 0.450083 0.508711
0.673887 0.216118 0.501069
0.647867 0.508964 0.652766
0.509109 0.445982 0.667702
0.518575 0.460085 0.672923
0.450158 0.423546 0.357262
0.614036 0.506139 0.402702
0.65781 0.331328 0.478937
0.627835 0.364368 0.551776
0.335284 0.221348 0.471654
0.395258 0.412075 0.553783
0.445485 0.468875 0.592864
0.644743 0.508981 0.393486
0.35439 0.529382 0.57634
0.375867 0.362662 0.604112
0.72288 0.380687 0.565488
0.662989 0.314619 0.517679
0.573082 0.51585 0.710555
0.564931 0.501517 0.634637
0.55398 0.486594 0.647629
0.365271 0.524201 0.445302
0.327852 0.367645 0.567321
0.471588 0.445874 0.66823
0.336283 0.493705 0.507992
0.362223 0.532337 0.587035
0.622829 0.510142 0.405343
0.533042 0.487073 0.662049
0.400534 0.515469 0.629886
0.704055 0.503042 0.379335
0.649538 0.508859 0.400433
0.269256 0.528141 0.428633
0.638861 0.358143 0.546325
0.576972 0.499391 0.342132
0.654555 0.381038 0.457024
0.645427 0.594929 0.397675
0.351122 0.373999 0.430261
0.347281 0.409216 0.469872
0.668655 0.234772 0.514517
0.368634 0.495005 0.591227
0.517624 0.451176 0.675032
0.42272 0.521369 0.631479
0.446094 0.430622 0.390526
0.435657 0.478034 0.570073
0.473379 0.272741 0.318838
0.535201 0.460064 0.617998
0.591567 0.389359 0.4155
0.365336 0.496924 0.604093
0.467076 0.36452 0.332544
0.595563 0.516423 0.552546
0.348942 0.366419 0.414749
0.731618 0.484553 0.543206
0.642796 0.347955 0.591664
0.470781 0.306139 0.290434
0.489367 0.281629 0.30756
0.665671 0.550733 0.609767
0.490038 0.319023 0.340904
0.544464 0.502313 0.58886
0.440439 0.433408 0.593677
0.731315 0.40988 0.565345
0.356732 0.509779 0.58143
0.34686 0.272909 0.478018
0.656025 0.254475 0.50618
0.717033 0.501857 0.401132
0.641196 0.354702 0.426051
0.449803 0.343414 0.290981
0.488271 0.316805 0.651711
0.326733 0.49221 0.509484
0.37953 0.503309 0.613717
0.684352 0.358975 0.41226
0.493673 0.423909 0.338668
0.376367 0.502169 0.529554
0.518706 0.435145 0.646582
0.387456 0.495152 0.612487
0.59273 0.500534 0.349954
0.526879 0.42118 0.350132
0.593915 0.511089 0.548201
0.297415 0.34327 0.526502
0.442168 0.441232 0.398242
0.52791 0.335922 0.655314
0.546701 0.466368 0.412742
0.475818 0.458021 0.678205
0.636207 0.406018 0.518266
0.550601 0.491623 0.569369
0.319323 0.350646 0.55045
0.678884 0.309104 0.501377
0.596116 0.486393 0.272277
0.430577 0.455178 0.564258
0.557728 0.506721 0.636054
0.444882 0.457619 0.593918
0.497824 0.24431 0.329743
0.693057 0.348316 0.427585
0.716941 0.375879 0.566929
0.526642 0.466392 0.64677
0.534824 0.633114 0.548918
0.669891 0.219464 0.509063
0.307171 0.339574 0.460331
0.444288 0.412492 0.611897
0.655343 0.331318 0.491807
0.647891 0.255307 0.493192
0.494722 0.606873 0.327963
0.315049 0.315871 0.460262
0.662609 0.476632 0.530803
0.486003 0.281707 0.344671
0.544331 0.497209 0.648284
0.4154 0.377213 0.678353
0.52486 0.419412 0.637237
0.345644 0.346759 0.490782
0.617303 0.605831 0.590284
0.334312 0.317371 0.495973
0.623266 0.500479 0.386143
0.313216 0.226218 0.483768
0.612428 0.509564 0.555
0.677029 0.281309 0.488475
0.426606 0.483989 0.42683
0.339859 0.285498 0.475666
0.454274 0.478657 0.336234
0.465219 0.351216 0.327073
0.469041 0.5954 0.674601
0.497424 0.358746 0.344403
0.43686 0.499002 0.647477
0.544026 0.362966 0.372015
0.52509 0.430967 0.638485
0.670274 0.445249 0.642803
0.566688 0.479965 0.333124
0.672945 0.413802 0.493717
0.53434 0.483712 0.73436
0.488562 0.442963 0.666424
0.341703 0.353627 0.545583
0.51707 0.613351 0.641506
0.523681 0.381186 0.736033
0.397075 0.491763 0.446967
0.331061 0.33133 0.532095
0.339688 0.368585 0.409454
0.600063 0.509496 0.591564
0.504578 0.457817 0.335587
0.346502 0.501023 0.554254
0.321525 0.449993 0.47205
0.458986 0.618936 0.629427
0.342832 0.384845 0.467089
0.438339 0.419127 0.395403
0.411794 0.498604 0.641446
0.620877 0.623394 0.511064
0.507252 0.242404 0.668951
0.36361 0.52491 0.404657
0.370153 0.511259 0.605878
0.485813 0.290202 0.664434
0.465164 0.617167 0.63556
0.329639 0.489372 0.529596
0.386771 0.369869 0.366499
0.424334 0.48489 0.428059
0.539488 0.463484 0.616641
0.669097 0.22526 0.501742
0.383537 0.493495 0.534682
0.525231 0.469507 0.237218
0.658377 0.349048 0.493914
0.53975 0.493986 0.361095
0.336947 0.337491 0.4986
0.351205 0.530105 0.31724
0.656744 0.489396 0.451607
0.649021 0.378057 0.501144
0.454541 0.343232 0.318915
0.345426 0.357123 0.496898
0.497512 0.618788 0.349951
0.472535 0.368659 0.653623
0.484703 0.210169 0.331834
0.505644 0.325724 0.338051
0.578492 0.390934 0.574842
0.449986 0.493778 0.622
0.57047 0.480257 0.336376
0.493842 0.267939 0.667208
0.351028 0.464606 0.682392
0.584191 0.516415 0.551185
0.663117 0.326387 0.476477
0.458729 0.45792 0.331504
0.543485 0.479381 0.65334
0.386755 0.509814 0.451636
0.625948 0.45769 0.682785
0.383078 0.497024 0.603865
0.352002 0.506214 0.561504
0.470607 0.638192 0.39501
0.318126 0.248581 0.487366
0.49298 0.415668 0.658705
0.580906 0.525882 0.595321
0.336972 0.512358 0.542625
0.610094 0.501465 0.41633
0.408485 0.514595 0.437157
0.320631 0.294306 0.464824
0.296632 0.455091 0.356014
0.403122 0.526351 0.615274
0.386405 0.505243 0.450973
0.635177 0.401131 0.528089
0.674654 0.311696 0.498982
0.32581 0.429386 0.477333
0.49383 0.299667 0.658941
0.466502 0.412718 0.328239
0.660063 0.470558 0.52907
0.362314 0.519872 0.586489
0.330157 0.486014 0.436096
0.405419 0.504113 0.621555
0.58225 0.526665 0.592771
0.38977 0.530346 0.550797
0.581481 0.351894 0.360838
0.344964 0.227116 0.479025
0.44057 0.47335 0.663553
0.666221 0.249807 0.512895
0.529978 0.391137 0.259542
0.449739 0.488959 0.367605
0.44557 0.355436 0.30968
0.548509 0.374206 0.381349
0.531739 0.398898 0.636941
0.53857 0.349464 0.279973
0.56428 0.635863 0.439473
0.486063 0.337966 0.653192
0.653743 0.308582 0.492622
0.507136 0.303293 0.333116
0.568269 0.505851 0.619896
0.314308 0.248483 0.4841
0.383518 0.527832 0.441508
0.631204 0.489519 0.437699
0.313642 0.600208 0.514155
0.354951 0.424388 0.682063
0.395467 0.510659 0.444692
0.401446 0.526525 0.612489
0.460918 0.461432 0.67509
0.689134 0.439997 0.616538
0.287536 0.412374 0.378748
0.578075 0.504286 0.363311
0.428328 0.513474 0.407059
0.398345 0.369489 0.313853
0.514109 0.628365 0.377541
0.408833 0.520845 0.619658
0.397162 0.4103 0.55747
0.435011 0.4143 0.351078
0.501121 0.322927 0.33874
0.416443 0.359197 0.33539
0.408455 0.363968 0.620806
0.333163 0.334487 0.46982
0.666173 0.359901 0.488113
0.526836 0.466722 0.656699
0.503396 0.242893 0.674969
0.634112 0.347092 0.568074
0.430271 0.513657 0.398277
0.366705 0.519466 0.591083
0.332416 0.269593 0.476583
0.34758 0.613491 0.414325
0.634322 0.494772 0.388737
0.564156 0.337669 0.355837
0.328362 0.280937 0.49062
0.487922 0.315432 0.659069
0.504864 0.246564 0.676586
0.551324 0.512762 0.602183
0.398952 0.511621 0.614701
0.409868 0.530429 0.402181
0.35724 0.401425 0.526505
0.522559 0.639718 0.505111
0.556255 0.491139 0.251066
0.401868 0.374565 0.302095
0.386077 0.506994 0.449216
0.495527 0.32169 0.65598
0.501835 0.421391 0.33412
0.396413 0.38166 0.582058
0.46133 0.342858 0.654076
0.496249 0.278128 0.330753
0.337877 0.350546 0.498515
0.426886 0.515437 0.629644
0.681761 0.317223 0.473635
0.579486 0.499957 0.415688
0.489369 0.450059 0.675738
0.398026 0.507207 0.54945
0.512347 0.424287 0.656273
0.488972 0.244705 0.321722
0.57384 0.352671 0.313772
0.330309 0.236006 0.475575
0.420045 0.518545 0.421855
0.570175 0.511125 0.608247
0.700613 0.321253 0.462691
0.601975 0.477066 0.365169
0.461671 0.428903 0.323964
0.479992 0.364527 0.322929
0.692836 0.301542 0.465841
0.344827 0.4349 0.523526
0.499198 0.427527 0.664975
0.33662 0.312651 0.491528
0.669071 0.321756 0.512486
0.387466 0.479938 0.449314
0.612338 0.376299 0.669819
0.554741 0.360315 0.622796
0.654163 0.284395 0.493096
0.360264 0.535715 0.545309
0.446318 0.441448 0.363972
0.347131 0.524041 0.528745
0.529756 0.419638 0.379775
0.475257 0.384889 0.659179
0.378049 0.503766 0.452585
0.557891 0.514082 0.604665
0.382867 0.526635 0.395849
0.592137 0.501668 0.547466
0.507067 0.359193 0.270697
0.425081 0.497541 0.640384
0.57897 0.503889 0.588624
0.349271 0.446621 0.525178
0.328629 0.196432 0.479107
0.447147 0.639503 0.402178
0.59394 0.382894 0.300716
0.328725 0.292534 0.472465
0.543551 0.482679 0.602361
0.500884 0.305086 0.658804
0.58107 0.485459 0.54572
0.693158 0.435359 0.487993
0.467612 0.438644 0.657225
0.405305 0.506459 0.604042
0.562283 0.500857 0.615785
0.274092 0.388545 0.444868
0.474318 0.405734 0.660912
0.528281 0.323987 0.290134
0.527665 0.639719 0.504623
0.632738 0.462856 0.535254
0.371618 0.525448 0.585175
0.485436 0.299992 0.668268
0.554432 0.57545 0.68139
0.671501 0.260234 0.505083
0.739511 0.44307 0.548604
0.556419 0.527915 0.716189
0.591302 0.40724 0.426991
0.323304 0.318201 0.466704
0.425402 0.419269 0.396748
0.501921 0.326997 0.331403
0.550168 0.468754 0.414444
0.586662 0.491206 0.545991
0.341172 0.47626 0.451162
0.284063 0.575653 0.488041
0.491928 0.303966 0.665705
0.580607 0.483873 0.354502
0.415115 0.523117 0.414133
0.36272 0.503203 0.452406
0.326524 0.298376 0.472837
0.327361 0.316172 0.473485
0.425725 0.516165 0.621511
0.616264 0.383285 0.427872
0.673349 0.548366 0.369876
0.518154 0.4296 0.657526
0.709258 0.324107 0.466304
0.238582 0.457583 0.516934
0.474266 0.2944 0.672775
0.531228 0.447239 0.342933
0.473862 0.320627 0.318997
0.405993 0.501925 0.717878
0.604786 0.494442 0.397429
0.444324 0.481187 0.360347
0.376915 0.468303 0.290433
0.394286 0.457412 0.717816
0.385312 0.527882 0.586667
0.685849 0.378963 0.590436
0.540744 0.523986 0.725525
0.423858 0.494875 0.422986
0.582464 0.509712 0.552811
0.526389 0.39123 0.645604
0.524619 0.317563 0.294798
0.39389 0.518929 0.602763
0.426272 0.46663 0.561441
0.411416 0.508949 0.606719
0.387665 0.378333 0.389607
0.321365 0.285028 0.472786
0.57481 0.475565 0.430628
0.473077 0.305884 0.690302
0.327157 0.459889 0.454198
0.535813 0.453264 0.337395
0.648561 0.423451 0.518689
0.641452 0.503799 0.421707
0.534346 0.450662 0.335396
0.672435 0.373569 0.485937
0.346137 0.48944 0.525431
0.5854 0.484653 0.360734
0.407753 0.643537 0.484785
0.413697 0.521633 0.402601
0.703575 0.564885 0.488422
0.41164 0.597702 0.649785
0.515514 0.414809 0.659593
0.611033 0.483199 0.388232
0.589547 0.509739 0.557071
0.463992 0.324738 0.681423
0.4221 0.406358 0.267723
0.675551 0.359768 0.407475
0.661629 0.460559 0.447422
0.338888 0.385905 0.521427
0.424801 0.361795 0.664574
0.438894 0.414211 0.388024
0.584484 0.465365 0.265344
0.538223 0.640738 0.480821
0.673043 0.406203 0.497886
0.671477 0.346959 0.489864
0.448356 0.402109 0.336657
0.498486 0.312477 0.31113
0.47024 0.304569 0.671585
0.568771 0.35032 0.370662
0.688437 0.357657 0.419667
0.341436 0.393167 0.524218
0.314229 0.37162 0.390554
0.507281 0.455929 0.743419
0.597568 0.476773 0.435178
0.654619 0.425881 0.518594
0.668956 0.470949 0.446424
0.342132 0.356714 0.536033
0.435002 0.635894 0.548799
0.676964 0.397611 0.488164
0.474161 0.417691 0.666059
0.701458 0.346105 0.555672
0.425687 0.51072 0.386561
0.606827 0.39708 0.55494
0.494498 0.377247 0.324035
0.493557 0.392523 0.660426
0.689095 0.480811 0.599842
0.354351 0.480382 0.453071
0.700681 0.507626 0.580364
0.627124 0.376915 0.649417
0.493541 0.336548 0.662367
0.290336 0.327162 0.478483
0.498895 0.641154 0.447903
0.400583 0.512401 0.595196
0.673518 0.353203 0.489592
0.383481 0.525681 0.435537
0.462808 0.327542 0.308362
0.335647 0.439311 0.523825
0.356619 0.501555 0.535066
0.297883 0.426617 0.355249
0.437722 0.376747 0.286681
0.589756 0.397509 0.698103
0.687809 0.348843 0.427192
0.325476 0.568082 0.373335
0.246436 0.51147 0.493961
0.240888 0.481157 0.512957
0.425148 0.517641 0.59318
0.319535 0.325046 0.508234
0.564812 0.454781 0.424709
0.430082 0.4067 0.375994
0.619566 0.48758 0.404831
0.311438 0.311661 0.481358
0.655932 0.472726 0.439447
0.319245 0.385517 0.621329
0.495357 0.293624 0.67158
0.557434 0.412063 0.403481
0.323884 0.414582 0.504408
0.654689 0.479205 0.437226
0.658433 0.45538 0.652576
0.409706 0.508451 0.560006
0.465268 0.383737 0.323556
0.306037 0.334963 0.464777
0.677932 0.355917 0.415586
0.370051 0.417556 0.540768
0.432868 0.502419 0.393314
0.413231 0.418661 0.714758
0.402611 0.489106 0.431197
0.656206 0.382046 0.521703
0.501727 0.397994 0.323666
0.618163 0.490807 0.406305
0.583037 0.496373 0.55111
0.687826 0.567598 0.420409
0.669693 0.400425 0.504086
0.599151 0.503068 0.692023
0.505708 0.328375 0.290928
0.677658 0.458761 0.452043
0.710683 0.556957 0.477444
0.33187 0.456273 0.526759
0.330812 0.45395 0.524969
0.544443 0.588083 0.315459
0.717915 0.453203 0.572507
0.382412 0.368685 0.600719
0.375453 0.526545 0.552892
0.405005 0.530333 0.576188
0.459567 0.410308 0.644463
0.563531 0.361689 0.300504
0.412758 0.506798 0.385917
0.552745 0.410401 0.265906
0.655738 0.464804 0.439947
0.623632 0.492582 0.41519
0.287662 0.377525 0.445291
0.573491 0.40312 0.71261
0.348667 0.463321 0.449443
0.387731 0.369923 0.586659
0.388092 0.52868 0.56662
0.540783 0.324406 0.326685
0.668298 0.406127 0.508517
0.484074 0.334281 0.313285
0.549384 0.484818 0.613735
0.64266 0.606246 0.428228
0.525287 0.424189 0.33184
0.492594 0.311507 0.296885
0.305486 0.594674 0.504838
0.582481 0.446589 0.433237
0.717526 0.514117 0.409839
0.586411 0.50956 0.700156
0.368932 0.516357 0.432427
0.431318 0.416368 0.372126
0.555079 0.634264 0.422945
0.394956 0.475154 0.432238
0.431031 0.37351 0.322201
0.679493 0.415702 0.462775
0.481549 0.355403 0.666546
0.689198 0.432752 0.352375
0.657803 0.38768 0.523759
0.551655 0.494507 0.374747
0.432715 0.501569 0.622345
0.66916 0.372857 0.612878
0.500928 0.314623 0.307282
0.290969 0.340474 0.489188
0.46881 0.430072 0.666626
0.325537 0.374211 0.513642
0.430243 0.497677 0.395417
0.374077 0.493604 0.447973
0.65283 0.404472 0.452588
0.406073 0.420768 0.710901
0.583456 0.35852 0.323606
0.506216 0.321969 0.667425
0.556949 0.355588 0.36569
0.407555 0.520439 0.589646
0.393616 0.497293 0.439405
0.502682 0.325087 0.67143
0.422666 0.506314 0.400173
0.553276 0.428228 0.598761
0.555807 0.491724 0.398261
0.44009 0.432956 0.350425
0.682543 0.495986 0.608983
0.382712 0.44561 0.544771
0.676803 0.372697 0.506258
0.507377 0.325857 0.671482
0.73118 0.392494 0.560216
0.661997 0.419598 0.451588
0.328892 0.436232 0.457994
0.366356 0.37017 0.565282
0.502266 0.32331 0.673437
0.351702 0.451177 0.535987
0.662996 0.356467 0.511304
0.573932 0.347127 0.329659
0.644112 0.395663 0.530459
0.470756 0.632915 0.580716
0.446642 0.464065 0.612117
0.666816 0.461977 0.330984
0.345008 0.374929 0.528533
0.461512 0.447926 0.647287
0.656426 0.392536 0.512954
0.407221 0.508845 0.409369
0.478078 0.640436 0.420401
0.547137 0.366467 0.63734
0.452799 0.406449 0.639295
0.398497 0.508531 0.560454
0.653056 0.377556 0.452101
0.630822 0.351186 0.597741
0.328517 0.437815 0.454046
0.434654 0.458499 0.379893
0.683877 0.334256 0.520203
0.557101 0.412525 0.597459
0.33461 0.40291 0.52414
0.485753 0.634927 0.532965
0.47611 0.322877 0.296965
0.455081 0.354942 0.302689
0.322869 0.409078 0.468265
0.351246 0.379007 0.54682
0.7484 0.448592 0.503908
0.296563 0.575319 0.551326
0.418696 0.505151 0.398794
0.494921 0.333686 0.670764
0.680162 0.436806 0.450014
0.322011 0.417167 0.466735
0.425507 0.490294 0.574172
0.487132 0.33586 0.307615
0.567881 0.349089 0.687465
0.436732 0.446634 0.599935
0.63789 0.404151 0.656679
0.463181 0.626287 0.363351
0.483066 0.631905 0.575982
0.556545 0.431209 0.591872
0.57668 0.501746 0.571041
0.413445 0.598608 0.648142
0.275221 0.360151 0.49088
0.40213 0.496899 0.557118
0.659502 0.363957 0.446149
0.382932 0.446558 0.54771
0.487426 0.637087 0.494122
0.413955 0.496578 0.411559
0.465546 0.367759 0.658355
0.559766 0.334786 0.67267
0.664947 0.354428 0.4369
0.374622 0.384247 0.417816
0.482234 0.340127 0.288751
0.400406 0.413641 0.404139
0.485665 0.637555 0.484945
0.518014 0.363349 0.325061
0.408731 0.496414 0.588584
0.38337 0.391501 0.30567
0.652134 0.483362 0.649558
0.542571 0.438362 0.641775
0.302825 0.344746 0.478095
0.652118 0.369135 0.43944
0.527091 0.380591 0.33353
0.613585 0.476739 0.427563
0.539504 0.333348 0.3359
0.263013 0.421198 0.550154
0.685782 0.421104 0.508474
0.463347 0.438706 0.671224
0.430221 0.46283 0.390224
0.476588 0.598435 0.669232
0.546638 0.335109 0.327024
0.339593 0.413098 0.448505
0.43206 0.46067 0.400395
0.390124 0.388567 0.402586
0.682092 0.400902 0.466844
0.514701 0.35035 0.277141
0.429205 0.383523 0.308508
0.430771 0.478915 0.590281
0.377787 0.50671 0.430635
0.541741 0.388774 0.371767
0.445201 0.42685 0.621795
0.354087 0.380449 0.554087
0.680612 0.437919 0.440977
0.679404 0.413011 0.515321
0.505521 0.327242 0.686383
0.732644 0.503074 0.520526
0.71073 0.414233 0.39668
0.31533 0.462867 0.346191
0.609131 0.623424 0.446003
0.402309 0.49058 0.576421
0.399837 0.500986 0.409807
0.623799 0.373339 0.568428
0.639465 0.605988 0.555378
0.654835 0.471222 0.322307
0.451238 0.592262 0.672296
0.474553 0.639536 0.434203
0.40174 0.484337 0.42311
0.648848 0.407057 0.531816
0.292124 0.366672 0.530765
0.574338 0.366227 0.379043
0.372963 0.615118 0.385292
0.618152 0.424719 0.553166
0.398997 0.49218 0.399014
0.416922 0.399407 0.386991
0.266556 0.48938 0.424392
0.584904 0.484364 0.56224
0.256206 0.415971 0.504117
0.598083 0.590209 0.34972
0.6539 0.604571 0.523745
0.608913 0.421728 0.437217
0.319701 0.350923 0.532041
0.589282 0.471487 0.426315
0.688014 0.582799 0.462552
0.464687 0.357063 0.664326
0.437532 0.390605 0.274756
0.70936 0.467471 0.380553
0.378347 0.378249 0.56692
0.360215 0.391555 0.42674
0.703133 0.411153 0.474289
0.469373 0.363925 0.665553
0.520588 0.32974 0.686958
0.259631 0.469243 0.431958
0.682457 0.512115 0.358733
0.545734 0.396582 0.629912
0.334009 0.432171 0.447485
0.381804 0.493626 0.432767
0.536712 0.377605 0.343265
0.522425 0.390909 0.667535
0.523936 0.366356 0.670799
0.507721 0.36486 0.311679
0.529526 0.364972 0.282031
0.682374 0.367905 0.408945
0.363267 0.382397 0.419252
0.608068 0.525292 0.293992
0.403978 0.487305 0.414615
0.44811 0.387935 0.732278
0.686594 0.361059 0.48582
0.662224 0.598605 0.445014
0.376135 0.416155 0.430491
0.526166 0.332766 0.691155
0.25694 0.475634 0.568448
0.690502 0.405419 0.501434
0.432844 0.459137 0.599732
0.472525 0.338692 0.676652
0.418719 0.484901 0.585977
0.532281 0.362104 0.334021
0.594269 0.598343 0.361433
0.657287 0.563419 0.369213
0.368214 0.428481 0.543382
0.412986 0.430629 0.400274
0.437701 0.418254 0.62386
0.35805 0.595562 0.603944
0.640344 0.472247 0.308966
0.41479 0.467907 0.57433
0.697913 0.407926 0.499123
0.622379 0.381273 0.421794
0.533292 0.344703 0.677316
0.730732 0.372216 0.444399
0.640178 0.543665 0.336988
0.271127 0.395333 0.450499
0.491844 0.350235 0.287293
0.322704 0.414445 0.456619
0.455301 0.399807 0.6512
0.484163 0.36218 0.274916
0.597292 0.396198 0.301038
0.515829 0.45755 0.740405
0.636064 0.378702 0.634005
0.401958 0.465983 0.411782
0.316602 0.38724 0.429406
0.452175 0.446931 0.639923
0.354775 0.398522 0.542914
0.333539 0.386208 0.435492
0.483973 0.6372 0.469872
0.433598 0.38148 0.318928
0.2831 0.397753 0.434445
0.687128 0.37224 0.493376
0.340084 0.371683 0.624105
0.567289 0.450673 0.414579
0.303466 0.39861 0.37475
0.315525 0.414448 0.352341
0.66854 0.524989 0.349957
0.491895 0.373805 0.673533
0.364661 0.46454 0.436273
0.42179 0.593492 0.659443
0.488743 0.418467 0.679833
0.298003 0.358403 0.480646
0.267017 0.389309 0.494784
0.567275 0.465645 0.571017
0.4112 0.446687 0.570687
0.272708 0.379228 0.489546
0.693913 0.409365 0.515221
0.359923 0.629028 0.503895
0.541977 0.360373 0.660589
0.340158 0.514192 0.322082
0.60644 0.575671 0.337175
0.514738 0.405118 0.681744
0.574336 0.471522 0.571062
0.309327 0.364848 0.501606
0.612732 0.435087 0.560889
0.328552 0.503659 0.332538
0.705333 0.431184 0.58713
0.445387 0.640547 0.438631
0.647151 0.373843 0.432606
0.490051 0.417607 0.682127
0.258404 0.404078 0.463563
0.688525 0.413413 0.522703
0.341603 0.43564 0.438436
0.569316 0.394607 0.606627
0.69626 0.40481 0.505912
0.391361 0.420493 0.563605
0.257472 0.435413 0.561903
0.413734 0.399511 0.382143
0.419335 0.422656 0.599702
0.676195 0.3632 0.537962
0.341819 0.411977 0.659759
0.373935 0.395852 0.562902
0.343793 0.375991 0.632172
0.382348 0.37172 0.663476
0.489684 0.419951 0.684248
0.407614 0.472328 0.573745
0.628473 0.393625 0.431564
0.641044 0.387203 0.546131
0.367312 0.446835 0.432504
0.496923 0.394892 0.267688
0.625691 0.598722 0.39063
0.3969 0.433233 0.401876
0.686817 0.413284 0.528165
0.587048 0.350769 0.617854
0.551241 0.369356 0.644666
0.651316 0.377561 0.436273
0.570726 0.60672 0.364316
0.318496 0.396141 0.514058
0.429184 0.401387 0.721437
0.355771 0.404855 0.54635
0.594103 0.464808 0.698139
0.277963 0.378583 0.504929
0.548872 0.401405 0.637151
0.411434 0.382897 0.332856
0.375529 0.447679 0.554049
0.606232 0.391716 0.581582
0.272089 0.390048 0.521308
0.570869 0.369806 0.309873
0.63014 0.427281 0.555956
0.55381 0.631767 0.523474
0.554324 0.628745 0.541168
0.720111 0.333154 0.499268
0.393629 0.374953 0.64878
0.524584 0.364651 0.724896
0.412511 0.423433 0.372151
0.639275 0.381906 0.352067
0.407799 0.37407 0.345404
0.638643 0.431068 0.442028
0.586219 0.376126 0.374124
0.333688 0.382148 0.530804
0.633603 0.41667 0.552855
0.628442 0.378356 0.381947
0.324322 0.599003 0.432524
0.541733 0.397401 0.659381
0.609031 0.407822 0.57405
0.299732 0.353715 0.495376
0.411331 0.458336 0.587261
0.341444 0.384868 0.576128
0.661846 0.403701 0.541639
0.399073 0.379378 0.358558
0.560941 0.370285 0.632965
0.439045 0.40996 0.264089
0.531605 0.629936 0.397292
0.470522 0.371078 0.274571
0.70151 0.34114 0.512573
0.392293 0.432295 0.568841
0.279432 0.383232 0.533253
0.656543 0.405807 0.543838
0.706242 0.380576 0.413818
0.408647 0.401635 0.60365
0.313673 0.385559 0.408025
0.288684 0.395568 0.573104
0.299234 0.382491 0.566401
0.439273 0.405127 0.645117
0.677522 0.39628 0.454722
0.406169 0.393705 0.380641
0.32188 0.390724 0.519263
0.524109 0.392274 0.272476
0.448421 0.428957 0.64528
0.696373 0.348354 0.47711
0.388625 0.403092 0.390642
0.587784 0.35514 0.658212
0.303139 0.587264 0.530758
0.64818 0.367196 0.572841
0.341967 0.611351 0.541715
0.70434 0.339365 0.489729
0.465421 0.630477 0.576232
0.536135 0.637009 0.47551
0.653561 0.398271 0.631192
0.548446 0.530959 0.264316
0.744985 0.465618 0.465898
0.594855 0.373467 0.669609
0.622918 0.618555 0.52385
0.297825 0.387468 0.443449
0.361878 0.399171 0.418456
0.690107 0.352358 0.464123
0.65366 0.389681 0.548223
0.476325 0.365325 0.687606
0.525928 0.633486 0.408505
0.584125 0.39858 0.3913
0.276082 0.400737 0.551781
0.544792 0.387472 0.66396
0.426193 0.438878 0.335603
0.666058 0.43411 0.63828
0.620378 0.38319 0.654311
0.308289 0.366437 0.514329
0.498638 0.593374 0.313987
0.584884 0.367291 0.613523
0.454703 0.418324 0.667536
0.268079 0.396372 0.462315
0.651495 0.437173 0.432605
0.447448 0.420539 0.651964
0.420829 0.402453 0.324414
0.506409 0.441429 0.246158
0.52119 0.471681 0.737129
0.302868 0.385851 0.502478
0.41154 0.428695 0.714396
0.617399 0.440479 0.432108
0.435623 0.640728 0.458663
0.381456 0.419909 0.572168
0.335047 0.397363 0.538196
0.657065 0.473426 0.644439
0.699343 0.385043 0.479197
0.623149 0.405831 0.57174
0.451487 0.388353 0.732424
0.255147 0.447463 0.566626
0.68355 0.36328 0.424404
0.555606 0.578561 0.672882
0.438188 0.399434 0.273324
0.411191 0.432946 0.602522
0.32698 0.405944 0.438547
0.397358 0.499714 0.712474
0.654031 0.396509 0.551727
0.646535 0.397214 0.555401
0.491602 0.635727 0.44452
0.285336 0.4552 0.616529
0.634722 0.608917 0.435006
0.583129 0.370588 0.33128
0.589308 0.418052 0.590355
0.5046 0.366845 0.687794
0.562653 0.371505 0.362985
0.644357 0.438754 0.432992
0.541499 0.347163 0.690395
0.320833 0.381716 0.599889
0.445088 0.38759 0.301736
0.574044 0.412397 0.397048
0.619596 0.425782 0.571778
0.314314 0.399482 0.521283
0.597454 0.417506 0.405851
0.419872 0.415603 0.616987
0.509411 0.373737 0.686246
0.428414 0.397518 0.304337
0.445163 0.402236 0.660057
0.64153 0.386651 0.561182
0.4679 0.379783 0.679205
0.672215 0.371121 0.443586
0.517727 0.378382 0.300345
0.464778 0.63279 0.519846
0.427527 0.468889 0.25684
0.529979 0.367147 0.303714
0.575406 0.390752 0.623343
0.38431 0.415421 0.578076
0.544552 0.378779 0.663057
0.3944 0.424668 0.579997
0.649827 0.376401 0.559075
0.292736 0.381046 0.526391
0.289501 0.387407 0.46476
0.55991 0.406987 0.378752
0.365828 0.417538 0.565775
0.536355 0.505977 0.727126
0.451012 0.637802 0.462046
0.593997 0.391359 0.306464
0.328232 0.398108 0.427167
0.676898 0.552807 0.384255
0.503202 0.34533 0.704097
0.43302 0.401592 0.312599
0.748432 0.414367 0.456674
0.590802 0.397225 0.604034
0.717016 0.395489 0.420566
0.561181 0.604183 0.626114
0.432408 0.400311 0.27888
0.535178 0.48992 0.729718
0.683336 0.377859 0.45768
0.569383 0.365486 0.346152
0.432261 0.420095 0.264746
0.703441 0.359388 0.515523
0.52058 0.381882 0.295816
0.589867 0.372039 0.666419
0.434358 0.4131 0.31366
0.677404 0.359304 0.432949
0.422772 0.540827 0.278228
0.594487 0.365961 0.652609
0.274669 0.387251 0.484922
0.2891 0.424167 0.413774
0.57357 0.424152 0.393197
0.358963 0.584008 0.35727
0.322784 0.428593 0.343035
0.616391 0.40595 0.419763
0.587404 0.576664 0.652029
0.584869 0.376794 0.316651
0.391125 0.556837 0.305271
0.393566 0.405685 0.595016
0.295184 0.433832 0.363362
0.29831 0.385398 0.513903
0.463893 0.635747 0.446496
0.505662 0.377602 0.694369
0.434786 0.63973 0.464752
0.399019 0.509149 0.278467
0.708527 0.367067 0.434021
0.700635 0.375474 0.526332
0.675243 0.411703 0.617323
0.561584 0.369843 0.650898
0.60872 0.536404 0.307699
0.648629 0.513762 0.329321
0.441454 0.638704 0.424549
0.560702 0.380644 0.35993
0.66235 0.398732 0.622799
0.399354 0.393414 0.618956
0.334318 0.397435 0.413122
0.631329 0.414285 0.574417
0.653209 0.412503 0.433979
0.69395 0.364918 0.559032
0.705216 0.364419 0.51697
0.626479 0.426721 0.578645
0.576901 0.37467 0.330482
0.437111 0.395463 0.295644
0.527228 0.390954 0.304746
0.371301 0.382022 0.34163
0.625138 0.568844 0.633941
0.697497 0.398607 0.586992
0.641738 0.394808 0.566902
0.400851 0.420931 0.606125
0.645245 0.545642 0.345665
0.415649 0.387816 0.654002
0.64601 0.495782 0.323647
0.43901 0.412287 0.660837
0.707931 0.376113 0.517602
0.367896 0.385234 0.608315
0.572185 0.387787 0.366179
0.588495 0.382452 0.623724
0.565336 0.586678 0.33094
0.577487 0.487797 0.703045
0.371159 0.633622 0.45872
0.514648 0.597023 0.325301
0.663601 0.378163 0.561058
0.707403 0.382158 0.4224
0.460018 0.617765 0.352369
0.711961 0.345906 0.525065
0.375296 0.394375 0.600614
0.274213 0.40263 0.471448
0.276876 0.427912 0.436129
0.426229 0.627355 0.570481
0.731066 0.358987 0.468358
0.356353 0.515886 0.310126
0.567235 0.440451 0.714498
0.585503 0.368379 0.659651
0.659913 0.551928 0.610035
0.502947 0.351362 0.708282
0.347462 0.387298 0.386763
0.583804 0.41241 0.37672
0.730563 0.448801 0.550438
0.675966 0.385564 0.442611
0.277895 0.418214 0.44149
0.583607 0.381019 0.313947
0.608286 0.429021 0.384531
0.475564 0.601914 0.659723
0.404559 0.419915 0.624754
0.50939 0.364195 0.702173
0.711414 0.350161 0.520136
0.467327 0.371142 0.724042
0.272972 0.402137 0.466478
0.413222 0.426172 0.279569
0.716629 0.346524 0.469203
0.262628 0.432188 0.457145
0.606772 0.378173 0.35787
0.348485 0.520896 0.320056
0.597918 0.576659 0.337882
0.293692 0.391652 0.544761
0.301579 0.583261 0.44938
0.632709 0.391172 0.598347
0.405306 0.622432 0.578168
0.747313 0.415908 0.504346
0.332613 0.414088 0.414666
0.600016 0.378605 0.649461
0.308679 0.401741 0.384324
0.601596 0.427639 0.389037
0.432113 0.409115 0.660565
0.720755 0.465163 0.410217
0.735943 0.367244 0.503948
0.641495 0.408742 0.597465
0.543449 0.56956 0.301114
0.456175 0.635467 0.457425
0.269883 0.418253 0.54188
0.260132 0.531376 0.494532
0.302626 0.415505 0.425018
0.27127 0.432358 0.584113
0.641654 0.408905 0.641441
0.604219 0.385762 0.610937
0.357861 0.381467 0.627755
0.528599 0.560593 0.700263
0.550343 0.632091 0.455221
0.262697 0.521152 0.445697
0.565161 0.382004 0.701249
0.355685 0.427482 0.322365
0.428454 0.389442 0.664957
0.419848 0.414888 0.308121
0.602756 0.419082 0.377371
0.713575 0.358442 0.474264
0.454703 0.406174 0.281933
0.285105 0.435284 0.427161
0.423668 0.416508 0.652816
0.312999 0.398584 0.570828
0.665121 0.473621 0.340244
0.285698 0.439475 0.422524
0.257553 0.495129 0.448779
0.345177 0.398581 0.616317
0.496492 0.359574 0.711355
0.609618 0.52992 0.304625
0.585025 0.379868 0.668359
0.718893 0.355603 0.483635
0.574329 0.384021 0.688989
0.39618 0.413619 0.300529
0.389501 0.408074 0.62235
0.452188 0.367432 0.703677
0.665966 0.395488 0.42907
0.304984 0.419791 0.426579
0.326043 0.407956 0.588507
0.269014 0.44549 0.439445
0.60116 0.386858 0.625772
0.655651 0.38931 0.569454
0.407214 0.398815 0.650133
0.34167 0.383321 0.62024
0.64148 0.382243 0.371057
0.477899 0.470524 0.235621
0.60135 0.380157 0.329571
0.674827 0.387409 0.557431
0.637133 0.396416 0.603401
0.711457 0.354268 0.460939
0.590173 0.401077 0.364598
0.567128 0.386765 0.321155
0.545419 0.39452 0.292262
0.491872 0.423919 0.275473
0.429571 0.409631 0.283333
0.692872 0.367922 0.546547
0.405394 0.39745 0.649649
0.386796 0.406496 0.629131
0.430849 0.41754 0.287771
0.514844 0.424384 0.283289
0.705421 0.451994 0.380643
0.664399 0.523032 0.349791
0.245093 0.462763 0.473969
0.485098 0.630287 0.504283
0.671652 0.387385 0.563134
0.616519 0.619685 0.498017
0.362439 0.50706 0.690293
0.692262 0.43595 0.59124
0.585608 0.38894 0.313375
0.357344 0.389796 0.64379
0.322509 0.601211 0.516589
0.697794 0.42876 0.586137
0.708221 0.366638 0.456706
0.579274 0.386318 0.647172
0.690939 0.380431 0.443599
0.589028 0.400343 0.351274
0.450223 0.389351 0.689142
0.64572 0.599421 0.428999
0.425205 0.415159 0.289524
0.467198 0.630123 0.515494
0.706233 0.425608 0.399429
0.423511 0.433237 0.720163
0.732403 0.482397 0.529115
0.646522 0.384087 0.367705
0.51649 0.585202 0.311538
0.654972 0.494234 0.335017
0.401878 0.399003 0.686983
0.430917 0.638175 0.450471
0.7098 0.377425 0.456692
0.346076 0.557194 0.347238
0.307952 0.430768 0.632756
0.505304 0.378408 0.707424
0.716387 0.533676 0.445817
0.273187 0.425344 0.562584
0.415938 0.628664 0.549757
0.296637 0.431022 0.37882
0.636805 0.398391 0.388704
0.569131 0.378799 0.668752
0.245348 0.466681 0.485932
0.744302 0.425355 0.459534
0.388078 0.444812 0.703892
0.270624 0.518691 0.567227
0.469531 0.464006 0.237715
0.460364 0.600925 0.656259
0.624866 0.573599 0.627602
0.269627 0.435207 0.522308
0.598772 0.618953 0.546084
0.446033 0.387705 0.689386
0.286275 0.418947 0.578863
0.62042 0.61492 0.537842
0.312919 0.430415 0.41994
0.662401 0.411351 0.591952
0.654282 0.602786 0.498704
0.602228 0.624171 0.468004
0.481474 0.399769 0.737302
0.593252 0.621713 0.537719
0.656002 0.408903 0.605115
0.569349 0.394955 0.303941
0.740127 0.39773 0.461532
0.284326 0.434245 0.439156
0.284142 0.498005 0.402932
0.522341 0.633271 0.459612
0.71031 0.388712 0.560325
0.684294 0.427792 0.600276
0.692125 0.557453 0.428598
0.704766 0.376699 0.538729
0.285119 0.547086 0.558739
0.422089 0.400007 0.692263
0.524595 0.416728 0.276524
0.298922 0.431852 0.381762
0.397519 0.603235 0.618854
0.638665 0.576925 0.609808
0.657882 0.404679 0.388698
0.387844 0.394489 0.670027
0.255408 0.452994 0.517624
0.405972 0.433865 0.298157
0.730213 0.475014 0.535074
0.36931 0.432254 0.685491
0.344251 0.436895 0.364867
0.389296 0.411955 0.687862
0.549619 0.382057 0.696581
0.665415 0.406461 0.405072
0.581518 0.403686 0.326839
0.63297 0.427631 0.660258
0.315273 0.423173 0.62937
0.39463 0.452943 0.29039
0.664748 0.422002 0.584044
0.630831 0.607001 0.433081
0.252617 0.501257 0.50876
0.416633 0.454472 0.272878
0.512535 0.445405 0.26856
0.657361 0.385893 0.385397
0.641667 0.406459 0.365616
0.573187 0.499532 0.702423
0.631015 0.399532 0.631024
0.67683 0.406253 0.591177
0.6478 0.429954 0.643976
0.343407 0.561384 0.354784
0.344812 0.614042 0.519
0.491843 0.397296 0.715824
0.283067 0.424948 0.578124
0.604773 0.400365 0.650428
0.302105 0.42756 0.383001
0.645575 0.39194 0.384536
0.288511 0.42295 0.561125
0.253025 0.466433 0.54816
0.687694 0.393533 0.429497
0.691437 0.393609 0.560591
0.360484 0.439874 0.346084
0.685077 0.462202 0.593339
0.254507 0.457282 0.523374
0.731017 0.380849 0.506106
0.481231 0.467475 0.239784
0.27109 0.447433 0.448479
0.313093 0.423074 0.610392
0.615625 0.522575 0.30826
0.32436 0.424 0.368564
0.422237 0.619932 0.59067
0.407624 0.617823 0.587383
0.261842 0.454417 0.483177
0.287322 0.569596 0.467273
0.57549 0.392752 0.664573
0.522657 0.446347 0.731895
0.591321 0.403208 0.673079
0.406509 0.431018 0.703654
0.342719 0.549214 0.641225
0.61403 0.586056 0.36804
0.492437 0.563122 0.696693
0.282285 0.446767 0.439642
0.275627 0.541373 0.451341
0.43652 0.401566 0.719199
0.549652 0.619859 0.39478
0.566408 0.425117 0.709324
0.268345 0.484044 0.43378
0.355154 0.412138 0.630744
0.274156 0.457969 0.588993
0.684238 0.403731 0.561507
0.252171 0.475393 0.542625
0.644042 0.503875 0.646632
0.447393 0.449764 0.261518
0.473822 0.393329 0.718092
0.254432 0.480119 0.540702
0.317808 0.472829 0.640948
0.729179 0.423038 0.437778
0.638846 0.610186 0.487516
0.730681 0.487524 0.510008
0.259742 0.456065 0.532014
0.719876 0.382162 0.530174
0.523276 0.592142 0.326548
0.680482 0.416367 0.569118
0.467175 0.466653 0.245087
0.607894 0.419617 0.3136
0.736839 0.411965 0.450866
0.266037 0.447132 0.556571
0.323872 0.571724 0.582084
0.658542 0.408901 0.358042
0.704762 0.474428 0.390003
0.309597 0.531953 0.614579
0.734055 0.475687 0.499581
0.265604 0.45759 0.44995
0.255674 0.505892 0.497799
0.31634 0.439521 0.638288
0.284007 0.472895 0.601035
0.686459 0.413117 0.575395
0.527721 0.448618 0.262619
0.722753 0.400669 0.524486
0.649188 0.605392 0.485416
0.392267 0.410314 0.669243
0.610344 0.416261 0.329008
0.501105 0.411124 0.733638
0.66441 0.593216 0.514031
0.403581 0.584429 0.653068
0.336974 0.420619 0.638344
0.285393 0.54881 0.547917
0.682868 0.412535 0.375168
0.726651 0.401448 0.545137
0.632855 0.417357 0.637004
0.328106 0.447902 0.356231
0.355262 0.434221 0.666901
0.373191 0.497993 0.692437
0.669984 0.590619 0.493623
0.358892 0.610197 0.550056
0.266405 0.459134 0.539176
0.436268 0.486853 0.261441
0.667841 0.412724 0.373799
0.651977 0.44405 0.607099
0.361165 0.447847 0.633988
0.56035 0.587658 0.338026
0.685467 0.431368 0.586107
0.68806 0.421497 0.419736
0.466658 0.483746 0.245289
0.389373 0.424393 0.667625
0.723432 0.466335 0.428825
0.682763 0.418433 0.409815
0.608725 0.427445 0.311954
0.592101 0.422479 0.653706
0.664483 0.596953 0.470489
0.739055 0.41382 0.467487
0.372256 0.417538 0.673061
0.313911 0.593244 0.504158
0.547325 0.505316 0.259171
0.667011 0.412991 0.371391
0.578378 0.407104 0.67222
0.252483 0.472563 0.47039
0.400796 0.631591 0.512636
0.361622 0.519055 0.684971
0.275427 0.486101 0.426718
0.353705 0.420891 0.636965
0.509233 0.470042 0.247217
0.332775 0.423222 0.62188
0.59937 0.426521 0.672409
0.48038 0.404844 0.723647
0.396781 0.627883 0.530566
0.33876 0.436497 0.646586
0.360746 0.59393 0.375939
0.625897 0.439694 0.638248
0.703615 0.40545 0.429266
0.403428 0.485341 0.288396
0.268591 0.464886 0.543586
0.626708 0.434145 0.314928
0.382554 0.512822 0.294852
0.542569 0.467597 0.258273
0.258297 0.50523 0.496417
0.325318 0.560269 0.380043
0.688826 0.459082 0.371838
0.61541 0.437946 0.644476
0.617017 0.436439 0.310639
0.692144 0.450921 0.37665
0.702416 0.419198 0.555314
0.626835 0.440875 0.660564
0.616882 0.435476 0.32035
0.685025 0.435337 0.582963
0.657215 0.454623 0.365055
0.736933 0.454803 0.476542
0.423113 0.595595 0.644234
0.446215 0.628734 0.516528
0.636455 0.483126 0.651694
0.273815 0.534537 0.533988
0.647064 0.458075 0.645926
0.369087 0.591767 0.606877
0.257015 0.471683 0.537598
0.34274 0.431893 0.628707
0.62295 0.470835 0.305029
0.492895 0.558902 0.285166
0.367968 0.469017 0.314909
0.642096 0.435812 0.327292
0.68792 0.487027 0.582416
0.388511 0.437398 0.689972
0.352404 0.457876 0.33419
0.26179 0.508333 0.50902
0.344142 0.617997 0.464723
0.436999 0.63136 0.405209
0.719154 0.406394 0.44666
0.642365 0.44204 0.341387
0.724824 0.423764 0.526671
0.308751 0.470641 0.625533
0.57871 0.436384 0.665455
0.58057 0.51957 0.282337
0.697765 0.515312 0.395944
0.259359 0.479192 0.530181
0.732359 0.452043 0.519313
0.679132 0.521813 0.593618
0.722547 0.415863 0.543267
0.372697 0.46027 0.325108
0.679946 0.442688 0.573659
0.494725 0.62663 0.513028
0.706292 0.543832 0.529367
0.598453 0.591623 0.370602
0.490587 0.499118 0.254256
0.504168 0.531602 0.264809
0.480047 0.46278 0.736451
0.615039 0.449625 0.303098
0.590668 0.430204 0.667471
0.364033 0.461874 0.334663
0.681171 0.467739 0.36792
0.386728 0.471373 0.319217
0.561566 0.422424 0.700944
0.704135 0.451496 0.56709
0.384262 0.457793 0.661358
0.281636 0.540099 0.544137
0.628357 0.577632 0.373731
0.593382 0.612857 0.415689
0.633029 0.566812 0.365406
0.665499 0.440517 0.35718
0.606903 0.559395 0.649123
0.265059 0.515285 0.506869
0.727052 0.428285 0.526902
0.374382 0.544797 0.670424
0.375522 0.474695 0.316118
0.412675 0.621224 0.56183
0.724818 0.437014 0.52572
0.319575 0.509752 0.355227
0.712937 0.530511 0.534919
0.357713 0.450796 0.63989
0.729429 0.424727 0.501429
0.361034 0.440629 0.647813
0.323022 0.527119 0.356612
0.30432 0.456977 0.613241
0.669505 0.454292 0.358805
0.363949 0.448786 0.643885
0.351815 0.505039 0.671097
0.612911 0.459254 0.669276
0.43583 0.627652 0.52768
0.696672 0.531473 0.561663
0.652995 0.458001 0.612918
0.480819 0.539098 0.710727
0.592037 0.439611 0.663909
0.463934 0.588928 0.669314
0.684058 0.454291 0.569009
0.311068 0.495827 0.378657
0.452361 0.508987 0.264455
0.322996 0.456952 0.613147
0.396526 0.483007 0.309037
0.509597 0.438144 0.721025
0.482692 0.626663 0.397984
0.362149 0.607672 0.55421
0.285249 0.55149 0.523674
0.627883 0.599528 0.417508
0.322814 0.532241 0.624234
0.366927 0.44302 0.649007
0.723359 0.440482 0.541674
0.382732 0.501933 0.319114
0.716155 0.445285 0.544996
0.589264 0.454445 0.65749
0.383969 0.499689 0.305448
0.729886 0.437465 0.48227
0.726702 0.448401 0.52731
0.578553 0.50687 0.689422
0.302451 0.576553 0.515836
0.336056 0.497586 0.352074
0.552983 0.609287 0.379794
0.663727 0.479035 0.37218
0.322486 0.545611 0.604278
0.27363 0.504567 0.514807
0.699372 0.478329 0.548763
0.475624 0.499863 0.726491
0.37899 0.467331 0.687253
0.458599 0.625608 0.521967
0.435156 0.503014 0.278692
0.469887 0.594264 0.322516
0.491023 0.439289 0.726265
0.280643 0.545274 0.509758
0.627988 0.454769 0.317158
0.702899 0.502553 0.407726
0.646715 0.475132 0.611249
0.697066 0.458994 0.558562
0.495847 0.625182 0.504226
0.693538 0.463888 0.400043
0.720654 0.520047 0.464378
0.407126 0.46546 0.706057
0.660987 0.46554 0.361728
0.317844 0.473545 0.596336
0.576869 0.566583 0.658945
0.477148 0.555937 0.696914
0.284313 0.521955 0.424747
0.624509 0.498251 0.31789
0.404841 0.563852 0.313969
0.297229 0.483887 0.596585
0.689589 0.463335 0.56932
0.332445 0.592639 0.422518
0.395094 0.52975 0.298562
0.498705 0.626346 0.44809
0.721462 0.480492 0.531104
0.271093 0.5217 0.46631
0.610222 0.518055 0.311131
0.278029 0.523746 0.446398
0.297527 0.542415 0.415907
0.696257 0.509856 0.401043
0.41739 0.457718 0.698386
0.668209 0.481852 0.372737
0.309544 0.532909 0.382466
0.709433 0.513398 0.548137
0.401003 0.462913 0.690944
0.336193 0.511238 0.347662
0.349455 0.572005 0.607388
0.354853 0.463112 0.65316
0.363346 0.514216 0.642569
0.655795 0.480139 0.361132
0.70017 0.48992 0.404001
0.377369 0.484655 0.656986
0.651833 0.492722 0.363875
0.705667 0.466307 0.422691
0.487044 0.46033 0.728809
0.641549 0.549064 0.624403
0.404412 0.471011 0.702917
0.307939 0.473099 0.607224
0.439116 0.448164 0.719183
0.580427 0.474974 0.290356
0.355474 0.501938 0.638623
0.426459 0.464586 0.698801
0.637511 0.49171 0.614388
0.35601 0.599498 0.562725
0.673812 0.488675 0.593396
0.308346 0.547059 0.403883
0.661567 0.48064 0.597789
0.639021 0.592739 0.566102
0.418586 0.556935 0.306222
0.285145 0.529661 0.454227
0.703738 0.527201 0.549736
0.492594 0.473233 0.72579
0.370015 0.519103 0.324244
0.279722 0.513814 0.536778
0.631646 0.488622 0.329438
0.589988 0.620648 0.47704
0.409596 0.631933 0.421867
0.640883 0.476727 0.637577
0.386523 0.525249 0.688003
0.281749 0.531729 0.538342
0.426462 0.474567 0.696954
0.651256 0.525474 0.627275
0.381863 0.534767 0.312072
0.726168 0.476561 0.466031
0.498613 0.477196 0.713043
0.57634 0.518109 0.68797
0.724431 0.479889 0.484473
0.46715 0.612298 0.619356
0.68834 0.501307 0.405028
0.640928 0.468695 0.634745
0.492833 0.618316 0.380622
0.521357 0.54163 0.282057
0.692462 0.499 0.398945
0.718848 0.482781 0.517682
0.685077 0.503037 0.578024
0.474334 0.627229 0.419207
0.450815 0.582366 0.314884
0.288271 0.541141 0.439514
0.719765 0.491489 0.52666
0.665904 0.481636 0.596397
0.388497 0.628359 0.432735
0.319906 0.554937 0.395978
0.493455 0.493363 0.706171
0.530937 0.482235 0.703826
0.558366 0.474612 0.69721
0.512955 0.559238 0.689837
0.683561 0.545474 0.558981
0.5079 0.624004 0.459857
0.308369 0.502853 0.601581
0.494575 0.552822 0.289579
0.711304 0.493074 0.444034
0.560611 0.469831 0.693497
0.571724 0.465494 0.679161
0.362231 0.483737 0.65627
0.36219 0.603965 0.398055
0.284343 0.53942 0.459654
0.505847 0.476942 0.715999
0.333395 0.5235 0.362596
0.582217 0.504161 0.652595
0.307174 0.49539 0.5732
0.653533 0.503619 0.593926
0.526761 0.61674 0.388583
0.299446 0.503414 0.584744
0.343578 0.551492 0.360413
0.390636 0.524793 0.311769
0.580275 0.468536 0.667535
0.345762 0.537455 0.348428
0.46912 0.467996 0.723345
0.466795 0.623103 0.460302
0.534128 0.52733 0.709308
0.405792 0.515147 0.666329
0.516193 0.607228 0.363673
0.701933 0.505331 0.444102
0.308828 0.562965 0.426322
0.469383 0.492159 0.724375
0.2968 0.504482 0.579438
0.511254 0.604983 0.357408
0.295614 0.529418 0.563156
0.322928 0.499386 0.603659
0.659144 0.529042 0.387574
0.616951 0.509218 0.653831
0.300264 0.527072 0.540346
0.671189 0.555804 0.56514
0.385069 0.497433 0.673118
0.661573 0.521424 0.367719
0.419474 0.556272 0.676707
0.641505 0.544312 0.390293
0.287638 0.534 0.482006
0.361286 0.556209 0.349234
0.529601 0.551231 0.297475
0.66393 0.502616 0.590619
0.450511 0.475438 0.714457
0.610614 0.599543 0.574693
0.476724 0.488978 0.721256
0.46295 0.482165 0.714551
0.353934 0.532439 0.344639
0.353704 0.534363 0.344475
0.502369 0.501522 0.716772
0.421295 0.49448 0.68595
0.637955 0.556545 0.616284
0.371882 0.626971 0.46281
0.436405 0.602935 0.624498
0.560058 0.505525 0.286584
0.292837 0.524048 0.542878
0.383321 0.626154 0.49338
0.47179 0.494077 0.721384
0.713595 0.513557 0.482793
0.411917 0.492718 0.685185
0.696282 0.525511 0.422808
0.489278 0.484555 0.716034
0.701215 0.509716 0.445933
0.549358 0.618865 0.538367
0.702424 0.518423 0.531736
0.299271 0.552983 0.530655
0.598979 0.60661 0.55826
0.650242 0.592836 0.520997
0.668105 0.514783 0.586537
0.302327 0.54452 0.435961
0.636609 0.574444 0.595427
0.434854 0.488716 0.699865
0.699238 0.519622 0.513902
0.305937 0.564694 0.529784
0.615401 0.567587 0.623802
0.403567 0.53517 0.318553
0.600905 0.540946 0.655177
0.690383 0.52474 0.4324
0.598946 0.509924 0.664796
0.293209 0.537907 0.49669
0.637047 0.587637 0.413126
0.514198 0.619202 0.399687
0.705931 0.528269 0.498352
0.63395 0.517357 0.347814
0.676988 0.57342 0.463408
0.415668 0.532013 0.309923
0.429401 0.616829 0.566251
0.548788 0.496943 0.700466
0.428908 0.534951 0.692605
0.630208 0.524331 0.612314
0.331593 0.596197 0.511762
0.55078 0.609376 0.587211
0.589258 0.490691 0.668665
0.345878 0.511462 0.640589
0.313447 0.511344 0.592449
0.551047 0.49046 0.696708
0.299443 0.534566 0.55546
0.565023 0.484787 0.685707
0.421717 0.629618 0.459044
0.530035 0.552828 0.690119
0.697773 0.546399 0.495298
0.375953 0.546383 0.342907
0.602457 0.571965 0.625777
0.387339 0.520298 0.673262
0.66534 0.526767 0.579278
0.52934 0.589773 0.34106
0.617083 0.565337 0.621437
0.632521 0.6013 0.507183
0.431606 0.62446 0.455155
0.325153 0.533358 0.602534
0.372278 0.599159 0.568433
0.321611 0.542566 0.421006
0.570591 0.515641 0.30337
0.5827 0.520314 0.653541
0.688966 0.545016 0.443176
0.437287 0.624954 0.414513
0.628363 0.603251 0.46335
0.422215 0.507634 0.683299
0.60711 0.526136 0.340338
0.539838 0.575724 0.662792
0.394534 0.623576 0.497988
0.671072 0.528251 0.568681
0.462704 0.583801 0.664821
0.695627 0.52168 0.511551
0.444443 0.498155 0.703798
0.698075 0.540127 0.492924
0.397984 0.523023 0.679315
0.479308 0.533026 0.292215
0.382775 0.612 0.399397
0.683766 0.531611 0.553316
0.53355 0.620588 0.486002
0.429079 0.565748 0.317099
0.504676 0.533043 0.702541
0.480802 0.570554 0.309189
0.438946 0.512366 0.683058
0.402678 0.546799 0.33418
0.461123 0.536541 0.294188
0.412113 0.55368 0.338782
0.312655 0.574513 0.507068
0.693422 0.519953 0.469791
0.323752 0.537151 0.57115
0.518896 0.535993 0.67667
0.585884 0.565199 0.64085
0.678545 0.560143 0.524941
0.539421 0.578996 0.656448
0.680701 0.517485 0.49579
0.665347 0.542988 0.423003
0.412964 0.52605 0.671518
0.341124 0.554299 0.599178
0.443106 0.537678 0.664556
0.560059 0.613466 0.41432
0.331446 0.536627 0.578563
0.646262 0.544809 0.376488
0.40025 0.626054 0.459913
0.420068 0.614705 0.563559
0.403997 0.577785 0.640669
0.664168 0.53467 0.546988
0.526228 0.523999 0.691303
0.493492 0.616939 0.397183
0.667885 0.542001 0.571435
0.432324 0.621553 0.453071
0.489207 0.578481 0.668031
0.639165 0.554249 0.375392
0.61877 0.530045 0.345368
0.600005 0.550721 0.642922
0.593938 0.588711 0.604223
0.653708 0.542384 0.595046
0.597118 0.526311 0.325795
0.596994 0.526119 0.329512
0.569334 0.529493 0.306355
0.547729 0.532188 0.306713
0.333227 0.563442 0.401361
0.412615 0.526205 0.67134
0.432762 0.552748 0.650823
0.589203 0.586068 0.370407
0.623596 0.545246 0.622923
0.342396 0.569569 0.576124
0.597443 0.543257 0.646018
0.553873 0.582169 0.63932
0.677142 0.53748 0.533453
0.550943 0.537063 0.31979
0.630908 0.548244 0.367482
0.550047 0.541877 0.680781
0.453163 0.61498 0.566408
0.584963 0.563383 0.342244
0.511952 0.548932 0.315877
0.455672 0.613796 0.452638
0.58353 0.555679 0.334876
0.615982 0.554825 0.585036
0.483214 0.567996 0.674142
0.610781 0.538977 0.352553
0.337927 0.549495 0.570384
0.555012 0.535115 0.319026
0.436658 0.557938 0.314683
0.56114 0.522524 0.680488
0.586269 0.523062 0.658842
0.498504 0.559939 0.679107
0.438277 0.5613 0.584751
0.437266 0.617423 0.543447
0.420832 0.564238 0.327207
0.356439 0.557842 0.385253
0.38386 0.606777 0.551476
0.405238 0.575451 0.595474
0.426284 0.557742 0.336996
0.307338 0.554835 0.458081
0.617139 0.543833 0.363265
0.356526 0.562009 0.399995
0.315205 0.568344 0.522026
0.355187 0.540588 0.616066
0.331751 0.565667 0.55709
0.584268 0.604186 0.412322
0.433233 0.561827 0.336538
0.375475 0.589591 0.585612
0.383141 0.579988 0.614085
0.526678 0.598795 0.621778
0.4426 0.582758 0.334826
0.394647 0.559135 0.630486
0.66179 0.571238 0.448418
0.376313 0.576641 0.611509
0.393022 0.558501 0.643884
0.626415 0.598216 0.513838
0.487791 0.585784 0.652802
0.520274 0.550079 0.671907
0.399469 0.569999 0.37575
0.560156 0.548923 0.575808
0.312975 0.567948 0.487018
0.648574 0.577874 0.550261
0.603923 0.597339 0.410104
0.419487 0.564281 0.3403
0.370409 0.561523 0.596471
0.558944 0.541382 0.336882
0.321862 0.563892 0.516974
0.487894 0.546298 0.674147
0.665566 0.535545 0.517293
0.474907 0.539199 0.671668
0.335811 0.561524 0.567852
0.559886 0.615127 0.495683
0.310062 0.557877 0.480464
0.515851 0.595156 0.632018
0.68528 0.540483 0.458108
0.502851 0.615453 0.548751
0.577209 0.606648 0.416054
0.642053 0.546379 0.583775
0.60106 0.548736 0.634688
0.515572 0.615913 0.420201
0.367091 0.578943 0.386745
0.580226 0.606897 0.441491
0.57408 0.605901 0.422444
0.412191 0.605053 0.581765
0.642599 0.583915 0.536639
0.49845 0.605063 0.603196
0.63012 0.561677 0.591408
0.555158 0.601311 0.593749
0.659592 0.573423 0.50516
0.665037 0.564968 0.521732
0.439498 0.557846 0.580625
0.563386 0.557639 0.641448
0.410457 0.618345 0.489002
0.626687 0.596557 0.472059
0.479452 0.557835 0.669811
0.625278 0.554417 0.432105
0.588503 0.550706 0.362346
0.600742 0.56657 0.363678
0.481382 0.554808 0.668952
0.591259 0.550837 0.349214
0.635999 0.591621 0.489739
0.61067 0.570776 0.37509
0.465488 0.58117 0.330849
0.490009 0.561994 0.327738
0.64791 0.557332 0.430119
0.428396 0.61494 0.445926
0.612843 0.548002 0.43775
0.441171 0.56639 0.634026
0.666721 0.556001 0.444468
0.663786 0.534493 0.50737
0.562286 0.613009 0.507232
0.617203 0.55869 0.591138
0.534213 0.61116 0.562474
0.622651 0.597769 0.467656
0.462264 0.563794 0.329156
0.409101 0.576839 0.579524
0.392997 0.573958 0.612499
0.585246 0.607468 0.470513
0.367113 0.57488 0.585414
0.442741 0.610201 0.566127
0.4171 0.616119 0.511468
0.477463 0.607369 0.588457
0.368571 0.604629 0.4298
0.341176 0.561127 0.475124
0.638001 0.566148 0.56938
0.472455 0.605192 0.460429
0.64447 0.56194 0.431384
0.653084 0.568225 0.443026
0.407124 0.597078 0.380173
0.551992 0.542006 0.574576
0.618664 0.575516 0.582575
0.643866 0.547758 0.458582
0.501781 0.610446 0.565245
0.591018 0.583055 0.598735
0.336502 0.577131 0.50911
0.432073 0.581595 0.350555
0.493811 0.587866 0.347228
0.653363 0.577819 0.464257
0.582011 0.570541 0.620581
0.471849 0.600747 0.364549
0.639461 0.561235 0.570384
0.480434 0.598228 0.61794
0.657242 0.571099 0.5087
0.578336 0.602546 0.424467
0.562238 0.557433 0.338658
0.452353 0.611724 0.419308
0.45832 0.566977 0.661291
0.44594 0.571735 0.341915
0.470293 0.552552 0.662886
0.546672 0.556064 0.336226
0.673145 0.540849 0.479529
0.510454 0.608461 0.457374
0.338349 0.584801 0.480643
0.591971 0.603001 0.500322
0.508867 0.537479 0.633457
0.459546 0.611364 0.545351
0.661642 0.554996 0.501739
0.461509 0.604094 0.590062
0.543079 0.582877 0.625095
0.482014 0.607114 0.417289
0.573618 0.571765 0.601455
0.336719 0.571635 0.464142
0.59086 0.598825 0.441218
0.654054 0.560483 0.531826
0.439285 0.575676 0.610103
0.345727 0.57536 0.493024
0.352035 0.583795 0.527502
0.649677 0.538173 0.478944
0.345937 0.58808 0.450427
0.562964 0.598163 0.400705
0.595991 0.562586 0.382766
0.624452 0.572648 0.416109
0.441869 0.573534 0.636826
0.656049 0.564987 0.51422
0.341101 0.570304 0.47883
0.459658 0.605993 0.431743
0.637684 0.579755 0.448732
0.473719 0.592938 0.356503
0.516751 0.543027 0.63527
0.41931 0.589294 0.609082
0.490821 0.528923 0.642085
0.611495 0.565214 0.412006
0.392128 0.57806 0.419718
0.583906 0.598686 0.427163
0.379439 0.595902 0.407643
0.499019 0.605199 0.581635
0.500319 0.612289 0.522254
0.436606 0.544792 0.428311
0.350967 0.590917 0.46059
0.367919 0.60552 0.469744
0.445633 0.602331 0.456542
0.506627 0.607475 0.501062
0.639913 0.554733 0.461932
0.447788 0.598229 0.59384
0.551612 0.57108 0.619123
0.541746 0.608071 0.541318
0.574741 0.604707 0.53169
0.528916 0.546243 0.626725
0.580608 0.55024 0.419064
0.457054 0.594351 0.370168
0.495511 0.544432 0.639355
0.648202 0.556655 0.510887
0.563104 0.552176 0.380176
0.436586 0.557732 0.404641
0.427743 0.598235 0.585304
0.407131 0.584679 0.583268
0.519623 0.566501 0.349561
0.502397 0.601762 0.460798
0.594326 0.550344 0.432068
0.607082 0.537987 0.458726
0.632247 0.531071 0.51821
0.494074 0.598148 0.597489
0.441299 0.607521 0.492776
0.628802 0.524883 0.50264
0.43487 0.564719 0.381215
0.561506 0.579149 0.366025
0.44784 0.564872 0.592416
0.351462 0.581516 0.458413
0.49242 0.554292 0.349545
0.634431 0.533248 0.515508
0.459949 0.586025 0.35719
0.60947 0.559491 0.560231
0.4974 0.582793 0.628352
0.576083 0.556468 0.566247
0.460489 0.55728 0.601619
0.38844 0.60347 0.487696
0.6158 0.565978 0.556645
0.525831 0.606699 0.512826
0.492197 0.584634 0.36396
0.438036 0.593123 0.590112
0.38031 0.600562 0.491367
0.363079 0.558563 0.47886
0.532135 0.589466 0.605396
0.475196 0.570105 0.638186
0.592474 0.585867 0.413606
0.463421 0.599244 0.481751
0.462025 0.606692 0.528448
0.42694 0.553399 0.431361
0.434716 0.57455 0.581325
0.407305 0.580718 0.411307
0.638244 0.543786 0.488658
0.356919 0.575502 0.462936
0.420513 0.601676 0.55973
0.364347 0.556315 0.480411
0.544689 0.59955 0.571102
0.380306 0.555967 0.462917
0.42004 0.605442 0.432503
0.494805 0.545179 0.634596
0.450447 0.584022 0.367588
0.437557 0.500551 0.547037
0.625248 0.527972 0.500716
0.383617 0.595597 0.530961
0.613683 0.552167 0.548125
0.523821 0.571904 0.356589
0.361466 0.591952 0.459049
0.475186 0.577096 0.633548
0.36855 0.595637 0.487249
0.614638 0.58739 0.483612
0.400924 0.58428 0.411444
0.44995 0.598044 0.461458
0.378289 0.589035 0.508184
0.402992 0.600576 0.504469
0.47215 0.558763 0.359297
0.544665 0.603389 0.522058
0.416994 0.521918 0.463086
0.430852 0.587743 0.577144
0.518573 0.537746 0.381093
0.504373 0.59667 0.420636
0.519266 0.536289 0.381796
0.601769 0.520108 0.521571
0.51956 0.594518 0.455565
0.491288 0.551315 0.630249
0.421645 0.599791 0.457501
0.393293 0.59582 0.525834
0.488666 0.600974 0.555007
0.388655 0.579753 0.436331
0.50666 0.516465 0.611237
0.43305 0.526969 0.548932
0.632094 0.543145 0.478934
0.529063 0.599586 0.484007
0.44408 0.594638 0.46553
0.368913 0.559359 0.478745
0.511947 0.538877 0.619563
0.498175 0.55784 0.364293
0.427451 0.594939 0.564676
0.374569 0.542231 0.47573
0.531028 0.529579 0.594981
0.528807 0.538356 0.381187
0.582605 0.595927 0.533033
0.430145 0.512641 0.543341
0.629355 0.561418 0.521764
0.578344 0.562224 0.397028
0.378321 0.528613 0.510143
0.544037 0.566095 0.364802
0.569161 0.592208 0.457233
0.528216 0.469842 0.577613
0.380212 0.585119 0.491689
0.600567 0.579331 0.460125
0.376606 0.566249 0.488345
0.593598 0.58609 0.503636
0.414631 0.536475 0.540239
0.421961 0.576223 0.560806
0.557976 0.554283 0.391944
0.543694 0.600552 0.53655
0.490845 0.591927 0.576874
0.55225 0.588893 0.444321
0.563709 0.560037 0.390546
0.613653 0.533856 0.50003
0.551438 0.589483 0.456306
0.607042 0.504309 0.502758
0.410888 0.587162 0.416252
0.470689 0.539594 0.598766
0.574284 0.587121 0.462593
0.508336 0.589231 0.458888
0.572444 0.584024 0.426123
0.461537 0.575088 0.599904
0.378704 0.550447 0.504519
0.467582 0.542152 0.40055
0.512837 0.567594 0.370939
0.512844 0.593603 0.479551
0.524449 0.487062 0.588993
0.522949 0.597606 0.557131
0.479614 0.534569 0.389279
0.375554 0.576462 0.482101
0.461319 0.595196 0.504441
0.443521 0.579731 0.383837
0.422578 0.596635 0.500362
0.378016 0.545464 0.476771
0.402663 0.590117 0.538769
0.404635 0.537427 0.465442
0.57199 0.59527 0.531675
0.540548 0.56507 0.605764
0.386255 0.580236 0.488231
0.470497 0.587212 0.489444
0.42492 0.510895 0.537987
0.390629 0.533083 0.475728
0.525068 0.5884 0.419436
0.423191 0.566674 0.553578
0.597594 0.577972 0.518074
0.555868 0.580847 0.4081
0.607026 0.535918 0.49769
0.604521 0.569988 0.509797
0.594786 0.577633 0.500573
0.471003 0.564996 0.374923
0.606125 0.504691 0.488537
0.593489 0.527574 0.466357
0.445823 0.506909 0.446632
0.496096 0.547872 0.614661
0.59786 0.485579 0.51129
0.390565 0.583294 0.454955
0.611101 0.551414 0.512501
0.562958 0.592632 0.541339
0.606347 0.502985 0.471965
0.505675 0.573139 0.379041
0.425095 0.591311 0.538032
0.600546 0.572696 0.474596
0.532679 0.541243 0.387498
0.409518 0.590142 0.50883
0.41734 0.570818 0.550472
0.577721 0.587044 0.506888
0.409934 0.53086 0.534418
0.512669 0.586322 0.467361
0.458423 0.586603 0.483776
0.531704 0.587191 0.46417
0.420408 0.59092 0.536232
0.537917 0.588095 0.468449
0.606917 0.53339 0.497177
0.584193 0.477442 0.51857
0.454924 0.54471 0.421511
0.473997 0.58867 0.51802
0.510384 0.574178 0.390048
0.394499 0.550971 0.471843
0.409635 0.561514 0.453716
0.41961 0.54284 0.540773
0.441133 0.570773 0.404278
0.4488 0.521198 0.442594
0.599384 0.519332 0.508706
0.475876 0.574367 0.460269
0.533912 0.588239 0.560137
0.455336 0.57874 0.471617
0.582999 0.540939 0.459215
0.391665 0.549263 0.518065
0.492408 0.540582 0.608577
0.495999 0.474555 0.60476
0.546023 0.580179 0.460031
0.439957 0.538886 0.55249
0.523514 0.562345 0.385076
0.42014 0.580768 0.539755
0.529482 0.554945 0.596824
0.506878 0.580679 0.437389
0.523032 0.582231 0.431749
0.587677 0.572906 0.502614
0.552171 0.592101 0.530706
0.478096 0.503766 0.598137
0.611294 0.483371 0.476833
0.48038 0.491198 0.602366
0.597197 0.558437 0.533615
0.398683 0.488947 0.478328
0.409888 0.543635 0.536009
0.395519 0.493637 0.509114
0.452139 0.459853 0.557461
0.504588 0.552265 0.387191
0.506369 0.585146 0.56528
0.484447 0.575588 0.454241
0.408028 0.565814 0.528536
0.477464 0.582446 0.545194
0.598099 0.49843 0.491712
0.399003 0.562258 0.470207
0.540351 0.561624 0.396681
0.423077 0.498519 0.53278
0.541962 0.583708 0.553729
0.505031 0.536216 0.596847
0.581041 0.484779 0.517197
0.396711 0.49783 0.483188
0.493057 0.518981 0.600828
0.489864 0.559289 0.592059
0.537629 0.53503 0.572523
0.44283 0.574413 0.41717
0.567027 0.566179 0.549335
0.499795 0.527084 0.401126
0.482625 0.49377 0.401654
0.3968 0.516105 0.488403
0.447577 0.576214 0.547829
0.561817 0.571145 0.553033
0.478407 0.576775 0.489586
0.513864 0.580747 0.488662
0.5381 0.407722 0.559934
0.578762 0.572603 0.534684
0.530116 0.571334 0.401381
0.42576 0.576734 0.462837
0.58429 0.555934 0.534326
0.57956 0.56598 0.47976
0.538304 0.584548 0.502655
0.491814 0.493937 0.404403
0.540375 0.527017 0.423422
0.491876 0.499678 0.601606
0.595975 0.542803 0.472414
0.473763 0.575932 0.566157
0.456858 0.476126 0.4328
0.552016 0.394574 0.547725
0.411259 0.55805 0.521504
0.530658 0.539491 0.40385
0.580756 0.545185 0.467719
0.535941 0.563315 0.570607
0.510453 0.492308 0.414445
0.426611 0.454854 0.531209
0.544732 0.570824 0.555945
0.508986 0.50682 0.412247
0.573252 0.540065 0.461929
0.468307 0.578654 0.51782
0.506373 0.572157 0.558957
0.450443 0.527754 0.443426
0.494996 0.523735 0.594248
0.424175 0.552787 0.454965
0.524151 0.572948 0.479412
0.442434 0.391099 0.559668
0.58009 0.516109 0.519718
0.470117 0.563575 0.406449
0.538342 0.565405 0.415808
0.520546 0.568611 0.456467
0.444799 0.576232 0.525654
0.430687 0.539634 0.540049
0.483718 0.499743 0.405817
0.448674 0.564722 0.459234
0.470594 0.564444 0.444518
0.495998 0.490427 0.410369
0.523548 0.566849 0.412363
0.403958 0.444398 0.50211
0.572138 0.373261 0.439331
0.403358 0.519746 0.512504
0.426021 0.382407 0.43611
0.504591 0.510939 0.41041
0.595291 0.462887 0.475469
0.518025 0.568452 0.433124
0.532787 0.584051 0.53155
0.487907 0.513574 0.59694
0.421851 0.546374 0.466228
0.536943 0.550306 0.419167
0.453999 0.562666 0.49366
0.535981 0.540439 0.565944
0.474051 0.421587 0.601186
0.584389 0.411487 0.522506
0.411318 0.53804 0.475295
0.444376 0.453329 0.546076
0.580097 0.540135 0.487667
0.590849 0.431313 0.496453
0.488151 0.460149 0.602163
0.418208 0.554365 0.493315
0.467607 0.567445 0.502573
0.467064 0.563146 0.550456
0.59884 0.462958 0.482473
0.430676 0.399862 0.436545
0.515958 0.559594 0.461758
0.454819 0.56359 0.540715
0.480075 0.548635 0.577763
0.407708 0.529139 0.489205
0.597567 0.424604 0.483323
0.468574 0.408428 0.594573
0.536278 0.567445 0.55136
0.448594 0.561091 0.490484
0.482861 0.487385 0.594967
0.510319 0.561379 0.478968
0.478306 0.572163 0.532798
0.498648 0.403727 0.599864
0.526004 0.499523 0.57403
0.50918 0.560398 0.477439
0.546351 0.556961 0.455409
0.598646 0.451977 0.483648
0.565591 0.551348 0.499528
0.492305 0.457347 0.599998
0.47357 0.478002 0.582977
0.578863 0.534179 0.495633
0.437214 0.52393 0.462359
0.470588 0.363008 0.60236
0.451799 0.356154 0.582694
0.575454 0.494642 0.513301
0.456464 0.556087 0.536474
0.564059 0.430834 0.530153
0.431762 0.547412 0.473562
0.436705 0.536058 0.462031
0.523825 0.52399 0.424237
0.526973 0.533497 0.424261
0.507063 0.566403 0.518016
0.509527 0.463638 0.42078
0.54704 0.56084 0.532445
0.434336 0.506457 0.53532
0.51866 0.546736 0.565283
0.437653 0.518914 0.537647
0.52337 0.537032 0.572116
0.547588 0.541739 0.45858
0.4404 0.474032 0.539241
0.558809 0.535888 0.533297
0.540576 0.560181 0.506828
0.45475 0.551443 0.496007
0.50473 0.489535 0.583924
0.48741 0.439143 0.60397
0.570334 0.501867 0.469848
0.441291 0.500215 0.540382
0.572867 0.497788 0.516281
0.589608 0.451831 0.491891
0.492581 0.532849 0.574754
0.557127 0.547859 0.533155
0.421161 0.516524 0.474166
0.441045 0.552128 0.510123
0.591416 0.419352 0.488724
0.526962 0.444815 0.427909
0.459345 0.524961 0.443818
0.548663 0.548153 0.471837
0.452409 0.50772 0.546282
0.465171 0.472358 0.427763
0.508525 0.537381 0.459899
0.584807 0.441046 0.514713
0.559463 0.527295 0.520785
0.545484 0.431026 0.541067
0.514742 0.461189 0.577056
0.505095 0.458899 0.422052
0.529865 0.539733 0.464569
0.472347 0.437326 0.407861
0.485712 0.522624 0.571514
0.539633 0.537513 0.482445
0.518546 0.538603 0.472664
0.445692 0.532653 0.472398
0.587625 0.407298 0.500405
0.46074 0.45428 0.562603
0.464193 0.531243 0.48521
0.525761 0.517005 0.567272
0.548046 0.533799 0.489535
0.474268 0.544465 0.548474
0.48962 0.53561 0.43903
0.472965 0.549078 0.538926
0.577523 0.481134 0.495992
0.479408 0.476436 0.413846
0.556041 0.504984 0.529054
0.42735 0.497944 0.472382
0.534 0.529501 0.451158
0.497248 0.49297 0.579036
0.447946 0.545129 0.526799
0.438727 0.532737 0.495096
0.565261 0.51745 0.497418
0.514204 0.500408 0.575965
0.55841 0.518623 0.527144
0.536557 0.553833 0.539507
0.553534 0.529701 0.490726
0.474673 0.46841 0.581982
0.430622 0.496693 0.490428
0.45835 0.495087 0.449748
0.412997 0.402658 0.504538
0.593863 0.372903 0.51387
0.470262 0.535168 0.515405
0.533779 0.421761 0.554711
0.42166 0.467753 0.493656
0.44903 0.421803 0.553204
0.529624 0.534696 0.499207
0.547949 0.35837 0.561423
0.465726 0.32887 0.598634
0.543722 0.51192 0.537165
0.491935 0.44595 0.417223
0.490653 0.479257 0.578047
0.464642 0.520321 0.492109
0.458176 0.347649 0.589216
0.419886 0.35027 0.432978
0.522979 0.52505 0.478966
0.491005 0.380182 0.400668
0.566683 0.462549 0.520586
0.460532 0.409228 0.573124
0.488337 0.454526 0.589089
0.45743 0.507707 0.455795
0.472953 0.522198 0.45141
0.545633 0.522366 0.480385
0.427642 0.504529 0.514969
0.509434 0.546196 0.536818
0.407556 0.398916 0.472085
0.410449 0.400411 0.495543
0.528811 0.525881 0.465839
0.504215 0.512593 0.56463
0.427782 0.390891 0.440987
0.505609 0.356566 0.596241
0.502886 0.522845 0.46986
0.481396 0.53323 0.545589
0.533946 0.525609 0.492947
0.432088 0.482014 0.483245
0.520107 0.36606 0.588931
0.532757 0.422949 0.42901
0.431479 0.476788 0.521468
0.476529 0.503852 0.472495
0.524018 0.40664 0.570434
0.444801 0.500185 0.500599
0.453385 0.493375 0.461955
0.494263 0.50749 0.455579
0.508981 0.528724 0.512611
0.482419 0.52495 0.537154
0.456676 0.500749 0.47317
0.557055 0.435839 0.4557
0.470737 0.431071 0.580218
0.579082 0.307603 0.552913
0.460207 0.513868 0.536691
0.427923 0.469729 0.49689
0.460321 0.426058 0.565158
0.46435 0.379792 0.408546
0.496217 0.437462 0.419569
0.544141 0.447466 0.450563
0.49856 0.505064 0.49153
0.424878 0.46666 0.48542
0.484179 0.526363 0.535454
0.470224 0.523149 0.519344
0.513875 0.352974 0.595231
0.418199 0.402049 0.516899
0.489672 0.520377 0.543412
0.530324 0.514523 0.4982
0.579976 0.423141 0.495096
0.59132 0.375203 0.510069
0.464158 0.501337 0.477552
0.530815 0.368155 0.576081
0.58555 0.399842 0.482847
0.484924 0.393562 0.598582
0.510826 0.507134 0.474289
0.456742 0.342373 0.585528
0.529406 0.395212 0.418089
0.457471 0.48076 0.481471
0.444275 0.479153 0.527155
0.586807 0.386484 0.471425
0.517135 0.387041 0.581082
0.512165 0.411967 0.417114
0.517488 0.388647 0.410176
0.497227 0.482087 0.487528
0.441711 0.472096 0.493994
0.470628 0.424631 0.577782
0.469957 0.509261 0.531585
0.532498 0.443415 0.545598
0.47762 0.48308 0.485024
0.480181 0.489553 0.554675
0.471906 0.466071 0.562464
0.538652 0.443346 0.446365
0.424427 0.438958 0.489511
0.577542 0.414612 0.5044
0.431041 0.393638 0.442574
0.505612 0.475125 0.556474
0.509736 0.523538 0.527221
0.488981 0.35141 0.398227
0.487338 0.467564 0.568538
0.467157 0.472807 0.44237
0.535048 0.48497 0.487713
0.56514 0.437446 0.464918
0.589111 0.311499 0.441016
0.493014 0.485481 0.473945
0.476695 0.487987 0.46274
0.510298 0.332377 0.597862
0.537117 0.50843 0.516779
0.516752 0.494741 0.462915
0.543641 0.379895 0.423098
0.592245 0.342449 0.463936
0.443149 0.384278 0.554359
0.442457 0.464033 0.506972
0.529006 0.441526 0.440637
0.53241 0.490697 0.529257
0.45714 0.470799 0.533722
0.490948 0.466332 0.447287
0.510228 0.362802 0.588004
0.423784 0.412979 0.508092
0.449402 0.393499 0.555782
0.49944 0.501211 0.522092
0.55684 0.459379 0.484401
0.423779 0.338706 0.426711
0.476696 0.336963 0.394424
0.525763 0.492819 0.507377
0.49425 0.361818 0.589594
0.530283 0.49778 0.518081
0.471969 0.385798 0.585354
0.496622 0.474751 0.54625
0.424956 0.281907 0.590777
0.508208 0.470084 0.454318
0.509922 0.451731 0.437007
0.46584 0.472607 0.495981
0.511606 0.454333 0.552997
0.543313 0.473415 0.519515
0.47949 0.350103 0.593742
0.461803 0.466524 0.540685
0.529173 0.449026 0.543183
0.53205 0.497706 0.522848
0.500344 0.482994 0.501766
0.466173 0.46197 0.446286
0.554818 0.388016 0.435967
0.478513 0.470092 0.456325
0.45436 0.40396 0.557959
0.494161 0.482827 0.503546
0.525971 0.497041 0.534807
0.50801 0.483369 0.50053
0.510412 0.464264 0.487553
0.443382 0.424388 0.449487
0.535446 0.448955 0.458235
0.451178 0.322447 0.401803
0.466904 0.456047 0.54147
0.409375 0.327951 0.446135
0.50389 0.335072 0.592209
0.494522 0.439932 0.434921
0.509681 0.478682 0.531022
0.499896 0.438519 0.555804
0.483099 0.45115 0.452087
0.578349 0.388986 0.46795
0.484223 0.448872 0.476203
0.508832 0.453211 0.459573
0.529404 0.455299 0.493334
0.412847 0.364083 0.487011
0.465764 0.30088 0.594427
0.433813 0.433943 0.483068
0.405184 0.324732 0.494147
0.474733 0.437321 0.564368
0.441618 0.421529 0.449821
0.592084 0.293196 0.447539
0.508592 0.315409 0.59738
0.420477 0.405923 0.476113
0.478591 0.394274 0.412569
0.432911 0.436174 0.477025
0.538534 0.449991 0.461557
0.502594 0.401029 0.41813
0.424828 0.307953 0.569308
0.425276 0.329578 0.421805
0.475085 0.396145 0.581466
0.424486 0.405919 0.498382
0.502361 0.399824 0.417692
0.476532 0.438272 0.565814
0.50744 0.447985 0.471713
0.451974 0.418621 0.544639
0.421162 0.267678 0.593825
0.446695 0.382036 0.43102
0.465519 0.31001 0.394736
0.585563 0.33192 0.488447
0.485049 0.44801 0.532121
0.426637 0.317601 0.562398
0.497838 0.309603 0.594792
0.5158 0.436434 0.450784
0.521719 0.328789 0.403447
0.476121 0.447755 0.507431
0.429274 0.339775 0.552443
0.425798 0.296728 0.577134
0.554583 0.310439 0.57358
0.582968 0.351763 0.470611
0.499145 0.441545 0.498678
0.518443 0.356396 0.581875
0.48312 0.43892 0.547413
0.469477 0.42096 0.558431
0.493289 0.33802 0.402255
0.41489 0.328409 0.537962
0.5642 0.402678 0.489965
0.536089 0.429191 0.474951
0.546436 0.425412 0.499832
0.401832 0.306983 0.489249
0.491246 0.442379 0.50405
0.534322 0.444202 0.509521
0.473919 0.450812 0.512029
0.40666 0.312925 0.443466
0.49727 0.431613 0.472377
0.526638 0.28686 0.600033
0.499188 0.386986 0.416676
0.503199 0.436682 0.491719
0.562792 0.415274 0.479291
0.496158 0.43549 0.545445
0.582716 0.346237 0.48403
0.444433 0.317489 0.404624
0.571269 0.323152 0.545543
0.447269 0.417052 0.527767
0.466635 0.360518 0.414225
0.487809 0.414121 0.55017
0.489658 0.427258 0.532489
0.508882 0.388407 0.561373
0.492626 0.290945 0.595388
0.411674 0.322432 0.53317
0.444473 0.364411 0.553943
0.476813 0.426424 0.543063
0.524156 0.416411 0.537956
0.573084 0.322535 0.438227
0.583245 0.333122 0.468892
0.54667 0.298108 0.405126
0.512411 0.320815 0.40344
0.41872 0.349146 0.527794
0.481583 0.393405 0.571672
0.58223 0.336873 0.48668
0.493417 0.431715 0.516671
0.541932 0.406512 0.478623
0.482814 0.424909 0.498873
0.481887 0.314994 0.396612
0.553533 0.400096 0.51918
0.472786 0.40297 0.425289
0.487316 0.427929 0.530507
0.525756 0.408944 0.434674
0.470465 0.301862 0.590422
0.567865 0.378869 0.505036
0.594805 0.280076 0.531475
0.497787 0.376926 0.571573
0.582943 0.276502 0.561672
0.458432 0.418461 0.537938
0.458116 0.435791 0.517212
0.468021 0.315957 0.397898
0.546491 0.335433 0.420142
0.544786 0.412292 0.466449
0.490517 0.417678 0.482105
0.436212 0.39543 0.471857
0.463796 0.391722 0.432594
0.564807 0.307248 0.423329
0.494361 0.40924 0.533678
0.441487 0.384621 0.534503
0.486938 0.274756 0.595807
0.499028 0.401665 0.463521
0.512429 0.422384 0.524187
0.469819 0.334908 0.579041
0.471213 0.417785 0.526854
0.543191 0.393013 0.464901
0.593597 0.288379 0.516278
0.530352 0.404408 0.529823
0.548531 0.391685 0.501167
0.488377 0.410886 0.514668
0.476015 0.325116 0.583086
0.509193 0.327461 0.408253
0.483093 0.387629 0.423622
0.481869 0.279837 0.593864
0.580096 0.332262 0.500712
0.435487 0.386557 0.525987
0.55009 0.326172 0.562687
0.515546 0.383735 0.554987
0.482122 0.383581 0.565526
0.511623 0.40318 0.538377
0.476156 0.409622 0.474809
0.525419 0.338459 0.412705
0.50425 0.392974 0.428298
0.474744 0.409553 0.539994
0.489482 0.408927 0.533301
0.572572 0.265529 0.404776
0.508842 0.359672 0.573514
0.427045 0.379063 0.472739
0.52189 0.412241 0.530546
0.474878 0.415707 0.514859
0.563752 0.26904 0.587044
0.44549 0.269078 0.594611
0.478441 0.398055 0.52216
0.503786 0.386164 0.458937
0.526409 0.389527 0.495357
0.434304 0.375648 0.480412
0.486126 0.262675 0.597138
0.564628 0.360722 0.471755
0.587144 0.296439 0.526935
0.585977 0.247012 0.408403
0.482308 0.328005 0.407695
0.488919 0.390752 0.449589
0.565902 0.295263 0.419615
0.522885 0.374649 0.473637
0.417345 0.334351 0.502038
0.409939 0.285801 0.555186
0.510155 0.386041 0.436626
0.492192 0.397321 0.519893
0.490781 0.319782 0.406739
0.497319 0.359708 0.565882
0.447375 0.330141 0.416742
0.418028 0.327782 0.531558
0.403957 0.299624 0.512509
0.541271 0.349678 0.552083
0.515775 0.377542 0.470964
0.56389 0.318255 0.432331
0.489715 0.39064 0.451391
0.584837 0.29922 0.460699
0.461474 0.392558 0.452177
0.429013 0.307328 0.563295
0.594103 0.272291 0.507244
0.471412 0.395319 0.466797
0.470154 0.323939 0.578544
0.559414 0.36801 0.512268
0.536643 0.387551 0.501607
0.436429 0.377892 0.489699
0.53028 0.397487 0.512688
0.442592 0.297763 0.577153
0.581177 0.309856 0.491336
0.46378 0.370244 0.542349
0.558559 0.353466 0.487223
0.449423 0.348583 0.429518
0.475973 0.268512 0.393405
0.586772 0.294599 0.485126
0.416404 0.283344 0.416516
0.54123 0.356934 0.53982
0.414054 0.316951 0.523061
0.508735 0.285299 0.59106
0.479393 0.380329 0.523041
0.593726 0.27246 0.491796
0.577432 0.318053 0.512254
0.5334 0.363915 0.458997
0.518117 0.274652 0.594816
0.501284 0.293794 0.40484
0.595102 0.260118 0.511444
0.462811 0.343782 0.562887
0.573533 0.334122 0.480945
0.539385 0.274746 0.592159
0.440818 0.362194 0.449955
0.527133 0.266829 0.396237
0.512765 0.352559 0.563163
0.492601 0.374181 0.472916
0.59844 0.250208 0.516737
0.485032 0.377765 0.456502
0.523509 0.381846 0.527097
0.538587 0.347962 0.55028
0.446721 0.354734 0.545227
0.541199 0.360793 0.455424
0.514355 0.364817 0.429881
0.397673 0.260423 0.505456
0.426607 0.352721 0.512675
0.436236 0.368369 0.521183
0.516812 0.369449 0.491555
0.43708 0.350186 0.456544
0.487825 0.351416 0.428032
0.506152 0.311635 0.57783
0.580404 0.304233 0.477973
0.527106 0.272475 0.59231
0.474977 0.261898 0.395146
0.508356 0.292121 0.584766
0.540287 0.359368 0.51059
0.519349 0.348856 0.464822
0.429626 0.339449 0.484128
0.594333 0.265157 0.484507
0.552039 0.311001 0.560973
0.478504 0.347473 0.554708
0.498934 0.315817 0.415253
0.598962 0.228799 0.579499
0.541263 0.358907 0.510599
0.592145 0.252288 0.554213
0.502091 0.358869 0.502237
0.475044 0.365082 0.448479
0.400021 0.257976 0.520213
0.546113 0.348463 0.490947
0.460688 0.364638 0.510176
0.462671 0.36449 0.498508
0.532452 0.316679 0.418502
0.41347 0.271912 0.415919
0.505194 0.360443 0.507081
0.411644 0.262759 0.572963
0.500945 0.356884 0.538297
0.518474 0.306781 0.58138
0.592507 0.264411 0.453787
0.483544 0.284304 0.586589
0.49014 0.356388 0.433205
0.473904 0.364769 0.447362
0.519927 0.288929 0.405701
0.510655 0.36463 0.51538
0.406121 0.265341 0.555443
0.440998 0.287915 0.575372
0.502403 0.350282 0.522205
0.451884 0.31399 0.419924
0.41611 0.297019 0.439955
0.535065 0.344978 0.507401
0.473322 0.256094 0.396867
0.590214 0.238062 0.577814
0.415439 0.300811 0.516639
0.454453 0.348008 0.489925
0.454743 0.310394 0.566117
0.528694 0.332688 0.468394
0.545676 0.331934 0.459639
0.466453 0.349202 0.488855
0.557915 0.295022 0.423724
0.511239 0.335065 0.429801
0.582156 0.255473 0.569759
0.568497 0.317558 0.484476
0.518112 0.332629 0.487261
0.490302 0.294661 0.410666
0.462426 0.346156 0.440742
0.534935 0.339339 0.496114
0.494909 0.342219 0.466438
0.487414 0.345248 0.501659
0.584062 0.281191 0.524424
0.472328 0.349352 0.486136
0.524344 0.334571 0.487193
0.458076 0.282872 0.405263
0.457367 0.329398 0.550655
0.485654 0.269476 0.402071
0.49443 0.300606 0.413422
0.563836 0.316817 0.457482
0.435943 0.337543 0.457018
0.403515 0.264874 0.50385
0.529998 0.292369 0.581287
0.486843 0.344297 0.490953
0.564356 0.322611 0.494545
0.431121 0.320192 0.500277
0.515983 0.299376 0.418107
0.574655 0.298658 0.47693
0.456401 0.246349 0.396954
0.534435 0.321042 0.43825
0.471671 0.24991 0.398422
0.466007 0.264104 0.588949
0.486521 0.329461 0.535546
0.578638 0.28334 0.514474
0.476491 0.335411 0.457423
0.474286 0.335662 0.458254
0.522756 0.334402 0.536378
0.440988 0.312366 0.427497
0.428793 0.295109 0.424175
0.446913 0.329879 0.481399
0.42323 0.302185 0.439111
0.527472 0.24209 0.594322
0.535833 0.315216 0.476217
0.511386 0.263565 0.586735
0.502373 0.32526 0.549181
0.525282 0.329656 0.501429
0.519788 0.294636 0.41607
0.511456 0.331363 0.507297
0.413624 0.288318 0.452829
0.506097 0.309811 0.567271
0.544096 0.318402 0.472636
0.498684 0.330085 0.442788
0.408409 0.247982 0.572317
0.45145 0.331175 0.441121
0.412863 0.224121 0.594683
0.448746 0.332223 0.506497
0.57712 0.289974 0.465294
0.534436 0.282094 0.580735
0.549107 0.320008 0.536887
0.456917 0.334639 0.471583
0.516413 0.299005 0.417934
0.433671 0.310737 0.44317
0.537555 0.316088 0.511475
0.495022 0.318437 0.510666
0.486927 0.300744 0.563687
0.53313 0.302627 0.562875
0.46993 0.243531 0.399501
0.523034 0.252186 0.588655
0.554105 0.301105 0.544732
0.495728 0.316608 0.53604
0.48902 0.314642 0.538566
0.402821 0.251573 0.448853
0.509075 0.29799 0.422667
0.420784 0.273199 0.556311
0.484302 0.285414 0.416878
0.56326 0.30027 0.524242
0.466939 0.317246 0.48796
0.504749 0.314522 0.500652
0.550572 0.305898 0.464469
0.534194 0.31388 0.545861
0.570701 0.293171 0.468902
0.51571 0.320246 0.508097
0.559777 0.276764 0.567205
0.538995 0.316725 0.514746
0.456908 0.300863 0.557032
0.56773 0.290479 0.444789
0.562427 0.298733 0.455406
0.553621 0.303812 0.483468
0.541017 0.249925 0.589101
0.397176 0.231249 0.469872
0.505988 0.293593 0.57053
0.517415 0.270872 0.582015
0.518399 0.303492 0.46526
0.485903 0.315901 0.439407
0.575099 0.280307 0.515514
0.411356 0.273238 0.446849
0.484221 0.311712 0.54531
0.437583 0.28494 0.555459
0.535508 0.306314 0.526104
0.594464 0.220128 0.58177
0.494127 0.284507 0.569657
0.456605 0.299524 0.540825
0.461035 0.244676 0.402656
0.412577 0.258175 0.491131
0.454596 0.303057 0.50807
0.496744 0.257401 0.583019
0.414491 0.261699 0.516283
0.582263 0.259966 0.490207
0.524494 0.296401 0.492941
0.600131 0.214382 0.502973
0.51143 0.310777 0.525201
0.432151 0.294764 0.492055
0.465398 0.301904 0.503276
0.442046 0.301221 0.433596
0.531545 0.279683 0.573096
0.488858 0.295986 0.467026
0.480751 0.300109 0.465216
0.468024 0.306648 0.449706
0.573385 0.236542 0.405832
0.405225 0.246649 0.451314
0.455957 0.228685 0.593059
0.550545 0.292123 0.549115
0.567609 0.28258 0.52575
0.510991 0.273248 0.576316
0.463532 0.30494 0.467837
0.558025 0.291233 0.446564
0.406605 0.242929 0.521731
0.47072 0.296573 0.427307
0.397735 0.221194 0.512784
0.457265 0.302964 0.493483
0.539641 0.297941 0.448204
0.531671 0.298433 0.498164
0.59172 0.244248 0.465694
0.430068 0.280493 0.486949
0.558138 0.267841 0.425192
0.509647 0.277414 0.424484
0.533063 0.293905 0.52713
0.46186 0.28933 0.472341
0.458918 0.237673 0.403409
0.49154 0.28061 0.492463
0.516933 0.298645 0.526264
0.430819 0.231609 0.400312
0.439535 0.250863 0.409163
0.519722 0.269873 0.474011
0.503582 0.236325 0.587151
0.575792 0.263322 0.441524
0.582212 0.246414 0.526018
0.552689 0.283039 0.541581
0.492156 0.267264 0.574683
0.413324 0.251001 0.545151
0.553855 0.279593 0.549915
0.503831 0.285218 0.43159
0.524272 0.25437 0.580501
0.457698 0.293511 0.45752
0.417836 0.254614 0.558913
0.43882 0.292439 0.458053
0.488533 0.281529 0.497781
0.408579 0.237825 0.430619
0.590878 0.227574 0.508297
0.566968 0.236212 0.406176
0.398693 0.218298 0.481713
0.520986 0.270157 0.473205
0.516172 0.284314 0.495442
0.550825 0.281706 0.499547
0.536049 0.29284 0.521094
0.596561 0.223884 0.565003
0.554384 0.254878 0.415314
0.506665 0.274212 0.473287
0.544684 0.226286 0.591281
0.433229 0.245136 0.41208
0.561653 0.269699 0.441792
0.402382 0.219176 0.490171
0.544666 0.276028 0.530665
0.571869 0.262959 0.467182
0.448965 0.237656 0.406881
0.575245 0.226091 0.40741
0.407478 0.228055 0.490515
0.427391 0.271113 0.441206
0.563685 0.217632 0.590937
0.48255 0.266648 0.507206
0.5167 0.271833 0.453221
0.552196 0.238653 0.580863
0.407457 0.226625 0.435014
0.42387 0.260184 0.510105
0.49727 0.213464 0.592876
0.55334 0.266618 0.477514
0.554196 0.269744 0.469309
0.450089 0.273909 0.551451
0.443009 0.229075 0.585562
0.615333 0.187304 0.607356
0.421165 0.205134 0.600842
0.502942 0.218785 0.590501
0.481308 0.271535 0.527303
0.607058 0.205525 0.546058
0.598805 0.197205 0.600549
0.537273 0.271284 0.499344
0.50466 0.264785 0.569705
0.474932 0.276137 0.44291
0.403594 0.220033 0.457925
0.487651 0.273373 0.552015
0.428867 0.241683 0.57627
0.555433 0.256471 0.422089
0.524901 0.280331 0.545162
0.417258 0.248762 0.529279
0.443288 0.275848 0.494443
0.43277 0.260906 0.530635
0.566519 0.257387 0.458892
0.49465 0.260796 0.559713
0.558739 0.257611 0.533998
0.474023 0.262928 0.447162
0.43797 0.234962 0.409909
0.461889 0.261161 0.514141
0.504767 0.258204 0.45655
0.425269 0.250608 0.476088
0.483454 0.24099 0.576326
0.450066 0.262489 0.552849
0.520924 0.270763 0.524266
0.531203 0.267902 0.522387
0.439197 0.263352 0.537652
0.50477 0.249991 0.482916
0.498349 0.217908 0.402778
0.479649 0.20652 0.394741
0.535973 0.235942 0.579272
0.59504 0.212215 0.473455
0.54573 0.212527 0.592129
0.539016 0.26532 0.528957
0.428039 0.254819 0.429599
0.576608 0.236696 0.516744
0.47784 0.252104 0.568534
0.595735 0.213973 0.460847
0.602523 0.201663 0.472171
0.504604 0.198659 0.597395
0.416937 0.238075 0.445865
0.430695 0.241822 0.416864
0.49614 0.234603 0.414508
0.432277 0.222731 0.402317
0.502488 0.244115 0.420218
0.529665 0.246444 0.47977
0.510982 0.248832 0.475316
0.534863 0.209409 0.593519
0.538049 0.232153 0.410348
0.43007 0.248531 0.519592
0.466839 0.226517 0.413348
0.455465 0.255921 0.440891
0.594405 0.205853 0.523175
0.479857 0.197015 0.390196
0.426193 0.225175 0.412191
0.480358 0.245773 0.528597
0.525289 0.256293 0.527584
0.608241 0.192731 0.42093
0.413274 0.221769 0.490708
0.487526 0.240434 0.484633
0.422261 0.237853 0.437197
0.396985 0.209999 0.536585
0.391947 0.210228 0.554343
0.431026 0.219745 0.582503
0.516324 0.252195 0.561692
0.50806 0.238003 0.48393
0.432497 0.244828 0.478352
0.543446 0.239655 0.476456
0.48216 0.248385 0.448823
0.480722 0.226834 0.577279
0.457267 0.250266 0.539495
0.550772 0.25011 0.551095
0.494099 0.248778 0.446937
0.500558 0.247146 0.511754
0.499219 0.251909 0.544754
0.614987 0.181741 0.387138
0.497411 0.251017 0.533746
0.571917 0.211276 0.400745
0.55133 0.245588 0.465459
0.516537 0.190751 0.60111
0.570317 0.239219 0.479727
0.568735 0.242387 0.470956
0.594234 0.20498 0.490665
0.535537 0.248797 0.431866
0.518001 0.199663 0.595139
0.429804 0.237533 0.45423
0.485996 0.23153 0.508805
0.593613 0.199756 0.491092
0.41625 0.216646 0.485563
0.481819 0.233058 0.521337
0.422616 0.214425 0.410521
0.554735 0.23597 0.5334
0.386929 0.19724 0.544759
0.525719 0.236121 0.450782
0.440476 0.208759 0.585679
0.415454 0.215368 0.474892
0.397274 0.202424 0.527319
0.595202 0.200815 0.466721
0.460372 0.236183 0.552204
0.555276 0.231404 0.424455
0.561411 0.216524 0.409749
0.468394 0.191513 0.387381
0.452966 0.239275 0.463244
0.566926 0.236226 0.440739
0.53593 0.235628 0.56522
0.470987 0.205681 0.584203
0.497896 0.229646 0.491987
0.59008 0.21151 0.561657
0.527515 0.233926 0.569074
0.558514 0.197884 0.597023
0.520625 0.243373 0.524196
0.445202 0.244397 0.434627
0.447929 0.237198 0.551116
0.523904 0.237391 0.434583
0.450743 0.243388 0.435156
0.612114 0.185058 0.453475
0.505839 0.227548 0.486012
0.49433 0.237729 0.533701
0.612461 0.184416 0.455356
0.50247 0.203208 0.39978
0.479888 0.231066 0.514733
0.430776 0.205953 0.583234
0.482739 0.22203 0.526148
0.472939 0.22075 0.559677
0.424916 0.217201 0.488947
0.608932 0.182055 0.513346
0.40772 0.19979 0.409252
0.434514 0.23181 0.442822
0.489431 0.219743 0.500723
0.528649 0.217127 0.489646
0.571323 0.217956 0.562634
0.604416 0.186183 0.518273
0.399803 0.181277 0.61635
0.570608 0.202642 0.402853
0.492419 0.222797 0.455147
0.411527 0.182104 0.614846
0.56475 0.223329 0.429467
0.394771 0.195721 0.52994
0.442405 0.206202 0.581462
0.495188 0.219894 0.568044
0.444033 0.215451 0.572626
0.40595 0.202271 0.515637
0.499934 0.226402 0.530778
0.441284 0.224222 0.486708
0.529698 0.18242 0.605496
0.544364 0.222278 0.505884
0.527919 0.192066 0.391835
0.407357 0.206731 0.533663
0.560659 0.223055 0.427117
0.47932 0.197268 0.398553
0.551045 0.179682 0.612061
0.539742 0.224569 0.514045
0.595375 0.198218 0.539658
0.458477 0.182316 0.603608
0.581916 0.186643 0.604602
0.413595 0.20724 0.462796
0.586631 0.203036 0.423481
0.43068 0.208773 0.570786
0.614242 0.174024 0.488539
0.42488 0.212801 0.437057
0.458282 0.210635 0.47499
0.383406 0.180758 0.452297
0.387252 0.18531 0.407797
0.457852 0.215395 0.455365
0.514759 0.198462 0.582602
0.487046 0.21182 0.432109
0.503159 0.205708 0.481817
0.419257 0.206627 0.4445
0.515858 0.213413 0.511375
0.42544 0.202236 0.412273
0.447257 0.215222 0.461645
0.566855 0.207194 0.488267
0.595959 0.184602 0.59699
0.417194 0.191299 0.393872
0.553416 0.207405 0.477171
0.446891 0.20803 0.570275
0.593025 0.191248 0.419483
0.561743 0.21359 0.558632
0.532172 0.214827 0.436104
0.417443 0.204925 0.524709
0.550118 0.206912 0.477952
0.454055 0.210187 0.564553
0.429943 0.209645 0.473598
0.506688 0.215934 0.544232
0.428301 0.213283 0.51993
0.399917 0.174477 0.622364
0.606642 0.184203 0.434651
0.409407 0.197336 0.499322
0.424965 0.182952 0.60851
0.497427 0.186103 0.592297
0.441142 0.187895 0.389647
0.411139 0.198817 0.511256
0.564602 0.190939 0.390693
0.424512 0.19724 0.482027
0.615504 0.170302 0.507562
0.524492 0.201343 0.508734
0.467551 0.198878 0.478009
0.512623 0.201917 0.442504
0.620025 0.171342 0.409721
0.554272 0.196923 0.577704
0.384623 0.182557 0.546648
0.490019 0.197948 0.473394
0.410029 0.191341 0.455528
0.614211 0.171049 0.487616
0.527449 0.183071 0.594764
0.397567 0.190953 0.576755
0.479255 0.186946 0.580533
0.416577 0.195499 0.451074
0.599647 0.173703 0.375463
0.574159 0.197707 0.539693
0.541206 0.176163 0.607423
0.608843 0.174222 0.47836
0.486173 0.199261 0.425106
0.501676 0.197176 0.491092
0.546644 0.196611 0.475321
0.492432 0.201295 0.44954
0.541479 0.200365 0.509166
0.435257 0.201367 0.470725
0.434895 0.202028 0.566076
0.47463 0.198911 0.42317
0.555642 0.179275 0.38004
0.592647 0.185648 0.584214
0.476872 0.176229 0.382007
0.574369 0.200368 0.561979
0.519634 0.201718 0.432895
0.459973 0.204328 0.429394
0.411156 0.194539 0.541133
0.5451 0.196758 0.577824
0.443648 0.203685 0.516743
0.423065 0.189356 0.467033
0.504631 0.18839 0.46392
0.472112 0.162395 0.618473
0.499218 0.189073 0.46135
0.526328 0.161557 0.623273
0.607381 0.174347 0.413572
0.586554 0.176583 0.600309
0.412961 0.17641 0.383165
0.443421 0.18759 0.412009
0.571242 0.175885 0.605383
0.413649 0.182531 0.407401
0.406048 0.182526 0.492812
0.479207 0.175993 0.589034
0.430945 0.181715 0.592818
0.570719 0.193343 0.558993
0.375495 0.175422 0.562967
0.605764 0.174629 0.401362
0.41839 0.186933 0.490052
0.546596 0.186768 0.482068
0.406002 0.182448 0.494565
0.427754 0.192384 0.536387
0.583398 0.172453 0.612452
0.468865 0.18861 0.485869
0.567236 0.169293 0.618063
0.569453 0.189406 0.530297
0.564132 0.19055 0.418365
0.584602 0.185833 0.433186
0.410182 0.184073 0.487035
0.512752 0.191709 0.570765
0.53124 0.192183 0.440351
0.436563 0.193627 0.547823
0.588196 0.178959 0.49401
0.499109 0.185277 0.413388
0.50066 0.192531 0.559549
0.550835 0.181359 0.393929
0.41423 0.185427 0.490137
0.416671 0.16526 0.623285
0.503792 0.178083 0.48096
0.589049 0.175418 0.448325
0.509581 0.179135 0.463526
0.408541 0.169244 0.611898
0.59553 0.173382 0.415938
0.445075 0.181235 0.488809
0.524884 0.174907 0.588795
0.443251 0.184028 0.454997
0.473997 0.174834 0.580823
0.624075 0.16196 0.451216
0.415361 0.178201 0.582296
0.455186 0.179233 0.518464
0.469394 0.179751 0.47874
0.412095 0.177131 0.523898
0.37159 0.16758 0.588871
0.522371 0.184866 0.558967
0.399466 0.16845 0.373934
0.468553 0.165161 0.375076
0.537176 0.180396 0.503109
0.608765 0.16749 0.460182
0.592927 0.173341 0.405952
0.547958 0.176468 0.400263
0.561908 0.179176 0.406792
0.555934 0.184864 0.430652
0.570983 0.179385 0.512728
0.546896 0.184011 0.543489
0.543162 0.176443 0.588065
0.462882 0.179228 0.535957
0.393854 0.170777 0.379086
0.621027 0.162273 0.630672
0.442693 0.183159 0.553855
0.458803 0.180336 0.480913
0.471783 0.179813 0.476131
0.44992 0.182543 0.464017
0.534508 0.167541 0.375731
0.41751 0.171395 0.519722
0.501691 0.17036 0.499965
0.452695 0.171284 0.526905
0.521091 0.1701 0.46613
0.549747 0.168128 0.594908
0.585513 0.170376 0.417433
0.557077 0.163283 0.369816
0.380826 0.166705 0.548676
0.440928 0.1728 0.498539
0.369608 0.163793 0.561036
0.580544 0.169146 0.503211
0.42228 0.172542 0.418385
0.428211 0.175014 0.447943
0.506218 0.158659 0.618835
0.501811 0.170034 0.485191
0.367919 0.15925 0.620206
0.442187 0.173499 0.466912
0.385908 0.164336 0.520505
0.386934 0.165408 0.529371
0.41996 0.171995 0.509829
0.538926 0.163866 0.374847
0.608886 0.163557 0.447524
0.370318 0.165219 0.569341
0.558741 0.174826 0.439807
0.544259 0.174605 0.574849
0.581721 0.161026 0.625249
0.510132 0.169222 0.407253
0.426111 0.175159 0.439218
0.406297 0.169112 0.50431
0.513774 0.168865 0.586522
0.538008 0.17346 0.438166
0.548024 0.158434 0.626825
0.411495 0.172596 0.554586
0.431586 0.166156 0.381881
0.600773 0.165909 0.536807
0.398129 0.166949 0.519833
0.414228 0.163703 0.516941
0.403347 0.164136 0.555756
0.433333 0.156251 0.630896
0.600412 0.161126 0.389345
0.418999 0.164994 0.447123
0.586064 0.163684 0.414601
0.563943 0.164357 0.507638
0.38587 0.160795 0.43508
0.561318 0.165805 0.416193
0.412272 0.161003 0.603574
0.598968 0.158549 0.620878
0.520218 0.162357 0.588402
0.516031 0.163813 0.448215
0.493704 0.162338 0.487623
0.478389 0.164664 0.448275
0.442976 0.160803 0.601802
0.513122 0.165676 0.561605
0.552179 0.163419 0.487723
0.434319 0.161933 0.59801
0.530559 0.16298 0.464672
0.517127 0.164703 0.522536
0.416483 0.164184 0.484286
0.565251 0.165909 0.445994
0.359634 0.156424 0.392907
0.517872 0.160437 0.596744
0.483403 0.162352 0.582556
0.473969 0.157195 0.612382
0.586422 0.161978 0.465885
0.585145 0.165825 0.56908
0.599117 0.161397 0.40224
0.568693 0.167397 0.431368
0.428174 0.159826 0.373056
0.419143 0.165568 0.553184
0.593999 0.161541 0.451822
0.399332 0.162337 0.485039
0.455134 0.163169 0.511362
0.410375 0.156498 0.406585
0.397366 0.156801 0.580856
0.56401 0.157824 0.440407
0.618592 0.155245 0.389705
0.569143 0.158573 0.426851
0.576346 0.157862 0.414915
0.404773 0.155684 0.380419
0.509942 0.15509 0.381511
0.565794 0.156819 0.464005
0.584771 0.157635 0.578699
0.553387 0.156663 0.39439
0.533018 0.156688 0.409334
0.489024 0.15285 0.36257
0.537617 0.151523 0.640743
0.578432 0.157229 0.401704
0.442339 0.15263 0.635543
0.42251 0.157454 0.460642
0.542611 0.153274 0.358922
0.630769 0.152434 0.486964
0.400026 0.156258 0.47147
0.43981 0.157919 0.4338
0.424612 0.157733 0.534551
0.374563 0.153114 0.63218
0.63981 0.151995 0.431921
0.50229 0.155727 0.481266
0.487433 0.157067 0.418525
0.428852 0.15758 0.463185
0.458669 0.156823 0.57998
0.528952 0.15762 0.53338
0.448397 0.153429 0.626052
0.490735 0.155696 0.504666
0.543102 0.157231 0.440529
0.362916 0.151861 0.641267
0.561268 0.152592 0.637332
0.563314 0.158329 0.566397
0.590398 0.156285 0.385747
0.406343 0.15 0.383134
0.555039 0.15 0.528698
0.501167 0.15 0.568671
0.365564 0.15 0.364219
0.587605 0.15 0.647363
0.56456 0.15 0.415023
0.433087 0.15 0.39358
0.548721 0.15 0.481364
0.515716 0.15 0.386512
0.490236 0.15 0.467521
0.610091 0.15 0.590004
0.384663 0.15 0.575639
0.593318 0.15 0.372037
0.479881 0.15 0.356391
0.480522 0.15 0.535867
0.470441 0.15 0.56337
0.449182 0.15 0.584382
0.391768 0.15 0.508043
0.561704 0.15 0.489833
0.5985 0.15 0.56218
0.645679 0.15 0.49073
0.461386 0.15 0.404649
0.641037 0.15 0.387703
0.367185 0.15 0.55936
0.373658 0.15 0.560294
0.35575 0.15 0.521328
0.564698 0.15 0.476502
0.578898 0.15 0.417714
0.434945 0.15 0.516997
0.51523 0.15 0.400685
0.613826 0.15 0.485859
0.625527 0.15 0.518957
0.412148 0.15 0.629702
0.382777 0.15 0.364969
0.568168 0.15 0.637072
0.561567 0.15 0.644525
