2988 0.012625
0.37359 0.416359 0.380209
0.459469 0.350439 0.334252
0.479408 0.258343 0.343007
0.489714 0.260114 0.354233
0.497153 0.297754 0.351745
0.527616 0.368463 0.336746
0.338758 0.370258 0.455849
0.405057 0.342966 0.399872
0.438553 0.283232 0.322613
0.499465 0.236953 0.294806
0.547259 0.30109 0.342763
0.586446 0.38084 0.406155
0.324935 0.325569 0.474891
0.3239 0.266008 0.438924
0.354281 0.468358 0.342864
0.512008 0.497095 0.318493
0.677272 0.434662 0.368256
0.66414 0.249837 0.45012
0.339179 0.288728 0.481356
0.305217 0.252471 0.503983
0.352395 0.520791 0.506881
0.524035 0.533764 0.504974
0.704987 0.453536 0.516079
0.679636 0.201996 0.500095
0.343919 0.329604 0.494587
0.363313 0.305527 0.539599
0.371352 0.376213 0.675695
0.502632 0.430027 0.71804
0.643175 0.376006 0.647986
0.652168 0.234524 0.53201
0.359475 0.39048 0.555181
0.418545 0.400202 0.583167
0.458739 0.280591 0.644253
0.495528 0.222914 0.678091
0.538571 0.244367 0.6619
0.575284 0.351381 0.566013
0.402629 0.403683 0.404531
0.361702 0.395216 0.553649
0.315037 0.220931 0.501548
0.687323 0.471607 0.500216
0.422264 0.300491 0.676761
0.502537 0.267575 0.362309
0.373294 0.386739 0.529859
0.368254 0.41009 0.571191
0.66224 0.3024 0.489797
0.480112 0.214933 0.369347
0.591399 0.388856 0.590318
0.586633 0.313635 0.569122
0.509295 0.251995 0.711262
0.513504 0.530098 0.580679
0.719449 0.426568 0.441051
0.665879 0.318066 0.482764
0.355056 0.265196 0.500209
0.410564 0.414069 0.360154
0.513451 0.22802 0.657369
0.409658 0.408855 0.571909
0.413558 0.331016 0.569404
0.358747 0.359223 0.662271
0.355243 0.301675 0.498839
0.555829 0.384438 0.720744
0.404453 0.395343 0.620915
0.633816 0.27775 0.515795
0.583713 0.501038 0.613842
0.452259 0.263577 0.65153
0.611114 0.33756 0.54098
0.430168 0.538154 0.505323
0.488086 0.23211 0.648561
0.631921 0.29543 0.525933
0.662448 0.494185 0.462477
0.626027 0.354665 0.537572
0.504308 0.223175 0.668497
0.346726 0.342734 0.458483
0.378537 0.373457 0.52678
0.335737 0.248068 0.453442
0.602604 0.294769 0.582618
0.652235 0.262005 0.448291
0.408739 0.503303 0.349693
0.502845 0.260296 0.362884
0.476285 0.226327 0.67991
0.483625 0.261803 0.647956
0.646646 0.486545 0.568371
0.545187 0.53276 0.503234
0.512645 0.312232 0.645312
0.593451 0.304149 0.377854
0.461736 0.536986 0.441452
0.689735 0.225306 0.531121
0.335952 0.350356 0.633675
0.359769 0.312031 0.540352
0.633019 0.288935 0.457249
0.41676 0.398403 0.622944
0.622598 0.289041 0.590691
0.445846 0.527631 0.386367
0.412813 0.395971 0.565598
0.524344 0.53482 0.443795
0.387512 0.298707 0.566654
0.617361 0.299597 0.390404
0.407878 0.479658 0.320529
0.347306 0.296695 0.488294
0.610866 0.291304 0.561223
0.385788 0.422203 0.58252
0.510636 0.309831 0.653697
0.658719 0.232009 0.47608
0.6133 0.350471 0.430193
0.529513 0.241609 0.701246
0.434041 0.291377 0.63888
0.354941 0.291496 0.497094
0.432753 0.282494 0.675385
0.581496 0.351055 0.562141
0.344005 0.188977 0.469572
0.334618 0.186945 0.467129
0.461282 0.293866 0.343063
0.655706 0.219159 0.461369
0.646724 0.233754 0.466177
0.50395 0.228015 0.359017
0.669027 0.218312 0.461112
0.624493 0.296113 0.537881
0.568046 0.291233 0.680864
0.311849 0.205653 0.461794
0.505713 0.217295 0.308943
0.685779 0.254918 0.54146
0.445331 0.263317 0.323932
0.597611 0.39655 0.426615
0.671976 0.483602 0.514985
0.401851 0.31968 0.5601
0.514712 0.222084 0.681335
0.329573 0.186382 0.490778
0.453964 0.469126 0.29058
0.663713 0.271119 0.484794
0.657887 0.196481 0.492509
0.565521 0.489927 0.643202
0.534441 0.526421 0.389197
0.717375 0.297075 0.444301
0.466805 0.324345 0.640455
0.381509 0.420028 0.384394
0.581622 0.300632 0.321395
0.602735 0.370438 0.299047
0.484828 0.22277 0.675351
0.453732 0.245925 0.304708
0.565359 0.530752 0.507309
0.596291 0.41487 0.397274
0.458427 0.347244 0.343445
0.651369 0.217904 0.46789
0.586486 0.418195 0.390967
0.339104 0.497903 0.39828
0.401896 0.385845 0.622509
0.331154 0.178277 0.483696
0.719235 0.408921 0.425085
0.656565 0.242557 0.473159
0.482411 0.299121 0.261918
0.502437 0.205696 0.350332
0.457577 0.357218 0.637984
0.29128 0.429413 0.581131
0.507505 0.260364 0.641761
0.644642 0.290482 0.402332
0.381801 0.483881 0.339259
0.524546 0.34023 0.637768
0.436098 0.368633 0.60111
0.344922 0.253347 0.511424
0.665513 0.321304 0.479993
0.424491 0.389048 0.591279
0.258683 0.34829 0.504917
0.401887 0.419676 0.37648
0.410931 0.404062 0.607179
0.515158 0.536081 0.453083
0.535801 0.273156 0.311182
0.529633 0.241978 0.70082
0.530888 0.372884 0.352696
0.72839 0.339502 0.546384
0.256637 0.3551 0.497092
0.342661 0.268008 0.47858
0.487869 0.380297 0.733333
0.368821 0.293351 0.544026
0.359205 0.296549 0.589098
0.532595 0.34993 0.636783
0.414352 0.322784 0.594015
0.422186 0.389623 0.274808
0.664069 0.317834 0.478328
0.527789 0.34588 0.660019
0.562332 0.44529 0.291659
0.52612 0.342478 0.638755
0.334233 0.243994 0.515107
0.327362 0.210697 0.501601
0.373556 0.29287 0.542569
0.664921 0.30361 0.479954
0.344133 0.367618 0.45388
0.496733 0.196016 0.342499
0.728528 0.295539 0.486269
0.703559 0.284141 0.443731
0.518737 0.248162 0.329552
0.439808 0.283438 0.306115
0.305742 0.280298 0.51717
0.644026 0.279876 0.445342
0.327489 0.256647 0.51884
0.418236 0.319265 0.365897
0.435087 0.292142 0.311711
0.428944 0.392188 0.631471
0.608915 0.389849 0.434779
0.350888 0.267802 0.489636
0.687117 0.210915 0.501188
0.345432 0.257149 0.481605
0.457087 0.302816 0.63693
0.506944 0.292073 0.652982
0.373286 0.3023 0.549154
0.633436 0.333426 0.637748
0.461841 0.306164 0.342491
0.369618 0.405247 0.557008
0.443646 0.268585 0.322996
0.515326 0.282523 0.341031
0.356106 0.240033 0.48965
0.409675 0.298959 0.63015
0.592021 0.41424 0.402819
0.688018 0.210943 0.512601
0.668799 0.21724 0.531764
0.643612 0.422671 0.639828
0.335866 0.286222 0.529142
0.271801 0.432962 0.508213
0.371625 0.311561 0.437298
0.338605 0.250911 0.516179
0.49904 0.241087 0.360703
0.337527 0.277605 0.474543
0.505165 0.202104 0.330042
0.488146 0.190553 0.3325
0.457306 0.353417 0.339539
0.385119 0.309942 0.397953
0.610991 0.393524 0.301983
0.609652 0.406909 0.420679
0.348298 0.341514 0.507346
0.644691 0.220362 0.517697
0.343071 0.285225 0.468316
0.422252 0.345221 0.710219
0.503072 0.28621 0.355697
0.465113 0.299731 0.340131
0.555591 0.278804 0.685008
0.628898 0.364666 0.455784
0.495678 0.194478 0.335298
0.580012 0.528872 0.512295
0.356947 0.230371 0.489584
0.538495 0.299282 0.339013
0.512579 0.51393 0.344217
0.539106 0.248096 0.658858
0.345296 0.283735 0.531341
0.347962 0.259612 0.462918
0.337814 0.29627 0.538805
0.270315 0.308156 0.509415
0.687698 0.220481 0.469994
0.697303 0.256043 0.52739
0.68377 0.406517 0.36569
0.41539 0.329721 0.576346
0.512832 0.247708 0.64515
0.504729 0.407133 0.26132
0.526107 0.276841 0.639849
0.513476 0.318625 0.352089
0.399769 0.415905 0.573722
0.451272 0.343644 0.349
0.363454 0.325316 0.385791
0.395431 0.309556 0.383521
0.545732 0.325983 0.721614
0.486455 0.190759 0.32962
0.491929 0.223986 0.361319
0.542266 0.377464 0.259075
0.270153 0.341132 0.446548
0.330741 0.198931 0.497292
0.657948 0.321556 0.601672
0.523774 0.342056 0.352888
0.566272 0.385854 0.588774
0.632227 0.330417 0.633475
0.368462 0.360958 0.311575
0.415631 0.481669 0.319148
0.479795 0.493748 0.310691
0.389856 0.41994 0.39916
0.508247 0.270431 0.641961
0.531959 0.367479 0.358091
0.653916 0.254582 0.498934
0.542632 0.344258 0.608251
0.6597 0.489451 0.410541
0.679542 0.211532 0.473823
0.483439 0.233695 0.354324
0.408406 0.355043 0.39732
0.465157 0.238167 0.684408
0.649228 0.250082 0.498232
0.630946 0.490074 0.583038
0.283207 0.446119 0.437713
0.346218 0.262786 0.510258
0.617341 0.346172 0.535597
0.412315 0.328977 0.309887
0.519062 0.232165 0.314651
0.534148 0.268956 0.708754
0.569001 0.372123 0.714371
0.323937 0.184773 0.485807
0.409126 0.340508 0.389381
0.709293 0.355376 0.573695
0.38836 0.305675 0.363439
0.347027 0.277012 0.51906
0.475633 0.194945 0.321663
0.638634 0.234528 0.499235
0.613959 0.404029 0.424247
0.30154 0.379499 0.59428
0.734589 0.338546 0.450374
0.504758 0.225957 0.673934
0.686761 0.216029 0.477831
0.6533 0.241413 0.538825
0.617581 0.345907 0.432975
0.525424 0.287752 0.335652
0.438903 0.534782 0.428501
0.413143 0.390365 0.623442
0.647394 0.252873 0.502646
0.343598 0.51742 0.525312
0.472742 0.200133 0.341906
0.627659 0.314264 0.363039
0.57161 0.394973 0.404906
0.588063 0.416008 0.393055
0.677894 0.202202 0.514576
0.370672 0.504167 0.609087
0.315578 0.288658 0.525313
0.36588 0.328864 0.364857
0.498431 0.282318 0.653936
0.437967 0.53549 0.436704
0.589862 0.33542 0.393183
0.525725 0.32115 0.631833
0.469792 0.214852 0.345484
0.305437 0.273495 0.50803
0.465947 0.238878 0.694926
0.454704 0.3552 0.344068
0.345724 0.259611 0.461635
0.405044 0.374097 0.408121
0.316 0.377909 0.615719
0.448965 0.275085 0.642963
0.486229 0.219247 0.358613
0.341966 0.269551 0.445131
0.473914 0.200689 0.317422
0.307998 0.431733 0.607183
0.448024 0.258966 0.314913
0.637704 0.278277 0.521006
0.565747 0.329431 0.582699
0.422846 0.33503 0.589546
0.552576 0.283964 0.618333
0.710961 0.340754 0.410122
0.369508 0.307515 0.418525
0.285193 0.395638 0.398852
0.561249 0.354702 0.720525
0.658218 0.263633 0.49678
0.339215 0.209296 0.499796
0.472562 0.520551 0.353698
0.658259 0.412894 0.629045
0.635151 0.383203 0.325243
0.388118 0.408966 0.560557
0.434744 0.394733 0.36149
0.360509 0.390488 0.438827
0.505688 0.283023 0.653794
0.253796 0.375148 0.470767
0.524236 0.533533 0.437757
0.465562 0.265508 0.339059
0.32027 0.289828 0.539327
0.465135 0.24933 0.33011
0.371596 0.304517 0.399302
0.383076 0.39347 0.426143
0.587867 0.349231 0.559802
0.518333 0.498623 0.652352
0.60417 0.384547 0.557688
0.559078 0.366928 0.587843
0.424414 0.404753 0.369566
0.692155 0.223405 0.480324
0.347914 0.275358 0.44057
0.504267 0.272603 0.653409
0.455311 0.348074 0.341119
0.454883 0.247087 0.314558
0.416689 0.433763 0.69821
0.505343 0.534037 0.50268
0.732621 0.319695 0.489487
0.51738 0.536253 0.476544
0.467905 0.536625 0.489066
0.269538 0.330158 0.45511
0.355217 0.211355 0.477137
0.650084 0.26206 0.467099
0.619093 0.345644 0.537165
0.705358 0.455098 0.477168
0.39957 0.392956 0.609728
0.502215 0.208137 0.344333
0.305827 0.281388 0.438274
0.470767 0.313759 0.647316
0.402956 0.535483 0.49414
0.289368 0.278585 0.447741
0.343018 0.306509 0.463508
0.330054 0.226311 0.504809
0.374656 0.308269 0.405203
0.589896 0.316416 0.56773
0.661118 0.260286 0.491535
0.670922 0.484172 0.512081
0.674239 0.202417 0.505253
0.529115 0.474709 0.298835
0.542895 0.276918 0.304654
0.332753 0.495827 0.404303
0.363394 0.37746 0.530715
0.641743 0.255501 0.520096
0.629321 0.374609 0.448481
0.592078 0.300381 0.587109
0.349846 0.288803 0.523085
0.689857 0.21954 0.50786
0.591844 0.506399 0.591647
0.508133 0.291985 0.65677
0.514619 0.310734 0.654664
0.427856 0.305318 0.331767
0.607687 0.358696 0.412337
0.655516 0.23319 0.46704
0.666486 0.31592 0.588345
0.324167 0.204986 0.462663
0.349945 0.324798 0.598245
0.410108 0.305377 0.622643
0.611045 0.396376 0.428512
0.392693 0.390575 0.54757
0.341506 0.369794 0.64626
0.709452 0.428428 0.553143
0.688395 0.261715 0.537636
0.539019 0.506023 0.634824
0.547579 0.360233 0.611202
0.540192 0.352771 0.627672
0.3711 0.339406 0.439531
0.288765 0.379839 0.576398
0.467963 0.278512 0.652586
0.354036 0.321633 0.514059
0.39922 0.39352 0.554715
0.611216 0.359925 0.418875
0.526249 0.327954 0.635851
0.429061 0.381921 0.606597
0.642853 0.502634 0.422747
0.616628 0.393474 0.432327
0.345333 0.513442 0.455924
0.676734 0.317161 0.580024
0.55076 0.385862 0.378822
0.681975 0.29264 0.435588
0.583772 0.527562 0.442161
0.301446 0.344174 0.404859
0.343878 0.27648 0.441714
0.681563 0.225158 0.530267
0.380304 0.40851 0.582125
0.5137 0.30809 0.661438
0.43832 0.358151 0.608537
0.406124 0.301778 0.356961
0.396255 0.307481 0.602003
0.460422 0.238708 0.305993
0.553812 0.286267 0.624069
0.6438 0.325692 0.361657
0.393361 0.416049 0.584792
0.446993 0.264743 0.318267
0.594205 0.328521 0.561137
0.300867 0.358811 0.389284
0.665663 0.486889 0.521889
0.672911 0.378111 0.611304
0.469196 0.303683 0.262516
0.488115 0.260522 0.28458
0.600049 0.513924 0.557103
0.484403 0.227539 0.346657
0.566126 0.307148 0.59604
0.400592 0.303044 0.633133
0.699606 0.448313 0.546524
0.379015 0.403864 0.559773
0.350723 0.206012 0.475496
0.664409 0.216675 0.525112
0.653323 0.497595 0.437003
0.694855 0.335346 0.393733
0.449814 0.345277 0.259812
0.487597 0.231409 0.656149
0.34821 0.331774 0.509142
0.407402 0.401738 0.595723
0.715666 0.388671 0.412388
0.496725 0.268352 0.346815
0.378431 0.310609 0.551096
0.526601 0.272596 0.644957
0.406579 0.393117 0.605568
0.564617 0.399486 0.388545
0.540635 0.296274 0.330618
0.596212 0.3227 0.562734
0.265212 0.359604 0.5283
0.403821 0.30265 0.363637
0.552894 0.279273 0.686735
0.588432 0.301662 0.37017
0.478906 0.291429 0.655235
0.642243 0.264876 0.545012
0.578317 0.30539 0.591223
0.278285 0.358982 0.560759
0.708258 0.271359 0.502533
0.55971 0.497959 0.337113
0.387852 0.303141 0.603274
0.544658 0.348027 0.610733
0.407853 0.304172 0.626838
0.506916 0.223352 0.320141
0.726094 0.37846 0.43009
0.709305 0.424407 0.55637
0.532379 0.290251 0.636711
0.51644 0.530858 0.523594
0.684703 0.21826 0.520589
0.277542 0.308399 0.452255
0.409321 0.300221 0.652206
0.65683 0.237316 0.494983
0.653694 0.201956 0.50747
0.494659 0.531443 0.399798
0.287639 0.28233 0.448737
0.639496 0.311665 0.526301
0.483938 0.20711 0.350775
0.536037 0.336233 0.623539
0.418705 0.39667 0.70728
0.542933 0.270513 0.646244
0.344884 0.244461 0.494077
0.563558 0.525333 0.545141
0.319692 0.25254 0.506321
0.604382 0.386559 0.414172
0.300799 0.224353 0.483702
0.603856 0.338158 0.552548
0.698384 0.249934 0.48754
0.390949 0.315051 0.388075
0.343888 0.218265 0.470005
0.452882 0.331876 0.339353
0.447554 0.270714 0.305575
0.478308 0.526854 0.6011
0.499377 0.243744 0.346146
0.448273 0.342082 0.627933
0.584361 0.308276 0.323565
0.539339 0.272447 0.643334
0.628008 0.481818 0.603809
0.542318 0.376911 0.358581
0.667807 0.272098 0.486084
0.519084 0.487122 0.664742
0.48605 0.277517 0.651804
0.293219 0.330582 0.566122
0.503444 0.529503 0.578888
0.522198 0.414692 0.722777
0.371167 0.311664 0.411939
0.286594 0.310537 0.548826
0.295711 0.374098 0.390471
0.59162 0.383204 0.569894
0.507088 0.296402 0.343507
0.360597 0.374998 0.541342
0.334408 0.288911 0.466982
0.472911 0.531348 0.573273
0.329268 0.278967 0.439531
0.39577 0.302749 0.356591
0.437086 0.374999 0.626287
0.56875 0.5294 0.503444
0.518014 0.229273 0.686639
0.381254 0.394579 0.422619
0.400409 0.406368 0.580916
0.484849 0.236346 0.675155
0.476061 0.530792 0.576937
0.345483 0.350479 0.521162
0.355626 0.374059 0.32454
0.388754 0.316166 0.389433
0.557685 0.297316 0.625064
0.680823 0.217253 0.511146
0.3766 0.311782 0.558623
0.513997 0.484093 0.305337
0.662926 0.24688 0.493964
0.55118 0.331144 0.367957
0.321172 0.259308 0.507511
0.407552 0.518211 0.382428
0.633015 0.316245 0.451713
0.650255 0.251281 0.512984
0.44235 0.299786 0.283513
0.339225 0.253721 0.503799
0.495503 0.533032 0.41363
0.458136 0.258628 0.665905
0.486159 0.207717 0.316402
0.51245 0.246933 0.327169
0.617042 0.309197 0.620626
0.432702 0.315029 0.625279
0.546638 0.381499 0.361164
0.498423 0.234753 0.681889
0.393424 0.493462 0.644055
0.590023 0.324221 0.568533
0.668722 0.241314 0.462703
0.456637 0.309779 0.333744
0.535226 0.336483 0.636577
0.373305 0.315163 0.42704
0.58428 0.485788 0.635227
0.397788 0.396392 0.598093
0.366913 0.381499 0.547843
0.478325 0.535422 0.435341
0.305837 0.232464 0.490011
0.490108 0.264495 0.654217
0.575483 0.363418 0.57811
0.366871 0.366964 0.53215
0.613696 0.341045 0.410728
0.379027 0.323474 0.413261
0.301841 0.257052 0.453455
0.337265 0.491614 0.388521
0.421229 0.371559 0.596589
0.370222 0.316366 0.42431
0.649918 0.278825 0.557491
0.699243 0.262488 0.498453
0.335085 0.278102 0.465395
0.498635 0.238027 0.671127
0.457091 0.275254 0.32726
0.641586 0.304333 0.528356
0.388759 0.3997 0.562192
0.341278 0.358208 0.451401
0.420784 0.372199 0.615669
0.577182 0.363333 0.576028
0.397678 0.325817 0.557767
0.615446 0.364433 0.313831
0.336006 0.191813 0.475003
0.458195 0.333749 0.646384
0.681132 0.231625 0.529096
0.52584 0.42484 0.267789
0.434241 0.333241 0.35569
0.439848 0.334126 0.271888
0.593892 0.313474 0.329062
0.556669 0.283091 0.656961
0.540493 0.373254 0.258119
0.535779 0.53402 0.464185
0.481992 0.239999 0.65951
0.654833 0.22916 0.502188
0.515086 0.246171 0.31887
0.557894 0.359284 0.603845
0.300973 0.234566 0.484805
0.377146 0.333716 0.431919
0.63353 0.323875 0.426419
0.390478 0.531982 0.499463
0.386016 0.47201 0.661672
0.373109 0.321272 0.419992
0.418355 0.372175 0.594453
0.468898 0.301394 0.6525
0.650949 0.474903 0.583329
0.305324 0.461297 0.3964
0.56665 0.376965 0.383526
0.404237 0.340087 0.38868
0.392167 0.400489 0.288277
0.504335 0.532825 0.430115
0.424847 0.367106 0.604474
0.351036 0.327436 0.602875
0.42298 0.327631 0.308388
0.504523 0.241043 0.332597
0.396146 0.349568 0.28946
0.378687 0.346741 0.674864
0.324085 0.254991 0.453262
0.673033 0.254127 0.47938
0.527684 0.300434 0.642774
0.511523 0.234242 0.695509
0.676605 0.343413 0.601161
0.410124 0.345799 0.383275
0.390709 0.399826 0.567751
0.332118 0.220793 0.471855
0.411009 0.534105 0.451396
0.613684 0.393588 0.418899
0.598586 0.340205 0.303536
0.318043 0.238703 0.498194
0.486986 0.240918 0.669925
0.513204 0.238444 0.699574
0.561793 0.324593 0.597791
0.415102 0.376743 0.603892
0.398419 0.355545 0.401835
0.330466 0.296315 0.55025
0.509236 0.532253 0.498037
0.532554 0.495557 0.322064
0.400953 0.411615 0.283007
0.369374 0.320111 0.424095
0.500162 0.244193 0.669349
0.504583 0.277188 0.332321
0.352532 0.339042 0.632386
0.445108 0.272728 0.684688
0.498818 0.231982 0.323085
0.324923 0.260799 0.504515
0.436053 0.350458 0.613825
0.708872 0.274723 0.464847
0.594708 0.332401 0.390527
0.489419 0.292421 0.659948
0.387938 0.317693 0.568436
0.51688 0.27583 0.656299
0.489846 0.226172 0.3113
0.580202 0.394101 0.284039
0.326259 0.210866 0.469591
0.389883 0.333635 0.40251
0.565913 0.358373 0.596706
0.733495 0.327536 0.461986
0.595776 0.405723 0.387772
0.459109 0.2885 0.323795
0.47005 0.256085 0.317197
0.725998 0.299031 0.461598
0.327316 0.304404 0.532257
0.497727 0.278206 0.661235
0.327659 0.244191 0.500038
0.695314 0.265254 0.523697
0.363041 0.311491 0.412536
0.604912 0.430381 0.669941
0.590138 0.310354 0.665741
0.656737 0.221869 0.506456
0.388481 0.349088 0.542694
0.426596 0.317476 0.336119
0.375412 0.339643 0.535654
0.570168 0.295995 0.344632
0.464206 0.262611 0.667731
0.366383 0.319263 0.427733
0.56336 0.336772 0.597235
0.391972 0.384912 0.410305
0.601724 0.323272 0.566848
0.506385 0.37394 0.253716
0.43972 0.356823 0.629853
0.586718 0.368408 0.589335
0.334552 0.308357 0.535295
0.308799 0.204285 0.475247
0.463999 0.534463 0.441178
0.591658 0.432679 0.300671
0.322923 0.237372 0.464018
0.563284 0.307191 0.61149
0.509821 0.244859 0.675867
0.602095 0.314676 0.577166
0.673992 0.299656 0.483987
0.456655 0.279557 0.651071
0.40612 0.366975 0.605874
0.560729 0.349626 0.608308
0.265486 0.404152 0.451743
0.463231 0.266943 0.662736
0.535832 0.331246 0.259218
0.512505 0.531752 0.497631
0.629615 0.301458 0.548112
0.390381 0.389625 0.565508
0.484295 0.245627 0.684303
0.526757 0.522069 0.603492
0.690092 0.240781 0.514473
0.690743 0.463639 0.529629
0.527858 0.508172 0.634132
0.639682 0.311776 0.374458
0.305895 0.263242 0.453517
0.386079 0.321016 0.353631
0.502892 0.250729 0.318373
0.590949 0.306518 0.370507
0.603702 0.318748 0.572658
0.346824 0.321572 0.446776
0.370156 0.524821 0.487717
0.494091 0.247616 0.683399
0.56835 0.391121 0.370714
0.39115 0.344495 0.401966
0.362275 0.324715 0.437678
0.319409 0.24138 0.464769
0.320845 0.246436 0.464089
0.430267 0.347933 0.611489
0.669766 0.326747 0.380937
0.60796 0.516571 0.422247
0.523074 0.281859 0.657398
0.738301 0.336982 0.468239
0.299022 0.480137 0.509501
0.468251 0.248666 0.690821
0.532645 0.311903 0.333944
0.460101 0.259569 0.30116
0.441155 0.499692 0.652237
0.608236 0.364009 0.402053
0.435127 0.342249 0.344291
0.416898 0.494636 0.33564
0.430438 0.480322 0.67209
0.392129 0.379216 0.57288
0.689324 0.417151 0.584766
0.519389 0.505335 0.640182
0.389716 0.328953 0.389496
0.594783 0.328744 0.572335
0.548392 0.278823 0.664001
0.532771 0.317821 0.26305
0.404697 0.37796 0.591044
0.385864 0.308957 0.59812
0.41145 0.36003 0.608525
0.343383 0.358396 0.345488
0.311724 0.241745 0.466303
0.608365 0.313622 0.38581
0.470636 0.292592 0.724686
0.33239 0.316693 0.455324
0.530434 0.322561 0.333198
0.650041 0.273518 0.533801
0.628935 0.355794 0.432984
0.527993 0.319851 0.330224
0.68175 0.264643 0.475253
0.350118 0.329029 0.529572
0.578241 0.393506 0.376247
0.4414 0.535464 0.487255
0.397096 0.356177 0.395309
0.623618 0.513 0.489009
0.448834 0.528899 0.583843
0.521499 0.280229 0.66599
0.611969 0.381485 0.40132
0.59892 0.336994 0.568535
0.459561 0.301293 0.7204
0.438563 0.443419 0.28277
0.709812 0.386253 0.402758
0.65108 0.312368 0.448257
0.308556 0.296711 0.531057
0.419011 0.361654 0.709622
0.397806 0.310429 0.348005
0.553955 0.487196 0.323148
0.519602 0.531724 0.485015
0.674404 0.27308 0.489849
0.68659 0.260396 0.48164
0.439143 0.302289 0.30962
0.499391 0.275843 0.284529
0.462484 0.258269 0.69557
0.611152 0.34114 0.316166
0.719488 0.386726 0.422318
0.311286 0.300159 0.535449
0.291384 0.414662 0.384043
0.504505 0.471338 0.681931
0.623273 0.314909 0.400523
0.655395 0.276707 0.529618
0.648177 0.321302 0.456083
0.297963 0.315479 0.555478
0.458749 0.532097 0.524044
0.681009 0.274515 0.478765
0.466409 0.272042 0.66479
0.719257 0.382146 0.557356
0.412826 0.364934 0.375657
0.639975 0.304082 0.592604
0.494085 0.271172 0.311164
0.49197 0.265124 0.667529
0.641166 0.489425 0.560585
0.352027 0.318571 0.4378
0.637928 0.497766 0.540734
0.624549 0.427748 0.652117
0.493416 0.256948 0.681718
0.267293 0.308716 0.475511
0.494154 0.53284 0.466026
0.397611 0.369498 0.595238
0.689871 0.265697 0.481118
0.372939 0.344477 0.426878
0.455722 0.297764 0.277153
0.319209 0.312714 0.524128
0.361668 0.338813 0.543041
0.324658 0.473106 0.37777
0.446336 0.389845 0.267456
0.572512 0.438078 0.68504
0.723878 0.374419 0.427488
0.393775 0.525299 0.427217
0.327829 0.505029 0.492605
0.311002 0.492054 0.504813
0.411278 0.337137 0.600033
0.286569 0.29156 0.515285
0.608445 0.312025 0.373184
0.398292 0.327742 0.331321
0.624045 0.363035 0.409841
0.295064 0.265723 0.479761
0.647288 0.327447 0.445008
0.322221 0.436786 0.621082
0.499283 0.252959 0.694826
0.606214 0.316056 0.349157
0.311517 0.297654 0.501758
0.644387 0.333325 0.444938
0.613753 0.485791 0.608607
0.389479 0.325188 0.578796
0.455878 0.278902 0.309117
0.279712 0.29921 0.457408
0.714466 0.377544 0.411592
0.334628 0.322407 0.568214
0.411594 0.351625 0.372701
0.439877 0.451564 0.694701
0.369127 0.336541 0.396509
0.675296 0.276489 0.54149
0.502076 0.284318 0.310895
0.622021 0.359898 0.410256
0.602895 0.328029 0.575417
0.613761 0.516476 0.454342
0.675426 0.272453 0.498515
0.557796 0.500846 0.627151
0.507914 0.322179 0.262205
0.657128 0.313014 0.460817
0.629842 0.509875 0.48317
0.323943 0.32558 0.520238
0.322377 0.323479 0.518873
0.522417 0.524733 0.39294
0.672045 0.473909 0.543677
0.347204 0.364816 0.646783
0.385472 0.345999 0.555848
0.396193 0.349307 0.576587
0.439604 0.286877 0.663475
0.563974 0.403564 0.278101
0.40307 0.378096 0.379395
0.541316 0.446963 0.286845
0.651615 0.324395 0.442838
0.628818 0.351005 0.415573
0.267104 0.383425 0.446943
0.553624 0.441483 0.692468
0.340737 0.322631 0.43639
0.345058 0.347055 0.633977
0.389763 0.353487 0.56625
0.560531 0.310818 0.288372
0.673727 0.274842 0.507404
0.478852 0.271242 0.294252
0.560753 0.325387 0.618534
0.581682 0.52557 0.459232
0.523114 0.30419 0.31475
0.493025 0.298109 0.26997
0.385909 0.529002 0.494182
0.623829 0.308603 0.383348
0.6465 0.499668 0.443987
0.548334 0.502859 0.629541
0.362402 0.359801 0.429018
0.405999 0.330374 0.328691
0.529007 0.529298 0.456147
0.362028 0.335162 0.394212
0.424675 0.352578 0.276582
0.682547 0.298651 0.458756
0.475475 0.264017 0.686462
0.659279 0.473665 0.385035
0.677188 0.281363 0.54214
0.566398 0.342634 0.370879
0.428442 0.339859 0.624682
0.669855 0.428252 0.607489
0.502863 0.285496 0.279269
0.266165 0.326918 0.484599
0.463869 0.281627 0.664117
0.296025 0.302525 0.514265
0.408135 0.354872 0.371066
0.356108 0.32852 0.422828
0.676756 0.303437 0.432015
0.433619 0.452104 0.691492
0.594251 0.396253 0.294649
0.512872 0.266222 0.695472
0.59365 0.334015 0.312166
0.398459 0.358454 0.59054
0.364779 0.331448 0.409909
0.505197 0.272343 0.701554
0.401479 0.356163 0.381082
0.581605 0.308425 0.63194
0.580217 0.329933 0.373241
0.431251 0.323649 0.319617
0.628203 0.494659 0.562785
0.348635 0.332037 0.574937
0.696838 0.285072 0.504029
0.512532 0.275378 0.702671
0.707173 0.433883 0.544914
0.674082 0.30571 0.441464
0.321712 0.311673 0.450925
0.318604 0.347652 0.595077
0.504333 0.275104 0.704654
0.33371 0.325952 0.540977
0.681581 0.264427 0.520889
0.587505 0.376744 0.291771
0.66351 0.288716 0.555586
0.479549 0.527549 0.54486
0.419181 0.315343 0.640384
0.627294 0.490105 0.376814
0.309031 0.30307 0.545743
0.447726 0.290633 0.64876
0.666503 0.267637 0.524876
0.383403 0.361582 0.392965
0.482303 0.530005 0.450156
0.575525 0.313599 0.674682
0.432396 0.298657 0.669658
0.381663 0.339784 0.576213
0.687621 0.303129 0.430105
0.659322 0.376778 0.62186
0.319966 0.318626 0.449954
0.415209 0.343697 0.342848
0.715131 0.301505 0.532666
0.5884 0.309745 0.635985
0.304733 0.308615 0.528764
0.487852 0.527225 0.515781
0.473778 0.300061 0.273046
0.452975 0.329048 0.272149
0.311318 0.300381 0.453345
0.307681 0.333045 0.5662
0.692258 0.461225 0.502681
0.37823 0.527547 0.523848
0.398614 0.361507 0.380987
0.493744 0.271146 0.698892
0.673829 0.313032 0.458173
0.312436 0.304053 0.454516
0.391239 0.330542 0.601019
0.484894 0.28718 0.285041
0.570301 0.385454 0.706975
0.403351 0.322324 0.641477
0.618784 0.45143 0.638335
0.47579 0.531387 0.419785
0.486458 0.526381 0.541221
0.585812 0.312903 0.627772
0.601147 0.355832 0.582708
0.450234 0.527237 0.582253
0.259044 0.366536 0.489153
0.37896 0.332263 0.579526
0.702297 0.318493 0.427879
0.347217 0.338111 0.576612
0.487256 0.527746 0.493184
0.385229 0.354018 0.384593
0.45342 0.277716 0.684123
0.573793 0.355122 0.706388
0.712278 0.339438 0.422931
0.323998 0.344656 0.380002
0.48135 0.324106 0.264176
0.361125 0.344221 0.358381
0.485844 0.52812 0.487776
0.526471 0.290181 0.296314
0.391278 0.360079 0.604264
0.392203 0.43601 0.300268
0.600817 0.4961 0.596731
0.550253 0.311077 0.65072
0.28593 0.290493 0.472486
0.699782 0.329387 0.418046
0.535922 0.298322 0.304673
0.635442 0.333521 0.407215
0.561295 0.305918 0.29764
0.289563 0.456751 0.536978
0.68218 0.297404 0.503265
0.46575 0.292995 0.667632
0.40681 0.347164 0.352467
0.482148 0.523595 0.595613
0.564547 0.329299 0.285892
0.310624 0.331467 0.43243
0.401107 0.331991 0.36239
0.343038 0.348493 0.35808
0.691786 0.301789 0.461765
0.515621 0.35899 0.255104
0.433395 0.382869 0.274103
0.401165 0.331575 0.621671
0.356306 0.359707 0.419037
0.577238 0.316417 0.324763
0.41902 0.314017 0.661628
0.308744 0.3448 0.572879
0.674735 0.328493 0.458373
0.685321 0.292573 0.514218
0.506633 0.307143 0.719411
0.655712 0.489843 0.507694
0.691894 0.449457 0.422435
0.355984 0.493801 0.380146
0.561695 0.524544 0.469292
0.375961 0.364805 0.59607
0.376334 0.368535 0.390973
0.66203 0.340025 0.599384
0.577204 0.521574 0.525678
0.612329 0.49447 0.372977
0.470269 0.523119 0.598315
0.479749 0.528117 0.457673
0.369274 0.34842 0.388572
0.66489 0.293731 0.55093
0.271192 0.386723 0.53092
0.617912 0.34938 0.326263
0.426394 0.529473 0.436611
0.64269 0.31614 0.576006
0.380622 0.380235 0.381915
0.378621 0.334465 0.34075
0.324151 0.496514 0.451237
0.615838 0.348318 0.580429
0.276863 0.438005 0.494918
0.552206 0.520831 0.418469
0.586027 0.52086 0.509663
0.652848 0.31527 0.390319
0.278024 0.337802 0.538828
0.620825 0.327865 0.389756
0.610993 0.516133 0.47673
0.454953 0.285415 0.696572
0.450097 0.410113 0.27134
0.662432 0.485097 0.418874
0.331311 0.344439 0.605903
0.312312 0.350735 0.400051
0.693556 0.32292 0.477282
0.460392 0.280627 0.693039
0.52716 0.31325 0.717732
0.310353 0.485246 0.455839
0.620201 0.506187 0.411237
0.570791 0.307808 0.660226
0.316714 0.331521 0.44146
0.353775 0.35141 0.411016
0.549547 0.309077 0.309757
0.531141 0.292219 0.686326
0.534603 0.296834 0.696535
0.510385 0.308046 0.286185
0.528787 0.378102 0.262186
0.710127 0.396409 0.4106
0.313831 0.352269 0.388887
0.563369 0.507985 0.371496
0.374274 0.358765 0.383701
0.46551 0.426076 0.717334
0.709164 0.30008 0.482403
0.593457 0.520943 0.468473
0.332518 0.338649 0.392924
0.533022 0.327925 0.720884
0.3218 0.495309 0.540169
0.692552 0.30724 0.497563
0.403662 0.332352 0.638608
0.467269 0.289659 0.711695
0.392252 0.346601 0.612416
0.54551 0.303117 0.301142
0.549455 0.520644 0.425602
0.593065 0.516949 0.425086
0.335209 0.329085 0.564526
0.379517 0.339218 0.356733
0.417014 0.326806 0.670686
0.419203 0.529529 0.555596
0.596657 0.495067 0.363227
0.377993 0.345527 0.609303
0.692472 0.319332 0.496315
0.675192 0.343021 0.381501
0.545783 0.319929 0.708643
0.727787 0.407334 0.45915
0.583901 0.513858 0.402828
0.268063 0.404197 0.4583
0.491367 0.334761 0.264839
0.304547 0.325879 0.447676
0.442687 0.297701 0.678046
0.485056 0.359118 0.258274
0.588968 0.440624 0.310186
0.509766 0.469385 0.678773
0.637388 0.423488 0.637219
0.371409 0.357055 0.372931
0.28143 0.389458 0.426111
0.439365 0.307321 0.655153
0.317021 0.327102 0.560408
0.290484 0.361306 0.421903
0.484379 0.525134 0.479081
0.43135 0.354691 0.277909
0.274037 0.416247 0.443229
0.706907 0.304632 0.491029
0.328606 0.4171 0.6363
0.609901 0.333433 0.365291
0.308303 0.446482 0.383637
0.330409 0.461492 0.365798
0.606758 0.509606 0.407318
0.488533 0.287383 0.697915
0.336983 0.346799 0.417463
0.455314 0.523784 0.588857
0.487842 0.295783 0.685143
0.28181 0.306704 0.474493
0.265879 0.397498 0.491296
0.600936 0.335428 0.602617
0.369541 0.34381 0.613105
0.263512 0.381054 0.488081
0.690635 0.317268 0.512947
0.4194 0.53119 0.494206
0.561019 0.321557 0.692699
0.39845 0.510931 0.384628
0.557757 0.516578 0.41062
0.514613 0.313678 0.692296
0.608734 0.348346 0.59603
0.284204 0.314486 0.495776
0.642255 0.334529 0.579058
0.386107 0.50816 0.388525
0.671362 0.460285 0.560811
0.462035 0.525823 0.462512
0.695356 0.339379 0.411016
0.489344 0.302067 0.687348
0.268244 0.416208 0.469132
0.688675 0.311129 0.52202
0.317572 0.348704 0.432719
0.596515 0.334306 0.648546
0.693728 0.319389 0.503471
0.3474 0.349783 0.602712
0.301185 0.471007 0.542108
0.379322 0.342514 0.335892
0.386681 0.342557 0.648902
0.705191 0.329611 0.554489
0.36344 0.45959 0.648528
0.328507 0.353283 0.593075
0.336929 0.422331 0.644221
0.386982 0.42042 0.684451
0.489482 0.306235 0.687126
0.373582 0.356111 0.605008
0.677297 0.334797 0.395745
0.669998 0.318308 0.570262
0.333314 0.34985 0.408107
0.494929 0.399819 0.267482
0.568418 0.51845 0.4412
0.364877 0.361184 0.357795
0.688034 0.314127 0.528
0.618752 0.349103 0.659781
0.57222 0.329153 0.680155
0.697158 0.337305 0.418198
0.53496 0.518572 0.428055
0.292732 0.322027 0.51013
0.452926 0.438709 0.705143
0.318795 0.333413 0.561088
0.557556 0.480393 0.648295
0.267955 0.386643 0.50161
0.56603 0.319683 0.664678
0.401585 0.37192 0.293495
0.339746 0.35412 0.572824
0.639325 0.346527 0.613388
0.272768 0.415307 0.515733
0.571052 0.409052 0.288164
0.650943 0.33088 0.568881
0.526969 0.519604 0.508724
0.526492 0.51917 0.518127
0.734285 0.352597 0.505485
0.388671 0.401178 0.684175
0.526091 0.39408 0.723636
0.39509 0.359877 0.330001
0.653089 0.428971 0.345938
0.388387 0.361839 0.303166
0.667662 0.322068 0.418181
0.623171 0.374803 0.328338
0.295581 0.320226 0.538067
0.655383 0.324828 0.568877
0.667019 0.402978 0.357607
0.397759 0.525707 0.461544
0.549617 0.319479 0.679142
0.643107 0.344244 0.599514
0.275438 0.322931 0.489152
0.382425 0.357683 0.624751
0.305595 0.384753 0.584627
0.679035 0.318301 0.550987
0.375941 0.370903 0.316175
0.583349 0.338303 0.672675
0.455748 0.431645 0.278168
0.514055 0.519205 0.444742
0.47405 0.364187 0.261747
0.723525 0.335149 0.521006
0.352055 0.361148 0.606001
0.274927 0.413484 0.530132
0.674062 0.319865 0.554063
0.709868 0.423443 0.430241
0.377214 0.352769 0.656199
0.289006 0.408615 0.406876
0.294569 0.438362 0.565225
0.287662 0.416742 0.565614
0.432569 0.329205 0.686418
0.696996 0.318342 0.452225
0.371964 0.35158 0.333775
0.290926 0.322981 0.517406
0.519748 0.40827 0.272031
0.44025 0.312463 0.668934
0.721544 0.320417 0.477134
0.351421 0.370526 0.34733
0.594787 0.388124 0.68186
0.38582 0.524926 0.509802
0.681125 0.369641 0.584288
0.408774 0.528852 0.515766
0.727432 0.335549 0.494276
0.477586 0.520157 0.541276
0.517357 0.51951 0.483294
0.641672 0.444619 0.618047
0.52648 0.506729 0.348767
0.679859 0.468823 0.480707
0.591328 0.414211 0.677935
0.566983 0.518129 0.510014
0.275769 0.382758 0.444574
0.317044 0.363677 0.392733
0.720572 0.32574 0.461561
0.678862 0.329139 0.562355
0.475675 0.326545 0.717842
0.510737 0.517785 0.450023
0.628405 0.365144 0.343454
0.286163 0.437838 0.543812
0.550928 0.329216 0.685392
0.430804 0.361054 0.303178
0.628418 0.471708 0.602894
0.612622 0.430977 0.652366
0.278562 0.338613 0.511331
0.497311 0.520129 0.39358
0.613705 0.351038 0.653401
0.458283 0.307154 0.683797
0.267613 0.396488 0.466618
0.670969 0.338362 0.42984
0.444828 0.31426 0.676812
0.42255 0.376405 0.286273
0.500904 0.457375 0.291536
0.512382 0.475343 0.669347
0.284978 0.33494 0.495426
0.44071 0.45532 0.687606
0.65502 0.334506 0.398295
0.456088 0.523304 0.474064
0.342656 0.369468 0.604411
0.300613 0.331246 0.541914
0.606625 0.489775 0.594703
0.707231 0.325944 0.480635
0.655231 0.353141 0.588542
0.468164 0.424353 0.715978
0.309151 0.479334 0.542392
0.716654 0.381868 0.427123
0.52672 0.515416 0.594073
0.453046 0.415658 0.27596
0.385387 0.363604 0.647943
0.29541 0.364334 0.433243
0.437001 0.496066 0.647594
0.676281 0.3347 0.56065
0.67182 0.338359 0.566778
0.489744 0.517254 0.465636
0.336823 0.487262 0.58132
0.575094 0.516794 0.464029
0.592364 0.398797 0.303344
0.617574 0.354672 0.619647
0.504283 0.326199 0.712818
0.589188 0.353267 0.314045
0.668894 0.337733 0.423464
0.547602 0.350798 0.713718
0.310002 0.416633 0.605787
0.452641 0.356847 0.279236
0.618178 0.353313 0.347062
0.651031 0.359926 0.581959
0.289286 0.344558 0.517292
0.646004 0.365181 0.364771
0.397907 0.351744 0.665747
0.510182 0.323759 0.708898
0.43693 0.392638 0.280616
0.445786 0.324533 0.692602
0.67397 0.348702 0.575343
0.466067 0.317319 0.709721
0.708686 0.336807 0.437214
0.516589 0.348783 0.275524
0.476908 0.517854 0.508811
0.458041 0.483185 0.313221
0.531575 0.350278 0.274374
0.590669 0.359872 0.658665
0.348927 0.371021 0.616166
0.55468 0.328795 0.688075
0.359993 0.366819 0.623278
0.682339 0.350657 0.572011
0.277168 0.392599 0.524212
0.277608 0.356108 0.463459
0.591473 0.353002 0.330213
0.324527 0.370522 0.578803
0.517931 0.491852 0.646411
0.465077 0.518487 0.475509
0.588464 0.432483 0.309598
0.292505 0.384012 0.423518
0.606805 0.508534 0.434033
0.504947 0.354503 0.722926
0.43957 0.371176 0.282909
0.70896 0.437508 0.475936
0.614217 0.362539 0.635519
0.7035 0.435458 0.445899
0.527284 0.5153 0.562883
0.447213 0.418058 0.280282
0.518555 0.484456 0.655728
0.708562 0.326255 0.455467
0.583601 0.371131 0.304016
0.452161 0.443739 0.28739
0.714457 0.339563 0.520787
0.517874 0.364068 0.273145
0.587453 0.407175 0.678681
0.442073 0.367076 0.288731
0.716517 0.361062 0.430081
0.460601 0.510971 0.359332
0.598232 0.399733 0.672361
0.269022 0.376136 0.483623
0.296927 0.449168 0.431652
0.612881 0.363103 0.347058
0.418658 0.521414 0.420122
0.34801 0.47121 0.364583
0.665633 0.353675 0.381276
0.544381 0.512415 0.578567
0.587561 0.413792 0.301012
0.439917 0.515261 0.381971
0.363646 0.371805 0.643618
0.328539 0.4748 0.391109
0.28056 0.365243 0.50946
0.473752 0.515759 0.466157
0.507158 0.341554 0.708377
0.456143 0.518848 0.477491
0.443537 0.502681 0.350768
0.719952 0.399937 0.446665
0.704675 0.341663 0.528391
0.653134 0.4533 0.591995
0.570934 0.355221 0.681873
0.562218 0.505742 0.385222
0.593168 0.503768 0.392878
0.461378 0.518522 0.455871
0.58052 0.356508 0.313424
0.648637 0.445484 0.606189
0.378738 0.380881 0.668367
0.302235 0.39082 0.407678
0.659616 0.368978 0.580032
0.684738 0.342362 0.426506
0.707653 0.386941 0.55526
0.711304 0.342684 0.520881
0.651185 0.377234 0.581796
0.581875 0.396141 0.300959
0.4487 0.386618 0.279319
0.523686 0.360406 0.279111
0.364608 0.417905 0.321901
0.565784 0.508695 0.567057
0.68219 0.431295 0.569812
0.672016 0.360619 0.574582
0.379263 0.378191 0.65171
0.585567 0.509495 0.410469
0.413577 0.375504 0.693696
0.596237 0.499172 0.38294
0.447062 0.335885 0.688966
0.703575 0.347688 0.51836
0.34596 0.395385 0.639753
0.597076 0.372005 0.321291
0.60467 0.374273 0.654879
0.531562 0.511416 0.409554
0.542462 0.487539 0.640003
0.427542 0.523284 0.474226
0.505729 0.515677 0.40386
0.689399 0.36337 0.564192
0.709276 0.420558 0.441031
0.475906 0.520751 0.416374
0.719448 0.358763 0.52948
0.351208 0.388454 0.63725
0.275615 0.377468 0.472757
0.291132 0.440635 0.453974
0.458099 0.516019 0.534397
0.7326 0.378707 0.475929
0.412706 0.507387 0.377859
0.540622 0.457615 0.672416
0.585899 0.396066 0.678559
0.593146 0.504694 0.554116
0.505864 0.364555 0.720341
0.318867 0.405622 0.373091
0.613085 0.38524 0.340367
0.677647 0.459707 0.528615
0.704078 0.343691 0.4431
0.284369 0.424361 0.456284
0.583351 0.416576 0.301799
0.634288 0.396808 0.370285
0.482186 0.515617 0.586978
0.39591 0.382726 0.663277
0.511778 0.354742 0.714116
0.71717 0.35345 0.524751
0.477505 0.401478 0.718589
0.273762 0.385689 0.469388
0.435212 0.454348 0.302267
0.729059 0.355772 0.475149
0.288675 0.436741 0.467984
0.628351 0.412145 0.331376
0.40708 0.507864 0.385957
0.55076 0.508258 0.414202
0.286026 0.407995 0.539731
0.384763 0.516247 0.469565
0.647861 0.395117 0.607668
0.447079 0.51686 0.537925
0.704058 0.434158 0.503221
0.307454 0.394745 0.417153
0.600067 0.408428 0.662597
0.30869 0.437884 0.393432
0.635282 0.388717 0.365337
0.441713 0.353517 0.691696
0.668424 0.470847 0.444887
0.723587 0.390821 0.506477
0.647912 0.406565 0.594752
0.522001 0.510625 0.384943
0.469148 0.512798 0.473074
0.290284 0.44432 0.529248
0.347655 0.505374 0.49225
0.291153 0.420216 0.437614
0.315922 0.473151 0.558508
0.623682 0.448582 0.624011
0.621965 0.382743 0.63561
0.34793 0.414963 0.648096
0.510939 0.506981 0.613077
0.525771 0.510285 0.474785
0.344222 0.500875 0.466921
0.554009 0.411407 0.697508
0.382048 0.465331 0.337996
0.432637 0.370388 0.702588
0.430641 0.40166 0.292224
0.627678 0.399721 0.356354
0.720378 0.353679 0.480238
0.466197 0.380393 0.28245
0.300022 0.445026 0.447165
0.434177 0.366217 0.687275
0.301461 0.410425 0.564977
0.622117 0.489381 0.388846
0.304356 0.451478 0.443893
0.327651 0.489654 0.468007
0.343477 0.424502 0.6227
0.500974 0.373902 0.71641
0.562541 0.501865 0.383184
0.578201 0.408018 0.677694
0.721621 0.362766 0.489774
0.5625 0.413796 0.688649
0.414013 0.43876 0.304524
0.383019 0.401053 0.65684
0.462492 0.384315 0.715382
0.698555 0.363496 0.431269
0.29393 0.41547 0.439701
0.318663 0.416959 0.584575
0.30256 0.453292 0.459669
0.610601 0.392665 0.646158
0.681801 0.375627 0.566823
0.410421 0.386577 0.683406
0.334809 0.421198 0.629245
0.663794 0.419373 0.362607
0.485745 0.4744 0.309153
0.606289 0.422165 0.318472
0.6899 0.363545 0.552989
0.645443 0.406285 0.606373
0.72346 0.362127 0.467788
0.61081 0.397365 0.334662
0.562813 0.39609 0.296954
0.537409 0.405586 0.286081
0.489415 0.388624 0.287553
0.446061 0.420311 0.288437
0.704555 0.363522 0.545139
0.408252 0.388858 0.682479
0.387022 0.407632 0.657833
0.447311 0.413154 0.292628
0.506481 0.391701 0.292695
0.663371 0.471623 0.41818
0.601306 0.501996 0.40978
0.308311 0.467334 0.48111
0.487545 0.508912 0.500381
0.688881 0.373445 0.557057
0.563046 0.509809 0.497108
0.416399 0.502021 0.624631
0.659868 0.456752 0.561938
0.581755 0.420752 0.307403
0.361593 0.431161 0.654093
0.401098 0.518524 0.49938
0.666674 0.451384 0.559277
0.716635 0.366337 0.465205
0.578149 0.387231 0.669532
0.708932 0.364138 0.452504
0.597453 0.404195 0.328981
0.461156 0.362967 0.704511
0.579994 0.509112 0.461683
0.441384 0.420031 0.293469
0.479183 0.509118 0.506862
0.683521 0.446205 0.429719
0.45322 0.454438 0.684434
0.660356 0.471298 0.513583
0.662926 0.424544 0.364863
0.507136 0.510464 0.39522
0.60514 0.495734 0.390956
0.422383 0.421227 0.691041
0.455958 0.511978 0.470624
0.711035 0.371232 0.467043
0.409158 0.513142 0.411118
0.343465 0.474578 0.605601
0.508956 0.370224 0.707038
0.634902 0.493289 0.46786
0.305248 0.455205 0.543058
0.454186 0.510375 0.521396
0.323869 0.46267 0.404502
0.663415 0.409604 0.384524
0.562856 0.387009 0.683576
0.312233 0.469685 0.487585
0.697535 0.437982 0.478642
0.426641 0.465459 0.668236
0.353549 0.506094 0.534536
0.481409 0.466546 0.307043
0.475748 0.511274 0.584226
0.564181 0.505015 0.561377
0.297778 0.434264 0.506405
0.550014 0.508528 0.519689
0.458013 0.371101 0.705403
0.311211 0.452828 0.559784
0.563124 0.509023 0.516296
0.303179 0.416538 0.436109
0.659904 0.415259 0.575688
0.58469 0.50876 0.497059
0.556368 0.507654 0.481846
0.490443 0.422146 0.704682
0.547214 0.508318 0.515697
0.649007 0.425608 0.590733
0.560151 0.418224 0.300182
0.713593 0.413045 0.476974
0.295917 0.423487 0.457456
0.344115 0.490953 0.439528
0.507809 0.506271 0.476238
0.695206 0.411346 0.545931
0.656908 0.452543 0.571568
0.614374 0.500022 0.460578
0.699548 0.367521 0.532672
0.36967 0.512325 0.527982
0.441643 0.411945 0.69951
0.516052 0.412578 0.290242
0.323859 0.458975 0.406983
0.44513 0.510956 0.55967
0.573509 0.504746 0.551475
0.668705 0.411206 0.407131
0.408949 0.422074 0.678536
0.307228 0.454747 0.504629
0.428805 0.440802 0.312683
0.661923 0.465129 0.516929
0.407701 0.466903 0.660388
0.35536 0.445292 0.375563
0.419341 0.437891 0.679828
0.541842 0.383576 0.69735
0.683735 0.391553 0.418759
0.572907 0.408991 0.315731
0.599677 0.460886 0.62579
0.34394 0.466627 0.60763
0.428982 0.469987 0.326823
0.659437 0.410627 0.563355
0.570703 0.505927 0.464309
0.332453 0.489743 0.498703
0.447981 0.468934 0.317582
0.50198 0.418728 0.302769
0.674816 0.418779 0.391801
0.645105 0.428508 0.374566
0.537742 0.487206 0.631559
0.622769 0.430447 0.625263
0.66751 0.423407 0.571348
0.615023 0.462874 0.611642
0.408591 0.511497 0.417314
0.415438 0.515294 0.501019
0.497394 0.383968 0.69723
0.314759 0.456661 0.555966
0.594128 0.419307 0.648957
0.321835 0.453937 0.405518
0.66597 0.4173 0.387299
0.30746 0.434635 0.542162
0.320411 0.475496 0.524802
0.702232 0.386806 0.444181
0.688778 0.388305 0.547354
0.380188 0.448995 0.354378
0.642329 0.467575 0.555589
0.311933 0.457552 0.508507
0.708716 0.392753 0.507389
0.487019 0.46292 0.311285
0.303008 0.436875 0.465199
0.335109 0.453982 0.592939
0.565561 0.495086 0.386302
0.337843 0.451905 0.385737
0.458169 0.506454 0.544279
0.450746 0.507348 0.541543
0.304494 0.429736 0.481585
0.376596 0.505014 0.477926
0.562697 0.399465 0.673132
0.513352 0.450242 0.676402
0.571832 0.426899 0.665036
0.439165 0.445683 0.680681
0.410385 0.511189 0.580966
0.557846 0.499981 0.43312
0.491649 0.501657 0.611551
0.304407 0.428332 0.459726
0.361263 0.498878 0.470551
0.461507 0.427628 0.698948
0.52378 0.500143 0.448398
0.540456 0.439763 0.676454
0.3283 0.477511 0.459737
0.364315 0.433714 0.633831
0.333014 0.481746 0.554947
0.6823 0.380394 0.546276
0.323177 0.479068 0.5208
0.586889 0.491913 0.584271
0.46797 0.439908 0.301302
0.484586 0.386401 0.699465
0.327488 0.478429 0.518476
0.370185 0.490304 0.599638
0.690209 0.435645 0.467812
0.575583 0.504914 0.491692
0.655912 0.467267 0.502709
0.314152 0.452303 0.513516
0.695866 0.383357 0.523882
0.510309 0.502913 0.409083
0.672036 0.393079 0.548438
0.479783 0.453584 0.310475
0.586191 0.447963 0.335611
0.698616 0.424035 0.474829
0.317484 0.459436 0.53141
0.402898 0.509928 0.539081
0.651022 0.443595 0.378322
0.653406 0.472856 0.431601
0.386989 0.505613 0.565359
0.663864 0.460814 0.498697
0.310237 0.448112 0.467256
0.337658 0.485762 0.49193
0.356097 0.475346 0.606898
0.346395 0.48659 0.56295
0.67134 0.414123 0.55362
0.513535 0.436713 0.309371
0.685495 0.384326 0.517228
0.581522 0.504631 0.490499
0.42134 0.417187 0.673961
0.592188 0.439191 0.342931
0.502012 0.425458 0.693256
0.589588 0.503528 0.504014
0.449018 0.506715 0.579995
0.358825 0.455584 0.625408
0.373239 0.505189 0.520206
0.669711 0.443465 0.406009
0.689878 0.418967 0.530977
0.612247 0.443693 0.617687
0.359098 0.468182 0.383828
0.391266 0.466553 0.643914
0.424609 0.4903 0.629708
0.593552 0.500508 0.493875
0.424475 0.507344 0.518325
0.32175 0.446165 0.515883
0.466994 0.4775 0.329678
0.659827 0.434616 0.40572
0.627329 0.439667 0.57944
0.391593 0.442508 0.62032
0.527412 0.496233 0.419112
0.658466 0.440835 0.557566
0.685099 0.395908 0.447664
0.481144 0.467808 0.322865
0.427063 0.420758 0.664691
0.665866 0.458283 0.461679
0.684421 0.401413 0.436497
0.582349 0.45012 0.340491
0.572337 0.416103 0.647072
0.59061 0.500986 0.482678
0.698247 0.413647 0.48306
0.407347 0.451304 0.660857
0.399085 0.506126 0.492462
0.524462 0.485442 0.34123
0.658162 0.437229 0.402438
0.557367 0.412267 0.667852
0.318868 0.457454 0.47845
0.44644 0.503007 0.500644
0.420741 0.499039 0.612048
0.333222 0.47463 0.455655
0.371129 0.442783 0.632919
0.499806 0.457284 0.319026
0.353332 0.450452 0.60764
0.570405 0.441096 0.648959
0.489991 0.39765 0.691852
0.4454 0.503212 0.509767
0.371029 0.464422 0.624404
0.4233 0.507863 0.434916
0.593561 0.442058 0.607924
0.694199 0.404518 0.454947
0.444206 0.478159 0.34386
0.329315 0.44637 0.516593
0.592287 0.464024 0.356764
0.434664 0.493807 0.368071
0.52013 0.453208 0.326647
0.340437 0.479232 0.490453
0.397613 0.503784 0.434251
0.646906 0.471096 0.415466
0.586321 0.435174 0.619549
0.58367 0.458432 0.350383
0.654515 0.463348 0.417499
0.673222 0.392569 0.53489
0.587626 0.459952 0.619493
0.585 0.450003 0.355093
0.6565 0.439208 0.553539
0.629391 0.449071 0.406298
0.674791 0.443839 0.487812
0.45987 0.501125 0.5735
0.470595 0.497234 0.506158
0.584619 0.481919 0.59512
0.364322 0.495159 0.512004
0.599235 0.47287 0.597583
0.432339 0.503193 0.550348
0.328112 0.463554 0.514683
0.366378 0.449814 0.614535
0.577323 0.478495 0.364408
0.496432 0.497501 0.374572
0.412841 0.477899 0.35661
0.609747 0.466542 0.368491
0.635127 0.470239 0.540495
0.428067 0.449016 0.666021
0.389861 0.469033 0.364925
0.345375 0.478555 0.496315
0.418046 0.504754 0.477102
0.461765 0.502111 0.447285
0.694331 0.397084 0.470312
0.61461 0.456805 0.378821
0.674618 0.396547 0.515915
0.365139 0.482737 0.583494
0.549467 0.410741 0.649965
0.541822 0.486979 0.37055
0.627619 0.480978 0.440963
0.332929 0.460839 0.508371
0.670864 0.436786 0.51054
0.613014 0.484236 0.541206
0.678047 0.412118 0.52736
0.413173 0.458303 0.354347
0.652057 0.41609 0.543608
0.493402 0.49512 0.505022
0.619043 0.483529 0.508218
0.547589 0.488187 0.437214
0.492508 0.466963 0.336969
0.501546 0.487825 0.355997
0.489823 0.456945 0.66409
0.575408 0.463021 0.354123
0.562025 0.429041 0.648764
0.400923 0.459712 0.362656
0.637403 0.474247 0.414723
0.42725 0.451453 0.350925
0.535182 0.415415 0.672387
0.658472 0.445548 0.536992
0.427597 0.428697 0.641678
0.371583 0.494822 0.516943
0.565406 0.490198 0.4364
0.547355 0.490035 0.458603
0.569731 0.490981 0.430417
0.637808 0.458801 0.395207
0.553062 0.495582 0.573676
0.351247 0.477964 0.494975
0.673626 0.406329 0.515996
0.432502 0.495801 0.594538
0.421485 0.46931 0.359086
0.456933 0.493676 0.525122
0.669447 0.402776 0.514489
0.384739 0.492014 0.411487
0.624903 0.47631 0.510794
0.392697 0.450156 0.62033
0.679995 0.401872 0.500158
0.39419 0.451073 0.631914
0.392517 0.49653 0.416315
0.356857 0.466733 0.573344
0.633443 0.465677 0.403775
0.399529 0.447121 0.626883
0.41173 0.490274 0.609
0.568873 0.459797 0.621765
0.467382 0.492493 0.51077
0.617774 0.480615 0.522768
0.616301 0.448166 0.575771
0.488025 0.484586 0.622808
0.561667 0.429453 0.641587
0.478876 0.496155 0.589264
0.648189 0.41668 0.537448
0.368962 0.47329 0.425413
0.47713 0.466711 0.346817
0.363411 0.452163 0.578152
0.438758 0.454499 0.352369
0.504604 0.410193 0.670612
0.487733 0.495687 0.444139
0.428846 0.498312 0.519259
0.377202 0.492438 0.504776
0.565531 0.488095 0.45829
0.399601 0.496914 0.56848
0.402245 0.446598 0.633786
0.668924 0.426553 0.523489
0.432706 0.457787 0.374663
0.663055 0.41594 0.524399
0.556417 0.423379 0.632452
0.434057 0.476799 0.367113
0.675598 0.407804 0.491292
0.666487 0.418501 0.514818
0.538235 0.47682 0.614323
0.393647 0.493505 0.498419
0.388246 0.477713 0.40052
0.524597 0.484699 0.444291
0.622055 0.452104 0.420874
0.402674 0.494614 0.55229
0.352294 0.446791 0.495131
0.643458 0.409889 0.521266
0.487346 0.467282 0.643409
0.429239 0.464315 0.641761
0.478109 0.489135 0.510246
0.468438 0.4545 0.351231
0.485439 0.495052 0.405186
0.494904 0.419221 0.668984
0.372443 0.486656 0.497094
0.58341 0.463679 0.370692
0.636845 0.468421 0.448305
0.605338 0.442846 0.567695
0.651081 0.414186 0.529539
0.493839 0.488983 0.501093
0.655934 0.439538 0.441034
0.636356 0.468829 0.478294
0.4494 0.453896 0.65607
0.624132 0.459487 0.4091
0.364297 0.442882 0.555541
0.535166 0.492747 0.578104
0.486026 0.486799 0.610365
0.360639 0.478833 0.458361
0.573739 0.479235 0.385354
0.452488 0.495634 0.394298
0.364714 0.472143 0.553275
0.646003 0.433334 0.535393
0.409576 0.49706 0.460341
0.447855 0.482535 0.378492
0.494628 0.485966 0.471458
0.65101 0.442465 0.513222
0.356455 0.461934 0.476913
0.55968 0.478232 0.390419
0.359864 0.468553 0.469469
0.376957 0.485916 0.454838
0.628839 0.469294 0.444878
0.458289 0.426509 0.659573
0.622634 0.457345 0.422455
0.384259 0.487756 0.434794
0.629405 0.464423 0.517217
0.447015 0.437666 0.652705
0.396293 0.481485 0.404199
0.423178 0.492503 0.549554
0.400613 0.465399 0.620086
0.422844 0.437886 0.583207
0.612547 0.459921 0.412277
0.642088 0.458764 0.445991
0.427659 0.437417 0.618342
0.603278 0.453576 0.417434
0.659064 0.429622 0.45904
0.493628 0.438019 0.659131
0.576213 0.487457 0.557924
0.449437 0.452663 0.650379
0.366634 0.463888 0.563323
0.469868 0.433432 0.666387
0.539573 0.445512 0.354612
0.413622 0.447129 0.587089
0.465938 0.409816 0.653183
0.591214 0.435794 0.563552
0.427191 0.492269 0.522547
0.624025 0.462762 0.546517
0.385772 0.48492 0.448938
0.619293 0.448154 0.553079
0.570799 0.488956 0.526208
0.462548 0.483982 0.38972
0.366188 0.444982 0.472842
0.620337 0.467151 0.516392
0.496771 0.439307 0.650964
0.427098 0.466607 0.390925
0.363486 0.45734 0.508624
0.581634 0.470292 0.39098
0.545475 0.482173 0.487657
0.450524 0.491453 0.45782
0.588299 0.465741 0.583352
0.440402 0.479291 0.608996
0.372936 0.475033 0.511148
0.467085 0.407715 0.645213
0.586036 0.480212 0.560307
0.438316 0.482345 0.388626
0.656817 0.436258 0.482372
0.498618 0.402878 0.644904
0.535299 0.474819 0.605474
0.654134 0.435635 0.490909
0.481245 0.486815 0.559092
0.630101 0.44384 0.447723
0.590572 0.458428 0.584412
0.495065 0.485077 0.439011
0.510287 0.47644 0.375625
0.632404 0.45885 0.443551
0.648498 0.429039 0.506196
0.624614 0.461876 0.53288
0.483595 0.486432 0.454284
0.478293 0.4868 0.399859
0.372824 0.475924 0.467413
0.644125 0.443207 0.509643
0.621613 0.452718 0.551088
0.441337 0.491919 0.463982
0.395974 0.484029 0.445402
0.496325 0.394674 0.634079
0.514695 0.407267 0.6401
0.528415 0.436213 0.639391
0.50304 0.477312 0.598239
0.605654 0.472715 0.519651
0.499062 0.477166 0.478881
0.382439 0.471345 0.552787
0.497913 0.473198 0.382575
0.642136 0.429914 0.471419
0.529728 0.429858 0.640974
0.536568 0.424449 0.637143
0.415732 0.460584 0.611024
0.428053 0.49083 0.448667
0.371318 0.458008 0.475542
0.502505 0.417749 0.645776
0.400589 0.466051 0.420136
0.540316 0.413176 0.598927
0.37026 0.43627 0.53102
0.605463 0.432397 0.542464
0.512116 0.477376 0.448401
0.375898 0.467838 0.53945
0.411716 0.488034 0.422352
0.444966 0.459141 0.384689
0.542945 0.426723 0.629491
0.411337 0.483519 0.412299
0.485823 0.416948 0.650134
0.47982 0.479095 0.477523
0.514508 0.467158 0.615124
0.451752 0.416165 0.609991
0.50756 0.478348 0.435002
0.631708 0.416854 0.470234
0.390969 0.48266 0.462259
0.485769 0.449203 0.642072
0.374364 0.466203 0.535354
0.505417 0.478842 0.431176
0.383958 0.465995 0.522298
0.388287 0.45208 0.554141
0.595111 0.431607 0.438112
0.561982 0.466358 0.585021
0.378865 0.425197 0.508377
0.59651 0.47286 0.522332
0.438508 0.444648 0.617595
0.593585 0.465006 0.427614
0.460904 0.475662 0.595202
0.580591 0.411196 0.437942
0.369146 0.427101 0.481883
0.423943 0.483421 0.416039
0.513765 0.468657 0.390943
0.612259 0.444191 0.539821
0.478297 0.409644 0.644242
0.548753 0.47838 0.527922
0.489689 0.433703 0.640194
0.483496 0.400555 0.6403
0.416922 0.47001 0.408877
0.417033 0.472989 0.409233
0.501008 0.44602 0.633232
0.464755 0.410073 0.629218
0.571385 0.476731 0.5495
0.435944 0.48131 0.476863
0.468535 0.478893 0.558863
0.524937 0.441918 0.369193
0.375941 0.442058 0.510239
0.44306 0.47671 0.490194
0.487346 0.440503 0.638656
0.631545 0.435212 0.487104
0.45901 0.422851 0.63026
0.620012 0.454913 0.45915
0.494967 0.41482 0.640326
0.628861 0.41711 0.470718
0.517762 0.474967 0.513993
0.621906 0.423024 0.508525
0.391389 0.46171 0.50499
0.540482 0.471789 0.520612
0.575654 0.471756 0.505841
0.608953 0.447373 0.533915
0.382343 0.446133 0.467657
0.567964 0.473219 0.536657
0.472087 0.409343 0.634825
0.621539 0.4073 0.500045
0.398163 0.46792 0.504548
0.551805 0.471772 0.550799
0.453009 0.439744 0.390686
0.545973 0.468364 0.573485
0.616894 0.427583 0.463075
0.548636 0.460901 0.593225
0.37525 0.424726 0.487116
0.568661 0.46934 0.456799
0.505867 0.469526 0.452417
0.620078 0.434252 0.492841
0.575446 0.454322 0.413938
0.596124 0.464599 0.479051
0.460387 0.437151 0.384067
0.468 0.470214 0.526145
0.52224 0.440667 0.625687
0.466699 0.462893 0.611143
0.575499 0.423381 0.550869
0.416737 0.47442 0.495434
0.515897 0.471891 0.534127
0.544502 0.449171 0.609558
0.412855 0.462337 0.5797
0.389177 0.457505 0.541775
0.523536 0.431234 0.628545
0.387423 0.455216 0.516809
0.530686 0.433186 0.626274
0.460376 0.467575 0.47602
0.511424 0.466492 0.595108
0.611776 0.453585 0.491675
0.433991 0.452759 0.409829
0.542073 0.465982 0.550061
0.442688 0.44933 0.601327
0.601815 0.43143 0.52732
0.513711 0.463695 0.42616
0.552645 0.465303 0.54869
0.564399 0.465287 0.500564
0.467258 0.454405 0.474673
0.406911 0.464606 0.544935
0.441071 0.467777 0.522218
0.388115 0.423401 0.45882
0.52972 0.431153 0.384532
0.53855 0.415638 0.586848
0.607851 0.447637 0.469102
0.467493 0.466431 0.452682
0.565127 0.463905 0.480695
0.465077 0.417052 0.619842
0.55523 0.426349 0.409436
0.514658 0.465329 0.572954
0.451659 0.459074 0.493696
0.603938 0.420764 0.522405
0.480817 0.466795 0.581384
0.619695 0.399643 0.498524
0.47664 0.415762 0.629482
0.61236 0.435843 0.490177
0.449573 0.450418 0.605582
0.485639 0.411048 0.374128
0.441202 0.472597 0.44809
0.607699 0.424275 0.51558
0.512595 0.461952 0.492818
0.469863 0.462733 0.400432
0.501074 0.450727 0.610453
0.492839 0.459667 0.399857
0.472512 0.391173 0.616933
0.450007 0.426942 0.402322
0.479246 0.415296 0.377019
0.454448 0.41412 0.40566
0.4036 0.453188 0.492854
0.621582 0.382448 0.477883
0.401593 0.427736 0.524548
0.508041 0.384579 0.601549
0.534122 0.458476 0.559582
0.596184 0.445915 0.504071
0.514094 0.458541 0.568366
0.621347 0.356219 0.488421
0.596184 0.412332 0.454527
0.457942 0.42409 0.604077
0.420056 0.462981 0.540102
0.469925 0.380036 0.598583
0.528762 0.459193 0.462067
0.404818 0.422759 0.529848
0.578043 0.448098 0.435774
0.453734 0.450105 0.476016
0.46474 0.459246 0.523168
0.454419 0.461404 0.564234
0.600186 0.37349 0.515464
0.51116 0.408122 0.610074
0.496511 0.458614 0.449146
0.597041 0.443254 0.522469
0.469179 0.443688 0.474151
0.492247 0.458089 0.58014
0.571737 0.454096 0.436481
0.561539 0.438949 0.415617
0.54301 0.456206 0.562826
0.53519 0.460542 0.537917
0.587222 0.453828 0.534621
0.546911 0.437731 0.40368
0.547122 0.43044 0.404408
0.52915 0.439189 0.394288
0.517258 0.41415 0.390721
0.408137 0.460818 0.450632
0.457716 0.424303 0.603867
0.463692 0.39198 0.584321
0.540173 0.452226 0.439938
0.560149 0.445651 0.551078
0.422946 0.455167 0.52535
0.542438 0.445671 0.566374
0.519183 0.451774 0.558052
0.60349 0.387599 0.507558
0.519065 0.39492 0.396666
0.566983 0.442595 0.431172
0.51967 0.443991 0.588488
0.477867 0.453067 0.527976
0.537596 0.449926 0.423393
0.50149 0.397998 0.395882
0.480126 0.432685 0.477018
0.536986 0.448229 0.417973
0.563262 0.384575 0.537436
0.490252 0.44606 0.585502
0.555442 0.420992 0.419578
0.410816 0.413945 0.524532
0.520838 0.398575 0.396512
0.473232 0.439372 0.397971
0.525331 0.434248 0.597333
0.538814 0.432063 0.583665
0.496996 0.444317 0.588457
0.441107 0.321785 0.564503
0.472081 0.449957 0.517281
0.464903 0.445015 0.40588
0.418112 0.427787 0.436172
0.448351 0.452756 0.514778
0.440902 0.374485 0.550187
0.461946 0.403367 0.405365
0.386606 0.411303 0.473563
0.560011 0.416066 0.425272
0.414221 0.411693 0.442589
0.404361 0.44185 0.499289
0.422453 0.431405 0.552366
0.415096 0.438154 0.515581
0.539584 0.443089 0.459467
0.466051 0.400927 0.406801
0.44287 0.449185 0.528961
0.445145 0.448566 0.544987
0.506976 0.444047 0.551451
0.476396 0.443869 0.414357
0.444829 0.414878 0.563829
0.583989 0.435706 0.470971
0.441497 0.448634 0.543303
0.44779 0.441544 0.568867
0.558097 0.442907 0.502215
0.491113 0.439419 0.569945
0.507316 0.401073 0.589472
0.43757 0.382315 0.423083
0.553906 0.309849 0.562207
0.397166 0.418335 0.484301
0.573718 0.440168 0.513798
0.548837 0.443272 0.456764
0.460733 0.416913 0.410737
0.428907 0.404306 0.540135
0.525249 0.374979 0.403783
0.402063 0.4077 0.496668
0.492781 0.391313 0.595069
0.603555 0.355909 0.49928
0.48533 0.366212 0.601484
0.416787 0.437924 0.521072
0.524187 0.444488 0.498063
0.388406 0.397714 0.481184
0.502712 0.44276 0.557066
0.605403 0.408518 0.472938
0.497924 0.445019 0.520531
0.536343 0.442736 0.461774
0.579215 0.412978 0.528799
0.544427 0.435786 0.559329
0.506026 0.437274 0.463455
0.430574 0.429744 0.439551
0.537491 0.429245 0.472944
0.534344 0.430791 0.464547
0.4602 0.440293 0.529648
0.56803 0.429933 0.50867
0.495722 0.434635 0.544004
0.564865 0.427293 0.531948
0.516375 0.43657 0.537658
0.58115 0.4231 0.495309
0.585736 0.417235 0.501389
0.439055 0.313919 0.564944
0.5273 0.396286 0.570528
0.461058 0.422222 0.492401
0.561138 0.429453 0.482725
0.488327 0.4044 0.58717
0.580129 0.350292 0.44914
0.542443 0.381609 0.420087
0.54601 0.429146 0.431945
0.48917 0.394423 0.589009
0.540977 0.413966 0.420381
0.565536 0.429353 0.490142
0.552203 0.430304 0.437457
0.48578 0.426907 0.413224
0.491681 0.38649 0.403435
0.582509 0.392993 0.455623
0.469391 0.415212 0.470955
0.58009 0.325527 0.444679
0.463274 0.373061 0.573984
0.59026 0.414783 0.466513
0.604173 0.348518 0.493197
0.523924 0.435795 0.503004
0.55959 0.400628 0.536888
0.509376 0.438012 0.525472
0.559074 0.429531 0.481054
0.478077 0.383863 0.402566
0.438686 0.354974 0.54738
0.444946 0.412183 0.547938
0.538782 0.419347 0.485311
0.434129 0.420331 0.529253
0.472751 0.427181 0.526717
0.463221 0.419049 0.503852
0.486855 0.421911 0.538325
0.436667 0.426005 0.461405
0.397314 0.336056 0.484333
0.56996 0.413718 0.521218
0.486215 0.405093 0.483932
0.578591 0.393756 0.456757
0.579094 0.413868 0.465877
0.454694 0.425123 0.435118
0.55376 0.297998 0.566103
0.553633 0.42291 0.528625
0.591915 0.34112 0.462881
0.497763 0.425554 0.528007
0.534222 0.423949 0.538229
0.412373 0.395062 0.494089
0.468939 0.415741 0.420604
0.498976 0.418523 0.424923
0.576915 0.417418 0.476483
0.532674 0.414232 0.55256
0.488619 0.423154 0.432316
0.572563 0.40755 0.521987
0.487282 0.417514 0.552566
0.579815 0.410905 0.495911
0.53583 0.41836 0.464374
0.524677 0.405498 0.41638
0.47851 0.415572 0.457459
0.478487 0.410259 0.58036
0.472205 0.392087 0.412425
0.482266 0.370742 0.591245
0.517783 0.386558 0.411108
0.60276 0.369228 0.479018
0.500854 0.409288 0.481736
0.413234 0.391042 0.481699
0.539146 0.409209 0.498259
0.506153 0.305803 0.590648
0.480168 0.409326 0.521428
0.588895 0.377751 0.490857
0.479437 0.409989 0.539318
0.516203 0.393999 0.559684
0.490095 0.401289 0.459142
0.536292 0.367515 0.552972
0.40335 0.361924 0.473738
0.541831 0.404841 0.470213
0.581476 0.382283 0.50594
0.458191 0.361011 0.561804
0.409495 0.36201 0.490029
0.423105 0.390617 0.504043
0.59709 0.319506 0.473246
0.418994 0.402257 0.469896
0.527487 0.405585 0.45384
0.548922 0.37212 0.430703
0.564344 0.392139 0.44984
0.467678 0.390127 0.568687
0.580953 0.391901 0.49755
0.40325 0.351436 0.483672
0.4807 0.395723 0.46581
0.568059 0.406357 0.468468
0.488628 0.407547 0.427239
0.511755 0.315874 0.588949
0.459363 0.412126 0.545735
0.489742 0.302543 0.597198
0.564332 0.362178 0.442109
0.423463 0.342887 0.440881
0.538198 0.405329 0.464133
0.438292 0.408346 0.447617
0.497084 0.408119 0.536495
0.498552 0.409584 0.512118
0.425022 0.286494 0.424094
0.420847 0.386012 0.472887
0.435345 0.391517 0.477526
0.474205 0.375963 0.477737
0.50082 0.391919 0.502937
0.585498 0.342531 0.466033
0.472159 0.396628 0.541179
0.526963 0.357244 0.564609
0.514744 0.400315 0.519031
0.528022 0.402085 0.513095
0.522662 0.312136 0.584104
0.559896 0.312422 0.430225
0.478807 0.394167 0.432031
0.493713 0.317214 0.589185
0.583428 0.356755 0.495067
0.536649 0.32531 0.418952
0.435169 0.305497 0.420377
0.462717 0.398637 0.534915
0.445229 0.372595 0.539659
0.50503 0.358052 0.415281
0.496411 0.379856 0.48236
0.569243 0.315385 0.437862
0.583974 0.29268 0.44593
0.591095 0.305989 0.50785
0.494452 0.388413 0.546325
0.472501 0.386806 0.499152
0.59235 0.289727 0.496698
0.446708 0.335282 0.417196
0.524777 0.392755 0.434347
0.450199 0.322196 0.564443
0.414165 0.364957 0.470583
0.487887 0.330247 0.404807
0.591107 0.308706 0.503577
0.479015 0.386419 0.423626
0.563465 0.344399 0.531304
0.494527 0.375191 0.56468
0.555529 0.319144 0.548773
0.454405 0.307942 0.571378
0.443242 0.372596 0.486949
0.56153 0.355854 0.524793
0.50964 0.382145 0.506557
0.493172 0.370813 0.427783
0.464984 0.380219 0.54157
0.438085 0.372133 0.488243
0.405246 0.308802 0.486186
0.513026 0.368452 0.554489
0.481312 0.353002 0.576471
0.543924 0.37754 0.452543
0.480581 0.365819 0.49318
0.480694 0.374422 0.515993
0.423741 0.293351 0.430952
0.449239 0.335335 0.553535
0.431625 0.338287 0.435432
0.588852 0.31362 0.479508
0.412058 0.339801 0.47275
0.458187 0.382428 0.523883
0.404855 0.306071 0.487471
0.516611 0.381429 0.534759
0.408263 0.301461 0.46435
0.460084 0.378795 0.46015
0.492414 0.311733 0.586657
0.470909 0.370932 0.42602
0.414684 0.254493 0.568497
0.589477 0.28703 0.493591
0.43809 0.371454 0.508889
0.569851 0.323042 0.529095
0.507071 0.356877 0.421218
0.424365 0.371425 0.471168
0.481827 0.361521 0.570712
0.429667 0.368793 0.485585
0.555357 0.376395 0.485672
0.432603 0.349005 0.438506
0.474617 0.361022 0.479241
0.430407 0.349303 0.498728
0.447825 0.358234 0.497009
0.471739 0.318476 0.410038
0.517933 0.370888 0.510752
0.412803 0.263506 0.435524
0.456459 0.356055 0.540724
0.515177 0.28286 0.408518
0.497034 0.355321 0.458529
0.516582 0.281588 0.408205
0.581756 0.27478 0.529956
0.506223 0.345074 0.477234
0.488714 0.313535 0.581914
0.459393 0.354793 0.472295
0.440733 0.356867 0.508357
0.493599 0.363895 0.528096
0.425059 0.33574 0.45237
0.510593 0.267714 0.588604
0.420237 0.270901 0.562296
0.587379 0.300761 0.470578
0.510998 0.358349 0.492009
0.470799 0.345355 0.479051
0.408525 0.303361 0.484326
0.509681 0.292724 0.583994
0.491491 0.31472 0.412458
0.458188 0.363049 0.530299
0.404651 0.282788 0.473132
0.540672 0.278258 0.578527
0.525453 0.284329 0.409848
0.534927 0.369692 0.51424
0.414604 0.260446 0.562559
0.573092 0.337372 0.503526
0.544169 0.333274 0.431512
0.402947 0.284324 0.521381
0.518022 0.341156 0.422611
0.532628 0.353365 0.477117
0.553397 0.246333 0.585199
0.428376 0.332708 0.490038
0.554365 0.339012 0.471872
0.416302 0.306966 0.491922
0.546871 0.346095 0.497744
0.41708 0.278585 0.550281
0.443398 0.325846 0.541616
0.536629 0.306383 0.423332
0.517866 0.357769 0.51869
0.491583 0.345608 0.541582
0.52456 0.336646 0.471071
0.53563 0.319183 0.427345
0.582389 0.279181 0.491479
0.524535 0.334725 0.477081
0.587443 0.256624 0.512031
0.43924 0.341979 0.441615
0.454366 0.275744 0.578416
0.537947 0.336481 0.477567
0.501097 0.328079 0.477534
0.535455 0.34442 0.458631
0.466562 0.329681 0.559672
0.411096 0.295248 0.510037
0.451208 0.27854 0.411899
0.500848 0.321101 0.421626
0.503115 0.338264 0.489278
0.543806 0.250651 0.58526
0.508908 0.352077 0.53008
0.465398 0.271746 0.405585
0.420903 0.319051 0.485525
0.47723 0.338901 0.503402
0.459867 0.343432 0.428366
0.457072 0.341021 0.496281
0.40804 0.282012 0.474693
0.442035 0.340551 0.519398
0.412943 0.272834 0.449077
0.531065 0.355936 0.514945
0.528597 0.316638 0.565742
0.428671 0.316977 0.488253
0.480832 0.318088 0.496213
0.412673 0.255825 0.557812
0.41028 0.266132 0.463702
0.509121 0.326773 0.455049
0.437485 0.307668 0.543898
0.55243 0.329732 0.505522
0.526302 0.331331 0.448057
0.579122 0.272832 0.488529
0.560123 0.319569 0.498163
0.552577 0.324356 0.494333
0.470053 0.308518 0.41955
0.586921 0.244422 0.48644
0.582775 0.265792 0.443862
0.422461 0.24886 0.418795
0.490671 0.292697 0.57692
0.586532 0.244362 0.532924
0.430639 0.326004 0.464946
0.5728 0.298578 0.500008
0.527295 0.342381 0.521078
0.592717 0.250925 0.450726
0.495638 0.319547 0.427627
0.454536 0.330378 0.520658
0.559385 0.315766 0.476089
0.527851 0.279101 0.41498
0.445829 0.327669 0.501142
0.437681 0.312027 0.539013
0.538943 0.333263 0.501359
0.414165 0.271722 0.546397
0.504377 0.316652 0.481728
0.474635 0.317657 0.491554
0.515415 0.318063 0.47993
0.451547 0.329845 0.519557
0.518647 0.321345 0.482671
0.579956 0.270369 0.488824
0.583734 0.241893 0.550475
0.439841 0.273957 0.422835
0.481491 0.310314 0.513425
0.498707 0.310065 0.433063
0.417473 0.275321 0.465231
0.424638 0.289108 0.452023
0.422719 0.276866 0.547582
0.449007 0.310143 0.43078
0.428075 0.255966 0.422228
0.580683 0.262085 0.513538
0.48207 0.291437 0.478512
0.514727 0.322209 0.533956
0.471017 0.299423 0.484818
0.572113 0.27522 0.443136
0.41763 0.284119 0.52099
0.486179 0.27788 0.577483
0.492995 0.236367 0.592205
0.525625 0.30334 0.475477
0.429584 0.274013 0.558772
0.509712 0.29513 0.424471
0.446296 0.311554 0.526908
0.525683 0.289115 0.568006
0.499328 0.304924 0.462821
0.509465 0.308174 0.459731
0.552894 0.307123 0.495401
0.523299 0.327576 0.516487
0.458452 0.246784 0.585945
0.596673 0.23778 0.458092
0.462105 0.241552 0.589157
0.562744 0.300609 0.522738
0.40631 0.240355 0.456319
0.420036 0.277863 0.54194
0.401822 0.250263 0.522803
0.41649 0.231882 0.580255
0.49512 0.282412 0.418561
0.499174 0.317019 0.53851
0.486752 0.293492 0.473826
0.431812 0.290583 0.524741
0.481159 0.297886 0.531005
0.584732 0.236405 0.495081
0.424908 0.280479 0.466994
0.523997 0.28974 0.430673
0.410039 0.243967 0.554453
0.520602 0.308448 0.531495
0.504291 0.266476 0.5741
0.580402 0.241231 0.547518
0.409278 0.241952 0.469174
0.489218 0.255108 0.581043
0.482444 0.285215 0.56366
0.544123 0.270016 0.563298
0.453337 0.306027 0.440672
0.544414 0.296861 0.534428
0.491542 0.255156 0.411899
0.47016 0.238647 0.402999
0.412329 0.250408 0.481954
0.459157 0.298676 0.535221
0.53784 0.300853 0.534446
0.483374 0.287996 0.499454
0.505978 0.294844 0.494086
0.573839 0.214021 0.589914
0.547317 0.302975 0.521128
0.513824 0.296843 0.437394
0.44959 0.296559 0.471652
0.559677 0.286916 0.527573
0.555254 0.28535 0.477335
0.519848 0.303126 0.500667
0.489713 0.238149 0.40396
0.549703 0.257853 0.419413
0.486893 0.24543 0.58593
0.576197 0.269153 0.456546
0.475046 0.297146 0.544696
0.426706 0.229364 0.408089
0.585172 0.209656 0.588586
0.429853 0.275903 0.520422
0.52801 0.259602 0.421624
0.568421 0.266649 0.45424
0.528036 0.28039 0.550574
0.525954 0.231792 0.40604
0.402939 0.222626 0.56071
0.52938 0.286496 0.537423
0.515371 0.238258 0.410127
0.567249 0.264487 0.446952
0.475663 0.282693 0.518278
0.501394 0.283793 0.542003
0.433694 0.2558 0.427484
0.491838 0.252464 0.576035
0.431356 0.27484 0.449269
0.514913 0.277257 0.486198
0.40038 0.204038 0.588849
0.572415 0.253348 0.534707
0.464638 0.281664 0.431976
0.523686 0.282531 0.442569
0.511491 0.274215 0.470531
0.45833 0.286164 0.522164
0.427369 0.265225 0.547708
0.470608 0.236804 0.406631
0.461153 0.275847 0.470175
0.473197 0.274117 0.462691
0.500101 0.231252 0.405932
0.510542 0.282221 0.440466
0.39914 0.217967 0.511721
0.59717 0.199874 0.395699
0.413165 0.250982 0.520825
0.392717 0.201344 0.398486
0.505598 0.240628 0.41088
0.595857 0.223158 0.44388
0.507392 0.279267 0.454766
0.516699 0.294985 0.519409
0.479149 0.247228 0.579997
0.431246 0.261862 0.455099
0.530205 0.263507 0.435767
0.462465 0.264554 0.500777
0.538759 0.260789 0.55492
0.44429 0.211399 0.597356
0.595512 0.207253 0.564141
0.424915 0.251758 0.459523
0.411803 0.221685 0.573203
0.567158 0.250873 0.477198
0.593858 0.201214 0.50134
0.474993 0.221975 0.590145
0.435295 0.262575 0.489905
0.472881 0.265601 0.510505
0.465019 0.268746 0.544213
0.593571 0.216651 0.464247
0.39861 0.203287 0.399923
0.509653 0.259229 0.470552
0.455908 0.270529 0.537804
0.469955 0.259686 0.562373
0.42249 0.24547 0.480474
0.600088 0.202186 0.467987
0.43378 0.208983 0.598094
0.526344 0.2724 0.535917
0.458608 0.264075 0.496215
0.46586 0.231859 0.583774
0.505856 0.258798 0.484958
0.480732 0.267615 0.529483
0.505673 0.198742 0.599498
0.543432 0.241022 0.571154
0.504897 0.257746 0.483578
0.537798 0.264477 0.461166
0.595402 0.212467 0.465955
0.555613 0.260072 0.493337
0.483731 0.220688 0.589976
0.443567 0.23117 0.58354
0.568023 0.247857 0.489073
0.431419 0.246125 0.440585
0.439848 0.193035 0.608269
0.410096 0.192619 0.60466
0.574722 0.231416 0.535638
0.453669 0.257609 0.536567
0.584017 0.211662 0.570289
0.444646 0.25275 0.467411
0.436823 0.252829 0.447617
0.53011 0.236352 0.422257
0.528855 0.243411 0.427893
0.504916 0.258992 0.515664
0.533266 0.211902 0.400994
0.536445 0.259444 0.523682
0.420079 0.235786 0.552431
0.518436 0.253316 0.551309
0.425443 0.242818 0.550694
0.527265 0.250077 0.556932
0.548581 0.250766 0.451963
0.414583 0.224662 0.564111
0.555457 0.250425 0.534506
0.532528 0.2556 0.502257
0.459896 0.249732 0.499586
0.51092 0.229006 0.576621
0.473284 0.211217 0.593117
0.577979 0.230056 0.438705
0.421585 0.235029 0.558598
0.572967 0.233716 0.537899
0.589941 0.206379 0.486775
0.487127 0.244238 0.562295
0.549068 0.255024 0.529006
0.423397 0.237706 0.449361
0.445275 0.254214 0.51183
0.597254 0.195506 0.483423
0.561902 0.210684 0.396879
0.441688 0.245362 0.429591
0.546006 0.248454 0.467372
0.430871 0.236075 0.558984
0.438774 0.21644 0.41036
0.508505 0.235574 0.455435
0.588926 0.207063 0.542244
0.558887 0.237725 0.524808
0.574895 0.208892 0.576566
0.530342 0.213562 0.580065
0.52519 0.205185 0.402689
0.531871 0.236246 0.459244
0.452914 0.206324 0.400497
0.475849 0.234189 0.562205
0.541239 0.232793 0.475185
0.520759 0.232194 0.467338
0.449813 0.238336 0.462177
0.596255 0.190094 0.517251
0.425433 0.216837 0.578569
0.467576 0.228839 0.481341
0.536451 0.235424 0.559272
0.550155 0.232471 0.482673
0.466993 0.241203 0.544533
0.481476 0.239172 0.438067
0.46831 0.24096 0.536535
0.578757 0.212383 0.502705
0.468135 0.21467 0.410057
0.564 0.232444 0.545094
0.421937 0.226274 0.442802
0.54159 0.237658 0.439149
0.495876 0.224766 0.572455
0.443508 0.244363 0.529374
0.442745 0.236312 0.491678
0.565397 0.22886 0.497805
0.525059 0.229423 0.568578
0.560722 0.235447 0.536505
0.531644 0.244767 0.529141
0.556159 0.231509 0.48392
0.445889 0.220903 0.582073
0.428919 0.214893 0.479498
0.436948 0.22206 0.426857
0.391627 0.188415 0.521374
0.606069 0.187794 0.551612
0.467672 0.225075 0.514076
0.566496 0.202203 0.583079
0.414995 0.20387 0.485896
0.410668 0.200298 0.57935
0.532092 0.222927 0.493478
0.58925 0.186171 0.600853
0.43375 0.179269 0.615772
0.55346 0.226825 0.544654
0.500233 0.198259 0.404358
0.481163 0.214597 0.573654
0.464248 0.218764 0.487414
0.41939 0.185039 0.608657
0.384804 0.186859 0.393979
0.529559 0.219706 0.467071
0.488033 0.185341 0.389045
0.578101 0.210919 0.551064
0.420307 0.19867 0.589709
0.474976 0.207112 0.583123
0.441426 0.227274 0.434872
0.464794 0.227605 0.441398
0.552852 0.223158 0.466617
0.422306 0.217794 0.52272
0.50883 0.231259 0.529828
0.393136 0.192272 0.444698
0.393024 0.188647 0.503322
0.537029 0.225724 0.450858
0.50697 0.224892 0.558399
0.395439 0.193224 0.402884
0.528034 0.178548 0.609243
0.508419 0.220954 0.458587
0.475026 0.226785 0.540514
0.539253 0.219685 0.485074
0.42668 0.206254 0.465369
0.55587 0.181767 0.606464
0.564468 0.195647 0.395756
0.414165 0.202539 0.538136
0.476862 0.208265 0.463198
0.5565 0.191902 0.59074
0.436134 0.21082 0.499188
0.437421 0.216633 0.437955
0.497689 0.213613 0.439977
0.511231 0.214761 0.508234
0.476626 0.214642 0.533178
0.449502 0.212995 0.457917
0.582553 0.197092 0.413015
0.437023 0.200821 0.58643
0.620477 0.173632 0.599579
0.445039 0.219929 0.541819
0.417605 0.198962 0.49229
0.422131 0.19881 0.582679
0.432362 0.185889 0.386695
0.507764 0.191837 0.40323
0.573962 0.200707 0.410899
0.50423 0.203801 0.484014
0.418103 0.199345 0.46801
0.47924 0.214407 0.531321
0.464606 0.214192 0.517547
0.544807 0.1778 0.610627
0.390231 0.185464 0.545366
0.485309 0.214442 0.539596
0.538368 0.209097 0.491205
0.590592 0.186752 0.496076
0.604449 0.183273 0.543104
0.461167 0.209074 0.467072
0.572073 0.184411 0.603073
0.59954 0.181533 0.473219
0.473686 0.187317 0.59907
0.520321 0.208365 0.45792
0.418443 0.177327 0.609659
0.556554 0.18591 0.388919
0.445122 0.19895 0.469889
0.42241 0.20027 0.543761
0.602489 0.181044 0.445167
0.54701 0.181696 0.598161
0.530266 0.184828 0.39446
0.537237 0.182188 0.387461
0.500752 0.192231 0.479797
0.427535 0.195651 0.487873
0.436367 0.193368 0.586271
0.457761 0.205309 0.533233
0.560189 0.197703 0.572928
0.472225 0.194165 0.478629
0.464841 0.205199 0.557833
0.444527 0.205085 0.570441
0.569222 0.194725 0.409015
0.409537 0.186051 0.479893
0.590526 0.18343 0.522627
0.398455 0.184583 0.404058
0.510152 0.199781 0.563832
0.511385 0.206002 0.523495
0.486028 0.174079 0.382843
0.474289 0.199883 0.569278
0.447911 0.201058 0.424763
0.54626 0.196444 0.474684
0.584781 0.192448 0.423547
0.618545 0.174452 0.400306
0.49743 0.196634 0.460736
0.471868 0.200529 0.451118
0.53849 0.17131 0.616226
0.546846 0.204544 0.518832
0.53085 0.203384 0.437848
0.573083 0.185116 0.38707
0.613969 0.175843 0.430948
0.400037 0.183472 0.587392
0.421562 0.187448 0.511848
0.557791 0.187093 0.407834
0.547277 0.193027 0.539801
0.429727 0.19528 0.550482
0.493755 0.18994 0.429711
0.53726 0.172813 0.606146
0.395799 0.177285 0.525364
0.40697 0.180737 0.585864
0.500337 0.192272 0.522269
0.568437 0.189168 0.466204
0.385531 0.175381 0.38667
0.46068 0.169971 0.378528
0.536466 0.190311 0.5069
0.503738 0.17149 0.605963
0.541961 0.192767 0.521001
0.441561 0.178568 0.597957
0.49345 0.191282 0.555082
0.382899 0.168489 0.621961
0.521248 0.190117 0.429431
0.528042 0.184794 0.412465
0.448904 0.188809 0.492753
0.521926 0.188554 0.567971
0.56296 0.191882 0.535651
0.467771 0.170618 0.609974
0.433054 0.196731 0.5579
0.553808 0.191088 0.568444
0.544424 0.192957 0.528211
0.503225 0.18773 0.500604
0.44686 0.192994 0.427272
0.581933 0.180915 0.394685
0.471232 0.191325 0.442886
0.41312 0.182815 0.583966
0.493387 0.187834 0.502382
0.53777 0.192942 0.540713
0.513462 0.187635 0.499099
0.514412 0.183 0.480672
0.415743 0.177996 0.415864
0.559443 0.183945 0.424143
0.415285 0.165283 0.369259
0.437583 0.186257 0.557844
0.37374 0.16732 0.406111
0.526545 0.165377 0.614672
0.499854 0.177302 0.417163
0.515094 0.181702 0.540262
0.500152 0.179918 0.569937
0.476269 0.181361 0.436772
0.597694 0.173977 0.437971
0.473531 0.177465 0.467162
0.5176 0.180476 0.43724
0.541055 0.178132 0.490707
0.386374 0.168577 0.484111
0.438534 0.160821 0.627429
0.414839 0.176209 0.46803
0.373279 0.162708 0.50623
0.446683 0.182846 0.574343
0.41361 0.177426 0.415244
0.630401 0.162354 0.407798
0.535144 0.163786 0.621292
0.400266 0.173931 0.454355
0.462214 0.17245 0.397783
0.414477 0.17783 0.455142
0.561691 0.184985 0.427295
0.511181 0.173 0.397999
0.381358 0.168429 0.607832
0.385548 0.170447 0.381585
0.447657 0.174108 0.593709
0.396822 0.171656 0.506958
0.510681 0.172901 0.397628
0.450269 0.18243 0.57432
0.509468 0.177523 0.45798
0.413832 0.180147 0.573231
0.377371 0.162791 0.62801
0.411917 0.167536 0.393571
0.440345 0.160537 0.367463
0.620153 0.159029 0.483124
0.470528 0.171815 0.540751
0.382374 0.164824 0.603982
0.513667 0.159371 0.624095
0.528625 0.172182 0.427588
0.551407 0.163592 0.371611
0.456118 0.17175 0.509116
0.385462 0.166095 0.594887
0.382025 0.16378 0.615063
0.605033 0.162722 0.617947
0.610991 0.163699 0.446628
0.495032 0.169567 0.500105
0.555497 0.165174 0.608015
0.46583 0.173181 0.55935
0.4364 0.174327 0.576091
0.49814 0.163424 0.378782
0.37499 0.16487 0.581682
0.586219 0.166931 0.490984
0.549324 0.171302 0.461821
0.569795 0.170777 0.507146
0.368006 0.158498 0.496908
0.482008 0.169463 0.506064
0.555565 0.171822 0.521096
0.45197 0.172652 0.515483
0.368176 0.161717 0.403526
0.489925 0.169469 0.462395
0.56699 0.159311 0.633218
0.504415 0.16672 0.395766
0.500275 0.169024 0.490842
0.580656 0.169624 0.464701
0.493036 0.172416 0.562216
0.615026 0.160121 0.475423
0.406217 0.161847 0.367934
0.617084 0.163334 0.596093
0.410726 0.16503 0.556294
0.438328 0.160951 0.385479
0.477616 0.163884 0.569026
0.480926 0.1632 0.547591
0.529655 0.162124 0.587554
0.500708 0.154719 0.63323
0.372525 0.160296 0.576864
0.401657 0.161897 0.59363
0.453729 0.165595 0.559081
0.551027 0.164977 0.568806
0.611906 0.15951 0.394196
0.617868 0.158511 0.441389
0.590238 0.157889 0.363495
0.536495 0.158363 0.369853
0.380046 0.161829 0.569039
0.465413 0.161922 0.588715
0.6181 0.156706 0.479138
0.486769 0.162677 0.52635
0.561177 0.163281 0.472519
0.466314 0.162647 0.499747
0.475498 0.157847 0.372532
0.584951 0.16314 0.555863
0.452939 0.162704 0.404839
0.476182 0.162982 0.544103
0.545261 0.163618 0.408199
0.450551 0.155324 0.629878
0.596437 0.160441 0.528531
0.639702 0.155107 0.57348
0.509752 0.160677 0.595574
0.635209 0.156251 0.61145
0.421792 0.166998 0.565062
0.424955 0.166018 0.530177
0.444625 0.157974 0.369964
0.584022 0.160915 0.377578
0.565702 0.165766 0.445418
0.477383 0.161856 0.477249
0.406409 0.1565 0.447122
0.435386 0.156715 0.403658
0.610156 0.154551 0.376958
0.492674 0.156502 0.555819
0.400915 0.157407 0.574639
0.486663 0.151543 0.642844
0.492773 0.156068 0.451827
0.526219 0.156857 0.545651
0.450973 0.15404 0.616014
0.444543 0.157399 0.54339
0.566617 0.157347 0.448139
0.635 0.152721 0.541704
0.563753 0.157396 0.563748
0.581179 0.156036 0.517457
0.4778 0.155826 0.526691
0.465547 0.153475 0.621478
0.530631 0.154656 0.373245
0.471713 0.155837 0.401983
0.475492 0.151544 0.641728
0.617797 0.153775 0.507774
0.395908 0.156913 0.563633
0.602719 0.154809 0.611448
0.544468 0.156408 0.586377
0.46984 0.155737 0.588611
0.530006 0.156934 0.56798
0.454846 0.156422 0.465431
0.557352 0.155621 0.376142
0.511058 0.155837 0.405613
0.450837 0.157493 0.56108
0.4824 0.156359 0.553805
0.622948 0.153066 0.358183
0.537556 0.155337 0.60292
0.394606 0.155793 0.446948
0.54743 0.157125 0.559694
0.451714 0.156724 0.524757
0.615205 0.153002 0.636934
0.4015 0.15 0.641595
0.459711 0.15 0.53909
0.503063 0.15 0.444723
0.549326 0.15 0.505818
0.398369 0.15 0.465891
0.483927 0.15 0.649698
0.597731 0.15 0.452826
0.634317 0.15 0.5663
0.640506 0.15 0.359064
0.474992 0.15 0.376798
0.47913 0.15 0.429379
0.615365 0.15 0.3719
0.534851 0.15 0.470167
0.37602 0.15 0.520412
0.359412 0.15 0.601677
0.519579 0.15 0.414318
0.487306 0.15 0.53898
0.495326 0.15 0.37234
0.512712 0.15 0.598491
0.407103 0.15 0.373695
0.37569 0.15 0.576939
0.36388 0.15 0.544006
0.591945 0.15 0.599727
0.522234 0.15 0.465232
0.610366 0.15 0.385432
0.480219 0.15 0.431576
0.633117 0.15 0.423492
0.43207 0.15 0.423061
0.382191 0.15 0.611721
0.642868 0.15 0.518801
0.44714 0.15 0.450748
0.452789 0.15 0.621819
0.598189 0.15 0.542212
0.570246 0.15 0.51719
0.39912 0.15 0.487388
0.563196 0.15 0.535565
