1800 0.012625
0.369254 0.234947 0.370664
0.419609 0.214515 0.324973
0.45684 0.198696 0.308294
0.498776 0.19446 0.308289
0.534806 0.194216 0.31542
0.574926 0.205205 0.333665
0.326429 0.209891 0.414714
0.352516 0.291167 0.354154
0.442655 0.292645 0.317733
0.498645 0.286809 0.309589
0.568172 0.291856 0.324181
0.64119 0.264192 0.364657
0.325235 0.195096 0.459579
0.314808 0.291379 0.439862
0.435742 0.355178 0.432431
0.499907 0.353294 0.427759
0.579907 0.354412 0.437298
0.683153 0.266626 0.443584
0.315098 0.198581 0.495875
0.31209 0.285928 0.503134
0.43783 0.354432 0.499628
0.503982 0.350725 0.499379
0.581213 0.350337 0.49911
0.6893 0.254448 0.503796
0.321669 0.202088 0.535833
0.325737 0.289168 0.574521
0.437049 0.348297 0.586738
0.497589 0.346536 0.586829
0.573322 0.350182 0.575868
0.680313 0.251852 0.557675
0.348361 0.230488 0.575585
0.363918 0.23472 0.63594
0.439829 0.255901 0.674235
0.49991 0.254222 0.684273
0.554473 0.274233 0.678057
0.635794 0.262662 0.624777
0.347847 0.246005 0.351614
0.346772 0.225186 0.581619
0.298599 0.26375 0.508394
0.573233 0.350746 0.492721
0.451081 0.323035 0.640514
0.54651 0.20033 0.30237
0.334033 0.210369 0.596349
0.357105 0.227407 0.593848
0.668441 0.192014 0.481199
0.470601 0.198405 0.285281
0.620262 0.237221 0.618991
0.641268 0.274019 0.625026
0.507932 0.303478 0.66623
0.497052 0.352179 0.529846
0.592777 0.348726 0.469488
0.66824 0.196407 0.466156
0.303659 0.212305 0.549902
0.383022 0.226214 0.352072
0.533052 0.236666 0.68251
0.352222 0.224432 0.627161
0.354749 0.267279 0.635996
0.425937 0.347792 0.590367
0.311976 0.209862 0.559848
0.521634 0.342654 0.600544
0.395707 0.225824 0.636979
0.6797 0.209427 0.566607
0.526842 0.348664 0.538644
0.442663 0.270803 0.67364
0.665534 0.23659 0.598796
0.461558 0.352732 0.49984
0.482087 0.211894 0.684579
0.676769 0.229339 0.578038
0.564201 0.351061 0.476914
0.661877 0.213372 0.582605
0.513903 0.244128 0.683499
0.316432 0.212127 0.411808
0.330318 0.221454 0.599423
0.299773 0.25184 0.429024
0.637143 0.297797 0.618874
0.680818 0.263014 0.431769
0.457511 0.353112 0.437741
0.544766 0.201494 0.300748
0.474481 0.256061 0.68457
0.467159 0.201724 0.67865
0.552835 0.34944 0.521334
0.514336 0.350186 0.498214
0.546517 0.202678 0.669975
0.609137 0.318055 0.367956
0.476882 0.348429 0.473076
0.679309 0.279687 0.528149
0.406505 0.347978 0.576041
0.329648 0.296808 0.567263
0.681294 0.228298 0.407617
0.395763 0.221049 0.64702
0.635597 0.313391 0.60232
0.47224 0.349773 0.452127
0.351664 0.236419 0.626718
0.505457 0.349488 0.473464
0.342176 0.288291 0.616288
0.628381 0.316988 0.391442
0.457312 0.353815 0.425882
0.313009 0.201641 0.527947
0.657518 0.27576 0.608304
0.358974 0.2173 0.613607
0.536014 0.20431 0.663539
0.688494 0.208574 0.463677
0.662302 0.269801 0.393484
0.525862 0.294181 0.67303
0.437255 0.30093 0.657724
0.309818 0.208814 0.554824
0.454782 0.311135 0.653882
0.641148 0.259824 0.619605
0.286072 0.224913 0.458878
0.287984 0.234516 0.459028
0.412421 0.226798 0.30828
0.690225 0.23298 0.444211
0.692653 0.215737 0.435408
0.533887 0.210499 0.29557
0.6889 0.247813 0.455523
0.671397 0.252346 0.588133
0.542744 0.323268 0.637291
0.294783 0.260755 0.463048
0.507865 0.269503 0.299305
0.665254 0.29744 0.531815
0.440416 0.278383 0.308868
0.658219 0.219228 0.366835
0.565531 0.350303 0.499196
0.341468 0.266585 0.62685
0.52347 0.260086 0.683239
0.289091 0.238357 0.496384
0.477227 0.352669 0.414583
0.675898 0.198275 0.476701
0.692195 0.228532 0.497251
0.519441 0.34862 0.551087
0.51088 0.351169 0.451848
0.637443 0.32712 0.468
0.436213 0.216396 0.674564
0.364014 0.230855 0.364673
0.56229 0.330906 0.355342
0.551123 0.349877 0.395651
0.484467 0.248451 0.684861
0.460834 0.283505 0.309009
0.523273 0.349621 0.499515
0.638424 0.224739 0.36454
0.405315 0.219173 0.320046
0.69288 0.220327 0.449781
0.633459 0.222343 0.356501
0.432948 0.354344 0.456364
0.403241 0.235179 0.633444
0.286239 0.233891 0.48557
0.597154 0.34779 0.462005
0.687316 0.208617 0.454168
0.487246 0.32388 0.341997
0.521034 0.221068 0.292193
0.426461 0.215682 0.669807
0.411663 0.352759 0.532193
0.529986 0.212869 0.678584
0.64238 0.317537 0.415519
0.447432 0.354145 0.432456
0.577044 0.209443 0.668843
0.390276 0.245387 0.656529
0.304406 0.237381 0.550103
0.668375 0.199211 0.461281
0.374537 0.240427 0.643647
0.373117 0.3396 0.494691
0.368303 0.227067 0.352946
0.37902 0.222344 0.638576
0.500844 0.349042 0.477414
0.538884 0.298185 0.321739
0.526007 0.293939 0.672646
0.593046 0.208965 0.3274
0.61878 0.336308 0.517763
0.37435 0.340099 0.4914
0.307915 0.194249 0.480978
0.491982 0.341317 0.604284
0.324525 0.281928 0.589015
0.368367 0.329519 0.591512
0.581975 0.217086 0.660868
0.381742 0.291908 0.643007
0.463789 0.347505 0.391615
0.669954 0.20056 0.458044
0.558364 0.205825 0.653489
0.523666 0.353245 0.415456
0.577582 0.210932 0.666757
0.303378 0.255463 0.538642
0.29552 0.247702 0.514626
0.322637 0.269861 0.599956
0.671976 0.200344 0.462791
0.323573 0.214482 0.408944
0.506187 0.226901 0.29011
0.637025 0.325885 0.489496
0.647386 0.318609 0.464342
0.542462 0.252063 0.302812
0.456044 0.304539 0.325654
0.329604 0.304343 0.513394
0.676908 0.269046 0.426267
0.308381 0.273151 0.532783
0.394582 0.302987 0.336807
0.450099 0.306667 0.327503
0.406589 0.219083 0.655693
0.662226 0.219596 0.37768
0.30589 0.203354 0.525368
0.686813 0.264289 0.503594
0.305905 0.197679 0.489992
0.435072 0.251513 0.672189
0.526425 0.208695 0.665818
0.33093 0.292146 0.590009
0.587182 0.346279 0.590762
0.411645 0.222033 0.310868
0.348568 0.22236 0.594142
0.442018 0.282161 0.311415
0.564313 0.235144 0.309031
0.297761 0.202354 0.513258
0.414151 0.313848 0.641105
0.641692 0.221221 0.360598
0.685348 0.266764 0.514485
0.682272 0.258418 0.541542
0.55928 0.348782 0.557055
0.320267 0.286362 0.544362
0.403148 0.350969 0.499108
0.315591 0.260879 0.388966
0.30531 0.251995 0.545305
0.526733 0.203229 0.300929
0.311841 0.196629 0.465825
0.516762 0.241798 0.294675
0.489963 0.233047 0.289353
0.41166 0.219265 0.323614
0.357333 0.313783 0.374105
0.553124 0.352071 0.406259
0.652375 0.22145 0.377712
0.324094 0.210431 0.559581
0.685163 0.226906 0.545595
0.309777 0.202505 0.441516
0.461134 0.338225 0.612625
0.552018 0.201854 0.308444
0.417307 0.216181 0.30984
0.538426 0.315022 0.648824
0.670376 0.213718 0.398797
0.502683 0.233001 0.291135
0.528962 0.348193 0.501052
0.295335 0.203945 0.509325
0.564097 0.281242 0.318565
0.500672 0.351587 0.43693
0.556416 0.274518 0.676645
0.318834 0.280676 0.557701
0.301239 0.217728 0.425128
0.331258 0.30096 0.547606
0.357123 0.329798 0.498463
0.688372 0.266813 0.473394
0.664232 0.299358 0.518987
0.587826 0.352347 0.433245
0.362335 0.271835 0.639909
0.539446 0.222878 0.680938
0.499535 0.348579 0.393208
0.57073 0.238424 0.676391
0.577418 0.210945 0.312246
0.352961 0.219352 0.620787
0.402874 0.237963 0.320732
0.375007 0.337376 0.399675
0.374874 0.316031 0.360883
0.518842 0.332104 0.622282
0.487189 0.234875 0.289978
0.501847 0.202505 0.295848
0.516795 0.346111 0.383439
0.368811 0.335703 0.470368
0.293405 0.240829 0.508528
0.614233 0.337723 0.568889
0.58986 0.222746 0.320016
0.62009 0.233361 0.638895
0.590082 0.345203 0.590834
0.428797 0.349531 0.393706
0.460687 0.352394 0.426039
0.486716 0.351877 0.42535
0.352254 0.233431 0.358672
0.532748 0.211057 0.676675
0.598317 0.217062 0.326617
0.672095 0.201406 0.51384
0.601885 0.240473 0.657801
0.565544 0.351694 0.455794
0.689443 0.251279 0.473703
0.474652 0.197417 0.302336
0.356201 0.286886 0.350261
0.468652 0.272481 0.679178
0.675327 0.19966 0.516177
0.545568 0.347128 0.526867
0.406969 0.351242 0.47051
0.306657 0.235252 0.552622
0.667488 0.220215 0.593464
0.445865 0.332934 0.356028
0.525429 0.272933 0.302828
0.521045 0.312909 0.654138
0.528855 0.340568 0.601986
0.290119 0.240545 0.488948
0.369544 0.298843 0.350106
0.606982 0.340562 0.529812
0.398495 0.330567 0.36227
0.311625 0.251438 0.560179
0.471571 0.240567 0.291468
0.681969 0.202403 0.52146
0.653659 0.223206 0.383365
0.397898 0.347366 0.544146
0.620646 0.336097 0.473053
0.513599 0.249945 0.68182
0.687527 0.260617 0.480065
0.675953 0.265431 0.558326
0.663504 0.270188 0.399073
0.55912 0.258534 0.311315
0.467815 0.347078 0.468704
0.401608 0.231325 0.643197
0.6723 0.200556 0.527141
0.436087 0.352916 0.507058
0.460415 0.22331 0.288542
0.60758 0.333227 0.388569
0.638022 0.23264 0.346273
0.634928 0.225157 0.358395
0.685622 0.253952 0.52014
0.445589 0.352002 0.539819
0.329033 0.300697 0.523771
0.391105 0.339855 0.38709
0.505206 0.21054 0.668483
0.466973 0.34752 0.47215
0.621716 0.301153 0.371658
0.580321 0.221033 0.672376
0.447308 0.22 0.291131
0.322711 0.295076 0.505856
0.474849 0.282504 0.676398
0.405734 0.22539 0.323327
0.302046 0.22292 0.42446
0.343919 0.265168 0.353745
0.405446 0.347949 0.556209
0.438609 0.274931 0.669373
0.48545 0.202297 0.295786
0.305682 0.261896 0.420646
0.469365 0.24487 0.293994
0.418083 0.351067 0.542531
0.451055 0.281282 0.311027
0.677287 0.222925 0.567851
0.619528 0.268248 0.639619
0.380062 0.276898 0.648166
0.594448 0.271097 0.666045
0.618901 0.337632 0.449796
0.335225 0.304439 0.392985
0.395419 0.347603 0.449618
0.525577 0.337292 0.608678
0.670214 0.201092 0.504794
0.295025 0.233498 0.517502
0.483816 0.349346 0.440717
0.56751 0.347811 0.554354
0.570743 0.351938 0.409671
0.347555 0.219639 0.610412
0.387581 0.236444 0.335545
0.329384 0.22903 0.393357
0.522532 0.212842 0.667005
0.378614 0.340395 0.481294
0.5053 0.346172 0.471043
0.424061 0.225538 0.302837
0.33647 0.307567 0.534782
0.435293 0.238293 0.301431
0.357531 0.322121 0.389003
0.334344 0.245335 0.373849
0.644573 0.258526 0.613177
0.500226 0.346997 0.556068
0.649286 0.227596 0.604871
0.615612 0.24677 0.641525
0.380182 0.239751 0.341441
0.684304 0.269721 0.483911
0.30776 0.266439 0.412704
0.519173 0.215994 0.669466
0.411227 0.226115 0.322756
0.452378 0.270565 0.306064
0.463663 0.345375 0.578548
0.494969 0.346962 0.498859
0.627778 0.329966 0.49115
0.501655 0.346136 0.487457
0.478154 0.347111 0.493625
0.363764 0.331524 0.473567
0.2911 0.204255 0.468115
0.685001 0.214875 0.433769
0.666187 0.223735 0.589934
0.581797 0.347609 0.483126
0.389679 0.234909 0.629299
0.519794 0.225307 0.296333
0.333961 0.310358 0.45487
0.445755 0.213331 0.67303
0.453013 0.350328 0.495165
0.337663 0.312837 0.467798
0.312969 0.210359 0.427408
0.299588 0.246566 0.522467
0.352144 0.316505 0.387661
0.641756 0.275343 0.619309
0.673496 0.202818 0.492537
0.564561 0.347427 0.498013
0.68556 0.247919 0.510552
0.507828 0.351062 0.420669
0.53915 0.307977 0.331294
0.431012 0.352511 0.458657
0.333692 0.221813 0.58346
0.679108 0.225765 0.559573
0.664259 0.221286 0.402415
0.627478 0.295632 0.626963
0.315623 0.258789 0.56417
0.681201 0.269294 0.508878
0.529395 0.343538 0.530074
0.526751 0.213026 0.662834
0.543385 0.20961 0.663393
0.432651 0.296566 0.324752
0.648807 0.281596 0.389536
0.687192 0.222118 0.447611
0.618401 0.333695 0.556814
0.295832 0.246491 0.455836
0.385066 0.338207 0.579695
0.409081 0.309173 0.639999
0.657107 0.226038 0.382103
0.341585 0.233407 0.608754
0.417012 0.347194 0.577195
0.58444 0.346368 0.515172
0.660627 0.298725 0.527554
0.508515 0.345337 0.548675
0.598643 0.236328 0.651583
0.586354 0.230208 0.656215
0.320289 0.253345 0.390031
0.394637 0.346052 0.532292
0.450702 0.239757 0.675708
0.319713 0.233382 0.570389
0.34559 0.236115 0.613937
0.654367 0.277654 0.393728
0.577754 0.219913 0.668876
0.391966 0.240098 0.650958
0.558185 0.348772 0.461253
0.658127 0.225286 0.387864
0.434188 0.351586 0.479609
0.619868 0.332484 0.547251
0.61781 0.232469 0.336864
0.651241 0.31148 0.453923
0.534197 0.345326 0.471921
0.373786 0.338108 0.443341
0.308921 0.267953 0.419224
0.677293 0.26986 0.531289
0.365329 0.240473 0.602045
0.534716 0.213331 0.657152
0.40326 0.253357 0.658685
0.403919 0.316543 0.345476
0.386226 0.311003 0.627385
0.462163 0.272014 0.306609
0.582685 0.283235 0.663205
0.607612 0.337726 0.40162
0.362601 0.22998 0.616844
0.448306 0.279426 0.312348
0.646342 0.267724 0.609648
0.384017 0.342335 0.44023
0.561483 0.345732 0.502261
0.585915 0.346032 0.552167
0.48081 0.322673 0.345735
0.491105 0.297511 0.322686
0.533206 0.342787 0.517241
0.477953 0.20558 0.305065
0.611554 0.273888 0.647976
0.416082 0.320882 0.631931
0.577573 0.346199 0.512559
0.349234 0.230616 0.599057
0.292181 0.210003 0.46511
0.680185 0.24835 0.538218
0.561191 0.347364 0.46649
0.620634 0.335502 0.438093
0.475825 0.336584 0.36943
0.483548 0.221445 0.682461
0.323064 0.220851 0.560634
0.374148 0.236725 0.631042
0.601882 0.343962 0.454704
0.525155 0.205622 0.314249
0.335303 0.292187 0.593382
0.565434 0.245384 0.67432
0.385779 0.238102 0.632791
0.626591 0.233604 0.344064
0.556214 0.287454 0.323131
0.646027 0.271143 0.609198
0.383 0.3408 0.506795
0.399264 0.318799 0.350899
0.535789 0.312191 0.647396
0.598701 0.318977 0.362838
0.462455 0.208665 0.672211
0.66777 0.277471 0.564747
0.61795 0.286498 0.6379
0.385995 0.342248 0.523003
0.652117 0.308221 0.49894
0.522384 0.348172 0.435878
0.385241 0.317118 0.620379
0.596955 0.243253 0.654706
0.412736 0.311973 0.637441
0.516562 0.251186 0.301789
0.6058 0.340816 0.464555
0.584498 0.344938 0.51662
0.573611 0.252231 0.671511
0.499426 0.344226 0.506971
0.678829 0.264781 0.522448
0.356122 0.324122 0.472101
0.432027 0.319524 0.635946
0.677079 0.209756 0.503331
0.684259 0.228591 0.521599
0.491709 0.344424 0.456609
0.340937 0.313007 0.468876
0.667366 0.219917 0.567588
0.480528 0.210372 0.294492
0.587977 0.237522 0.66224
0.463911 0.341122 0.590354
0.56214 0.281403 0.668527
0.304529 0.216462 0.521357
0.519201 0.342743 0.513653
0.309129 0.265218 0.515525
0.648871 0.253987 0.381492
0.304708 0.265128 0.486754
0.654403 0.254754 0.598189
0.670184 0.287996 0.490316
0.372966 0.315708 0.368851
0.298921 0.218019 0.450971
0.419394 0.236071 0.321079
0.460926 0.29079 0.320483
0.48332 0.345012 0.539366
0.524873 0.213293 0.308598
0.428241 0.251257 0.664378
0.561386 0.330807 0.362522
0.565522 0.273075 0.670417
0.543895 0.341335 0.534513
0.597685 0.228307 0.334456
0.670391 0.210416 0.480207
0.500775 0.342903 0.560449
0.475013 0.200951 0.671547
0.374762 0.336396 0.530206
0.492566 0.344577 0.529535
0.506138 0.34027 0.590198
0.347159 0.312065 0.393117
0.364324 0.330698 0.521445
0.389309 0.343225 0.443522
0.636388 0.243561 0.61222
0.556612 0.2149 0.315175
0.339788 0.239778 0.573115
0.317222 0.213281 0.442216
0.480543 0.346029 0.528818
0.318855 0.287828 0.437732
0.406878 0.325512 0.355863
0.415498 0.238026 0.658832
0.524502 0.341204 0.498074
0.524058 0.267314 0.677185
0.338704 0.251066 0.376754
0.363767 0.242764 0.617615
0.484496 0.24668 0.678293
0.481895 0.344514 0.530162
0.330431 0.230484 0.56019
0.422582 0.348655 0.404726
0.372154 0.316218 0.372013
0.576534 0.293356 0.65491
0.67826 0.255897 0.5146
0.345358 0.303719 0.589995
0.50057 0.346938 0.424342
0.672136 0.213444 0.497407
0.589949 0.286175 0.33237
0.310934 0.265442 0.517589
0.457241 0.34637 0.451231
0.671758 0.246722 0.414248
0.672193 0.217124 0.541252
0.467213 0.319922 0.346664
0.307225 0.234109 0.534389
0.491645 0.341274 0.461739
0.457028 0.266576 0.671277
0.485888 0.242685 0.299857
0.533971 0.244824 0.306476
0.602472 0.33307 0.603857
0.42659 0.290566 0.653915
0.599924 0.231887 0.336901
0.503886 0.258851 0.676647
0.452374 0.345293 0.552694
0.638229 0.276474 0.614053
0.679672 0.246624 0.456834
0.428137 0.235023 0.317408
0.575683 0.233553 0.659321
0.32676 0.285812 0.392509
0.526622 0.339991 0.546328
0.380367 0.242351 0.623261
0.342415 0.24425 0.577398
0.484297 0.339607 0.470254
0.30751 0.262831 0.492901
0.487236 0.212847 0.673093
0.621195 0.263533 0.622279
0.332938 0.240837 0.580613
0.643912 0.289407 0.396673
0.347293 0.305455 0.387255
0.319031 0.285546 0.46478
0.432613 0.348948 0.452717
0.387499 0.259823 0.640199
0.331927 0.294186 0.395959
0.649242 0.302448 0.557427
0.661287 0.294995 0.497008
0.314494 0.219111 0.438792
0.50484 0.244152 0.676055
0.439058 0.248075 0.310573
0.666047 0.228729 0.564597
0.350913 0.241503 0.603278
0.325275 0.228948 0.416223
0.407086 0.252934 0.643206
0.623511 0.263951 0.620291
0.343932 0.274916 0.616398
0.56098 0.345423 0.398981
0.295103 0.224221 0.469414
0.44303 0.22899 0.663642
0.67239 0.269871 0.529127
0.50771 0.345171 0.404661
0.405622 0.274024 0.325021
0.469951 0.331921 0.367501
0.567833 0.332626 0.369407
0.551883 0.30695 0.646468
0.516174 0.340372 0.383891
0.511244 0.338562 0.482216
0.472935 0.222549 0.680518
0.674663 0.217149 0.51619
0.527382 0.259524 0.307666
0.596527 0.250187 0.642063
0.309359 0.264814 0.487595
0.325885 0.270306 0.388426
0.655596 0.291909 0.421304
0.449769 0.344663 0.497431
0.449615 0.342889 0.559487
0.339199 0.299471 0.393252
0.385949 0.262113 0.636611
0.452589 0.228169 0.671243
0.552776 0.338731 0.527645
0.418619 0.348723 0.453486
0.612883 0.270443 0.3484
0.376476 0.303157 0.35772
0.448981 0.34464 0.401297
0.49518 0.337077 0.468223
0.397308 0.259223 0.645051
0.3895 0.335654 0.580404
0.452702 0.324281 0.355117
0.52749 0.229361 0.309089
0.44587 0.33929 0.382975
0.436896 0.338012 0.598779
0.308944 0.259557 0.444914
0.673759 0.223902 0.474233
0.567841 0.238081 0.66812
0.514619 0.277518 0.671503
0.600303 0.338662 0.553444
0.382138 0.299765 0.350769
0.355336 0.246934 0.603658
0.306275 0.222706 0.458699
0.456527 0.342878 0.479005
0.650194 0.241756 0.388286
0.554444 0.339866 0.385556
0.307606 0.253745 0.507027
0.48623 0.239182 0.676664
0.514777 0.2832 0.668954
0.601892 0.271759 0.644672
0.393202 0.254438 0.636395
0.358722 0.291566 0.364112
0.347662 0.308688 0.543356
0.496628 0.336294 0.496834
0.509371 0.342707 0.431219
0.45399 0.343634 0.403765
0.334451 0.29476 0.397766
0.507277 0.241837 0.673038
0.537674 0.224835 0.318003
0.408337 0.3391 0.586834
0.465504 0.29618 0.65718
0.509086 0.236734 0.30749
0.311564 0.253873 0.519056
0.413859 0.264114 0.655408
0.647507 0.308338 0.476677
0.618308 0.301101 0.377617
0.487593 0.212125 0.664429
0.355207 0.299321 0.606199
0.543136 0.230875 0.666973
0.491039 0.246495 0.306646
0.53365 0.343641 0.403965
0.304108 0.232645 0.460622
0.361221 0.305361 0.375784
0.600792 0.257437 0.63349
0.621462 0.327381 0.477979
0.630688 0.24574 0.369829
0.444045 0.241387 0.31629
0.455703 0.236776 0.31093
0.630749 0.321564 0.477108
0.332924 0.290953 0.533276
0.50269 0.222449 0.664804
0.308366 0.24231 0.517274
0.655988 0.294645 0.515834
0.349096 0.312437 0.401197
0.539688 0.33905 0.565813
0.559343 0.325933 0.620706
0.673748 0.22429 0.520315
0.337782 0.267708 0.597671
0.431579 0.289769 0.328252
0.332044 0.272032 0.58242
0.571675 0.309832 0.345492
0.462129 0.258178 0.669441
0.330415 0.289624 0.401922
0.599139 0.269739 0.639001
0.348083 0.270207 0.367804
0.641456 0.277587 0.600274
0.500763 0.335731 0.383169
0.429561 0.252029 0.655111
0.611261 0.258831 0.612339
0.334162 0.289269 0.5395
0.304141 0.245299 0.476652
0.47822 0.333241 0.47318
0.539802 0.344597 0.419785
0.30862 0.240472 0.452465
0.589951 0.285928 0.649283
0.519044 0.251469 0.670257
0.632782 0.29094 0.606163
0.661567 0.220308 0.476791
0.449291 0.260949 0.665319
0.400478 0.263926 0.625222
0.588151 0.258518 0.638802
0.392329 0.339543 0.475364
0.458726 0.256267 0.668795
0.516987 0.328445 0.366186
0.498127 0.334141 0.496606
0.659817 0.271102 0.571744
0.355969 0.25882 0.597434
0.488104 0.260308 0.671624
0.502395 0.33541 0.537159
0.666715 0.274438 0.512092
0.570596 0.338485 0.505538
0.503625 0.336087 0.548202
0.617095 0.328037 0.4051
0.321613 0.279365 0.463274
0.416177 0.329293 0.36984
0.514712 0.244526 0.312134
0.596938 0.315641 0.366809
0.636228 0.285193 0.601364
0.318425 0.252945 0.419786
0.443786 0.341566 0.49286
0.499009 0.259731 0.669292
0.605223 0.254901 0.351499
0.363819 0.302069 0.375027
0.322691 0.268145 0.405817
0.311555 0.241523 0.456558
0.312283 0.240614 0.454537
0.411353 0.271063 0.650061
0.617475 0.331996 0.425746
0.544235 0.336145 0.463292
0.546907 0.241046 0.663477
0.617514 0.326581 0.481012
0.421194 0.343723 0.501382
0.47644 0.274998 0.667539
0.557954 0.266564 0.323377
0.468079 0.27436 0.319094
0.470056 0.336498 0.556003
0.636593 0.274538 0.390513
0.424649 0.262469 0.329476
0.461345 0.341153 0.434189
0.466817 0.33664 0.562656
0.368067 0.267998 0.597535
0.574798 0.33727 0.531714
0.500211 0.33475 0.550617
0.378476 0.313738 0.374665
0.63255 0.28074 0.6058
0.545392 0.29763 0.650268
0.516104 0.323554 0.361496
0.384677 0.265456 0.620737
0.385401 0.314897 0.613546
0.40441 0.268219 0.629924
0.407984 0.341372 0.409319
0.313981 0.24735 0.464456
0.616646 0.308182 0.387697
0.482324 0.314336 0.633652
0.323118 0.240619 0.435127
0.558972 0.256536 0.326501
0.662119 0.254618 0.552056
0.658037 0.268206 0.418092
0.555689 0.254687 0.325706
0.66751 0.251655 0.474778
0.331507 0.267839 0.555442
0.613867 0.260172 0.36064
0.466604 0.333926 0.492917
0.371421 0.297913 0.366601
0.546112 0.330975 0.490271
0.471626 0.334836 0.533503
0.536514 0.242157 0.657399
0.637708 0.257692 0.390335
0.6351 0.273049 0.597659
0.477084 0.316566 0.630506
0.471633 0.338041 0.411051
0.599325 0.338324 0.449784
0.661142 0.276116 0.444822
0.344173 0.298915 0.521605
0.461811 0.330337 0.599857
0.418145 0.318075 0.35596
0.518943 0.337326 0.433355
0.50198 0.328732 0.491222
0.662757 0.230688 0.487003
0.665922 0.26094 0.482953
0.456337 0.29523 0.334111
0.498159 0.296059 0.334487
0.476164 0.284845 0.661039
0.563136 0.337263 0.390526
0.599861 0.336011 0.46059
0.346813 0.297743 0.524577
0.40706 0.34158 0.445426
0.495547 0.33202 0.566094
0.631445 0.30087 0.404468
0.658033 0.244213 0.544377
0.66377 0.249897 0.437898
0.369667 0.320389 0.525354
0.473271 0.330547 0.508466
0.663847 0.244463 0.476938
0.462853 0.250956 0.665934
0.595102 0.331439 0.51796
0.389297 0.282676 0.347179
0.623395 0.316063 0.578062
0.502034 0.240878 0.320574
0.494043 0.234809 0.666077
0.547533 0.328666 0.518114
0.324439 0.275661 0.41941
0.547041 0.328616 0.510557
0.548839 0.334229 0.558883
0.498287 0.255863 0.664838
0.358347 0.311849 0.482616
0.490593 0.325967 0.483394
0.393099 0.268963 0.613115
0.661313 0.269457 0.483737
0.335209 0.280714 0.396346
0.474408 0.307283 0.348962
0.334777 0.281746 0.521503
0.341083 0.284054 0.561897
0.427334 0.342998 0.447978
0.475918 0.332768 0.393227
0.523382 0.33175 0.569016
0.603244 0.332561 0.463448
0.452432 0.336169 0.469626
0.431077 0.340004 0.494928
0.426041 0.340328 0.499849
0.396493 0.289744 0.630982
0.354703 0.303664 0.504089
0.603248 0.315306 0.382625
0.435059 0.316592 0.35961
0.640723 0.262989 0.407495
0.325496 0.267386 0.482987
0.656631 0.274221 0.442725
0.426345 0.336166 0.547199
0.503785 0.274735 0.658122
0.582518 0.32586 0.377283
0.33038 0.268051 0.502001
0.657749 0.269491 0.439016
0.536418 0.324646 0.535251
0.372995 0.301664 0.606242
0.462909 0.265566 0.323568
0.355545 0.306838 0.473969
0.601671 0.333529 0.454339
0.372762 0.318354 0.544595
0.395077 0.289532 0.348539
0.4733 0.330336 0.572491
0.374425 0.32165 0.404338
0.646885 0.288431 0.532544
0.512891 0.245961 0.324501
0.641571 0.267421 0.406096
0.628798 0.284084 0.597802
0.544679 0.325303 0.476407
0.658431 0.236829 0.497163
0.515136 0.326573 0.543279
0.500599 0.317144 0.363999
0.661137 0.247496 0.449324
0.548373 0.326457 0.487689
0.333464 0.263706 0.523094
0.333615 0.264864 0.520932
0.50412 0.327528 0.454902
0.560355 0.329002 0.511797
0.420715 0.335781 0.578244
0.351478 0.287835 0.588748
0.377059 0.289157 0.606129
0.456722 0.287811 0.64738
0.524017 0.332567 0.40882
0.385918 0.279585 0.356665
0.513288 0.332234 0.419666
0.652518 0.278244 0.446049
0.643679 0.270781 0.414724
0.388474 0.329499 0.472809
0.5157 0.328052 0.570738
0.333007 0.284262 0.432084
0.411819 0.333117 0.578096
0.364389 0.285893 0.59434
0.534281 0.317721 0.366802
0.654246 0.235219 0.508219
0.484424 0.259646 0.325482
0.577429 0.27653 0.641081
0.532734 0.317757 0.480023
0.535934 0.262584 0.328359
0.492602 0.304428 0.351858
0.449112 0.331862 0.495944
0.616577 0.310918 0.400503
0.555896 0.327367 0.470362
0.511384 0.324554 0.544631
0.337136 0.271168 0.40805
0.438963 0.310375 0.355371
0.507507 0.317582 0.479322
0.376908 0.322593 0.410247
0.464018 0.325119 0.384379
0.650635 0.284275 0.468067
0.481205 0.259375 0.661129
0.565264 0.336815 0.447439
0.643199 0.289258 0.531659
0.586594 0.282886 0.349199
0.42729 0.274616 0.64399
0.564349 0.330065 0.541377
0.499195 0.297487 0.343784
0.369309 0.310219 0.485928
0.463509 0.249593 0.658955
0.350201 0.288455 0.504919
0.399241 0.287399 0.352172
0.345677 0.296069 0.413515
0.638417 0.298131 0.452638
0.470592 0.326484 0.570765
0.54231 0.334182 0.410461
0.512782 0.278424 0.64651
0.554293 0.325968 0.385024
0.393885 0.281977 0.611052
0.360967 0.305732 0.405459
0.504815 0.286783 0.644394
0.391725 0.296435 0.362149
0.578322 0.300188 0.626048
0.59255 0.296287 0.362037
0.449925 0.291199 0.340526
0.540953 0.317995 0.518899
0.378816 0.315325 0.558401
0.64219 0.285458 0.499879
0.50885 0.290251 0.641705
0.576462 0.326088 0.511877
0.643565 0.28986 0.457316
0.331782 0.262331 0.45069
0.394319 0.325884 0.553722
0.503136 0.290458 0.642337
0.345835 0.275695 0.535677
0.651768 0.260484 0.518715
0.539571 0.332054 0.402603
0.636294 0.293292 0.544186
0.482203 0.319758 0.516468
0.434233 0.295532 0.633633
0.552714 0.331824 0.44786
0.35958 0.298589 0.526355
0.45102 0.269035 0.651819
0.653866 0.243106 0.531433
0.378955 0.301769 0.385314
0.485799 0.308947 0.476627
0.541658 0.312394 0.616289
0.455973 0.294241 0.635447
0.376476 0.29737 0.590952
0.631697 0.301939 0.454984
0.577771 0.330003 0.557673
0.336291 0.26399 0.452355
0.430501 0.279331 0.343405
0.623723 0.303955 0.515364
0.577531 0.304121 0.619391
0.353119 0.28569 0.516289
0.486301 0.313474 0.504101
0.483358 0.293145 0.349232
0.475405 0.30943 0.370315
0.334779 0.269375 0.460735
0.381013 0.312236 0.531657
0.568584 0.321493 0.49452
0.447893 0.325459 0.508715
0.392283 0.294454 0.365106
0.498363 0.278433 0.644979
0.646994 0.268691 0.465194
0.33477 0.264474 0.459598
0.40253 0.305872 0.609364
0.490456 0.279693 0.337572
0.527335 0.323502 0.588248
0.43036 0.306006 0.620514
0.542068 0.322093 0.549331
0.483552 0.313548 0.464624
0.485078 0.314884 0.514487
0.582312 0.299556 0.620725
0.612749 0.27128 0.594444
0.472159 0.320639 0.533006
0.385515 0.317873 0.488735
0.378891 0.302621 0.591045
0.62188 0.312467 0.458646
0.380999 0.307764 0.557314
0.486602 0.306978 0.494762
0.390358 0.304514 0.383127
0.470962 0.277252 0.645766
0.531704 0.31903 0.597751
0.611236 0.317478 0.458579
0.390674 0.323386 0.430919
0.4873 0.303866 0.367072
0.403307 0.324592 0.39919
0.486154 0.306597 0.492496
0.524204 0.283902 0.34099
0.405322 0.271906 0.607942
0.451136 0.329156 0.416901
0.529845 0.308952 0.530413
0.551278 0.269788 0.636774
0.342645 0.274924 0.478329
0.61686 0.313622 0.452898
0.533524 0.283055 0.340937
0.632365 0.275293 0.418596
0.538345 0.307403 0.36483
0.420216 0.325959 0.5134
0.644197 0.246538 0.499307
0.467911 0.239346 0.652948
0.421951 0.282648 0.351405
0.484279 0.314928 0.536499
0.532543 0.31432 0.379817
0.365491 0.303818 0.453975
0.413456 0.301124 0.359244
0.402097 0.329129 0.413068
0.637751 0.278867 0.472653
0.505404 0.314409 0.38503
0.469683 0.319584 0.396251
0.418754 0.298984 0.618641
0.351461 0.278025 0.413164
0.551985 0.312944 0.371262
0.447459 0.301017 0.623535
0.388288 0.308875 0.535597
0.640574 0.250163 0.465034
0.639231 0.259221 0.509037
0.499105 0.300647 0.618632
0.55313 0.31001 0.498552
0.573585 0.322326 0.460499
0.441261 0.325538 0.450831
0.522971 0.297978 0.484924
0.395779 0.271158 0.592734
0.37863 0.293948 0.391752
0.598591 0.319932 0.557646
0.522922 0.300647 0.506153
0.546263 0.319746 0.448313
0.480009 0.311699 0.538106
0.484453 0.297919 0.479582
0.383479 0.309417 0.404769
0.633481 0.280416 0.5402
0.401693 0.316974 0.509788
0.565035 0.324463 0.39946
0.463854 0.309098 0.473008
0.623699 0.293255 0.563382
0.384735 0.286763 0.380388
0.424084 0.318299 0.384588
0.430137 0.325078 0.479187
0.616892 0.272843 0.582578
0.411025 0.324025 0.495252
0.517842 0.301793 0.464679
0.528045 0.299967 0.50097
0.618792 0.30403 0.423888
0.386232 0.306449 0.512816
0.61475 0.285956 0.405015
0.541024 0.304585 0.486893
0.47375 0.284196 0.637654
0.476914 0.318072 0.404062
0.561364 0.320009 0.459425
0.400916 0.317189 0.56252
0.382804 0.309086 0.440773
0.634194 0.240041 0.479908
0.47632 0.274001 0.639068
0.509532 0.296275 0.613892
0.425751 0.322076 0.480881
0.547616 0.311115 0.459312
0.545574 0.292256 0.61699
0.351402 0.277806 0.452431
0.362886 0.286211 0.41598
0.539756 0.279733 0.352137
0.525095 0.267951 0.629846
0.520662 0.279262 0.623719
0.507644 0.269409 0.35103
0.510576 0.310593 0.396889
0.590374 0.321469 0.454618
0.388322 0.313096 0.437739
0.522348 0.303788 0.450927
0.387284 0.298464 0.395629
0.484031 0.313204 0.578666
0.624757 0.276076 0.487037
0.535652 0.296683 0.484296
0.38247 0.310199 0.429159
0.512107 0.301664 0.608332
0.434052 0.316329 0.515052
0.633181 0.255338 0.494583
0.430536 0.293935 0.616908
0.480545 0.286632 0.629436
0.414013 0.288559 0.608274
0.534943 0.285279 0.352773
0.516373 0.294423 0.467373
0.536706 0.301664 0.466104
0.375157 0.293953 0.540275
0.415723 0.313331 0.38463
0.450972 0.300936 0.613901
0.459657 0.310048 0.523006
0.539229 0.312904 0.447011
0.411304 0.296006 0.59428
0.631336 0.240816 0.493095
0.604562 0.310569 0.432445
0.51876 0.291315 0.609123
0.584842 0.305968 0.477506
0.532573 0.297964 0.458836
0.399748 0.30926 0.478517
0.492392 0.293722 0.374622
0.35536 0.275624 0.461015
0.464664 0.275526 0.631882
0.491316 0.299823 0.386444
0.537077 0.313094 0.42961
0.497375 0.30626 0.561534
0.552657 0.312174 0.552355
0.396982 0.299041 0.39529
0.397875 0.31045 0.463063
0.454364 0.266231 0.633674
0.376221 0.291582 0.530616
0.386701 0.303912 0.456995
0.485609 0.286795 0.488363
0.466964 0.303332 0.387123
0.404555 0.31312 0.474029
0.622676 0.269412 0.491771
0.427455 0.31669 0.555002
0.588503 0.299018 0.38805
0.420483 0.323498 0.448656
0.429534 0.322379 0.443352
0.542412 0.303805 0.458854
0.494314 0.266402 0.632631
0.362137 0.283468 0.431471
0.474319 0.302582 0.534699
0.494711 0.241288 0.639509
0.35246 0.269913 0.478662
0.399752 0.308202 0.491503
0.592254 0.292747 0.591184
0.410661 0.303468 0.588345
0.394854 0.299636 0.488882
0.629581 0.240922 0.506362
0.459658 0.297091 0.496548
0.527748 0.286907 0.607497
0.456042 0.306314 0.452763
0.519613 0.284931 0.462023
0.512951 0.236909 0.623585
0.596395 0.277895 0.586292
0.360603 0.273196 0.489921
0.614071 0.282619 0.56168
0.452244 0.307566 0.454189
0.556307 0.298193 0.520882
0.476554 0.28052 0.481218
0.608113 0.298805 0.449559
0.49635 0.238275 0.634501
0.404315 0.306092 0.483772
0.629961 0.24642 0.514543
0.363055 0.274805 0.448501
0.56571 0.288124 0.602913
0.628382 0.240651 0.498406
0.398819 0.295699 0.570981
0.427515 0.309 0.516493
0.427099 0.3045 0.386851
0.431886 0.298664 0.600238
0.60662 0.295395 0.524738
0.442296 0.310902 0.555164
0.396249 0.297259 0.555582
0.431009 0.312348 0.557167
0.450129 0.310773 0.570411
0.496417 0.234271 0.633714
0.405416 0.277879 0.590757
0.610172 0.296907 0.437757
0.610077 0.290996 0.542039
0.371136 0.281109 0.430649
0.495105 0.302999 0.405319
0.525189 0.278479 0.473726
0.408384 0.292882 0.399068
0.627574 0.24292 0.519604
0.561901 0.305943 0.584746
0.536429 0.283773 0.603194
0.607087 0.291586 0.454011
0.508566 0.274726 0.467938
0.361896 0.264834 0.498871
0.478626 0.299368 0.571987
0.377869 0.28024 0.530964
0.514571 0.289909 0.54771
0.39976 0.29652 0.495318
0.54223 0.263788 0.612883
0.449427 0.300952 0.39624
0.380471 0.273479 0.547654
0.586725 0.305343 0.56875
0.410674 0.30267 0.504839
0.527264 0.299251 0.420872
0.616387 0.26721 0.55365
0.502826 0.275569 0.500072
0.502161 0.276462 0.503263
0.596944 0.2908 0.498163
0.448957 0.306869 0.575093
0.508553 0.297243 0.583444
0.433114 0.276898 0.371576
0.565856 0.314625 0.43124
0.441421 0.30164 0.39479
0.620837 0.271871 0.445056
0.5627 0.310531 0.410594
0.373915 0.280349 0.515127
0.614875 0.273057 0.550867
0.577728 0.317556 0.429361
0.453755 0.293146 0.483789
0.533334 0.244737 0.617364
0.595902 0.296721 0.56571
0.37047 0.276982 0.48527
0.418049 0.266543 0.601253
0.407784 0.294389 0.540313
0.617871 0.254098 0.533942
0.435082 0.300818 0.402901
0.544757 0.280107 0.598279
0.478176 0.295245 0.414234
0.498137 0.262888 0.473698
0.485818 0.2806 0.390008
0.601428 0.276581 0.508198
0.399341 0.275455 0.574989
0.412519 0.296885 0.512122
0.618451 0.251575 0.537184
0.576622 0.29824 0.464992
0.434002 0.29473 0.58917
0.408099 0.300063 0.453681
0.422512 0.300646 0.527538
0.416572 0.299692 0.52848
0.462085 0.280231 0.608732
0.617124 0.253335 0.470227
0.425173 0.295573 0.395827
0.368734 0.266875 0.501969
0.505336 0.290722 0.412858
0.460906 0.252595 0.624303
0.605315 0.266593 0.486202
0.415298 0.30302 0.412572
0.539427 0.297433 0.57469
0.450755 0.290668 0.50467
0.582515 0.296989 0.536018
0.45676 0.287745 0.50642
0.600326 0.275586 0.494262
0.482603 0.273775 0.512485
0.499566 0.264471 0.489606
0.549839 0.292564 0.543181
0.505088 0.283626 0.444219
0.559596 0.283842 0.488681
0.533891 0.293468 0.565319
0.519159 0.268032 0.500694
0.397935 0.2821 0.46929
0.388681 0.276402 0.435593
0.601886 0.263846 0.478462
0.607035 0.261433 0.537289
0.483988 0.275214 0.604211
0.496093 0.253945 0.475332
0.571478 0.297317 0.407492
0.420235 0.293703 0.519042
0.531513 0.233083 0.612055
0.457562 0.264517 0.373481
0.540549 0.278808 0.534866
0.542105 0.287649 0.554989
0.381963 0.27135 0.496348
0.491576 0.272005 0.454669
0.563008 0.284762 0.585681
0.472768 0.237137 0.625666
0.401821 0.283433 0.479934
0.621854 0.233038 0.451873
0.464985 0.246089 0.621782
0.459928 0.283084 0.395907
0.494667 0.286012 0.425921
0.497584 0.281846 0.555504
0.367061 0.24989 0.488287
0.472009 0.288404 0.564837
0.614316 0.266593 0.42905
0.473338 0.262499 0.485245
0.3961 0.264739 0.569463
0.37599 0.265975 0.517255
0.530448 0.271801 0.529671
0.615879 0.234796 0.486053
0.595728 0.279346 0.555073
0.484546 0.287602 0.57436
0.431182 0.292328 0.517971
0.58747 0.291769 0.463787
0.500887 0.271012 0.529403
0.476863 0.285465 0.41013
0.427724 0.249845 0.601285
0.382766 0.262378 0.455222
0.467291 0.280866 0.551554
0.610154 0.243478 0.539509
0.606414 0.250805 0.543114
0.486403 0.243328 0.480166
0.438378 0.287025 0.533916
0.527442 0.253248 0.483102
0.541073 0.285892 0.419078
0.579021 0.264485 0.581098
0.498167 0.257067 0.60337
0.549062 0.280673 0.398355
0.618215 0.238876 0.447382
0.519915 0.268418 0.591341
0.420942 0.288895 0.547143
0.47223 0.256531 0.382135
0.57337 0.283017 0.398087
0.600946 0.257598 0.557144
0.375543 0.246495 0.500697
0.585798 0.288879 0.420346
0.439964 0.270452 0.598238
0.502033 0.24823 0.606387
0.468182 0.27472 0.402525
0.468336 0.259083 0.608446
0.595196 0.267777 0.542099
0.478272 0.259997 0.607835
0.600533 0.264607 0.466571
0.506464 0.255223 0.379465
0.482756 0.252234 0.498679
0.477786 0.279916 0.431772
0.515696 0.261844 0.384773
0.55923 0.244061 0.599099
0.40446 0.258717 0.576333
0.529768 0.241969 0.606461
0.412502 0.25966 0.584515
0.593839 0.268755 0.537729
0.406265 0.270181 0.508498
0.378749 0.245574 0.469143
0.559615 0.265732 0.388881
0.388685 0.252652 0.544689
0.499417 0.264438 0.547005
0.476256 0.241802 0.483401
0.535866 0.274618 0.430146
0.397638 0.26735 0.454749
0.539573 0.258481 0.468651
0.499721 0.263208 0.590803
0.466174 0.256753 0.389828
0.568153 0.265984 0.487147
0.573135 0.248415 0.587453
0.567972 0.26978 0.472764
0.501802 0.251326 0.517284
0.473076 0.267661 0.411189
0.499832 0.265605 0.549876
0.605441 0.2378 0.47372
0.540773 0.27329 0.407749
0.475509 0.271794 0.419298
0.604019 0.234977 0.512599
0.506399 0.255679 0.39037
0.533958 0.274289 0.566385
0.463994 0.248419 0.381512
0.589838 0.269616 0.464651
0.478205 0.266145 0.444311
0.541148 0.276838 0.567947
0.395029 0.258093 0.483217
0.422897 0.279425 0.468756
0.573932 0.262461 0.394231
0.460673 0.265639 0.463598
0.437822 0.285007 0.442047
0.594365 0.275326 0.430869
0.507768 0.253297 0.522536
0.536539 0.276293 0.424425
0.469886 0.267782 0.450027
0.425082 0.258086 0.583325
0.433854 0.275616 0.450624
0.386982 0.24144 0.49502
0.478875 0.230185 0.478491
0.500529 0.221436 0.605683
0.472313 0.237414 0.484101
0.471531 0.262412 0.440927
0.577502 0.263039 0.473626
0.612414 0.219923 0.519144
0.551353 0.262555 0.537345
0.540789 0.235182 0.597181
0.520595 0.247552 0.45255
0.535403 0.256869 0.453682
0.47355 0.237406 0.474716
0.546822 0.261158 0.395525
0.552084 0.264984 0.54258
0.438964 0.27296 0.57897
0.399179 0.260474 0.444914
0.595865 0.243688 0.553793
0.609007 0.234099 0.453067
0.579585 0.259914 0.524313
0.607185 0.223976 0.513713
0.599961 0.235809 0.559758
0.536169 0.266379 0.417787
0.470561 0.249662 0.397655
0.511091 0.244545 0.384278
0.435526 0.274927 0.418241
0.515567 0.244262 0.518475
0.562276 0.263036 0.530937
0.59556 0.244698 0.546231
0.425216 0.229493 0.598597
0.532047 0.25103 0.45971
0.455894 0.268346 0.583606
0.536748 0.259252 0.450818
0.466658 0.227022 0.60975
0.616641 0.208998 0.511236
0.42274 0.261494 0.569418
0.554248 0.256599 0.402694
0.563177 0.236598 0.58837
0.505838 0.235052 0.459004
0.510612 0.246078 0.544751
0.460048 0.239596 0.485364
0.493156 0.236996 0.455731
0.59497 0.234208 0.5386
0.57137 0.255938 0.470496
0.479842 0.235423 0.459042
0.595641 0.229726 0.518272
0.418242 0.247353 0.576238
0.382746 0.221702 0.472452
0.419554 0.249771 0.478153
0.476968 0.233534 0.507178
0.583685 0.24193 0.487318
0.458987 0.257217 0.447131
0.510683 0.249751 0.555966
0.536994 0.256881 0.570789
0.525102 0.237377 0.516324
0.500314 0.237018 0.589205
0.408025 0.255031 0.429631
0.572764 0.235488 0.39443
0.556683 0.247505 0.515243
0.603242 0.222584 0.465946
0.412993 0.245425 0.476481
0.534769 0.25881 0.424417
0.597607 0.21754 0.402129
0.48644 0.239894 0.527353
0.431843 0.218531 0.604414
0.503712 0.222259 0.597955
0.599948 0.225014 0.516234
0.487594 0.255882 0.576668
0.39208 0.233851 0.473627
0.467097 0.256483 0.422532
0.591981 0.230909 0.486376
0.413671 0.234101 0.482624
0.557556 0.257308 0.421901
0.455738 0.248063 0.448486
0.515418 0.226004 0.461677
0.407482 0.242618 0.519512
0.446603 0.238721 0.486262
0.582756 0.234059 0.567733
0.472868 0.228914 0.509316
0.56777 0.239923 0.504223
0.38923 0.232086 0.442028
0.545861 0.248106 0.567064
0.419191 0.25386 0.444612
0.586834 0.231448 0.408554
0.463092 0.21364 0.605319
0.556808 0.241872 0.470884
0.581579 0.232884 0.505013
0.601728 0.213484 0.575996
0.501657 0.231788 0.449697
0.476649 0.212486 0.479654
0.41962 0.250254 0.516087
0.439907 0.247825 0.50099
0.409121 0.237805 0.465111
0.430989 0.256268 0.528013
0.546777 0.246868 0.54966
0.573226 0.231045 0.581208
0.42779 0.256972 0.566107
0.498078 0.234441 0.536212
0.503732 0.216538 0.484726
0.437767 0.243589 0.487753
0.520934 0.242503 0.570357
0.445305 0.258644 0.429953
0.464856 0.23761 0.587031
0.45532 0.236151 0.396021
0.586106 0.219164 0.397581
0.601094 0.209571 0.488239
0.469703 0.217253 0.381782
0.415915 0.225161 0.471867
0.456288 0.203304 0.607247
0.402667 0.227858 0.536344
0.548314 0.239602 0.447502
0.419086 0.227268 0.471159
0.431866 0.233607 0.488086
0.393876 0.200847 0.583438
0.497267 0.21183 0.592231
0.521508 0.224707 0.450201
0.53564 0.233369 0.570624
0.597785 0.206346 0.494841
0.526153 0.232321 0.569444
0.451444 0.236242 0.413328
0.422039 0.204452 0.602714
0.478688 0.222421 0.583806
0.602202 0.209593 0.455068
0.401742 0.225414 0.46185
0.393527 0.213695 0.556569
0.417778 0.22215 0.478798
0.567804 0.222856 0.583505
0.596453 0.217171 0.545988
0.448132 0.228988 0.587437
0.41605 0.233478 0.565934
0.56874 0.248751 0.429585
0.486129 0.228794 0.426935
0.54819 0.243065 0.42336
0.608093 0.206079 0.539034
0.590083 0.217156 0.57504
0.595443 0.204547 0.480285
0.569488 0.224101 0.396517
0.530083 0.232327 0.409576
0.516123 0.228177 0.407826
0.485048 0.209205 0.381463
0.464902 0.227308 0.405026
0.600376 0.212922 0.531567
0.447022 0.230318 0.586463
0.421122 0.195813 0.606265
0.457006 0.212162 0.392356
0.500042 0.205537 0.381562
0.560312 0.230626 0.452783
0.541162 0.222547 0.454847
0.421149 0.2199 0.492571
0.486761 0.199915 0.492292
0.603449 0.203415 0.542711
0.521893 0.207555 0.494926
0.456438 0.230448 0.548429
0.555083 0.222722 0.534889
0.538063 0.227256 0.419274
0.428682 0.230554 0.570539
0.451488 0.219912 0.497649
0.557897 0.223225 0.534806
0.604799 0.189827 0.474216
0.553397 0.20656 0.59504
0.60685 0.191789 0.4662
0.567115 0.210947 0.391408
0.470871 0.194757 0.606624
0.53188 0.209724 0.481092
0.456558 0.21574 0.397673
0.483461 0.200343 0.494729
0.566033 0.229033 0.459679
0.47271 0.224484 0.562456
0.553616 0.218268 0.511632
0.569843 0.23477 0.428245
0.493061 0.211495 0.450813
0.543208 0.226078 0.447847
0.458652 0.228199 0.573971
0.469897 0.199781 0.476505
0.616336 0.18031 0.469758
0.451688 0.224646 0.45417
0.431963 0.237153 0.550241
0.502756 0.191105 0.608459
0.549318 0.217901 0.483243
0.417088 0.214945 0.525883
0.473129 0.197384 0.500927
0.421437 0.220486 0.445986
0.601337 0.196076 0.413618
0.542659 0.19639 0.597233
0.418933 0.208193 0.494464
0.568558 0.210823 0.491668
0.457062 0.21989 0.563201
0.440484 0.221644 0.520107
0.480605 0.206785 0.418924
0.485267 0.203679 0.527798
0.5198 0.203565 0.518192
0.397451 0.197335 0.49731
0.516478 0.199619 0.50269
0.469665 0.191807 0.602818
0.417332 0.215611 0.534859
0.522139 0.200516 0.502089
0.391123 0.20628 0.450757
0.602956 0.195315 0.572451
0.531963 0.202836 0.497553
0.521642 0.197695 0.489206
0.492489 0.206779 0.576347
0.515471 0.199131 0.501234
0.604902 0.192303 0.583654
0.52884 0.2127 0.41203
0.577438 0.205821 0.489298
0.394916 0.20155 0.465051
0.431378 0.212243 0.466912
0.495386 0.190666 0.483186
0.578256 0.208704 0.535944
0.5593 0.215131 0.543635
0.545888 0.20701 0.479011
0.615045 0.18746 0.524459
0.444666 0.218984 0.515577
0.467035 0.20984 0.577882
0.504808 0.206792 0.397138
0.415541 0.208523 0.441973
0.471277 0.194177 0.519001
0.525701 0.194769 0.516658
0.617358 0.179529 0.412979
0.441775 0.201208 0.584943
0.405955 0.193294 0.498403
0.438398 0.193975 0.389946
0.559079 0.199522 0.517533
0.443584 0.211229 0.567189
0.389743 0.184995 0.394934
0.450094 0.205942 0.5751
0.530719 0.185204 0.604185
0.608847 0.189024 0.434433
0.550385 0.199648 0.39212
0.548964 0.204881 0.559709
0.420159 0.207136 0.55995
0.452096 0.204224 0.417554
0.616746 0.180569 0.573924
0.531436 0.191844 0.482508
0.426806 0.203194 0.502774
0.461498 0.201255 0.416315
0.50027 0.184244 0.376029
0.59195 0.196904 0.424116
0.601081 0.183306 0.3915
0.515453 0.199494 0.548962
0.577251 0.194952 0.581309
0.589737 0.194553 0.565813
0.553525 0.205343 0.557543
0.447075 0.20466 0.451711
0.453196 0.194834 0.493263
0.493521 0.173014 0.62103
0.413477 0.201773 0.533775
0.567194 0.193979 0.588167
0.41271 0.20819 0.440072
0.601202 0.189535 0.412904
0.388999 0.186233 0.527527
0.41394 0.189248 0.514659
0.603959 0.179833 0.456946
0.60617 0.181333 0.544972
0.403191 0.181489 0.387848
0.557864 0.192249 0.539764
0.401897 0.18418 0.499203
0.59789 0.181231 0.507462
0.48271 0.186882 0.406791
0.392874 0.185404 0.465088
0.402549 0.19029 0.560578
0.528601 0.188102 0.447631
0.403562 0.191291 0.418526
0.475645 0.180984 0.511087
0.47155 0.182221 0.509775
0.382699 0.178335 0.472954
0.435025 0.186592 0.479387
0.549009 0.180643 0.603434
0.504745 0.190887 0.569349
0.547505 0.188259 0.581418
0.459436 0.19372 0.572568
0.452737 0.194081 0.536065
0.525718 0.182561 0.468721
0.492341 0.187391 0.541392
0.384416 0.183682 0.457188
0.430096 0.187211 0.475326
0.47377 0.18802 0.57812
0.504775 0.178786 0.471798
0.522784 0.190558 0.572948
0.41832 0.188198 0.468703
0.394476 0.179802 0.599214
0.423625 0.195554 0.533266
0.618074 0.175453 0.544331
0.416491 0.189968 0.512724
0.536263 0.189838 0.536725
0.465443 0.184912 0.388112
0.481727 0.172767 0.617678
0.410864 0.179151 0.508383
0.426826 0.187291 0.555281
0.578826 0.178275 0.477612
0.53838 0.177645 0.498724
0.566426 0.181156 0.511139
0.390494 0.174787 0.501562
0.616919 0.170882 0.516338
0.498771 0.17669 0.447621
0.62103 0.170194 0.556765
0.478252 0.177979 0.389894
0.551082 0.183109 0.407895
0.584756 0.176599 0.482792
0.394765 0.175844 0.517019
0.446901 0.181459 0.514784
0.586343 0.179499 0.407878
0.568647 0.185304 0.447699
0.440853 0.185356 0.533002
0.569121 0.181001 0.508274
0.394749 0.178588 0.463947
0.416922 0.178139 0.487788
0.415777 0.185358 0.562798
0.422481 0.184946 0.537544
0.607021 0.175919 0.564005
0.514409 0.175751 0.379226
0.627687 0.16366 0.507727
0.541274 0.178043 0.49834
0.437764 0.176365 0.60419
0.574925 0.175347 0.380498
0.497617 0.177509 0.585712
0.543959 0.17888 0.50613
0.470055 0.177021 0.527854
0.404617 0.180927 0.578445
0.434474 0.183093 0.508316
0.587299 0.181646 0.425137
0.588582 0.178258 0.538291
0.591403 0.174353 0.59839
0.406667 0.173547 0.4107
0.421606 0.174775 0.578921
0.445086 0.17544 0.559309
0.552131 0.17115 0.503264
0.450267 0.169081 0.49706
0.372661 0.162972 0.506576
0.470003 0.171624 0.401243
0.615825 0.16673 0.39991
0.626607 0.162974 0.610334
0.371974 0.160797 0.626114
0.511784 0.168047 0.453021
0.59858 0.170291 0.573812
0.626703 0.163173 0.443886
0.483153 0.170864 0.39275
0.42294 0.164313 0.622853
0.57355 0.172948 0.469261
0.614471 0.167965 0.440313
0.558138 0.172957 0.395487
0.571067 0.166557 0.617178
0.550816 0.170768 0.495091
0.595595 0.167895 0.484828
0.428464 0.17341 0.586623
0.435349 0.169111 0.47864
0.513068 0.17134 0.415306
0.613686 0.167041 0.398021
0.548404 0.167872 0.606296
0.393499 0.169976 0.467772
0.459932 0.165857 0.480871
0.445709 0.174862 0.551281
0.407262 0.172632 0.454463
0.391964 0.168813 0.601941
0.502566 0.170646 0.385524
0.385438 0.171382 0.582824
0.556407 0.170813 0.587842
0.48499 0.163904 0.621338
0.46087 0.166436 0.488116
0.402076 0.165321 0.582448
0.440873 0.165617 0.439643
0.61433 0.158081 0.631058
0.607805 0.162014 0.455265
0.450821 0.164605 0.395844
0.364396 0.157014 0.508552
0.563181 0.165022 0.40037
0.444994 0.16562 0.412543
0.530021 0.160638 0.37252
0.402873 0.162213 0.474419
0.43011 0.166717 0.438356
0.580923 0.16627 0.423659
0.601056 0.158649 0.62895
0.563913 0.164459 0.391668
0.586238 0.165636 0.42197
0.629403 0.158348 0.547686
0.576535 0.163408 0.591355
0.584888 0.159902 0.368016
0.608217 0.162853 0.576519
0.632888 0.156551 0.370757
0.585716 0.162975 0.493581
0.475312 0.160582 0.525979
0.473145 0.159191 0.485348
0.561551 0.165135 0.567039
0.417908 0.163559 0.496234
0.575332 0.16433 0.579692
0.455556 0.16243 0.514075
0.386581 0.161926 0.499624
0.380287 0.162954 0.597221
0.548195 0.165214 0.417087
0.498169 0.163667 0.421889
0.426405 0.165351 0.397104
0.569691 0.165643 0.404932
0.57719 0.164158 0.550732
0.440147 0.164868 0.58662
0.409931 0.164419 0.392735
0.396803 0.155748 0.475302
0.43664 0.156371 0.458607
0.464303 0.156218 0.44016
0.626267 0.154768 0.458492
0.603022 0.155441 0.371704
0.630486 0.153757 0.51408
0.405654 0.157801 0.553423
0.570932 0.152858 0.642375
0.533116 0.156823 0.420626
0.572887 0.157894 0.444266
0.378121 0.155629 0.490653
0.59688 0.155583 0.520683
0.576557 0.156622 0.550345
0.611901 0.155616 0.537734
0.407092 0.156421 0.373061
0.636933 0.154028 0.577709
0.48863 0.15464 0.493533
0.574924 0.156146 0.520451
0.525106 0.154803 0.464242
0.504329 0.155872 0.375691
0.510954 0.156331 0.403533
0.485501 0.156919 0.578999
0.564845 0.156736 0.38683
0.560968 0.15576 0.613214
0.396224 0.156527 0.375231
0.584067 0.157523 0.417406
0.408053 0.154893 0.361362
0.534962 0.155122 0.617342
0.601103 0.156512 0.562458
0.394712 0.153266 0.641185
0.415509 0.156483 0.496769
0.538884 0.155726 0.461058
0.524698 0.154555 0.480763
0.5432 0.156197 0.454802
0.604376 0.156265 0.387899
0.541673 0.156989 0.545369
0.391603 0.15 0.469663
0.624209 0.15 0.51773
0.445822 0.15 0.545187
0.417357 0.15 0.376615
0.461716 0.15 0.496974
0.632147 0.15 0.516219
0.408174 0.15 0.410912
0.583293 0.15 0.525027
0.371369 0.15 0.623357
0.627194 0.15 0.487745
0.385633 0.15 0.616024
0.414492 0.15 0.414904
0.382063 0.15 0.557685
0.602693 0.15 0.392564
0.376789 0.15 0.626864
0.425533 0.15 0.561621
0.570768 0.15 0.599928
0.466175 0.15 0.485832
0.582981 0.15 0.539016
0.630883 0.15 0.61823
0.488899 0.15 0.564185
0.570219 0.15 0.625024
0.48607 0.15 0.544024
0.644571 0.15 0.576609
0.358789 0.15 0.389268
0.480833 0.15 0.36485
0.363633 0.15 0.583714
0.417275 0.15 0.356189
0.507741 0.15 0.636743
0.483277 0.15 0.439761
0.441766 0.15 0.491984
0.410958 0.15 0.48011
0.539401 0.15 0.476411
0.425478 0.15 0.533743
0.385212 0.15 0.624136
0.610961 0.15 0.538861
