2844 0.012625
0.37909 0.401699 0.38399
0.458661 0.323097 0.336991
0.477715 0.23888 0.344303
0.490575 0.238747 0.354524
0.500014 0.270328 0.35318
0.526987 0.343597 0.342359
0.343388 0.341273 0.455035
0.396967 0.314954 0.392525
0.434824 0.273642 0.313581
0.499926 0.237962 0.288467
0.554065 0.287817 0.336218
0.588378 0.346106 0.403012
0.329191 0.299202 0.473603
0.316642 0.260738 0.434054
0.366249 0.467828 0.355667
0.510079 0.487095 0.336047
0.666849 0.440346 0.377174
0.66977 0.241158 0.444859
0.341253 0.265847 0.482734
0.299397 0.250427 0.506157
0.367187 0.505829 0.505401
0.521114 0.513468 0.503635
0.688406 0.451081 0.513684
0.687031 0.20451 0.5016
0.346673 0.299728 0.497054
0.357782 0.283885 0.549058
0.375997 0.38818 0.676015
0.502082 0.431372 0.702171
0.640638 0.385485 0.645608
0.655957 0.225478 0.538665
0.360462 0.369266 0.553098
0.417153 0.360916 0.58083
0.453477 0.260628 0.64784
0.49638 0.220823 0.683564
0.544481 0.2392 0.667871
0.584729 0.317118 0.574374
0.403188 0.368464 0.404921
0.364034 0.372236 0.551136
0.308799 0.220969 0.503541
0.670746 0.466115 0.499153
0.421477 0.30086 0.687329
0.507057 0.243857 0.360849
0.376638 0.350823 0.531056
0.372179 0.38975 0.56699
0.660248 0.277518 0.488921
0.479103 0.196447 0.363276
0.591613 0.36683 0.5901
0.597128 0.28696 0.579459
0.510185 0.256773 0.717405
0.51069 0.510184 0.571631
0.70527 0.430416 0.447402
0.662756 0.290454 0.481083
0.353849 0.243967 0.505534
0.414964 0.393657 0.364352
0.516527 0.220056 0.662151
0.4104 0.36951 0.568047
0.402382 0.297807 0.579488
0.359975 0.369412 0.665973
0.355946 0.273406 0.505324
0.551452 0.392685 0.712142
0.409099 0.374944 0.618717
0.633777 0.253044 0.521194
0.57356 0.489953 0.599915
0.446643 0.250438 0.656999
0.613588 0.304323 0.545979
0.435199 0.516896 0.503841
0.486877 0.217699 0.650455
0.63219 0.268409 0.532219
0.646481 0.483458 0.465196
0.624726 0.322989 0.53885
0.506151 0.219222 0.673707
0.349145 0.312986 0.456027
0.379877 0.334719 0.530498
0.33183 0.238817 0.447747
0.612473 0.27861 0.593641
0.657609 0.248423 0.441409
0.418366 0.49335 0.364486
0.507251 0.237745 0.361038
0.474678 0.222327 0.684576
0.48151 0.240852 0.647936
0.631341 0.479257 0.559845
0.540719 0.51214 0.502095
0.514491 0.28324 0.643174
0.606656 0.29525 0.366502
0.464264 0.515384 0.446898
0.696326 0.227678 0.534412
0.334312 0.362312 0.636723
0.354159 0.291367 0.548676
0.635006 0.262742 0.449167
0.421245 0.373159 0.61934
0.632783 0.282346 0.601705
0.451426 0.509737 0.397939
0.410481 0.354365 0.565132
0.521097 0.514376 0.448967
0.377851 0.277881 0.577912
0.62949 0.292316 0.379476
0.417024 0.476245 0.336584
0.34946 0.270467 0.491673
0.618425 0.270351 0.572205
0.392185 0.395753 0.575943
0.511989 0.28413 0.651754
0.659346 0.220819 0.474218
0.616808 0.315554 0.423553
0.532003 0.245568 0.708354
0.427319 0.277093 0.649251
0.355427 0.265064 0.503477
0.430936 0.280827 0.685185
0.589973 0.317122 0.569904
0.336083 0.184297 0.466992
0.326752 0.186155 0.464565
0.457555 0.271084 0.342171
0.660422 0.210985 0.457217
0.648238 0.219283 0.461762
0.507324 0.211791 0.355157
0.67458 0.215103 0.458144
0.627206 0.271048 0.546534
0.571344 0.294882 0.689019
0.305499 0.207884 0.459203
0.506767 0.217881 0.301743
0.692622 0.255063 0.545822
0.440951 0.25475 0.316888
0.595552 0.354665 0.42556
0.655485 0.47574 0.51215
0.392872 0.288905 0.570446
0.517287 0.222402 0.687685
0.321277 0.188094 0.491387
0.458979 0.466123 0.308877
0.663374 0.253726 0.483828
0.665808 0.193124 0.493522
0.557399 0.481353 0.627921
0.530328 0.508377 0.400447
0.722432 0.305337 0.445353
0.464057 0.292736 0.638203
0.387386 0.400695 0.388557
0.586974 0.305756 0.312081
0.600019 0.381683 0.301139
0.484173 0.219135 0.680208
0.450968 0.243664 0.297996
0.558672 0.509631 0.505736
0.591254 0.384498 0.402573
0.456163 0.317874 0.345754
0.655302 0.207904 0.464502
0.581115 0.386755 0.397214
0.354614 0.491192 0.408408
0.405427 0.367943 0.622648
0.322223 0.179761 0.483441
0.708315 0.416416 0.431469
0.656687 0.228804 0.470512
0.482782 0.3034 0.258899
0.504928 0.196471 0.343648
0.456447 0.324333 0.634442
0.304402 0.435186 0.575367
0.509404 0.240146 0.643535
0.656359 0.285479 0.393972
0.393068 0.479853 0.353738
0.527153 0.306571 0.633549
0.431243 0.330455 0.603447
0.341388 0.238765 0.516842
0.661942 0.292865 0.478164
0.421782 0.350522 0.591136
0.260686 0.356495 0.503365
0.406649 0.396288 0.380842
0.414549 0.375687 0.603131
0.512705 0.515181 0.457166
0.540386 0.269646 0.303573
0.532145 0.245835 0.707947
0.53099 0.342621 0.358556
0.72613 0.35048 0.544471
0.259806 0.362519 0.496088
0.344271 0.248664 0.478542
0.489247 0.389371 0.723234
0.362519 0.272381 0.555312
0.348399 0.292967 0.598848
0.534781 0.31936 0.633033
0.403914 0.297578 0.604235
0.427982 0.400257 0.280284
0.660434 0.289201 0.476338
0.527856 0.321712 0.654709
0.555702 0.447767 0.307268
0.52858 0.309795 0.634507
0.329089 0.235736 0.520029
0.320859 0.21041 0.503843
0.367637 0.269589 0.554409
0.662441 0.278048 0.478066
0.347968 0.33759 0.452568
0.498143 0.190375 0.334519
0.731076 0.304973 0.487217
0.710589 0.28709 0.442739
0.522109 0.239381 0.324225
0.438117 0.279165 0.297027
0.299428 0.276596 0.520142
0.650192 0.262051 0.437263
0.321869 0.249152 0.524094
0.409694 0.301424 0.356912
0.432936 0.285815 0.302171
0.432648 0.365849 0.627391
0.605905 0.350022 0.432871
0.351421 0.246818 0.492482
0.693976 0.213256 0.502558
0.346139 0.239644 0.481694
0.45185 0.277153 0.639531
0.507983 0.269412 0.652752
0.366143 0.281013 0.560357
0.638259 0.340726 0.643016
0.458696 0.281077 0.342627
0.373687 0.379877 0.553889
0.439537 0.25989 0.315393
0.52009 0.26307 0.338299
0.354665 0.22287 0.490585
0.400774 0.289059 0.641782
0.587368 0.379899 0.407158
0.695135 0.21386 0.514739
0.674781 0.216276 0.536613
0.635249 0.428634 0.631774
0.330504 0.273457 0.536017
0.286089 0.437557 0.506609
0.364489 0.287985 0.429194
0.333913 0.2397 0.521703
0.50204 0.221899 0.358528
0.339628 0.257198 0.47413
0.506768 0.201424 0.322627
0.488149 0.188355 0.324146
0.455741 0.324908 0.341994
0.373981 0.296731 0.386508
0.606367 0.40483 0.308094
0.605467 0.371632 0.422706
0.350275 0.311135 0.510455
0.64893 0.209144 0.5228
0.344309 0.263188 0.466524
0.425603 0.354728 0.712504
0.50746 0.260655 0.355389
0.46247 0.275451 0.340682
0.55995 0.280413 0.693099
0.624654 0.326138 0.451125
0.496651 0.191658 0.327255
0.571434 0.507518 0.510093
0.354369 0.214793 0.490102
0.54441 0.283835 0.334059
0.510961 0.499617 0.360266
0.545341 0.241551 0.664689
0.340133 0.268354 0.539662
0.34706 0.242881 0.458478
0.331522 0.284703 0.545126
0.26722 0.314511 0.507477
0.693585 0.22072 0.468908
0.704279 0.257258 0.529834
0.677587 0.416476 0.372448
0.40416 0.298035 0.586474
0.515836 0.231663 0.648088
0.504009 0.413889 0.273188
0.531326 0.255217 0.642106
0.517645 0.289236 0.353648
0.403297 0.381092 0.568437
0.447483 0.315504 0.348958
0.352479 0.322204 0.375884
0.383498 0.297585 0.37281
0.543813 0.336299 0.721956
0.486161 0.18931 0.321414
0.493134 0.20697 0.357462
0.539366 0.386835 0.26523
0.269367 0.34698 0.448816
0.323409 0.199796 0.498861
0.665469 0.327575 0.606199
0.527137 0.31175 0.356012
0.567964 0.353559 0.589173
0.638031 0.336769 0.639446
0.369437 0.370642 0.30911
0.42414 0.477659 0.335607
0.481651 0.484912 0.328783
0.394949 0.391234 0.402381
0.510095 0.248362 0.643128
0.533195 0.336061 0.362666
0.654054 0.239147 0.500722
0.549341 0.309925 0.609983
0.644661 0.481925 0.418689
0.685429 0.211371 0.472758
0.48242 0.216316 0.353749
0.401731 0.325208 0.391612
0.46308 0.234814 0.690053
0.649079 0.233884 0.500121
0.616516 0.482421 0.572504
0.297673 0.448339 0.443212
0.343354 0.245885 0.516089
0.617233 0.31148 0.53852
0.412737 0.327253 0.301157
0.521666 0.230353 0.307578
0.535814 0.274211 0.715598
0.564981 0.381566 0.70862
0.31594 0.187493 0.485857
0.400511 0.316158 0.381975
0.708247 0.365559 0.570077
0.378605 0.301557 0.35189
0.343574 0.258384 0.526515
0.47388 0.194031 0.31441
0.640316 0.217731 0.501748
0.609948 0.368935 0.425737
0.303801 0.387986 0.591401
0.733051 0.349179 0.45338
0.506638 0.223254 0.679194
0.692586 0.216573 0.477315
0.658109 0.23327 0.546219
0.621131 0.312214 0.425982
0.530734 0.270646 0.331541
0.444357 0.513747 0.435864
0.41669 0.367462 0.621899
0.647506 0.236011 0.505292
0.359471 0.503222 0.521989
0.470302 0.192639 0.33527
0.637534 0.317837 0.353876
0.571058 0.354127 0.404376
0.583143 0.384368 0.398638
0.685398 0.204948 0.517275
0.383861 0.494438 0.597174
0.30932 0.28178 0.528998
0.357515 0.329784 0.354848
0.498248 0.261204 0.654157
0.443285 0.514368 0.443324
0.599035 0.31467 0.383866
0.529879 0.2881 0.630525
0.466275 0.203745 0.341484
0.299989 0.269297 0.510722
0.464773 0.238351 0.701448
0.452421 0.326082 0.345997
0.344366 0.243815 0.457081
0.400844 0.3387 0.404469
0.318243 0.388539 0.613517
0.442468 0.259018 0.649299
0.486118 0.203569 0.354599
0.336583 0.256994 0.438912
0.471831 0.200271 0.310777
0.319431 0.438079 0.600055
0.444637 0.25309 0.307951
0.63809 0.255193 0.527
0.576492 0.299911 0.592581
0.412793 0.303418 0.599418
0.562901 0.26407 0.625905
0.713136 0.350878 0.412719
0.359505 0.292029 0.408843
0.290103 0.404586 0.404131
0.558152 0.365514 0.716878
0.658368 0.247443 0.497932
0.332861 0.204976 0.501927
0.475515 0.504819 0.368167
0.651029 0.420567 0.622108
0.633618 0.396364 0.327703
0.391473 0.376135 0.55703
0.434308 0.365878 0.363385
0.362486 0.360306 0.438312
0.506601 0.262423 0.654347
0.260117 0.380725 0.472267
0.520885 0.513087 0.443622
0.46182 0.24772 0.338041
0.312992 0.285155 0.544064
0.461092 0.236645 0.32763
0.360447 0.295624 0.388188
0.382089 0.358769 0.424509
0.595868 0.31655 0.567053
0.515089 0.486764 0.636359
0.603352 0.35328 0.558927
0.56485 0.331883 0.591018
0.425283 0.37626 0.37153
0.697813 0.224183 0.480127
0.341377 0.261436 0.43353
0.505151 0.253799 0.654511
0.453282 0.320288 0.342564
0.451164 0.241513 0.308804
0.425056 0.436105 0.685297
0.503771 0.513318 0.501618
0.733351 0.328624 0.490683
0.515023 0.514785 0.478167
0.469218 0.515079 0.489422
0.268216 0.334745 0.45644
0.350767 0.200124 0.474976
0.650043 0.24358 0.46262
0.619349 0.312368 0.539997
0.688578 0.451997 0.479039
0.402353 0.371584 0.608582
0.504274 0.200702 0.338021
0.298192 0.279551 0.435429
0.468557 0.284587 0.644659
0.411801 0.515894 0.493925
0.283438 0.279999 0.446947
0.343908 0.281542 0.461034
0.324914 0.222209 0.507739
0.363947 0.296325 0.393939
0.600353 0.290173 0.577704
0.661425 0.245292 0.491791
0.654404 0.475927 0.509465
0.681441 0.204273 0.507309
0.525184 0.469119 0.317674
0.547466 0.276835 0.296647
0.348653 0.489672 0.413713
0.365952 0.34557 0.531966
0.643148 0.238014 0.525794
0.625086 0.338044 0.445182
0.602182 0.282332 0.598018
0.346398 0.268252 0.531092
0.696265 0.221463 0.509572
0.580358 0.493155 0.579909
0.509267 0.270878 0.657006
0.516324 0.285515 0.652896
0.424292 0.291846 0.321558
0.612132 0.33039 0.407153
0.657236 0.221686 0.463477
0.673576 0.321632 0.591591
0.318162 0.205509 0.459379
0.339851 0.325926 0.607356
0.400373 0.292591 0.633939
0.608032 0.359113 0.428221
0.392362 0.352877 0.548618
0.343488 0.380113 0.647989
0.695618 0.431115 0.547155
0.695198 0.261282 0.541459
0.533664 0.492878 0.62024
0.551561 0.328054 0.610994
0.543238 0.323039 0.625862
0.366824 0.310672 0.43331
0.291414 0.389529 0.573044
0.464619 0.25828 0.654005
0.35346 0.293078 0.519883
0.398207 0.355074 0.555055
0.614923 0.329067 0.413756
0.529795 0.295689 0.633762
0.427282 0.347138 0.606684
0.62863 0.490738 0.429836
0.613115 0.357206 0.431684
0.361011 0.501205 0.459705
0.683128 0.323596 0.581769
0.550915 0.351153 0.381856
0.690009 0.289646 0.432753
0.574861 0.507877 0.448018
0.295914 0.348581 0.404992
0.33751 0.263336 0.435199
0.687462 0.22583 0.534072
0.383117 0.386535 0.578643
0.515075 0.285818 0.660551
0.432841 0.322742 0.612421
0.396626 0.292161 0.346158
0.385594 0.293772 0.613112
0.45748 0.235952 0.300143
0.563829 0.26875 0.631852
0.65273 0.331782 0.354974
0.397916 0.387489 0.579396
0.443527 0.257248 0.311249
0.603639 0.300284 0.569818
0.297583 0.36674 0.391037
0.649185 0.478075 0.518213
0.670866 0.388255 0.606537
0.470139 0.307742 0.259634
0.488444 0.261804 0.279695
0.588009 0.498146 0.549091
0.483224 0.213557 0.345351
0.576188 0.28324 0.606138
0.392217 0.296805 0.645186
0.684533 0.447757 0.541194
0.381631 0.375706 0.557373
0.345798 0.197327 0.473233
0.669869 0.213716 0.529667
0.638041 0.486494 0.442516
0.699784 0.343402 0.394443
0.453232 0.352104 0.260899
0.486577 0.219745 0.658614
0.34893 0.30306 0.513018
0.409092 0.371615 0.592692
0.708803 0.398024 0.418365
0.498859 0.24789 0.346576
0.37091 0.287587 0.562396
0.531681 0.253803 0.647476
0.408135 0.367316 0.604189
0.563242 0.363683 0.391472
0.545585 0.284644 0.325052
0.605702 0.296064 0.571734
0.268056 0.370256 0.526193
0.393377 0.292592 0.352887
0.556984 0.28065 0.69457
0.600862 0.293712 0.358489
0.477142 0.267363 0.653853
0.647707 0.252385 0.554229
0.5885 0.284451 0.602154
0.278721 0.370839 0.557961
0.713859 0.274005 0.503246
0.552313 0.487993 0.353846
0.377226 0.293623 0.614798
0.550699 0.315339 0.612211
0.398625 0.293553 0.638404
0.507968 0.220504 0.314181
0.71896 0.389751 0.435531
0.695839 0.427796 0.550218
0.538653 0.267363 0.63949
0.513994 0.510888 0.5204
0.691085 0.219857 0.523441
0.27399 0.311928 0.453083
0.404312 0.296775 0.663975
0.657873 0.225745 0.496173
0.660798 0.196903 0.510583
0.494114 0.511567 0.409896
0.282063 0.283859 0.448242
0.639101 0.283674 0.530159
0.483309 0.196072 0.345332
0.54135 0.304478 0.623659
0.425109 0.40265 0.699548
0.550754 0.257747 0.651849
0.343089 0.23046 0.49636
0.556208 0.505141 0.538905
0.314797 0.246559 0.509684
0.604888 0.353862 0.412779
0.295358 0.225435 0.483708
0.610017 0.308229 0.558986
0.704109 0.249689 0.487675
0.379712 0.302655 0.377206
0.340487 0.209471 0.466618
0.450562 0.306898 0.338636
0.446016 0.266444 0.297916
0.479497 0.508014 0.590317
0.501271 0.228328 0.344478
0.443769 0.311345 0.630569
0.589393 0.313336 0.31448
0.546767 0.25727 0.648245
0.614141 0.475959 0.590598
0.542161 0.348413 0.362584
0.668181 0.25588 0.485308
0.515598 0.477875 0.648209
0.48452 0.255284 0.651438
0.287152 0.338889 0.565509
0.501689 0.509169 0.57008
0.519985 0.418151 0.708157
0.361029 0.297821 0.401594
0.280155 0.318109 0.548113
0.295259 0.382305 0.394297
0.593987 0.353453 0.571751
0.510716 0.272497 0.343264
0.360985 0.348707 0.542248
0.334714 0.268941 0.465423
0.474713 0.510899 0.56556
0.322025 0.270441 0.434455
0.386589 0.29714 0.345364
0.436683 0.344276 0.625128
0.561581 0.507829 0.502335
0.52062 0.230116 0.693056
0.380382 0.362108 0.421208
0.401364 0.374635 0.577531
0.484215 0.229782 0.679112
0.477579 0.510267 0.568812
0.346212 0.322775 0.523003
0.356745 0.383668 0.323237
0.377684 0.304111 0.378395
0.56686 0.280651 0.633143
0.686765 0.217818 0.513442
0.36748 0.292585 0.569612
0.511738 0.476352 0.324152
0.664253 0.23549 0.494736
0.55935 0.308438 0.361948
0.316536 0.251889 0.511259
0.417367 0.50355 0.394518
0.634887 0.286633 0.444341
0.651151 0.236519 0.517037
0.443594 0.302117 0.277332
0.336239 0.240667 0.508051
0.494493 0.512156 0.422082
0.454855 0.248377 0.670701
0.485243 0.206807 0.31009
0.514683 0.238203 0.322318
0.626141 0.310197 0.63032
0.425174 0.293165 0.634772
0.546012 0.353139 0.365081
0.499416 0.231867 0.687162
0.404457 0.485642 0.629588
0.601268 0.298292 0.577991
0.672428 0.233462 0.459479
0.454552 0.28754 0.332221
0.538748 0.308648 0.635545
0.364103 0.294814 0.418083
0.574051 0.478252 0.619962
0.399341 0.372119 0.596524
0.366666 0.355707 0.548771
0.479156 0.51325 0.441222
0.300601 0.231716 0.490685
0.489214 0.245881 0.654966
0.582771 0.333134 0.584353
0.367208 0.335193 0.535655
0.620481 0.317896 0.403493
0.369545 0.305576 0.402665
0.296089 0.255654 0.451552
0.352599 0.486168 0.399525
0.416337 0.338079 0.600501
0.360946 0.297699 0.41544
0.657929 0.271377 0.565884
0.705118 0.261775 0.499084
0.334587 0.260714 0.463238
0.49958 0.231606 0.67531
0.454208 0.260515 0.323347
0.642076 0.279107 0.533053
0.389227 0.368359 0.56073
0.343265 0.331053 0.44964
0.419032 0.344856 0.618691
0.584764 0.332847 0.582167
0.388744 0.295887 0.568226
0.614995 0.37642 0.313687
0.329094 0.190135 0.473339
0.456502 0.306859 0.645824
0.686885 0.231283 0.532827
0.523225 0.430677 0.283188
0.428953 0.309997 0.349808
0.442735 0.34061 0.269727
0.599923 0.319241 0.320053
0.563604 0.277079 0.665055
0.537795 0.382257 0.263788
0.531961 0.512807 0.467282
0.480152 0.227106 0.661373
0.656742 0.218896 0.504611
0.51745 0.240352 0.312972
0.562833 0.330356 0.606758
0.295983 0.234207 0.485021
0.370041 0.307418 0.424022
0.641015 0.302077 0.41939
0.401126 0.513228 0.498608
0.397043 0.46964 0.647037
0.363859 0.302823 0.410561
0.413288 0.339464 0.598326
0.466623 0.276927 0.65182
0.635118 0.469761 0.573557
0.31943 0.462074 0.405457
0.569328 0.346901 0.381386
0.395625 0.318487 0.38068
0.398658 0.409246 0.294216
0.502304 0.511451 0.436788
0.420322 0.334771 0.609124
0.341615 0.329269 0.611624
0.423571 0.323524 0.298906
0.505915 0.230812 0.328909
0.398362 0.358811 0.286502
0.380105 0.356095 0.680121
0.319513 0.24815 0.449089
0.674589 0.243351 0.478123
0.53222 0.275583 0.643472
0.51332 0.236088 0.702262
0.67979 0.353442 0.600514
0.402105 0.323527 0.376366
0.390458 0.36958 0.566172
0.328834 0.215385 0.469178
0.419269 0.51414 0.456756
0.612218 0.361447 0.419003
0.599747 0.350919 0.300384
0.313299 0.234752 0.500279
0.486411 0.231982 0.673228
0.514898 0.241063 0.70636
0.571357 0.298684 0.606554
0.412502 0.348082 0.606311
0.391987 0.328378 0.395396
0.322444 0.291584 0.555663
0.507381 0.511017 0.497455
0.528068 0.485381 0.339601
0.40828 0.419548 0.291689
0.360293 0.30125 0.415437
0.501089 0.236167 0.673184
0.506868 0.259889 0.330004
0.347899 0.346416 0.639206
0.444226 0.270457 0.69232
0.498682 0.225672 0.318693
0.321025 0.251601 0.5083
0.430131 0.318697 0.619633
0.71431 0.277193 0.464423
0.604612 0.315192 0.381115
0.488716 0.270878 0.659508
0.376885 0.297121 0.579537
0.519704 0.258838 0.658228
0.488887 0.223202 0.306097
0.575132 0.405634 0.292171
0.321412 0.209593 0.467023
0.380796 0.313525 0.392492
0.571777 0.331374 0.602195
0.733614 0.337024 0.464044
0.59313 0.380145 0.391547
0.457552 0.271999 0.320823
0.467819 0.244883 0.314694
0.729127 0.308614 0.463048
0.321621 0.293068 0.535589
0.49752 0.260534 0.662486
0.323752 0.236909 0.502941
0.702037 0.264367 0.526004
0.353028 0.299489 0.403076
0.595342 0.434292 0.6589
0.593021 0.315671 0.673688
0.66024 0.213996 0.509358
0.383255 0.315266 0.551273
0.423726 0.30213 0.326573
0.371398 0.309291 0.544687
0.578493 0.292071 0.333286
0.461787 0.250561 0.67142
0.357586 0.299934 0.419692
0.572352 0.310811 0.605741
0.3894 0.353775 0.40771
0.61212 0.30035 0.575406
0.505224 0.380807 0.260856
0.43716 0.328261 0.632186
0.591518 0.346076 0.593452
0.328954 0.29504 0.539389
0.303171 0.206708 0.474257
0.466346 0.512152 0.44671
0.583867 0.438574 0.314379
0.31943 0.232011 0.460791
0.572694 0.28768 0.620661
0.511678 0.240199 0.680732
0.61283 0.296152 0.586722
0.673442 0.278101 0.482648
0.452294 0.262658 0.65553
0.402311 0.344338 0.610682
0.566662 0.324977 0.613382
0.275188 0.410197 0.455904
0.460337 0.253135 0.666205
0.534583 0.338865 0.259254
0.510407 0.510457 0.497094
0.634429 0.280974 0.556301
0.387578 0.360255 0.566378
0.483935 0.24001 0.688829
0.522609 0.503946 0.591009
0.696058 0.24037 0.516521
0.674176 0.459602 0.525837
0.523675 0.493368 0.619296
0.650883 0.314946 0.366834
0.300488 0.259976 0.451416
0.37974 0.318618 0.342301
0.503729 0.242556 0.313897
0.603071 0.299081 0.359131
0.614624 0.299054 0.581629
0.343724 0.299645 0.442188
0.382941 0.50793 0.488087
0.494415 0.242568 0.688147
0.568218 0.365647 0.372347
0.383318 0.322455 0.393261
0.356406 0.301663 0.431161
0.315909 0.235971 0.462091
0.317577 0.239863 0.461395
0.423595 0.31812 0.619563
0.678393 0.333797 0.378181
0.596072 0.500082 0.430113
0.526731 0.264671 0.659419
0.735902 0.346089 0.470178
0.318155 0.4734 0.508422
0.467249 0.245072 0.696332
0.53617 0.293639 0.331588
0.458856 0.255716 0.295631
0.446816 0.488051 0.636164
0.612917 0.341092 0.398252
0.432637 0.320535 0.339513
0.425686 0.486458 0.351718
0.437296 0.474218 0.655185
0.385664 0.353501 0.575949
0.678538 0.422952 0.577404
0.516075 0.49107 0.624932
0.379737 0.315218 0.378947
0.606836 0.305978 0.581166
0.555062 0.272792 0.671107
0.531943 0.325041 0.261588
0.400443 0.350729 0.593844
0.375179 0.298624 0.609781
0.406482 0.336317 0.614788
0.340601 0.366464 0.341786
0.307827 0.237887 0.464388
0.620179 0.305308 0.375594
0.471966 0.300885 0.727583
0.331079 0.296328 0.45243
0.53282 0.302733 0.332706
0.653347 0.258735 0.54071
0.631282 0.325526 0.428247
0.530194 0.299982 0.329856
0.684131 0.2545 0.473725
0.347014 0.305516 0.534356
0.578542 0.36869 0.377138
0.445238 0.513287 0.487823
0.3907 0.332739 0.388842
0.6105 0.496545 0.488477
0.453777 0.508736 0.574817
0.5245 0.266494 0.668977
0.614232 0.358593 0.400595
0.61018 0.313468 0.576043
0.461474 0.308785 0.723812
0.444773 0.445313 0.297685
0.704016 0.395068 0.408809
0.654509 0.290894 0.443149
0.301545 0.293026 0.533234
0.423525 0.370348 0.708438
0.391151 0.305021 0.337272
0.546593 0.479609 0.340524
0.517005 0.509857 0.48588
0.676074 0.25907 0.489515
0.690159 0.253546 0.480968
0.438261 0.29437 0.301892
0.499649 0.276912 0.279636
0.461986 0.256561 0.701648
0.613385 0.352554 0.312314
0.712135 0.396598 0.428147
0.304187 0.296291 0.537663
0.299416 0.422365 0.390149
0.502115 0.465219 0.665071
0.633337 0.303203 0.39124
0.658272 0.261666 0.535454
0.648627 0.294692 0.451446
0.290185 0.320501 0.55549
0.460613 0.510786 0.520875
0.682951 0.262002 0.477387
0.464203 0.257215 0.667592
0.711092 0.390083 0.551643
0.407748 0.342686 0.371213
0.649359 0.302701 0.600356
0.494494 0.261108 0.307944
0.491639 0.251359 0.669773
0.626022 0.480291 0.552432
0.346113 0.299141 0.431913
0.623321 0.486295 0.534512
0.615576 0.432446 0.642682
0.493519 0.249776 0.685885
0.266279 0.310906 0.47506
0.493444 0.510313 0.468805
0.392856 0.347926 0.599872
0.693774 0.259231 0.480456
0.36613 0.319757 0.419707
0.457437 0.3004 0.272934
0.314176 0.300648 0.525343
0.356371 0.316098 0.549256
0.339476 0.471697 0.389336
0.451956 0.397975 0.275115
0.563982 0.439965 0.671442
0.717578 0.385593 0.432924
0.405129 0.507882 0.434626
0.34488 0.493332 0.492763
0.329159 0.482775 0.504047
0.401323 0.3141 0.610628
0.281422 0.293975 0.515167
0.620141 0.308736 0.362807
0.397761 0.323971 0.321948
0.628106 0.341538 0.406645
0.291925 0.262176 0.479939
0.650378 0.304107 0.44045
0.333631 0.443249 0.613072
0.499781 0.251559 0.700748
0.614631 0.318708 0.33905
0.308738 0.28645 0.503014
0.646892 0.308213 0.440366
0.60022 0.477756 0.594556
0.377819 0.307127 0.590085
0.454977 0.270476 0.303793
0.276316 0.300974 0.457647
0.709351 0.38704 0.417252
0.324353 0.320656 0.572074
0.405402 0.331903 0.366441
0.446475 0.45001 0.679416
0.360024 0.326608 0.387065
0.681582 0.27169 0.546915
0.503113 0.273355 0.307673
0.626491 0.337726 0.406354
0.61437 0.309035 0.583785
0.601394 0.49909 0.458506
0.677885 0.25991 0.499198
0.550161 0.48847 0.612547
0.506875 0.327216 0.261681
0.657188 0.288643 0.457105
0.616218 0.493849 0.483179
0.320534 0.308908 0.52028
0.318995 0.307538 0.519007
0.519341 0.505217 0.404266
0.655541 0.468041 0.538096
0.34839 0.374255 0.649788
0.377164 0.319602 0.565058
0.385299 0.325482 0.585557
0.437072 0.279154 0.67202
0.558706 0.413109 0.288623
0.399827 0.357131 0.376123
0.536329 0.447426 0.303652
0.65555 0.303948 0.438734
0.634064 0.329422 0.411023
0.272988 0.390027 0.450933
0.546163 0.441713 0.677763
0.33454 0.306448 0.431594
0.342464 0.356679 0.638652
0.380185 0.328782 0.574326
0.561218 0.318572 0.28359
0.6765 0.262001 0.509127
0.479016 0.266421 0.291275
0.568435 0.306474 0.626095
0.572828 0.504066 0.463425
0.525055 0.290655 0.312457
0.492801 0.301525 0.267378
0.397147 0.510302 0.493854
0.635832 0.306236 0.373817
0.631527 0.486756 0.44888
0.541752 0.489684 0.614875
0.357847 0.334791 0.424941
0.406068 0.323977 0.31973
0.52544 0.507319 0.460449
0.352596 0.328205 0.38565
0.42862 0.362055 0.27527
0.685989 0.286969 0.456784
0.474936 0.255646 0.689922
0.644953 0.46986 0.395646
0.683248 0.276667 0.546963
0.573858 0.323502 0.362469
0.42258 0.316613 0.634264
0.658889 0.432561 0.598775
0.502763 0.288365 0.275329
0.266285 0.330573 0.483363
0.461948 0.266189 0.667138
0.291174 0.299895 0.51409
0.402735 0.336655 0.36494
0.347459 0.312653 0.41579
0.684629 0.299545 0.429584
0.44079 0.450843 0.67651
0.588941 0.406307 0.302653
0.513995 0.265119 0.701802
0.595926 0.342517 0.307136
0.390854 0.336314 0.597594
0.355669 0.317928 0.400799
0.505501 0.272445 0.70736
0.395085 0.337641 0.374831
0.588971 0.302334 0.642074
0.590245 0.316529 0.362574
0.431077 0.312219 0.311655
0.613789 0.483833 0.554082
0.337688 0.327295 0.580801
0.701483 0.280816 0.504689
0.513207 0.276248 0.708736
0.692138 0.434703 0.539642
0.679935 0.296458 0.439073
0.3186 0.297116 0.448432
0.3141 0.354716 0.596602
0.504489 0.276241 0.710203
0.32773 0.312883 0.542573
0.686491 0.258115 0.523776
0.583606 0.387443 0.295885
0.670291 0.28406 0.561247
0.480334 0.506345 0.539519
0.413906 0.304171 0.652118
0.614416 0.482437 0.389566
0.301077 0.302646 0.547651
0.443245 0.274606 0.655303
0.669911 0.256299 0.529205
0.37774 0.345004 0.386457
0.482721 0.506627 0.454629
0.576393 0.318057 0.682105
0.431542 0.294527 0.679107
0.370313 0.323983 0.58651
0.695679 0.303441 0.428591
0.657319 0.385874 0.618492
0.316968 0.304465 0.447695
0.413561 0.329506 0.335483
0.717764 0.308025 0.533258
0.59525 0.306585 0.645866
0.298003 0.30497 0.52918
0.487707 0.505601 0.513288
0.47451 0.300985 0.271194
0.455504 0.333012 0.270842
0.307792 0.29034 0.451598
0.300511 0.336807 0.566126
0.675259 0.456328 0.501309
0.39062 0.509008 0.520744
0.392981 0.343674 0.375273
0.493782 0.269366 0.704143
0.675588 0.295135 0.456399
0.309439 0.29273 0.452789
0.380796 0.317885 0.612958
0.485247 0.285288 0.28241
0.565272 0.393002 0.699274
0.398058 0.316628 0.653707
0.608014 0.451404 0.626717
0.477037 0.508229 0.427765
0.486564 0.505085 0.536105
0.593396 0.30674 0.63774
0.608771 0.337113 0.587794
0.455208 0.506429 0.573172
0.264249 0.372374 0.489019
0.367355 0.31903 0.590593
0.708942 0.32396 0.428536
0.337286 0.333576 0.581416
0.487239 0.504997 0.493052
0.378473 0.341456 0.376971
0.453236 0.2728 0.690265
0.570619 0.364666 0.704209
0.71423 0.349019 0.425745
0.317498 0.352558 0.378097
0.481489 0.327012 0.264228
0.355399 0.346782 0.350786
0.485965 0.505128 0.488234
0.528233 0.287968 0.291375
0.386524 0.345123 0.610857
0.401295 0.439638 0.311691
0.587904 0.48396 0.583777
0.554634 0.297457 0.655168
0.284224 0.287339 0.47216
0.705268 0.335399 0.419201
0.538061 0.294139 0.300053
0.643643 0.320685 0.401479
0.563004 0.311353 0.291731
0.306371 0.454833 0.532811
0.683833 0.28284 0.503414
0.464893 0.276596 0.669541
0.403942 0.334198 0.344919
0.483096 0.503472 0.584795
0.563901 0.338406 0.282952
0.303813 0.326064 0.430732
0.394935 0.320729 0.35269
0.337868 0.355378 0.353278
0.695016 0.293341 0.460895
0.514235 0.365243 0.259804
0.439185 0.391624 0.279351
0.392623 0.320346 0.633459
0.350895 0.340919 0.415582
0.580816 0.319847 0.31568
0.417733 0.31054 0.672577
0.303167 0.349191 0.57219
0.675092 0.309536 0.457914
0.688326 0.281914 0.515393
0.506723 0.314264 0.721106
0.639104 0.477899 0.504908
0.677542 0.448761 0.429799
0.370288 0.48641 0.392103
0.555158 0.501392 0.472434
0.371471 0.354504 0.601915
0.371616 0.354882 0.385553
0.666843 0.346145 0.60064
0.568302 0.498147 0.521622
0.599903 0.484871 0.386476
0.47272 0.503151 0.58729
0.480474 0.504225 0.461381
0.361658 0.340401 0.381078
0.67056 0.28698 0.555824
0.278693 0.396435 0.528463
0.620106 0.361584 0.323083
0.433432 0.507204 0.443782
0.650923 0.310747 0.581402
0.377684 0.367092 0.378148
0.375476 0.336774 0.331392
0.341531 0.487552 0.456129
0.623777 0.334344 0.585324
0.291914 0.439892 0.494284
0.545929 0.499739 0.427668
0.576175 0.498499 0.507648
0.663135 0.315909 0.384853
0.276335 0.347875 0.53632
0.63099 0.320227 0.381381
0.598518 0.497051 0.478193
0.4558 0.284079 0.702425
0.45544 0.416263 0.282645
0.646384 0.476555 0.426382
0.326531 0.352502 0.609208
0.307268 0.353273 0.400559
0.692405 0.309255 0.477073
0.460738 0.277103 0.698292
0.526558 0.320017 0.718939
0.328638 0.478258 0.460489
0.607371 0.4921 0.420481
0.574081 0.307064 0.66868
0.312266 0.320587 0.439451
0.347119 0.337764 0.406579
0.55112 0.30668 0.304935
0.532994 0.286255 0.690697
0.535542 0.295526 0.701015
0.510053 0.306401 0.285013
0.526365 0.385179 0.26896
0.701949 0.403967 0.417103
0.308928 0.358066 0.389117
0.555688 0.491892 0.385877
0.368148 0.350253 0.377002
0.469193 0.427373 0.701595
0.711188 0.299342 0.482776
0.582944 0.499811 0.471438
0.324728 0.339851 0.389401
0.531704 0.336341 0.720056
0.339421 0.4856 0.534769
0.693582 0.296287 0.49725
0.398845 0.324995 0.650176
0.468434 0.292545 0.715387
0.385856 0.334906 0.621647
0.547165 0.30281 0.296376
0.543443 0.498877 0.434088
0.582414 0.497606 0.433334
0.325749 0.324799 0.567351
0.374399 0.337715 0.346545
0.418479 0.326408 0.680665
0.427418 0.507913 0.549321
0.585483 0.484353 0.3781
0.371745 0.339766 0.618802
0.691849 0.307123 0.495665
0.681145 0.3503 0.381477
0.544173 0.325144 0.710451
0.714167 0.412578 0.463574
0.574294 0.495748 0.414194
0.278366 0.408722 0.461844
0.490866 0.337621 0.266454
0.300986 0.318398 0.446783
0.442991 0.292447 0.685071
0.485549 0.363487 0.263518
0.580581 0.444738 0.324437
0.506907 0.46273 0.661841
0.628635 0.428421 0.628785
0.365761 0.35305 0.366185
0.286485 0.396265 0.430712
0.436973 0.294545 0.662846
0.308603 0.326771 0.56097
0.288693 0.365474 0.424543
0.484781 0.501065 0.480468
0.43553 0.36182 0.277656
0.28574 0.42115 0.448796
0.708506 0.302638 0.491293
0.337982 0.425282 0.629344
0.618774 0.331814 0.356797
0.320043 0.449224 0.392236
0.343158 0.461533 0.376707
0.59472 0.494178 0.417439
0.488758 0.283496 0.70163
0.330414 0.335976 0.414746
0.459825 0.503026 0.578722
0.488043 0.284513 0.6868
0.281625 0.303721 0.473853
0.275933 0.402191 0.49112
0.609664 0.324772 0.611194
0.363672 0.34195 0.621748
0.271101 0.385787 0.488216
0.690421 0.305829 0.512556
0.426538 0.507868 0.493621
0.55971 0.325007 0.696455
0.409776 0.49651 0.397062
0.550736 0.495776 0.421158
0.514849 0.305608 0.693074
0.615746 0.337021 0.602001
0.28273 0.313596 0.493762
0.649397 0.3292 0.582521
0.398456 0.495149 0.400595
0.65541 0.456313 0.553812
0.464659 0.501221 0.465866
0.699043 0.344655 0.41284
0.489725 0.291216 0.688637
0.281115 0.41934 0.471652
0.689478 0.300038 0.522297
0.313606 0.338575 0.432168
0.599263 0.336082 0.654993
0.693192 0.308712 0.502858
0.342016 0.351689 0.607284
0.319466 0.465802 0.536807
0.377647 0.34499 0.328078
0.385176 0.343513 0.658155
0.706013 0.334656 0.553231
0.375348 0.458818 0.63661
0.323937 0.357613 0.594056
0.346871 0.428822 0.636536
0.39797 0.426734 0.674598
0.489965 0.294791 0.687963
0.368943 0.349857 0.612133
0.683648 0.338917 0.395448
0.676008 0.32032 0.571718
0.327182 0.34352 0.406492
0.494854 0.40545 0.278666
0.560479 0.495631 0.448226
0.361495 0.361906 0.351816
0.688756 0.303976 0.528217
0.618658 0.358733 0.661844
0.570915 0.333143 0.684807
0.701049 0.342123 0.42007
0.530146 0.49588 0.436547
0.289717 0.319499 0.507984
0.458336 0.437374 0.689178
0.311406 0.332019 0.561068
0.549702 0.470987 0.631703
0.276244 0.392614 0.500467
0.566982 0.317491 0.670922
0.40563 0.378298 0.29363
0.332519 0.348624 0.573489
0.644059 0.349465 0.61619
0.285689 0.420584 0.513533
0.564986 0.41615 0.300402
0.656693 0.324731 0.571099
0.523328 0.496826 0.506895
0.522816 0.496871 0.515061
0.727001 0.360506 0.505179
0.397141 0.408507 0.678045
0.523899 0.398581 0.710714
0.396477 0.356365 0.325273
0.643862 0.433864 0.355451
0.390771 0.368615 0.301271
0.675722 0.318335 0.416071
0.622748 0.386541 0.329075
0.289199 0.322317 0.536779
0.661381 0.320622 0.571337
0.662355 0.411347 0.363599
0.408188 0.505208 0.465227
0.548689 0.314384 0.681982
0.648767 0.344574 0.60246
0.275185 0.325296 0.486934
0.380743 0.352617 0.631897
0.308484 0.390608 0.580635
0.68203 0.313649 0.551223
0.378015 0.378822 0.314485
0.581783 0.343527 0.676364
0.46058 0.433294 0.29284
0.511346 0.494958 0.451115
0.475848 0.36747 0.26819
0.719764 0.342015 0.520619
0.348708 0.361369 0.609324
0.287358 0.419467 0.527235
0.677424 0.314855 0.554336
0.69533 0.426174 0.437455
0.377865 0.358393 0.663009
0.297348 0.414517 0.412837
0.309294 0.440354 0.559092
0.299745 0.422102 0.560527
0.435079 0.328714 0.693488
0.700227 0.314572 0.452965
0.370872 0.356465 0.327626
0.286978 0.322954 0.515192
0.517523 0.413317 0.284948
0.440889 0.304065 0.67576
0.721684 0.32625 0.478643
0.349797 0.376021 0.344113
0.588486 0.395942 0.675974
0.397837 0.505008 0.507662
0.681213 0.37618 0.578463
0.417742 0.50658 0.512958
0.72395 0.343356 0.495174
0.478983 0.497487 0.535729
0.51473 0.495054 0.484685
0.630369 0.445026 0.608052
0.523112 0.490055 0.365754
0.66245 0.460486 0.481944
0.582571 0.419042 0.667422
0.559126 0.493739 0.508056
0.281407 0.38757 0.448734
0.313667 0.366901 0.394974
0.720965 0.332403 0.463666
0.682127 0.328714 0.561585
0.477322 0.331656 0.717321
0.508393 0.492876 0.455794
0.631463 0.372984 0.341592
0.30119 0.439013 0.539209
0.548516 0.326424 0.686849
0.433332 0.355885 0.301234
0.6143 0.465351 0.589833
0.602971 0.43284 0.641507
0.278768 0.343496 0.508748
0.496796 0.498445 0.405587
0.614044 0.357687 0.655631
0.459563 0.298354 0.687174
0.277355 0.399589 0.469063
0.675219 0.330098 0.43043
0.446456 0.30673 0.682424
0.427332 0.381694 0.287946
0.499972 0.452663 0.310185
0.509376 0.466108 0.652006
0.285866 0.332815 0.493158
0.447565 0.452134 0.671802
0.663048 0.331711 0.395423
0.459417 0.497872 0.475982
0.34095 0.37136 0.605115
0.295004 0.331475 0.540138
0.592624 0.477609 0.581527
0.706259 0.321743 0.481228
0.659579 0.353759 0.587955
0.47168 0.424778 0.699655
0.327965 0.472124 0.536726
0.709182 0.390008 0.432997
0.522364 0.494342 0.58155
0.458167 0.418998 0.28865
0.387238 0.363479 0.65346
0.29535 0.363339 0.435734
0.443538 0.482973 0.631097
0.678572 0.332148 0.558933
0.674905 0.337172 0.565018
0.489775 0.49121 0.468868
0.35445 0.480308 0.57223
0.56641 0.492009 0.468328
0.586728 0.406654 0.311816
0.621209 0.352909 0.622828
0.504506 0.328861 0.712222
0.588978 0.360161 0.312211
0.674372 0.331366 0.423566
0.544522 0.357086 0.709209
0.320012 0.423409 0.599248
0.456583 0.357774 0.282171
0.622522 0.358951 0.342764
0.655639 0.357267 0.580564
0.289456 0.344245 0.514866
0.652409 0.369913 0.364244
0.400325 0.353491 0.670843
0.510166 0.324464 0.708756
0.442532 0.397389 0.287879
0.448465 0.322562 0.697962
0.677176 0.351343 0.572172
0.467935 0.319069 0.711708
0.709759 0.341624 0.439932
0.514724 0.349238 0.278489
0.478318 0.493779 0.506411
0.463085 0.474186 0.332199
0.52941 0.353484 0.276815
0.588829 0.362057 0.65908
0.34908 0.373819 0.617677
0.55245 0.328377 0.689981
0.360509 0.368281 0.627003
0.683799 0.35376 0.568407
0.286343 0.398371 0.521614
0.281423 0.35592 0.464859
0.592804 0.35679 0.326861
0.321378 0.370677 0.575204
0.514642 0.47742 0.629603
0.467839 0.492192 0.47712
0.580009 0.436734 0.32383
0.295555 0.387205 0.427826
0.594155 0.489332 0.441348
0.50499 0.36116 0.715875
0.444474 0.373864 0.286082
0.690729 0.434219 0.478251
0.615082 0.364244 0.636425
0.687216 0.434111 0.452503
0.522909 0.49202 0.55363
0.453124 0.419992 0.293356
0.515095 0.472064 0.638349
0.710069 0.32728 0.457243
0.58058 0.378581 0.306501
0.457668 0.442077 0.303717
0.70935 0.340557 0.519866
0.515685 0.366878 0.277754
0.579318 0.412172 0.669104
0.446113 0.36601 0.291125
0.712319 0.36958 0.434895
0.465702 0.493274 0.374527
0.590953 0.405661 0.664834
0.276384 0.379001 0.484163
0.312366 0.448212 0.43821
0.616064 0.366233 0.344234
0.427333 0.499262 0.429196
0.362353 0.467739 0.377192
0.671303 0.358946 0.381919
0.537559 0.49035 0.567429
0.580414 0.420193 0.31346
0.446922 0.495931 0.395218
0.366317 0.376473 0.647386
0.345176 0.470387 0.402857
0.285534 0.36749 0.507487
0.475659 0.488837 0.468977
0.507066 0.34046 0.704152
0.459851 0.492344 0.47884
0.450843 0.487621 0.367053
0.707424 0.404757 0.452776
0.699117 0.337828 0.526722
0.638566 0.449809 0.582519
0.567164 0.358224 0.680694
0.554326 0.486703 0.399433
0.582087 0.487359 0.405935
0.464513 0.492034 0.46016
0.579381 0.361618 0.312235
0.635966 0.444199 0.596224
0.384176 0.388777 0.668221
0.305863 0.393592 0.412835
0.662779 0.368485 0.575929
0.687769 0.340404 0.428607
0.697625 0.391337 0.548641
0.705287 0.341439 0.519673
0.65448 0.37414 0.577866
0.576447 0.403066 0.30966
0.454035 0.389332 0.286701
0.521508 0.360609 0.282716
0.372769 0.424521 0.329164
0.556504 0.486859 0.556831
0.6677 0.432364 0.562529
0.673821 0.362339 0.569602
0.38367 0.38057 0.6542
0.575274 0.489218 0.421535
0.419466 0.379565 0.690641
0.584726 0.484644 0.396772
0.450779 0.331075 0.691533
0.696137 0.341054 0.516761
0.352006 0.40154 0.637038
0.595511 0.378691 0.322267
0.601974 0.378155 0.652466
0.526903 0.488253 0.420962
0.536228 0.474026 0.623331
0.434389 0.496896 0.476243
0.503959 0.492256 0.415279
0.686348 0.365163 0.558351
0.693841 0.421527 0.448053
0.477278 0.494931 0.425624
0.709878 0.361895 0.526844
0.356154 0.393286 0.636232
0.28363 0.375911 0.474183
0.306595 0.438114 0.458929
0.462103 0.49134 0.528997
0.719285 0.384267 0.478045
0.422954 0.49061 0.391653
0.534258 0.451946 0.656137
0.578678 0.40169 0.670858
0.581014 0.484384 0.545418
0.505716 0.368913 0.710877
0.32404 0.410869 0.378922
0.611833 0.388536 0.342543
0.660013 0.452539 0.52451
0.702836 0.344147 0.446401
0.298422 0.422885 0.461017
0.575904 0.422011 0.315282
0.633191 0.393461 0.374378
0.483687 0.492384 0.57594
0.401906 0.382615 0.662324
0.511197 0.356215 0.706623
0.708368 0.354801 0.522787
0.479981 0.403533 0.70469
0.282463 0.385862 0.471352
0.442545 0.450739 0.318648
0.720246 0.361613 0.477188
0.304268 0.432797 0.470837
0.621463 0.419933 0.339693
0.41786 0.490826 0.399139
0.543903 0.48463 0.425456
0.297427 0.410527 0.535506
0.397332 0.495242 0.471805
0.643492 0.396742 0.602587
0.452503 0.491766 0.532058
0.685758 0.430398 0.501653
0.311967 0.393863 0.422313
0.592276 0.411361 0.653707
0.320534 0.439526 0.401801
0.636231 0.388462 0.367967
0.446955 0.350349 0.690621
0.651351 0.460743 0.450559
0.708928 0.393282 0.505107
0.640602 0.403558 0.588442
0.518957 0.488551 0.39891
0.471813 0.484949 0.474946
0.306872 0.441233 0.525317
0.364818 0.489075 0.491951
0.303956 0.419447 0.443925
0.334188 0.467432 0.550675
0.612362 0.446947 0.612732
0.619486 0.386416 0.632666
0.35707 0.42041 0.641495
0.508532 0.48674 0.598149
0.522214 0.483179 0.477955
0.361984 0.485582 0.469617
0.546825 0.412292 0.684077
0.39331 0.461573 0.351822
0.438662 0.373459 0.698057
0.436394 0.401649 0.300729
0.62465 0.39915 0.360919
0.711762 0.354738 0.481746
0.469 0.37699 0.290781
0.315691 0.44067 0.453363
0.440522 0.362958 0.684466
0.312024 0.411791 0.558859
0.608508 0.477529 0.40175
0.320485 0.446861 0.450388
0.346881 0.476671 0.471092
0.354894 0.425075 0.614639
0.501044 0.375424 0.704651
0.554386 0.482282 0.398074
0.569956 0.410967 0.667237
0.710406 0.364379 0.490404
0.554416 0.414759 0.675771
0.422758 0.437633 0.318269
0.391169 0.401967 0.652775
0.46677 0.386761 0.704525
0.694347 0.364012 0.436393
0.305712 0.413127 0.445678
0.328843 0.418175 0.577179
0.319356 0.447165 0.463984
0.606044 0.395235 0.641028
0.678128 0.376782 0.55907
0.417597 0.388053 0.679093
0.34548 0.426269 0.621632
0.65447 0.424022 0.371309
0.486977 0.463397 0.329168
0.597215 0.428323 0.330604
0.684294 0.360915 0.546643
0.638415 0.406088 0.599987
0.713315 0.365621 0.470661
0.606551 0.400931 0.340151
0.557371 0.399068 0.306219
0.533215 0.406156 0.298192
0.48956 0.382069 0.29708
0.452366 0.418332 0.302398
0.69598 0.363731 0.540112
0.415663 0.390612 0.677878
0.396315 0.406786 0.651852
0.453104 0.408703 0.305089
0.505061 0.384077 0.30157
0.646994 0.462444 0.42622
0.588822 0.483238 0.420836
0.326987 0.457459 0.482651
0.488079 0.482069 0.498643
0.682259 0.372504 0.549152
0.555154 0.482609 0.497083
0.425998 0.485862 0.609426
0.643044 0.449566 0.55427
0.573565 0.42454 0.321832
0.372418 0.433927 0.644756
0.412222 0.494457 0.497522
0.650008 0.445557 0.552027
0.705422 0.366104 0.468548
0.571997 0.388665 0.663481
0.700288 0.363019 0.457264
0.591359 0.40576 0.336973
0.465469 0.360209 0.697668
0.570202 0.482397 0.466742
0.448027 0.416524 0.307148
0.480809 0.482599 0.504183
0.668202 0.442393 0.437378
0.458964 0.448263 0.667506
0.642205 0.458548 0.510451
0.65235 0.427975 0.374194
0.505534 0.486652 0.408273
0.592326 0.480573 0.404354
0.43163 0.420645 0.678424
0.460242 0.4832 0.472828
0.697828 0.366993 0.470431
0.419494 0.492255 0.421434
0.360114 0.469296 0.594088
0.50817 0.366781 0.695492
0.619383 0.47407 0.469856
0.32253 0.448716 0.536964
0.45919 0.483398 0.516789
0.339791 0.457785 0.414389
0.656017 0.409768 0.392485
0.556319 0.387125 0.674924
0.331247 0.458338 0.488245
0.678475 0.431495 0.480604
0.4349 0.458002 0.651579
0.370364 0.488822 0.529699
0.483185 0.455317 0.326493
0.478522 0.486089 0.573041
0.554875 0.481083 0.551264
0.313932 0.426254 0.502972
0.543186 0.48208 0.516053
0.463144 0.369212 0.696893
0.32751 0.448906 0.55203
0.554909 0.481938 0.513256
0.31447 0.41157 0.442374
0.648106 0.410593 0.568477
0.574187 0.482053 0.496907
0.549349 0.479496 0.484133
0.491244 0.417702 0.687013
0.540744 0.481804 0.512684
0.635375 0.420574 0.582267
0.552931 0.417984 0.315154
0.695597 0.410326 0.479295
0.309765 0.416396 0.461992
0.363037 0.476294 0.445689
0.506059 0.477469 0.478771
0.680643 0.410609 0.539753
0.640497 0.446053 0.563312
0.600515 0.47825 0.464483
0.68793 0.361445 0.52839
0.384823 0.491899 0.523784
0.449148 0.410112 0.686392
0.513573 0.407195 0.304377
0.339468 0.453714 0.416502
0.45224 0.484596 0.550933
0.563336 0.479722 0.542568
0.65938 0.405953 0.415413
0.420161 0.421147 0.666926
0.32504 0.444002 0.502103
0.437379 0.434048 0.327143
0.643501 0.452415 0.513585
0.417928 0.459951 0.644382
0.367111 0.437758 0.385107
0.42927 0.435416 0.666001
0.537203 0.381016 0.685543
0.676906 0.389393 0.426138
0.565838 0.408457 0.327004
0.58772 0.453018 0.611876
0.359575 0.46178 0.596609
0.437608 0.460774 0.343896
0.648086 0.401753 0.556718
0.561828 0.47755 0.469298
0.352173 0.474241 0.497859
0.454992 0.458819 0.33565
0.500537 0.404918 0.317603
0.663995 0.419926 0.401617
0.633199 0.42395 0.384573
0.531879 0.470346 0.614474
0.612611 0.429556 0.615443
0.652431 0.419934 0.56367
0.601921 0.454834 0.598366
0.419139 0.489047 0.42697
0.425114 0.487564 0.49836
0.497382 0.374546 0.683384
0.331673 0.450534 0.548023
0.585269 0.416445 0.637932
0.336621 0.449821 0.414888
0.656049 0.416661 0.396427
0.323415 0.427035 0.535432
0.340381 0.460932 0.520544
0.690569 0.384606 0.451049
0.677605 0.38524 0.540104
0.39106 0.441433 0.365581
0.625957 0.45524 0.547439
0.330099 0.444908 0.505484
0.691955 0.389109 0.505567
0.487934 0.449946 0.330375
0.318404 0.42678 0.468645
0.349942 0.44969 0.583622
0.556603 0.473488 0.402105
0.351315 0.446175 0.395747
0.463517 0.478919 0.537032
0.457081 0.479673 0.534493
0.319374 0.415871 0.481698
0.391322 0.48194 0.478742
0.555204 0.396108 0.66274
0.510144 0.44182 0.658826
0.562144 0.423006 0.650474
0.447222 0.43999 0.66479
0.422542 0.487798 0.569959
0.549787 0.472111 0.443095
0.491943 0.478645 0.596037
0.318557 0.417359 0.464072
0.378035 0.478217 0.472405
0.466671 0.422088 0.681535
0.519852 0.470731 0.45649
0.533507 0.433748 0.659985
0.348157 0.463492 0.463991
0.376233 0.430027 0.624458
0.352466 0.470293 0.547172
0.672585 0.373698 0.538543
0.343327 0.46418 0.517134
0.574175 0.472142 0.571009
0.471768 0.428492 0.318342
0.486498 0.377541 0.685573
0.347749 0.462249 0.514884
0.386094 0.476972 0.587016
0.671034 0.427159 0.471639
0.565887 0.475458 0.492632
0.637512 0.451505 0.50074
0.332017 0.438105 0.509434
0.680165 0.374864 0.519716
0.50782 0.475661 0.421431
0.661642 0.38442 0.541436
0.481762 0.43913 0.328756
0.576579 0.442593 0.35133
0.678871 0.415976 0.47756
0.336078 0.445261 0.525702
0.415718 0.484313 0.532528
0.6382 0.439291 0.388812
0.636447 0.458518 0.438644
0.402325 0.484498 0.556467
0.645007 0.446737 0.497441
0.326628 0.436677 0.470485
0.357858 0.468058 0.49158
0.372447 0.466514 0.594291
0.365316 0.472979 0.55462
0.657277 0.407509 0.546583
0.510206 0.422388 0.327404
0.670461 0.370544 0.513616
0.571137 0.475665 0.491526
0.431217 0.410734 0.662896
0.58219 0.431653 0.357369
0.500769 0.417671 0.675225
0.578118 0.476451 0.502662
0.456445 0.479569 0.56842
0.372346 0.450562 0.614306
0.389039 0.482596 0.516216
0.655707 0.438426 0.415393
0.672288 0.413497 0.526226
0.600689 0.436703 0.606181
0.373895 0.456954 0.395946
0.403772 0.457828 0.629205
0.433997 0.472028 0.612429
0.581522 0.473286 0.493912
0.434307 0.476764 0.513121
0.339282 0.428206 0.510626
0.471568 0.460502 0.34931
0.645951 0.425462 0.415319
0.613175 0.424574 0.570176
0.404 0.425134 0.608866
0.522628 0.467705 0.431351
0.641122 0.430903 0.550007
0.672451 0.385489 0.455137
0.483186 0.450567 0.342087
0.436521 0.408796 0.652612
0.64737 0.444089 0.465741
0.672896 0.394421 0.444336
0.572694 0.441632 0.356629
0.564044 0.406454 0.635585
0.579028 0.472868 0.484565
0.679498 0.405226 0.484468
0.41807 0.444528 0.646385
0.41188 0.478392 0.490917
0.520943 0.465953 0.36139
0.644332 0.428405 0.412223
0.548957 0.404983 0.654854
0.336436 0.442556 0.479729
0.453303 0.471743 0.497593
0.431045 0.477997 0.596134
0.352771 0.458939 0.460358
0.383541 0.436488 0.622331
0.498531 0.440909 0.337706
0.367068 0.442751 0.597437
0.560678 0.432127 0.634024
0.490972 0.385445 0.676549
0.452545 0.472479 0.505647
0.384982 0.455465 0.611671
0.432018 0.479188 0.442714
0.582355 0.425602 0.596091
0.678854 0.396951 0.461014
0.45253 0.4607 0.362126
0.347013 0.425707 0.510961
0.581064 0.451188 0.372899
0.444115 0.473009 0.384477
0.515991 0.433973 0.345376
0.360475 0.459419 0.489861
0.410278 0.478989 0.441576
0.630908 0.456491 0.424422
0.575958 0.42065 0.607566
0.573477 0.445883 0.366819
0.638537 0.450287 0.426027
0.659999 0.379109 0.529415
0.576295 0.446593 0.605016
0.574747 0.43528 0.370336
0.638903 0.427263 0.546172
0.615667 0.428573 0.416102
0.655176 0.430615 0.488349
0.466071 0.471483 0.562227
0.474194 0.465759 0.50264
0.572103 0.462107 0.579961
0.381973 0.472103 0.50857
0.585603 0.456638 0.583376
0.442195 0.473443 0.541453
0.34719 0.445328 0.510493
0.379654 0.439451 0.603812
0.566751 0.46061 0.382152
0.497276 0.471876 0.390949
0.424264 0.462313 0.373017
0.596608 0.45435 0.38322
0.619014 0.453427 0.533678
0.437163 0.439733 0.650344
0.402732 0.456281 0.378715
0.365105 0.457042 0.494577
0.42823 0.471793 0.477763
0.465547 0.46982 0.453221
0.677241 0.384656 0.473891
0.601654 0.441918 0.391847
0.65888 0.379732 0.512552
0.383164 0.465993 0.572366
0.542341 0.393239 0.637363
0.535729 0.462135 0.388392
0.611824 0.458686 0.447322
0.351668 0.44067 0.504419
0.651069 0.422458 0.508125
0.598145 0.462421 0.533671
0.660679 0.401013 0.522812
0.423088 0.442109 0.367648
0.637741 0.396066 0.53839
0.493318 0.46317 0.502216
0.603966 0.459576 0.505039
0.540372 0.45566 0.447462
0.492823 0.444634 0.355971
0.501842 0.463618 0.374738
0.490222 0.441407 0.645209
0.565547 0.446934 0.371105
0.552283 0.416736 0.634064
0.41199 0.44418 0.375347
0.621658 0.456898 0.424153
0.435748 0.432102 0.363891
0.529327 0.403044 0.656824
0.639991 0.431283 0.53157
0.436843 0.407022 0.629311
0.388823 0.470075 0.512718
0.556019 0.45866 0.446377
0.540502 0.456231 0.465324
0.559762 0.460327 0.441181
0.623728 0.44552 0.406314
0.54413 0.468623 0.561018
0.370417 0.454447 0.493107
0.656758 0.390415 0.512697
0.442712 0.46814 0.579596
0.431591 0.450077 0.374157
0.46331 0.461144 0.518966
0.65321 0.383658 0.511406
0.399511 0.469456 0.422357
0.609395 0.452733 0.507317
0.405489 0.432475 0.607922
0.662986 0.386364 0.498584
0.406818 0.436996 0.618972
0.406313 0.472299 0.426505
0.373691 0.449243 0.563627
0.618769 0.44905 0.414452
0.411701 0.429353 0.614219
0.42423 0.467903 0.592522
0.558745 0.442622 0.606398
0.471752 0.459158 0.506454
0.602862 0.456726 0.517748
0.602515 0.428636 0.565697
0.489147 0.4593 0.605115
0.551918 0.414474 0.62735
0.481923 0.466 0.575503
0.633678 0.392222 0.53301
0.384687 0.445349 0.433385
0.479895 0.44013 0.364898
0.377511 0.432576 0.568407
0.446567 0.431929 0.36642
0.503253 0.390367 0.654142
0.488274 0.461922 0.451355
0.439158 0.464993 0.513375
0.393949 0.465599 0.501406
0.556375 0.453726 0.464799
0.415057 0.470569 0.557613
0.414149 0.430511 0.620788
0.649699 0.410964 0.51962
0.440587 0.428446 0.386914
0.645591 0.395647 0.520587
0.547624 0.402541 0.619609
0.443707 0.452959 0.383159
0.657904 0.389348 0.491093
0.648258 0.399426 0.511842
0.531655 0.452692 0.596852
0.408612 0.462827 0.495416
0.402385 0.453249 0.412787
0.520638 0.449738 0.453925
0.608019 0.424531 0.429443
0.41764 0.465487 0.542867
0.367992 0.416294 0.491454
0.629115 0.377146 0.518408
0.488441 0.445075 0.624902
0.438409 0.445886 0.62501
0.480655 0.454801 0.50609
0.471893 0.424542 0.367323
0.48644 0.463295 0.418251
0.494975 0.398752 0.651284
0.389745 0.459173 0.494568
0.572497 0.443082 0.386472
0.620436 0.445233 0.453721
0.59316 0.416222 0.557757
0.635569 0.387761 0.525749
0.493728 0.454103 0.498628
0.639016 0.420779 0.448223
0.61931 0.443269 0.479584
0.456581 0.436749 0.638363
0.609925 0.437457 0.419245
0.378461 0.417531 0.546092
0.528911 0.462542 0.564344
0.487667 0.458711 0.593267
0.378376 0.453295 0.461798
0.56329 0.454865 0.402108
0.458413 0.466997 0.408761
0.382365 0.448608 0.544642
0.629078 0.410166 0.530417
0.421285 0.463952 0.463681
0.455629 0.454236 0.394408
0.494942 0.448107 0.474288
0.632258 0.420072 0.510864
0.372941 0.432449 0.477244
0.550757 0.450381 0.406888
0.376673 0.439727 0.471137
0.393104 0.457777 0.45863
0.613048 0.444025 0.450787
0.464525 0.403994 0.642427
0.608229 0.430426 0.431006
0.399413 0.459839 0.441864
0.61371 0.440408 0.513441
0.455278 0.416827 0.636106
0.409682 0.454471 0.416286
0.435285 0.458702 0.539548
0.413585 0.445803 0.605357
0.429435 0.394597 0.573002
0.598658 0.433209 0.42248
0.625476 0.436045 0.451982
0.436402 0.406971 0.605983
0.590366 0.42081 0.426769
0.640881 0.407116 0.463943
0.493903 0.416662 0.640177
0.564594 0.457907 0.546719
0.456786 0.432871 0.632907
0.382891 0.440398 0.553837
0.474216 0.412359 0.647088
0.532827 0.416944 0.37141
0.423101 0.408915 0.575552
0.470061 0.379745 0.63703
0.581312 0.401716 0.554373
0.438266 0.456894 0.515954
0.609127 0.441661 0.538725
0.400939 0.454362 0.453772
0.605552 0.423347 0.544341
0.560076 0.454049 0.520741
0.467519 0.451504 0.404848
0.379684 0.406843 0.47349
0.605602 0.440231 0.512646
0.496667 0.415009 0.632464
0.435598 0.433336 0.402925
0.38014 0.425932 0.503089
0.570476 0.443641 0.406285
0.53848 0.444205 0.488945
0.456555 0.454322 0.461825
0.575763 0.440028 0.570486
0.44923 0.450329 0.591838
0.390282 0.444916 0.506359
0.470557 0.373562 0.629554
0.573425 0.451199 0.548863
0.446535 0.452322 0.403572
0.636863 0.411749 0.483997
0.498874 0.369103 0.62966
0.529071 0.446564 0.588518
0.634652 0.410496 0.491328
0.483818 0.45174 0.548416
0.614798 0.412998 0.453598
0.578239 0.433028 0.572079
0.495098 0.448008 0.447432
0.508608 0.444392 0.393107
0.6166 0.432585 0.449728
0.630595 0.400854 0.504517
0.609754 0.437733 0.527016
0.485231 0.448593 0.459497
0.480676 0.452493 0.413763
0.38917 0.444805 0.469243
0.62634 0.417444 0.507869
0.607393 0.429365 0.542678
0.448881 0.454429 0.466862
0.40981 0.450467 0.450945
0.497016 0.355105 0.620445
0.513073 0.373853 0.62549
0.523219 0.410612 0.622835
0.502152 0.443941 0.582009
0.592371 0.441904 0.51532
0.498727 0.435716 0.480503
0.398937 0.441981 0.543354
0.497905 0.438728 0.398981
0.624442 0.396069 0.473856
0.52454 0.403879 0.624864
0.530652 0.398133 0.622348
0.426837 0.432028 0.596295
0.437081 0.453369 0.454172
0.38627 0.421711 0.475814
0.50201 0.386977 0.629367
0.412001 0.427485 0.428042
0.53736 0.372518 0.58887
0.384555 0.401563 0.523859
0.594988 0.395144 0.536367
0.510206 0.438158 0.456304
0.392753 0.437941 0.531527
0.422673 0.453817 0.43192
0.451349 0.423927 0.397148
0.535934 0.399979 0.615384
0.422368 0.450038 0.4233
0.487476 0.385749 0.632766
0.482472 0.438014 0.478497
0.511687 0.437644 0.597878
0.454949 0.374736 0.598297
0.506268 0.440206 0.444692
0.616694 0.375745 0.470959
0.405709 0.448721 0.464974
0.487551 0.422003 0.623565
0.391319 0.435831 0.527814
0.50442 0.440934 0.441329
0.400143 0.431316 0.515849
0.402238 0.417832 0.544084
0.585608 0.388163 0.442124
0.551825 0.43453 0.571063
0.389995 0.38226 0.503993
0.584081 0.438571 0.517532
0.446812 0.412537 0.603308
0.581036 0.429898 0.436531
0.466849 0.439699 0.579692
0.575498 0.360455 0.437565
0.380797 0.38387 0.480441
0.432842 0.445915 0.426503
0.511496 0.432549 0.406927
0.600045 0.41161 0.533106
0.480603 0.373682 0.627454
0.539688 0.440013 0.521388
0.490974 0.40207 0.622442
0.484965 0.36258 0.624925
0.426389 0.431938 0.418641
0.426685 0.435499 0.419413
0.500458 0.416406 0.615724
0.467664 0.370426 0.614807
0.560326 0.441514 0.539099
0.445054 0.438687 0.477294
0.473247 0.440388 0.547856
0.520109 0.403685 0.384953
0.389986 0.403417 0.504556
0.451413 0.433748 0.48855
0.488986 0.409741 0.620625
0.615189 0.398654 0.487836
0.463813 0.386739 0.615387
0.604693 0.421626 0.463505
0.495593 0.379986 0.624162
0.614028 0.374837 0.471308
0.513526 0.434809 0.509825
0.608524 0.381554 0.506528
0.406141 0.422252 0.500333
0.532893 0.430554 0.51539
0.565054 0.43046 0.504026
0.597133 0.412581 0.527922
0.394969 0.403668 0.469119
0.55738 0.434198 0.52869
0.474598 0.369203 0.618692
0.608844 0.362552 0.497897
0.412471 0.428139 0.500141
0.542573 0.433605 0.539789
0.456134 0.39735 0.400912
0.53789 0.431235 0.559957
0.603243 0.385688 0.46526
0.540239 0.427857 0.578537
0.386401 0.379937 0.484969
0.559259 0.428328 0.462435
0.505171 0.426402 0.458668
0.605544 0.394045 0.492659
0.565514 0.414594 0.424278
0.583468 0.42563 0.480916
0.462519 0.394865 0.395177
0.471782 0.428586 0.5198
0.518203 0.409197 0.609416
0.471335 0.427884 0.594363
0.568772 0.37834 0.545316
0.428618 0.430642 0.492579
0.511492 0.431212 0.526195
0.536745 0.419249 0.594424
0.424456 0.423599 0.567081
0.404124 0.421774 0.532962
0.51961 0.398594 0.612824
0.402362 0.416324 0.510703
0.525493 0.401886 0.610828
0.466119 0.421047 0.476698
0.509142 0.429365 0.579414
0.597764 0.416931 0.491947
0.439849 0.408613 0.417548
0.534344 0.424903 0.539031
0.450106 0.411213 0.587278
0.591645 0.387234 0.523284
0.512268 0.421515 0.436773
0.543438 0.424847 0.53809
0.555098 0.421434 0.499557
0.47208 0.404274 0.475369
0.420058 0.425025 0.535385
0.449506 0.423863 0.515978
0.396791 0.376797 0.459875
0.525538 0.388261 0.398028
0.53637 0.370268 0.577865
0.593796 0.407232 0.471849
0.471617 0.420322 0.456217
0.556356 0.419226 0.482552
0.467919 0.37505 0.605267
0.549842 0.379996 0.417071
0.511601 0.423048 0.559307
0.458279 0.410211 0.492138
0.593633 0.37454 0.519683
0.48333 0.423813 0.567325
0.607732 0.353763 0.496384
0.478865 0.374421 0.613089
0.598638 0.393556 0.490192
0.456389 0.41299 0.590709
0.483678 0.365667 0.38413
0.448279 0.428039 0.452843
0.59642 0.379341 0.513079
0.510007 0.414912 0.4928
0.473045 0.420485 0.413039
0.500511 0.414017 0.594081
0.493662 0.417807 0.413444
0.472448 0.343418 0.604801
0.451289 0.379196 0.409092
0.477763 0.36893 0.387208
0.453753 0.363147 0.410655
0.415871 0.406269 0.49027
0.610221 0.334321 0.475077
0.410674 0.378011 0.519507
0.50894 0.333557 0.592336
0.52791 0.414861 0.547233
0.584802 0.40247 0.502575
0.51103 0.413872 0.555402
0.614314 0.311455 0.486048
0.587446 0.36357 0.454257
0.461099 0.379954 0.591147
0.431165 0.418692 0.530938
0.467541 0.327274 0.591227
0.525124 0.41166 0.467514
0.41226 0.371897 0.525155
0.568463 0.403104 0.44185
0.460443 0.398068 0.476308
0.468476 0.412285 0.517525
0.460465 0.416796 0.552171
0.593812 0.323869 0.516525
0.51042 0.362791 0.596864
0.497467 0.411332 0.454359
0.586442 0.400301 0.51824
0.473624 0.391168 0.474725
0.492794 0.412871 0.566311
0.562329 0.410193 0.443503
0.554251 0.393515 0.424106
0.535689 0.41383 0.550474
0.528312 0.415745 0.529356
0.576539 0.412228 0.527622
0.540973 0.39404 0.414709
0.541836 0.385095 0.414168
0.525055 0.395364 0.407972
0.514977 0.366114 0.401509
0.419137 0.415517 0.454797
0.460906 0.380184 0.590967
0.460748 0.336908 0.578513
0.534941 0.405637 0.447751
0.551666 0.401282 0.541272
0.432793 0.406205 0.518567
0.536063 0.401108 0.554841
0.515221 0.404405 0.546472
0.594495 0.337576 0.506778
0.51816 0.343752 0.404663
0.558968 0.395644 0.437666
0.516577 0.399147 0.574835
0.478868 0.403469 0.522023
0.532655 0.404347 0.433514
0.500306 0.346212 0.403492
0.482641 0.377645 0.477722
0.532179 0.402894 0.428737
0.562474 0.330963 0.540374
0.490827 0.398793 0.571855
0.55094 0.37021 0.424779
0.415953 0.358662 0.52151
0.519668 0.347725 0.405033
0.47446 0.391121 0.409584
0.521866 0.390806 0.583727
0.534518 0.3876 0.572507
0.496803 0.397985 0.574626
0.43179 0.275132 0.570983
0.474217 0.398903 0.513303
0.467314 0.397291 0.415729
0.42275 0.375276 0.437921
0.454489 0.402458 0.510361
0.436341 0.319767 0.553952
0.460079 0.350364 0.409808
0.395869 0.36027 0.472409
0.556023 0.363975 0.428462
0.417356 0.35872 0.442374
0.415379 0.392113 0.495811
0.428194 0.380374 0.54423
0.42398 0.384826 0.510737
0.535033 0.391266 0.463861
0.464041 0.346523 0.411223
0.448959 0.398045 0.522424
0.450928 0.398881 0.53609
0.504435 0.392933 0.541962
0.47819 0.39301 0.423284
0.445308 0.361738 0.558178
0.573727 0.384703 0.471923
0.447763 0.398941 0.534601
0.452537 0.3926 0.558127
0.550582 0.391418 0.501504
0.490975 0.387879 0.558869
0.507319 0.347311 0.58036
0.433226 0.326295 0.421498
0.563518 0.26661 0.570483
0.406255 0.365629 0.482482
0.564818 0.38936 0.510865
0.543079 0.392434 0.46103
0.460184 0.363374 0.416022
0.429581 0.346914 0.538656
0.526256 0.321373 0.408591
0.408872 0.353557 0.49449
0.492601 0.337036 0.585825
0.597824 0.306819 0.499528
0.484471 0.313525 0.594407
0.42526 0.384161 0.515683
0.520315 0.391169 0.498916
0.396491 0.345366 0.479779
0.500859 0.391597 0.546941
0.592965 0.357537 0.471805
0.495929 0.392046 0.516694
0.532216 0.390365 0.46605
0.572061 0.359539 0.527164
0.538744 0.388075 0.549975
0.505426 0.383096 0.46644
0.434873 0.375244 0.441351
0.533525 0.373113 0.475516
0.530716 0.375363 0.467903
0.462786 0.38559 0.524107
0.560281 0.376061 0.507024
0.494223 0.379415 0.537257
0.557743 0.374454 0.528001
0.512696 0.381867 0.531784
0.572033 0.368834 0.494148
0.57651 0.363475 0.499948
0.429672 0.268002 0.571661
0.528508 0.33992 0.566489
0.464664 0.363899 0.491815
0.554315 0.374487 0.483373
0.487718 0.348278 0.577647
0.580054 0.298779 0.441817
0.542837 0.325826 0.421135
0.541238 0.376888 0.437606
0.488554 0.337958 0.580415
0.538282 0.359432 0.425828
0.55809 0.374763 0.490131
0.546642 0.37842 0.442166
0.48586 0.37277 0.421021
0.490457 0.331491 0.408571
0.577038 0.338423 0.451956
0.472426 0.356992 0.471213
0.582449 0.277583 0.436162
0.4581 0.316036 0.572528
0.580499 0.361907 0.465808
0.59868 0.299832 0.492737
0.52014 0.379896 0.503605
0.556643 0.345877 0.537057
0.50601 0.382522 0.521573
0.552557 0.374448 0.481914
0.475761 0.328503 0.40708
0.43294 0.302123 0.553644
0.445492 0.355371 0.544248
0.53463 0.361148 0.486826
0.437387 0.360839 0.525418
0.473046 0.368221 0.523086
0.465558 0.359534 0.502942
0.486028 0.362522 0.534096
0.442662 0.369119 0.461422
0.399971 0.285638 0.486522
0.563305 0.357668 0.519838
0.486559 0.34455 0.48479
0.573252 0.337799 0.453135
0.570978 0.358021 0.464804
0.456421 0.369152 0.437665
0.563893 0.256085 0.574602
0.547682 0.366754 0.525863
0.589513 0.291161 0.457263
0.495784 0.36619 0.524853
0.530053 0.367272 0.534157
0.417093 0.337045 0.492626
0.468239 0.357859 0.425026
0.498881 0.360809 0.430532
0.568083 0.360425 0.475687
0.530384 0.358365 0.548368
0.48894 0.366106 0.43668
0.566205 0.351187 0.5213
0.486577 0.358629 0.547298
0.571447 0.354346 0.494667
0.532262 0.360791 0.466837
0.523359 0.347941 0.423116
0.479776 0.35723 0.45822
0.477564 0.352011 0.5712
0.469817 0.33462 0.416015
0.480724 0.314181 0.585087
0.517551 0.329648 0.41637
0.593981 0.316329 0.476272
0.499801 0.349419 0.482981
0.418639 0.331947 0.480082
0.535366 0.348993 0.499105
0.509609 0.258045 0.59042
0.480045 0.346715 0.520119
0.581745 0.321713 0.489936
0.478963 0.348202 0.536314
0.516889 0.334205 0.557465
0.489715 0.340863 0.460171
0.540594 0.310664 0.556159
0.407664 0.305622 0.472552
0.53785 0.345182 0.47125
0.575779 0.325482 0.506839
0.452374 0.304979 0.563537
0.412162 0.305544 0.491101
0.425653 0.32962 0.503194
0.5939 0.271447 0.469205
0.424602 0.342788 0.468065
0.52506 0.345803 0.456548
0.549626 0.315229 0.428996
0.561026 0.335623 0.447298
0.464873 0.330595 0.564852
0.573898 0.334174 0.497016
0.406453 0.296911 0.484687
0.480852 0.334937 0.466498
0.561484 0.348122 0.467461
0.487935 0.347492 0.431137
0.516504 0.266186 0.588681
0.45937 0.353069 0.542049
0.488976 0.257023 0.595214
0.564634 0.307395 0.436912
0.418387 0.286843 0.435379
0.534722 0.345928 0.465589
0.440309 0.350275 0.447107
0.496309 0.34606 0.534346
0.497587 0.347571 0.511942
0.416009 0.241438 0.414989
0.42508 0.324908 0.470712
0.439308 0.32999 0.476249
0.473945 0.314069 0.478545
0.500371 0.328851 0.503996
0.58296 0.289623 0.461165
0.471458 0.333951 0.5393
0.532712 0.298921 0.56585
0.513593 0.336684 0.519203
0.525787 0.33911 0.513631
0.529604 0.261869 0.58536
0.56557 0.262775 0.422193
0.477356 0.333107 0.434174
0.494714 0.266905 0.587512
0.579467 0.300862 0.496032
0.541609 0.272662 0.415287
0.426726 0.255932 0.413666
0.462262 0.336554 0.533624
0.441877 0.314687 0.542667
0.505565 0.299777 0.41732
0.495266 0.317534 0.483553
0.573579 0.266251 0.429043
0.588116 0.249332 0.435864
0.590098 0.259372 0.511226
0.494747 0.325742 0.54554
0.472765 0.323992 0.500511
0.591883 0.244857 0.497399
0.43929 0.28192 0.414304
0.523657 0.331696 0.438004
0.440871 0.272852 0.56919
0.416959 0.306136 0.468455
0.487045 0.278229 0.406416
0.589808 0.261425 0.506065
0.476815 0.325153 0.426205
0.565963 0.290657 0.537717
0.495022 0.313757 0.562633
0.562832 0.271504 0.557179
0.444163 0.259668 0.575182
0.444032 0.310723 0.486935
0.562025 0.298202 0.529625
0.509416 0.318378 0.507784
0.49207 0.309182 0.429613
0.463199 0.318538 0.541702
0.439186 0.310407 0.488153
0.40548 0.260038 0.488201
0.515669 0.306763 0.555385
0.479338 0.293288 0.573638
0.54238 0.317654 0.451542
0.480084 0.302991 0.494717
0.480773 0.31022 0.516885
0.415213 0.244898 0.422652
0.441755 0.282986 0.558778
0.425437 0.280454 0.430371
0.58651 0.263107 0.476709
0.413889 0.283396 0.471321
0.457588 0.319497 0.524662
0.404859 0.25798 0.489824
0.5177 0.317804 0.536091
0.405776 0.254182 0.460236
0.459365 0.317613 0.459315
0.493039 0.261427 0.585438
0.467514 0.3102 0.427075
0.404473 0.218401 0.578381
0.589517 0.241197 0.49339
0.437815 0.310522 0.510493
0.572443 0.271639 0.536701
0.507463 0.296183 0.422735
0.426731 0.309632 0.468817
0.480168 0.300564 0.568076
0.431423 0.307168 0.485068
0.552079 0.315377 0.485696
0.427561 0.290447 0.43392
0.474007 0.299162 0.479972
0.430176 0.289649 0.500905
0.446892 0.296888 0.498532
0.467897 0.266144 0.410471
0.518041 0.306542 0.512354
0.404624 0.223662 0.425781
0.45237 0.297387 0.543654
0.519889 0.23737 0.40527
0.496141 0.29346 0.458534
0.521568 0.236506 0.404833
0.586013 0.231781 0.538251
0.505632 0.283169 0.478068
0.488498 0.261403 0.580833
0.458813 0.293271 0.471819
0.439566 0.296531 0.510858
0.494453 0.299533 0.52917
0.421665 0.277809 0.446851
0.514364 0.225309 0.591668
0.411144 0.230612 0.571829
0.586966 0.252383 0.46518
0.5105 0.295004 0.493592
0.470185 0.284226 0.479486
0.408235 0.254032 0.485419
0.513808 0.244505 0.585467
0.491311 0.261527 0.412399
0.455888 0.301819 0.532389
0.402754 0.238847 0.470392
0.550832 0.236451 0.58497
0.531649 0.238888 0.405874
0.534896 0.306565 0.516323
0.405254 0.223136 0.572514
0.572219 0.281308 0.506643
0.547931 0.277352 0.427346
0.40044 0.241307 0.528905
0.519708 0.280812 0.422615
0.53142 0.291082 0.477877
0.564429 0.213115 0.594243
0.428239 0.2738 0.491304
0.554009 0.280091 0.470188
0.415388 0.254459 0.49431
0.547237 0.28555 0.499833
0.409797 0.236938 0.560003
0.437367 0.27257 0.547686
0.542285 0.253829 0.418662
0.518685 0.293038 0.520581
0.491867 0.283422 0.542653
0.52459 0.274891 0.471608
0.53993 0.262946 0.42366
0.583965 0.231438 0.490415
0.524604 0.272924 0.477929
0.591761 0.215656 0.516595
0.434435 0.283179 0.437433
0.444128 0.232084 0.583467
0.537964 0.275781 0.477702
0.501216 0.267389 0.478238
0.535845 0.283839 0.457555
0.461166 0.273961 0.5614
0.409067 0.247203 0.515593
0.443402 0.235621 0.405325
0.501407 0.263222 0.421114
0.50304 0.276143 0.490721
0.554689 0.214963 0.592957
0.510234 0.288073 0.531768
0.459968 0.230549 0.400796
0.420792 0.262749 0.486247
0.47624 0.276629 0.505166
0.454659 0.284069 0.427037
0.455551 0.28022 0.498102
0.406183 0.236409 0.472212
0.439463 0.281771 0.523404
0.406518 0.230253 0.440457
0.531764 0.292303 0.51727
0.536152 0.262845 0.568812
0.427788 0.259347 0.48922
0.480092 0.257549 0.498347
0.403701 0.218549 0.568041
0.405654 0.223808 0.457439
0.509708 0.266381 0.45427
0.430972 0.256792 0.551056
0.554137 0.271236 0.508397
0.527857 0.270697 0.446868
0.58158 0.224457 0.48661
0.561433 0.262972 0.499852
0.554138 0.266234 0.495673
0.466235 0.253394 0.418583
0.591954 0.204272 0.484538
0.589153 0.225012 0.432533
0.413329 0.211042 0.407389
0.490605 0.242119 0.577841
0.593867 0.207697 0.542345
0.42911 0.267286 0.461932
0.574288 0.245759 0.500978
0.528614 0.278346 0.523412
0.599054 0.215077 0.43955
0.495282 0.260209 0.427084
0.451211 0.270591 0.523978
0.560028 0.25894 0.473821
0.533902 0.232433 0.410338
0.443721 0.268683 0.503836
0.431932 0.259756 0.545636
0.540214 0.272385 0.503699
0.407209 0.230821 0.556442
0.505056 0.25651 0.482675
0.473648 0.257646 0.493416
0.516333 0.25761 0.48066
0.448103 0.270495 0.523077
0.519529 0.26035 0.483622
0.582564 0.222715 0.487036
0.592719 0.207731 0.562399
0.431843 0.227545 0.414524
0.480411 0.249236 0.515919
0.498952 0.251588 0.43194
0.413432 0.227871 0.459833
0.419293 0.237802 0.444884
0.415498 0.231805 0.557093
0.443013 0.253998 0.42672
0.419244 0.213814 0.411222
0.585184 0.217322 0.518141
0.481713 0.235057 0.479782
0.517008 0.260282 0.536184
0.469723 0.241777 0.486584
0.578282 0.229024 0.432023
0.414238 0.23483 0.527203
0.484416 0.229826 0.579345
0.492693 0.200891 0.597818
0.527478 0.244404 0.475358
0.420796 0.228464 0.567849
0.51172 0.239553 0.422227
0.441746 0.254963 0.531616
0.532784 0.237293 0.57201
0.500042 0.246617 0.462421
0.510708 0.249403 0.45893
0.555828 0.250584 0.496256
0.524804 0.263989 0.518649
0.449294 0.208545 0.59219
0.603408 0.20436 0.44802
0.453916 0.204939 0.595302
0.566509 0.247196 0.528426
0.398854 0.20408 0.447252
0.413672 0.232701 0.551163
0.397042 0.21249 0.529785
0.404925 0.19902 0.59025
0.495619 0.231408 0.41591
0.500356 0.256629 0.54072
0.486814 0.236939 0.474556
0.427559 0.236802 0.530507
0.479714 0.238708 0.534132
0.59177 0.197162 0.495976
0.421227 0.228426 0.46224
0.527786 0.234472 0.427654
0.400589 0.207616 0.56497
0.523865 0.247099 0.534245
0.507024 0.21845 0.578011
0.58952 0.204878 0.559488
0.402954 0.203799 0.463354
0.488 0.211879 0.584972
0.480172 0.233357 0.566135
0.554432 0.224872 0.570964
0.448595 0.249613 0.437171
0.551364 0.242894 0.540298
0.492023 0.212244 0.406898
0.465805 0.202983 0.395946
0.407553 0.20882 0.479549
0.453937 0.242737 0.539714
0.543732 0.24469 0.539365
0.482839 0.230484 0.502638
0.507552 0.236159 0.495968
0.585696 0.187267 0.603436
0.552526 0.246036 0.525408
0.516046 0.240049 0.435311
0.44691 0.2404 0.470617
0.565421 0.235533 0.533982
0.558638 0.231107 0.474263
0.522173 0.242563 0.502627
0.490233 0.201915 0.396961
0.558672 0.216358 0.409678
0.485035 0.205777 0.590552
0.581173 0.222899 0.446045
0.471983 0.240747 0.547891
0.416927 0.19582 0.394691
0.597678 0.186399 0.601938
0.425409 0.223181 0.525843
0.533853 0.212603 0.415426
0.574184 0.218909 0.443731
0.534639 0.22744 0.556085
0.533209 0.19653 0.395892
0.39021 0.190727 0.571247
0.535252 0.230671 0.542143
0.520567 0.199484 0.401859
0.573847 0.217812 0.435964
0.473815 0.22474 0.52222
0.503506 0.228035 0.546245
0.425099 0.209645 0.417163
0.491367 0.207728 0.580763
0.425405 0.224153 0.441464
0.517559 0.221288 0.486889
0.386591 0.180507 0.600578
0.580012 0.20947 0.544109
0.460073 0.227976 0.428277
0.527267 0.227641 0.43951
0.513619 0.219586 0.469574
0.453858 0.22935 0.526623
0.419626 0.218578 0.557496
0.466278 0.199767 0.399058
0.458463 0.222808 0.469079
0.471297 0.221142 0.461637
0.503062 0.195547 0.397036
0.512633 0.227396 0.437771
0.388889 0.187912 0.515876
0.609638 0.179187 0.382343
0.407826 0.207979 0.526943
0.380918 0.180503 0.385758
0.50914 0.200945 0.40344
0.606352 0.192095 0.432324
0.509139 0.2245 0.452551
0.519722 0.234513 0.522222
0.475404 0.205064 0.584698
0.425295 0.212526 0.446901
0.535463 0.212732 0.429943
0.458893 0.211842 0.504047
0.54789 0.213565 0.562407
0.434161 0.182777 0.60764
0.609528 0.182415 0.57689
0.418616 0.205084 0.451235
0.39821 0.187754 0.583806
0.57304 0.202649 0.472116
0.607636 0.173824 0.503708
0.470456 0.188222 0.598063
0.43103 0.211724 0.48982
0.470548 0.211383 0.514656
0.459695 0.217151 0.550447
0.603889 0.185239 0.455797
0.386362 0.180893 0.386761
0.511637 0.20747 0.468915
0.449256 0.218464 0.544218
0.464556 0.211809 0.567842
0.416973 0.20051 0.477159
0.612555 0.176487 0.461501
0.42282 0.181142 0.608837
0.532218 0.217918 0.540718
0.454719 0.21192 0.498698
0.458913 0.194042 0.591118
0.507612 0.206665 0.485512
0.479321 0.212759 0.534292
0.508741 0.174317 0.612534
0.554609 0.199546 0.58009
0.506466 0.205953 0.48392
0.543244 0.21288 0.45623
0.606309 0.182652 0.458246
0.561975 0.209599 0.493365
0.481372 0.187304 0.598262
0.433163 0.193976 0.592542
0.574606 0.200391 0.487596
0.423148 0.199066 0.430119
0.430119 0.171426 0.619557
0.396955 0.172259 0.616203
0.584887 0.19125 0.546344
0.44645 0.207256 0.543632
0.597668 0.182115 0.583597
0.439611 0.20429 0.462605
0.429724 0.20476 0.438584
0.537193 0.193104 0.412624
0.535103 0.196333 0.419621
0.507613 0.204997 0.519518
0.54189 0.181975 0.38722
0.543562 0.206819 0.528448
0.4098 0.19476 0.562949
0.523799 0.203604 0.557378
0.416072 0.198693 0.561169
0.534493 0.202319 0.563594
0.556411 0.203176 0.442747
0.401709 0.187597 0.574646
0.564332 0.203641 0.542589
0.538555 0.203514 0.504597
0.455346 0.200099 0.502364
0.514948 0.18876 0.584652
0.468589 0.180738 0.602848
0.588305 0.190819 0.425358
0.410772 0.193888 0.569002
0.582984 0.192781 0.548994
0.602227 0.176318 0.484812
0.485841 0.198215 0.568643
0.557727 0.205766 0.535474
0.41494 0.194002 0.439031
0.439316 0.203593 0.515827
0.611324 0.17087 0.480989
0.573183 0.181901 0.382223
0.43277 0.198698 0.419506
0.553712 0.200069 0.461623
0.42044 0.191537 0.569258
0.429146 0.181748 0.396025
0.510931 0.189297 0.449421
0.60299 0.17767 0.554542
0.568218 0.191591 0.531958
0.58808 0.177419 0.590743
0.538522 0.178855 0.591859
0.532312 0.175744 0.387777
0.538439 0.189923 0.452744
0.445184 0.177352 0.386399
0.471804 0.19015 0.569677
0.549752 0.187684 0.471213
0.525253 0.186695 0.463588
0.443369 0.19261 0.455629
0.612667 0.165699 0.523269
0.412693 0.18022 0.589459
0.463186 0.18554 0.479524
0.545899 0.191464 0.568107
0.559507 0.187441 0.48003
0.461574 0.193818 0.552423
0.479147 0.192373 0.431168
0.463455 0.192622 0.543528
0.590955 0.176533 0.505177
0.4632 0.180463 0.397855
0.574631 0.190348 0.556843
0.411745 0.184735 0.431783
0.549876 0.191987 0.429097
0.496467 0.184028 0.581059
0.43594 0.195622 0.536256
0.436187 0.190579 0.49151
0.57502 0.185034 0.499301
0.532331 0.186527 0.577002
0.570741 0.191456 0.54625
0.538824 0.194517 0.534854
0.565368 0.186882 0.481257
0.435479 0.184018 0.591945
0.418473 0.176017 0.475481
0.42668 0.179286 0.41409
0.375761 0.16581 0.526468
0.621377 0.16716 0.563685
0.462002 0.179919 0.518261
0.579045 0.17172 0.59838
0.401449 0.171947 0.483949
0.394704 0.17068 0.59118
0.539812 0.179294 0.494566
0.602797 0.166801 0.61491
0.424012 0.161889 0.629188
0.56463 0.184251 0.555747
0.502811 0.16983 0.388691
0.478157 0.176544 0.583535
0.458005 0.177792 0.48609
0.407309 0.165029 0.621158
0.372465 0.167064 0.381025
0.536402 0.178265 0.461949
0.488412 0.163773 0.373007
0.591649 0.176784 0.564668
0.406673 0.170375 0.601918
0.470654 0.173916 0.593871
0.431806 0.182279 0.423599
0.458707 0.183321 0.432327
0.562916 0.180879 0.458505
0.410969 0.177465 0.528807
0.512303 0.183203 0.535907
0.379055 0.167015 0.436053
0.37748 0.165921 0.505269
0.54519 0.182167 0.441249
0.510131 0.181806 0.567099
0.382485 0.170695 0.38885
0.534812 0.160466 0.626592
0.510811 0.178894 0.452241
0.470919 0.18194 0.548515
0.548633 0.177955 0.483543
0.414404 0.169313 0.457928
0.566491 0.161249 0.622869
0.576199 0.16765 0.379612
0.398821 0.168748 0.5472
0.472341 0.170669 0.455833
0.567964 0.165354 0.607138
0.424893 0.171012 0.4999
0.426889 0.173631 0.425932
0.498641 0.172799 0.429966
0.514622 0.172104 0.512048
0.472047 0.172416 0.540729
0.440148 0.172902 0.448933
0.596157 0.167871 0.397384
0.425381 0.168606 0.59837
0.633979 0.158791 0.61334
0.434775 0.17653 0.551635
0.403042 0.166984 0.491726
0.407809 0.167216 0.59493
0.422477 0.163492 0.370763
0.511526 0.164893 0.386291
0.586634 0.168961 0.394509
0.505089 0.167752 0.482375
0.404004 0.167143 0.461838
0.475237 0.172046 0.538556
0.456955 0.171918 0.522208
0.554166 0.159282 0.627648
0.373048 0.161994 0.554548
0.482938 0.172545 0.548345
0.548598 0.170276 0.4912
0.607406 0.161817 0.496469
0.621149 0.16226 0.554524
0.453487 0.171113 0.460343
0.584258 0.162583 0.618685
0.616625 0.160661 0.468542
0.469756 0.163743 0.613211
0.525525 0.170189 0.451249
0.406027 0.157962 0.624238
0.567581 0.160666 0.372325
0.43365 0.163751 0.463373
0.407208 0.16386 0.554246
0.619554 0.158403 0.435164
0.557148 0.158993 0.615848
0.537827 0.160277 0.377257
0.545809 0.159092 0.370557
0.500643 0.16085 0.476672
0.413164 0.161981 0.485955
0.424316 0.16231 0.599331
0.447949 0.165493 0.541462
0.573066 0.163854 0.588387
0.465364 0.161971 0.473869
0.457537 0.166458 0.568977
0.433087 0.166025 0.582054
0.581826 0.163163 0.391916
0.39197 0.159907 0.476912
0.608903 0.158534 0.52975
0.384048 0.16125 0.388728
0.513956 0.163581 0.57656
0.515163 0.164747 0.530156
0.485905 0.155636 0.364413
0.469521 0.164043 0.581321
0.438027 0.163832 0.410289
0.557942 0.162735 0.469188
0.599757 0.162056 0.408946
0.633258 0.157626 0.387391
0.497184 0.162687 0.453324
0.466132 0.164235 0.440944
0.546572 0.155218 0.63455
0.560199 0.165397 0.525317
0.53839 0.165143 0.425993
0.585459 0.160162 0.370775
0.631155 0.156578 0.420503
0.383499 0.15971 0.601585
0.405159 0.155887 0.515455
0.569444 0.156855 0.389995
0.560791 0.157729 0.551858
0.41484 0.157683 0.562054
0.493607 0.156402 0.415756
0.545522 0.153696 0.625138
0.377029 0.154638 0.53125
0.389633 0.155366 0.60077
0.500453 0.156777 0.528713
0.582571 0.156315 0.456518
0.371179 0.154665 0.372183
0.455868 0.152883 0.359187
0.547769 0.156596 0.510601
0.506426 0.153383 0.625241
0.55552 0.157203 0.528097
0.431141 0.154823 0.614052
0.492881 0.157059 0.567977
0.369707 0.152971 0.637644
0.52674 0.156509 0.415783
0.534959 0.156022 0.394652
0.436194 0.156328 0.49122
0.528208 0.156225 0.583286
0.578341 0.157455 0.54721
0.46305 0.153373 0.62849
0.418834 0.158231 0.569865
0.5664 0.15741 0.584072
0.558235 0.1574 0.537173
0.50405 0.155949 0.501932
0.436561 0.157027 0.41241
0.595903 0.155977 0.378188
0.465315 0.157139 0.431109
0.396172 0.155587 0.598521
0.491522 0.15603 0.503418
0.549078 0.15746 0.552516
0.517403 0.155867 0.500865
0.518219 0.154907 0.478583
0.400429 0.15 0.399019
0.571867 0.15 0.408065
0.403478 0.15 0.350513
0.423492 0.15 0.570621
0.356308 0.15 0.392235
0.532672 0.15 0.635177
0.500975 0.15 0.399321
0.52 0.15 0.551843
0.501561 0.15 0.586305
0.471604 0.15 0.423309
0.616701 0.15 0.427016
0.466623 0.15 0.459967
0.521859 0.15 0.425295
0.552942 0.15 0.49019
0.365839 0.15 0.482966
0.430496 0.15 0.647867
0.395778 0.15 0.46222
0.351666 0.15 0.508858
0.435156 0.15 0.589299
0.397911 0.15 0.398479
0.649039 0.15 0.396089
0.542221 0.15 0.641641
0.381028 0.15 0.446829
0.456681 0.15 0.377641
0.39629 0.15 0.446573
0.574549 0.15 0.411626
0.514983 0.15 0.378373
0.366114 0.15 0.624255
0.370463 0.15 0.366095
0.437893 0.15 0.611721
0.376762 0.15 0.509618
0.514406 0.15 0.377998
0.439523 0.15 0.589436
0.511898 0.15 0.451004
0.39489 0.15 0.587458
0.36355 0.15 0.644681
