1764 0.012625
0.367331 0.231753 0.368749
0.41821 0.21388 0.324353
0.456488 0.199751 0.307791
0.499121 0.195825 0.307892
0.535785 0.195376 0.314495
0.576987 0.204478 0.331817
0.32501 0.209783 0.413198
0.354239 0.291276 0.35573
0.443441 0.2927 0.321036
0.498517 0.287145 0.313686
0.567225 0.29202 0.326757
0.640763 0.264717 0.365392
0.324079 0.195132 0.458863
0.318347 0.291828 0.441042
0.437236 0.349346 0.434123
0.499712 0.347498 0.429666
0.577847 0.348754 0.438279
0.680251 0.267724 0.444672
0.314444 0.19972 0.496196
0.315995 0.286445 0.502781
0.439254 0.348373 0.499358
0.503651 0.344398 0.499265
0.578776 0.344965 0.498873
0.686047 0.255726 0.503513
0.320373 0.203081 0.537056
0.328407 0.290509 0.57328
0.438445 0.343495 0.584038
0.49764 0.34159 0.583853
0.571414 0.345327 0.573586
0.678341 0.25359 0.556695
0.347578 0.227646 0.577368
0.363801 0.235019 0.636872
0.440683 0.257332 0.672395
0.499832 0.255479 0.681088
0.553613 0.275399 0.674965
0.635054 0.263006 0.624061
0.347255 0.246644 0.350943
0.345751 0.223013 0.583677
0.301798 0.265143 0.508084
0.571105 0.345097 0.492584
0.452151 0.320384 0.636325
0.547164 0.202362 0.301791
0.33263 0.21085 0.598573
0.356117 0.224606 0.596324
0.669457 0.19129 0.481035
0.470812 0.20148 0.285125
0.621553 0.235363 0.620497
0.639712 0.274557 0.623575
0.50768 0.302353 0.66168
0.496834 0.345828 0.528901
0.58995 0.343595 0.469754
0.66903 0.195494 0.465949
0.303366 0.214394 0.550613
0.380759 0.223941 0.350147
0.532909 0.238067 0.680698
0.351606 0.224838 0.628708
0.356411 0.26843 0.634968
0.427707 0.343164 0.587601
0.31118 0.211486 0.56097
0.52112 0.338276 0.596869
0.394798 0.223479 0.638604
0.680244 0.211511 0.566755
0.526011 0.342793 0.537351
0.443613 0.271841 0.670811
0.665664 0.237787 0.599018
0.462231 0.3463 0.499699
0.482272 0.213743 0.683398
0.67685 0.231432 0.577773
0.562446 0.345242 0.47708
0.663014 0.213513 0.583589
0.513797 0.245456 0.680918
0.31537 0.212897 0.410689
0.329548 0.222794 0.601064
0.301774 0.253445 0.429601
0.635031 0.297537 0.616903
0.678403 0.264275 0.432913
0.458319 0.3471 0.439275
0.545343 0.203591 0.300324
0.474872 0.257423 0.68114
0.467296 0.203434 0.678364
0.551381 0.343687 0.520564
0.513791 0.343953 0.498109
0.546982 0.203342 0.670808
0.606601 0.316268 0.370805
0.47723 0.341965 0.473632
0.675047 0.280642 0.527193
0.409063 0.343621 0.573822
0.332764 0.297489 0.566058
0.680947 0.230136 0.407975
0.394941 0.219877 0.64861
0.632856 0.312005 0.600051
0.472696 0.343466 0.453196
0.351755 0.237265 0.627563
0.505165 0.343181 0.473953
0.344616 0.289137 0.614721
0.625457 0.315024 0.394186
0.458129 0.347937 0.427816
0.311987 0.20321 0.5288
0.655628 0.276296 0.606888
0.35769 0.215685 0.616117
0.53649 0.20404 0.664054
0.688351 0.20942 0.463872
0.660765 0.270488 0.394716
0.52531 0.293733 0.668752
0.438376 0.300021 0.654256
0.309084 0.210555 0.555853
0.455687 0.309393 0.649517
0.640451 0.260051 0.619082
0.287624 0.227612 0.459101
0.289886 0.236859 0.459308
0.411907 0.227727 0.308539
0.688726 0.234382 0.444949
0.692109 0.217345 0.435734
0.534177 0.212712 0.295919
0.686583 0.249093 0.456274
0.670471 0.253948 0.587503
0.541849 0.320804 0.633034
0.297845 0.262048 0.463508
0.507603 0.270536 0.302959
0.660993 0.296974 0.530999
0.441184 0.278773 0.311848
0.659745 0.22022 0.366043
0.563671 0.344597 0.498969
0.343227 0.268319 0.625923
0.523136 0.261016 0.679902
0.291142 0.240644 0.496286
0.477565 0.34715 0.416933
0.676514 0.197806 0.476648
0.69015 0.22998 0.497153
0.518839 0.342851 0.549452
0.510501 0.345125 0.45283
0.633108 0.323653 0.468372
0.436594 0.217962 0.675075
0.362024 0.228705 0.362703
0.56075 0.327685 0.359628
0.549992 0.345126 0.39847
0.484692 0.249966 0.681829
0.461355 0.283872 0.312786
0.522536 0.343466 0.499364
0.640245 0.22407 0.363561
0.404009 0.219485 0.319427
0.691896 0.221748 0.450366
0.635364 0.221814 0.35534
0.434527 0.348203 0.457301
0.402653 0.231954 0.634475
0.288265 0.236391 0.485584
0.594202 0.34282 0.462405
0.687217 0.20956 0.454432
0.487371 0.321313 0.347194
0.52118 0.223289 0.293299
0.426517 0.216517 0.671041
0.414214 0.347805 0.531091
0.530103 0.214287 0.678133
0.638707 0.314841 0.417379
0.448506 0.348241 0.434161
0.577978 0.210061 0.670178
0.390696 0.246082 0.65649
0.305495 0.239324 0.550212
0.668996 0.198313 0.461119
0.374677 0.240838 0.64415
0.377099 0.33529 0.494401
0.366261 0.225695 0.350857
0.378166 0.221324 0.640397
0.50064 0.342678 0.477818
0.538279 0.298094 0.325519
0.525454 0.293468 0.668358
0.595206 0.209709 0.325898
0.615101 0.332253 0.51738
0.378251 0.335772 0.491225
0.307222 0.195868 0.480992
0.492105 0.336951 0.600536
0.326818 0.283698 0.587734
0.371878 0.327437 0.588929
0.583128 0.216805 0.662147
0.383657 0.291894 0.640845
0.464416 0.342701 0.394794
0.670502 0.199864 0.457943
0.559472 0.204122 0.654846
0.523121 0.347874 0.417914
0.578571 0.211281 0.668091
0.305642 0.257188 0.538264
0.297807 0.249614 0.514431
0.324432 0.27207 0.598916
0.672502 0.19974 0.46273
0.32238 0.214817 0.407578
0.506328 0.229119 0.291649
0.632683 0.322491 0.489531
0.642792 0.315815 0.464728
0.542196 0.253259 0.304888
0.456684 0.304021 0.329691
0.333997 0.303808 0.512895
0.674386 0.270329 0.427592
0.311727 0.274446 0.532019
0.396295 0.302522 0.339445
0.450845 0.305915 0.33147
0.406007 0.218481 0.657204
0.663678 0.22068 0.377037
0.305202 0.205377 0.525992
0.683069 0.265327 0.503259
0.305412 0.199484 0.490158
0.435841 0.252768 0.670863
0.526725 0.208686 0.66564
0.333523 0.293123 0.588615
0.584977 0.342693 0.588118
0.41089 0.222804 0.310814
0.347489 0.220757 0.596485
0.442778 0.282429 0.314498
0.56468 0.236205 0.309695
0.297336 0.20486 0.513594
0.415943 0.312063 0.637916
0.643481 0.22102 0.359511
0.681404 0.267838 0.513924
0.679272 0.259872 0.540556
0.557684 0.343471 0.555325
0.323607 0.287481 0.543329
0.405955 0.345927 0.498766
0.316788 0.262184 0.389705
0.307234 0.253755 0.545
0.527195 0.205195 0.301169
0.311219 0.197785 0.465506
0.51672 0.243569 0.296831
0.490145 0.235158 0.29135
0.410305 0.219059 0.323119
0.360258 0.312387 0.376388
0.552018 0.346974 0.408654
0.654036 0.221374 0.376848
0.323008 0.211351 0.56109
0.68376 0.228784 0.545006
0.309065 0.203624 0.440873
0.461905 0.334127 0.608864
0.552897 0.203541 0.307636
0.416522 0.216911 0.309574
0.537641 0.313093 0.644379
0.671263 0.214905 0.398271
0.502792 0.235045 0.293009
0.528097 0.342029 0.500848
0.295096 0.206572 0.509569
0.563264 0.281555 0.320953
0.500465 0.345624 0.43849
0.55552 0.275702 0.673584
0.321712 0.282064 0.556546
0.301501 0.219449 0.424822
0.334999 0.301009 0.546605
0.362076 0.326199 0.498039
0.684739 0.267611 0.473796
0.659731 0.29862 0.518387
0.585487 0.347083 0.434392
0.364081 0.272714 0.638573
0.539453 0.224369 0.680076
0.49934 0.343674 0.396474
0.570634 0.240159 0.675838
0.578672 0.212365 0.311238
0.352022 0.219086 0.622778
0.402244 0.238433 0.320903
0.378327 0.334295 0.402392
0.377381 0.314511 0.363674
0.518387 0.328632 0.618054
0.487381 0.236899 0.292109
0.502139 0.2047 0.296132
0.516239 0.341337 0.387095
0.372956 0.331457 0.470895
0.295444 0.242906 0.508393
0.611178 0.334286 0.567319
0.59141 0.223847 0.319626
0.621309 0.233094 0.640255
0.587787 0.341712 0.588216
0.430405 0.344866 0.396743
0.461422 0.346423 0.427985
0.486831 0.345928 0.427345
0.350745 0.232936 0.357146
0.5329 0.212418 0.676441
0.600395 0.218031 0.325666
0.671906 0.201911 0.513895
0.602397 0.240982 0.658043
0.563884 0.345776 0.456319
0.686586 0.25236 0.474069
0.474657 0.199077 0.302253
0.357708 0.28707 0.351747
0.469162 0.273327 0.675069
0.675263 0.200693 0.516231
0.544279 0.341196 0.525936
0.40946 0.345854 0.471018
0.307554 0.237116 0.552853
0.668353 0.221454 0.594113
0.446877 0.32954 0.360622
0.524943 0.273808 0.306455
0.520571 0.310999 0.649329
0.528182 0.336217 0.598217
0.292425 0.242608 0.488932
0.371359 0.298388 0.352185
0.603609 0.336178 0.529115
0.401018 0.32795 0.365966
0.31312 0.253183 0.559941
0.471866 0.242332 0.293958
0.681608 0.204013 0.521495
0.655017 0.222993 0.382617
0.401066 0.342804 0.542742
0.616831 0.331748 0.473347
0.513444 0.251141 0.678895
0.684108 0.261496 0.480296
0.673307 0.266889 0.557064
0.661772 0.270708 0.400381
0.558802 0.259165 0.313097
0.468369 0.34051 0.46936
0.401118 0.229457 0.64426
0.672102 0.201532 0.527309
0.43759 0.346881 0.506596
0.460757 0.225642 0.289936
0.604621 0.330189 0.391428
0.639077 0.233539 0.345777
0.636711 0.224678 0.35743
0.682182 0.255266 0.519578
0.446693 0.346166 0.538594
0.33327 0.30056 0.523121
0.39385 0.33657 0.390071
0.505304 0.210936 0.667705
0.467546 0.340954 0.472718
0.619896 0.300622 0.373723
0.580933 0.222338 0.673089
0.447561 0.222198 0.292011
0.326876 0.295322 0.505441
0.47525 0.282752 0.671824
0.404498 0.225482 0.323045
0.30266 0.224563 0.424233
0.344536 0.265884 0.354219
0.408194 0.343297 0.554517
0.43957 0.275427 0.666462
0.485633 0.204455 0.296088
0.307821 0.263215 0.42151
0.469664 0.246378 0.296686
0.42034 0.345863 0.541187
0.451733 0.281552 0.314441
0.677263 0.224909 0.567581
0.61859 0.268399 0.638376
0.38172 0.277346 0.646441
0.593253 0.272109 0.664178
0.615389 0.333353 0.450444
0.338315 0.304026 0.394705
0.398343 0.342852 0.450759
0.524984 0.333168 0.60473
0.67018 0.201037 0.504794
0.296591 0.235714 0.517454
0.484 0.343124 0.442155
0.565642 0.342471 0.552746
0.569061 0.346663 0.411642
0.346559 0.219262 0.612519
0.386422 0.236206 0.334853
0.328429 0.229174 0.392163
0.522764 0.212945 0.666372
0.38228 0.335868 0.481461
0.505011 0.339712 0.471585
0.42382 0.22663 0.30345
0.340803 0.306559 0.533959
0.435433 0.239347 0.302878
0.361196 0.320115 0.391502
0.333826 0.245673 0.373327
0.643824 0.258481 0.612724
0.50012 0.341059 0.55433
0.650321 0.227101 0.606295
0.616014 0.246789 0.641793
0.379101 0.239317 0.340546
0.680312 0.270371 0.484038
0.309912 0.267721 0.413757
0.519347 0.216409 0.668509
0.410115 0.225995 0.322702
0.452993 0.271088 0.309335
0.464369 0.339919 0.575997
0.49484 0.340349 0.498754
0.623713 0.325957 0.491206
0.501406 0.339597 0.487613
0.47843 0.340371 0.493671
0.368304 0.327305 0.473987
0.291307 0.207005 0.468127
0.684657 0.216124 0.434053
0.666887 0.224716 0.590469
0.579322 0.341981 0.48314
0.389144 0.232425 0.630554
0.519967 0.227216 0.297757
0.338577 0.308694 0.455753
0.446103 0.21459 0.673185
0.453885 0.343842 0.495093
0.34261 0.310517 0.468335
0.312381 0.211148 0.426609
0.301775 0.248374 0.522296
0.355663 0.314868 0.389876
0.640043 0.275448 0.617763
0.673495 0.202711 0.492491
0.562717 0.341523 0.497807
0.682451 0.249193 0.510173
0.507518 0.345316 0.422899
0.538504 0.306706 0.33546
0.432659 0.346225 0.459535
0.332801 0.22189 0.58514
0.678484 0.227657 0.559095
0.664835 0.221489 0.401995
0.625579 0.295572 0.624857
0.317378 0.260434 0.563669
0.677043 0.270142 0.508368
0.528456 0.337274 0.529022
0.527077 0.21254 0.662316
0.543877 0.209294 0.663757
0.433611 0.296279 0.3279
0.646912 0.281156 0.390858
0.68618 0.22325 0.448279
0.615072 0.330091 0.555745
0.298285 0.247987 0.456236
0.388293 0.334729 0.577339
0.410948 0.307512 0.637014
0.658249 0.226397 0.381595
0.34139 0.233979 0.609953
0.419183 0.342208 0.574873
0.581811 0.34101 0.514595
0.656095 0.297717 0.526878
0.508162 0.339202 0.547169
0.599599 0.235911 0.652171
0.587313 0.229626 0.656966
0.320981 0.254471 0.390369
0.398028 0.341287 0.531151
0.451491 0.241366 0.674108
0.319883 0.234872 0.571039
0.34558 0.23664 0.614963
0.65245 0.277444 0.395037
0.578471 0.220655 0.669714
0.392097 0.239992 0.651275
0.556754 0.342682 0.46173
0.659109 0.225434 0.387358
0.435719 0.345129 0.479892
0.616379 0.328763 0.546494
0.619168 0.233241 0.336389
0.646729 0.308961 0.454468
0.533309 0.338951 0.472345
0.377601 0.333954 0.444759
0.311286 0.269085 0.420307
0.67321 0.270913 0.530287
0.36512 0.237607 0.603619
0.535214 0.21207 0.656969
0.403965 0.253641 0.658095
0.405931 0.314809 0.349134
0.388701 0.309861 0.624639
0.462629 0.272491 0.310323
0.581446 0.283555 0.660663
0.604683 0.334082 0.404193
0.361994 0.228687 0.618704
0.449005 0.279617 0.315637
0.644921 0.267485 0.608578
0.387372 0.337931 0.441702
0.559732 0.33972 0.501969
0.583437 0.341166 0.550779
0.48105 0.319698 0.351071
0.491162 0.297293 0.327078
0.532186 0.336431 0.516558
0.478004 0.206918 0.305597
0.610279 0.274053 0.646148
0.418047 0.318303 0.628534
0.575199 0.340481 0.512008
0.348707 0.229437 0.600974
0.292836 0.212514 0.465132
0.67744 0.249815 0.537403
0.559597 0.34123 0.466848
0.617158 0.331235 0.439266
0.476135 0.332097 0.373659
0.483832 0.223118 0.680624
0.322674 0.221923 0.561845
0.373968 0.235966 0.632191
0.598754 0.339024 0.455226
0.525831 0.206789 0.314411
0.337932 0.292773 0.591902
0.565156 0.246891 0.6732
0.38555 0.236475 0.633732
0.627846 0.234175 0.343507
0.555429 0.287524 0.326045
0.64438 0.270822 0.607896
0.386737 0.336026 0.506196
0.401513 0.31681 0.35456
0.535065 0.310078 0.642899
0.596275 0.31661 0.365945
0.462647 0.209752 0.671713
0.664852 0.277756 0.563485
0.616377 0.286377 0.635876
0.389762 0.33743 0.522036
0.64726 0.305978 0.498743
0.521855 0.342118 0.437501
0.387907 0.315575 0.617475
0.597398 0.243205 0.654727
0.414582 0.309917 0.634336
0.516468 0.252391 0.304516
0.602449 0.335913 0.464929
0.581846 0.339504 0.516012
0.573204 0.253488 0.670346
0.499171 0.337497 0.506635
0.674752 0.265789 0.52169
0.361191 0.320104 0.472556
0.433498 0.316703 0.63228
0.676325 0.210407 0.503232
0.681811 0.230091 0.521217
0.491709 0.337874 0.457532
0.345996 0.310266 0.469379
0.667622 0.220601 0.567773
0.48071 0.21247 0.295391
0.588419 0.237877 0.662382
0.46462 0.335962 0.587236
0.561164 0.281765 0.665439
0.304983 0.218354 0.521713
0.518497 0.336213 0.513089
0.312371 0.26616 0.515136
0.648666 0.254018 0.381838
0.308282 0.265678 0.486803
0.653579 0.254627 0.597843
0.665589 0.287515 0.490211
0.375634 0.313718 0.371518
0.300013 0.219814 0.45094
0.418806 0.235669 0.321686
0.46143 0.290669 0.324397
0.483472 0.338341 0.538241
0.525365 0.214678 0.309325
0.428837 0.251334 0.663516
0.559769 0.326927 0.366558
0.564574 0.2738 0.667669
0.542638 0.33511 0.533354
0.599649 0.22816 0.334147
0.669929 0.209665 0.480244
0.500699 0.336781 0.558521
0.475021 0.201998 0.670896
0.378973 0.331867 0.528979
0.492448 0.337762 0.528623
0.506004 0.335082 0.586922
0.350731 0.310561 0.395104
0.369067 0.326611 0.520447
0.392475 0.338536 0.444892
0.636787 0.242624 0.612976
0.557536 0.215965 0.314974
0.339843 0.238453 0.574051
0.31733 0.213667 0.441602
0.480703 0.339052 0.527968
0.322323 0.288123 0.43899
0.409126 0.322842 0.359993
0.415682 0.237616 0.659153
0.523727 0.334629 0.497938
0.523622 0.267817 0.673271
0.338571 0.250864 0.37648
0.363956 0.241898 0.618509
0.484732 0.248001 0.675131
0.482026 0.337531 0.529277
0.330478 0.230555 0.561261
0.424454 0.343475 0.40746
0.374912 0.314057 0.374661
0.575296 0.292655 0.651867
0.674606 0.256866 0.514055
0.348581 0.303147 0.588289
0.500351 0.34074 0.426455
0.671143 0.213409 0.497327
0.588894 0.286052 0.334293
0.31417 0.266338 0.517175
0.458041 0.339798 0.45234
0.670617 0.247723 0.415014
0.671198 0.218153 0.541048
0.467716 0.316846 0.351867
0.308463 0.235752 0.534579
0.491648 0.334529 0.462536
0.45769 0.267009 0.667796
0.486038 0.243872 0.302643
0.533943 0.245905 0.30853
0.599765 0.330404 0.600854
0.427761 0.289386 0.651105
0.601754 0.231563 0.336679
0.503723 0.259671 0.673006
0.453239 0.339154 0.551176
0.636427 0.275915 0.612393
0.677317 0.247429 0.45763
0.427702 0.234681 0.318304
0.576243 0.232941 0.659611
0.329164 0.286299 0.394035
0.525817 0.333646 0.544787
0.380331 0.240478 0.624196
0.342676 0.242712 0.578155
0.484469 0.33272 0.470852
0.310946 0.263329 0.492831
0.487373 0.213942 0.671822
0.620566 0.262579 0.621499
0.333169 0.241129 0.581276
0.641609 0.287948 0.398168
0.350394 0.304137 0.389089
0.323077 0.285221 0.465509
0.434207 0.342459 0.453785
0.388471 0.259172 0.639459
0.334705 0.294041 0.397542
0.645502 0.300435 0.556488
0.656504 0.29362 0.496793
0.315028 0.219693 0.438312
0.504799 0.24522 0.673189
0.439202 0.248242 0.312408
0.665682 0.229085 0.564521
0.3511 0.240659 0.604318
0.325258 0.229065 0.415453
0.407532 0.250964 0.642772
0.622788 0.262992 0.619487
0.346225 0.275776 0.614982
0.559548 0.340237 0.40154
0.297227 0.226104 0.469478
0.443256 0.228747 0.663184
0.668088 0.270289 0.528265
0.507367 0.339605 0.407663
0.406507 0.274258 0.326648
0.470392 0.327329 0.371938
0.565945 0.328335 0.373007
0.550927 0.305037 0.642452
0.515604 0.33525 0.387707
0.510803 0.331728 0.482468
0.473359 0.224194 0.678551
0.673029 0.217996 0.516001
0.527138 0.260345 0.310651
0.596883 0.248773 0.641844
0.312961 0.265054 0.487638
0.327579 0.271015 0.389602
0.652403 0.290073 0.422488
0.450684 0.337843 0.49727
0.450546 0.336733 0.557702
0.342151 0.298665 0.3949
0.387062 0.26128 0.635766
0.453132 0.229067 0.670141
0.551252 0.332346 0.526677
0.420719 0.342531 0.454528
0.612437 0.270203 0.3496
0.378499 0.301701 0.360003
0.449966 0.339196 0.404252
0.495106 0.33011 0.468847
0.398197 0.258283 0.644221
0.392692 0.331775 0.577957
0.453522 0.320576 0.359975
0.527797 0.230505 0.310633
0.446935 0.334373 0.386589
0.438344 0.333179 0.595425
0.311658 0.260188 0.445654
0.672289 0.223527 0.474558
0.567918 0.238672 0.667596
0.514212 0.277221 0.666912
0.59728 0.33417 0.552196
0.383935 0.29857 0.3531
0.355782 0.245678 0.604374
0.308025 0.22375 0.458624
0.457318 0.335945 0.479369
0.650454 0.241189 0.388163
0.553084 0.334933 0.388735
0.310432 0.2546 0.506852
0.48647 0.24049 0.673842
0.51438 0.282552 0.664323
0.600783 0.271082 0.642854
0.393831 0.252892 0.636044
0.360589 0.290611 0.365683
0.352146 0.306425 0.542393
0.496464 0.32919 0.49673
0.509033 0.336243 0.433091
0.454853 0.33799 0.406645
0.337313 0.29429 0.39935
0.507255 0.242485 0.670265
0.538286 0.225524 0.319046
0.410862 0.334599 0.584145
0.466034 0.294388 0.652346
0.509262 0.237714 0.309667
0.314178 0.254789 0.518848
0.414765 0.263418 0.654053
0.642605 0.305351 0.476843
0.616429 0.299531 0.379653
0.487654 0.211961 0.663173
0.358027 0.298661 0.604186
0.54323 0.230947 0.665815
0.49115 0.24721 0.309508
0.532886 0.338023 0.406956
0.306365 0.233651 0.460726
0.363799 0.303531 0.377794
0.600836 0.255534 0.632966
0.617393 0.322761 0.478209
0.631661 0.244685 0.369586
0.443934 0.241162 0.317974
0.455693 0.237086 0.31288
0.626379 0.317371 0.477334
0.336838 0.290345 0.532554
0.502853 0.222164 0.663012
0.310431 0.243498 0.51725
0.6511 0.292958 0.515396
0.352926 0.310421 0.403146
0.538637 0.332933 0.563562
0.557983 0.322626 0.616791
0.67139 0.225067 0.520014
0.339579 0.268235 0.596739
0.432476 0.28889 0.331134
0.334125 0.272642 0.581349
0.570384 0.307131 0.349094
0.462623 0.258401 0.666063
0.333181 0.289491 0.403455
0.598246 0.268341 0.637395
0.349121 0.269683 0.368533
0.639374 0.276174 0.598554
0.500474 0.330394 0.387062
0.429944 0.250534 0.654161
0.61102 0.255628 0.61212
0.337888 0.288595 0.538709
0.307234 0.245809 0.476789
0.478524 0.325991 0.473704
0.539066 0.338391 0.421938
0.310866 0.241099 0.452713
0.588594 0.285118 0.64665
0.518874 0.251531 0.667021
0.630579 0.289365 0.604154
0.66037 0.218747 0.476865
0.449908 0.260755 0.662494
0.401496 0.260533 0.624283
0.588058 0.256106 0.637942
0.395428 0.33408 0.475746
0.459252 0.25649 0.665719
0.516338 0.323682 0.37087
0.49793 0.326949 0.496498
0.657455 0.270356 0.570686
0.357109 0.257004 0.597288
0.48818 0.260497 0.667575
0.502114 0.32841 0.536016
0.661864 0.273892 0.511594
0.568417 0.332094 0.505144
0.503401 0.329307 0.546762
0.613868 0.324335 0.407853
0.325581 0.278844 0.464096
0.418239 0.325082 0.373873
0.514816 0.245175 0.314628
0.594678 0.312685 0.369704
0.634035 0.283439 0.599464
0.319972 0.253592 0.42027
0.444945 0.334536 0.492803
0.498897 0.259576 0.665314
0.605931 0.253491 0.35203
0.366215 0.300061 0.376935
0.324681 0.268812 0.407019
0.31399 0.241814 0.456781
0.314609 0.240904 0.454747
0.412514 0.269848 0.648251
0.614141 0.327236 0.42748
0.543194 0.329282 0.463813
0.546876 0.240626 0.661858
0.613514 0.321733 0.48118
0.423353 0.337153 0.501002
0.476669 0.274344 0.66238
0.557511 0.266511 0.325535
0.468408 0.274133 0.323143
0.470568 0.329721 0.554446
0.635168 0.272679 0.391404
0.424906 0.260942 0.331035
0.462046 0.334321 0.435947
0.467427 0.33004 0.560763
0.369583 0.26478 0.596684
0.572452 0.330996 0.530666
0.500096 0.327896 0.549148
0.381096 0.310915 0.377286
0.630547 0.279019 0.603931
0.544596 0.295779 0.646025
0.515554 0.319037 0.366308
0.385997 0.263226 0.619808
0.388106 0.31278 0.610698
0.405578 0.265057 0.628587
0.410427 0.336225 0.411944
0.316923 0.247139 0.464719
0.614263 0.305324 0.389966
0.482544 0.310607 0.628895
0.324558 0.240536 0.435134
0.558939 0.256009 0.328199
0.659623 0.254013 0.551398
0.655818 0.266802 0.418989
0.555692 0.254277 0.327466
0.664194 0.250951 0.475047
0.333958 0.267742 0.554767
0.614249 0.258703 0.36117
0.467108 0.326491 0.492896
0.373438 0.295975 0.368474
0.544863 0.323943 0.490236
0.471974 0.327412 0.5326
0.536575 0.240717 0.655173
0.637307 0.255701 0.390527
0.633249 0.270734 0.596197
0.477417 0.312594 0.625816
0.472075 0.331647 0.413722
0.596263 0.332852 0.45035
0.657386 0.27469 0.445623
0.348736 0.296467 0.52112
0.462599 0.325022 0.596052
0.419875 0.314615 0.359954
0.518473 0.330556 0.435179
0.501714 0.321327 0.491231
0.660601 0.229449 0.487043
0.661904 0.26005 0.483054
0.45692 0.293515 0.338098
0.49813 0.294193 0.339087
0.476413 0.283291 0.655696
0.561527 0.33194 0.39337
0.596617 0.33048 0.460989
0.351374 0.294942 0.524089
0.40961 0.335609 0.446776
0.495656 0.325197 0.563888
0.628737 0.297409 0.40621
0.655629 0.242927 0.544083
0.661808 0.248916 0.43852
0.374194 0.31527 0.524389
0.473569 0.322863 0.508078
0.660941 0.243311 0.477122
0.463229 0.250758 0.662832
0.59184 0.325801 0.517402
0.390547 0.281313 0.348845
0.620288 0.312181 0.576429
0.502257 0.24088 0.323029
0.494163 0.234587 0.663383
0.546128 0.321581 0.517378
0.327141 0.27594 0.420859
0.545679 0.321506 0.510032
0.547512 0.32777 0.556919
0.498218 0.255173 0.660936
0.363119 0.306932 0.482763
0.490583 0.318371 0.48361
0.394419 0.26496 0.611939
0.656602 0.267971 0.483807
0.337523 0.280134 0.397725
0.474753 0.303586 0.353993
0.338787 0.280416 0.521044
0.344097 0.282802 0.560943
0.429128 0.336064 0.449234
0.476228 0.326815 0.396683
0.522787 0.324956 0.566471
0.599791 0.327046 0.463811
0.453312 0.32881 0.470251
0.432788 0.332877 0.494772
0.427998 0.333294 0.499527
0.398524 0.287829 0.628715
0.359337 0.299338 0.503886
0.600739 0.311666 0.385181
0.436296 0.312257 0.363744
0.639358 0.259774 0.407836
0.329437 0.266187 0.483175
0.652997 0.272129 0.443417
0.428384 0.329369 0.545763
0.503505 0.272979 0.65288
0.580124 0.321096 0.38039
0.334093 0.2667 0.501854
0.654597 0.267572 0.439721
0.535298 0.317316 0.534054
0.375638 0.29965 0.603831
0.463157 0.264944 0.326964
0.360381 0.301838 0.474297
0.598387 0.327914 0.45483
0.376813 0.313422 0.54326
0.39651 0.287724 0.35063
0.473861 0.323501 0.570076
0.377908 0.317477 0.406888
0.642243 0.285822 0.532067
0.513086 0.245716 0.327141
0.639964 0.264513 0.40664
0.626597 0.281293 0.595912
0.543511 0.317922 0.476642
0.655681 0.235197 0.497092
0.514586 0.319236 0.54189
0.500413 0.312071 0.368627
0.658921 0.246057 0.449862
0.547077 0.319169 0.487692
0.336578 0.262393 0.522899
0.336842 0.26348 0.520729
0.503845 0.320077 0.455836
0.558499 0.321973 0.511233
0.422868 0.329655 0.575701
0.354181 0.286323 0.587252
0.37936 0.286461 0.603995
0.457186 0.285088 0.642851
0.523421 0.326066 0.411987
0.387141 0.277396 0.358031
0.512889 0.325255 0.42222
0.648504 0.275559 0.446617
0.641546 0.267408 0.415339
0.391877 0.323385 0.473302
0.515339 0.320979 0.568122
0.336348 0.282947 0.433231
0.414365 0.32738 0.575559
0.3668 0.283247 0.592629
0.533449 0.312479 0.371127
0.651361 0.233124 0.508171
0.484511 0.258795 0.329029
0.576412 0.273929 0.638622
0.531802 0.30999 0.480264
0.535788 0.261724 0.331346
0.492662 0.300321 0.35671
0.44999 0.324211 0.495799
0.61387 0.306776 0.402756
0.554406 0.32005 0.470636
0.510933 0.31707 0.543242
0.339239 0.269858 0.409005
0.440003 0.306269 0.359396
0.507108 0.309699 0.479626
0.380435 0.317959 0.412674
0.464584 0.31906 0.388241
0.645589 0.281425 0.468315
0.481302 0.258127 0.656657
0.563631 0.329793 0.448099
0.6386 0.286235 0.531258
0.585858 0.28032 0.350997
0.428163 0.271745 0.641669
0.562391 0.323297 0.540032
0.499173 0.29435 0.348585
0.373583 0.303838 0.486016
0.463704 0.248292 0.65574
0.354624 0.284461 0.504885
0.400614 0.284911 0.354168
0.34911 0.293636 0.414843
0.634191 0.29373 0.452969
0.47116 0.31931 0.568424
0.54147 0.327617 0.413093
0.512423 0.27545 0.641314
0.552917 0.320057 0.388386
0.395819 0.278028 0.609062
0.364249 0.302084 0.407161
0.504549 0.283642 0.639233
0.393467 0.293466 0.364334
0.576887 0.296811 0.623284
0.59134 0.292896 0.364201
0.450566 0.288553 0.344206
0.539684 0.310256 0.518213
0.382364 0.310246 0.556858
0.637121 0.281979 0.499799
0.508547 0.286954 0.636701
0.573906 0.318938 0.511333
0.63909 0.286105 0.457615
0.334829 0.260535 0.451222
0.397906 0.320207 0.551972
0.502897 0.28716 0.637249
0.349387 0.272815 0.535365
0.647298 0.258113 0.518493
0.538691 0.325707 0.40571
0.632326 0.289569 0.543786
0.482202 0.311628 0.515916
0.435209 0.291805 0.630436
0.551607 0.324545 0.44863
0.363712 0.293982 0.525959
0.451368 0.266796 0.648051
0.650675 0.241076 0.53132
0.381274 0.297756 0.387231
0.485831 0.300494 0.476939
0.540884 0.307958 0.612389
0.456383 0.290308 0.631177
0.379047 0.293526 0.588971
0.62751 0.296762 0.455249
0.575443 0.323563 0.555863
0.339481 0.261475 0.452759
0.431267 0.276227 0.345673
0.6194 0.299103 0.515246
0.575999 0.30018 0.616592
0.357232 0.281436 0.516203
0.486218 0.30515 0.503837
0.483574 0.289105 0.353984
0.475727 0.303076 0.374557
0.338502 0.26697 0.461236
0.384788 0.305977 0.530858
0.566367 0.313949 0.494355
0.448744 0.317402 0.508284
0.393979 0.291108 0.367158
0.498137 0.275172 0.639596
0.642634 0.265371 0.465355
0.338264 0.262036 0.459987
0.404783 0.301847 0.606627
0.490551 0.277168 0.342041
0.526736 0.317052 0.58477
0.431621 0.301306 0.61734
0.540927 0.31466 0.547801
0.483652 0.305241 0.465213
0.484984 0.306574 0.51398
0.580758 0.295894 0.618113
0.611198 0.266328 0.593446
0.472378 0.312506 0.532132
0.389201 0.311022 0.488726
0.381582 0.29879 0.588903
0.617835 0.306971 0.45894
0.384216 0.30206 0.556111
0.486513 0.298379 0.494718
0.392547 0.299902 0.385385
0.471062 0.273928 0.640241
0.531052 0.313139 0.593938
0.607453 0.311549 0.458876
0.393843 0.317025 0.432741
0.487456 0.297684 0.371366
0.405883 0.319059 0.402338
0.486084 0.297981 0.492496
0.523941 0.281059 0.345513
0.406454 0.266098 0.606548
0.452063 0.321755 0.419521
0.528822 0.300653 0.529427
0.550865 0.26602 0.633787
0.347086 0.271259 0.478592
0.613053 0.307748 0.453218
0.533165 0.280298 0.345007
0.629994 0.269817 0.418995
0.537664 0.301928 0.368852
0.42261 0.318065 0.512795
0.640874 0.243114 0.499294
0.467882 0.237162 0.649961
0.422873 0.278755 0.353438
0.484235 0.306645 0.535489
0.531819 0.30789 0.383717
0.369487 0.297613 0.45452
0.41494 0.297069 0.362101
0.404853 0.323196 0.415774
0.63256 0.274586 0.47271
0.505144 0.307673 0.388913
0.47008 0.312561 0.399574
0.420272 0.294309 0.615965
0.353953 0.274469 0.413969
0.550921 0.306995 0.374792
0.448032 0.296197 0.61979
0.391647 0.30202 0.53485
0.637673 0.246055 0.464963
0.635187 0.255198 0.509043
0.498971 0.295406 0.614109
0.551621 0.301781 0.498396
0.571352 0.314475 0.460678
0.44248 0.317366 0.451941
0.52217 0.289272 0.485138
0.396951 0.264456 0.59178
0.380748 0.289209 0.393186
0.595544 0.314218 0.556398
0.522028 0.292 0.505837
0.545305 0.311732 0.449047
0.480016 0.303233 0.537072
0.484442 0.289012 0.479789
0.386209 0.303905 0.406783
0.629359 0.276039 0.539993
0.404855 0.309369 0.50936
0.563462 0.317633 0.401864
0.464359 0.30031 0.473346
0.620547 0.288082 0.562647
0.386365 0.282364 0.381721
0.42573 0.311911 0.388026
0.431828 0.316679 0.479506
0.61498 0.266982 0.581775
0.413691 0.31632 0.495085
0.517244 0.293112 0.465339
0.527077 0.291309 0.500796
0.615747 0.297032 0.424965
0.389728 0.299051 0.512546
0.612735 0.280282 0.405942
0.539879 0.296096 0.486952
0.47381 0.279981 0.632263
0.477147 0.310607 0.407061
0.559714 0.312055 0.459732
0.403826 0.310641 0.560811
0.386005 0.301891 0.441691
0.631635 0.235577 0.47978
0.476267 0.269756 0.633635
0.509293 0.290554 0.609568
0.427627 0.313397 0.481135
0.546528 0.302704 0.459735
0.544964 0.287087 0.61357
0.355127 0.273171 0.452755
0.365477 0.281008 0.416722
0.539487 0.275338 0.355751
0.524882 0.263049 0.625915
0.520296 0.274024 0.619315
0.507771 0.264756 0.354996
0.510271 0.303125 0.400358
0.587441 0.314352 0.454893
0.391359 0.305943 0.43891
0.52174 0.295056 0.451935
0.389425 0.292875 0.397364
0.48426 0.305244 0.575745
0.619805 0.270478 0.487035
0.534613 0.287861 0.484444
0.385551 0.303289 0.43046
0.511859 0.295646 0.604147
0.435514 0.307504 0.514585
0.629522 0.250532 0.494606
0.431511 0.288305 0.614098
0.480494 0.281617 0.624289
0.415435 0.282689 0.606039
0.534648 0.280843 0.356772
0.515772 0.285457 0.467963
0.535755 0.292935 0.466569
0.3783 0.287441 0.54003
0.417519 0.3072 0.387694
0.451382 0.29517 0.610148
0.459986 0.301153 0.522383
0.538382 0.304514 0.447882
0.412958 0.289257 0.592103
0.628681 0.235885 0.493107
0.601498 0.303217 0.433268
0.518465 0.285022 0.605045
0.581587 0.297966 0.47739
0.531739 0.288986 0.459519
0.402758 0.300787 0.47873
0.49257 0.286313 0.378503
0.35919 0.27027 0.461161
0.464613 0.270498 0.627224
0.491395 0.292092 0.390007
0.536386 0.30453 0.43132
0.4973 0.297542 0.559518
0.551399 0.304112 0.550988
0.398922 0.292769 0.397198
0.400791 0.302239 0.463523
0.454203 0.261318 0.630289
0.379409 0.284569 0.530568
0.389921 0.295798 0.457381
0.485454 0.277469 0.48843
0.467336 0.295609 0.390507
0.407315 0.304693 0.474343
0.61826 0.26354 0.491794
0.429133 0.308244 0.55361
0.587017 0.292553 0.389759
0.422482 0.315168 0.449782
0.431148 0.313831 0.44466
0.541413 0.295001 0.459336
0.49416 0.261403 0.628181
0.365016 0.277562 0.431873
0.474302 0.293608 0.533743
0.494722 0.237114 0.636473
0.356649 0.264817 0.478783
0.402776 0.299803 0.491544
0.590234 0.286494 0.589512
0.41254 0.296603 0.586145
0.398018 0.291007 0.489013
0.626891 0.235624 0.50656
0.460043 0.287636 0.496544
0.527415 0.280351 0.603699
0.456559 0.297034 0.453347
0.518963 0.275482 0.462763
0.513308 0.230763 0.621546
0.594408 0.270686 0.585281
0.364424 0.267131 0.49016
0.61103 0.276179 0.561182
0.452853 0.298301 0.454764
0.554564 0.289312 0.520417
0.476605 0.271047 0.481297
0.604458 0.291447 0.449544
0.496399 0.233432 0.631816
0.407123 0.297179 0.483912
0.626906 0.241078 0.5148
0.366133 0.268393 0.448328
0.564756 0.28143 0.600785
0.625768 0.235301 0.498503
0.400972 0.28807 0.569707
0.429175 0.29947 0.516121
0.428339 0.296998 0.389604
0.432831 0.291522 0.59744
0.602606 0.288933 0.524551
0.44312 0.302108 0.553814
0.398678 0.289612 0.554813
0.432385 0.303577 0.555775
0.450586 0.302203 0.568273
0.496496 0.229368 0.631303
0.406746 0.270281 0.589342
0.606891 0.289316 0.438087
0.606441 0.284631 0.541826
0.373597 0.273698 0.430721
0.495046 0.294576 0.408207
0.52438 0.268954 0.474236
0.409829 0.285212 0.400794
0.624776 0.237193 0.519997
0.56073 0.298386 0.582435
0.536104 0.276686 0.599945
0.603224 0.284036 0.453839
0.508088 0.264955 0.468335
0.365093 0.258517 0.49917
0.478677 0.290272 0.569351
0.380574 0.272587 0.531312
0.51404 0.280487 0.546325
0.402647 0.287596 0.495462
0.542318 0.256919 0.610668
0.449926 0.292664 0.399006
0.382409 0.265711 0.54816
0.584432 0.297842 0.567397
0.413072 0.293398 0.504793
0.526735 0.290065 0.423126
0.613885 0.260438 0.553891
0.502258 0.265788 0.499995
0.501575 0.266689 0.503107
0.592913 0.283141 0.49812
0.449323 0.298003 0.572792
0.508477 0.288613 0.580318
0.433704 0.269909 0.37345
0.564348 0.305702 0.432167
0.44217 0.29346 0.397489
0.61762 0.264753 0.444784
0.561435 0.302003 0.412296
0.377075 0.272737 0.515589
0.611837 0.266368 0.550985
0.575761 0.308778 0.430194
0.454332 0.283457 0.483886
0.533871 0.237989 0.615739
0.593237 0.289394 0.564763
0.374214 0.269505 0.485527
0.418338 0.258349 0.600336
0.409784 0.285338 0.539922
0.615255 0.247245 0.534484
0.435954 0.292056 0.405206
0.544495 0.272357 0.595675
0.478209 0.285936 0.416507
0.497756 0.252851 0.473743
0.485995 0.271862 0.39319
0.597231 0.268822 0.508252
0.400566 0.266527 0.574363
0.414656 0.287308 0.512064
0.616158 0.244722 0.537812
0.573949 0.288912 0.464686
0.434691 0.286206 0.586856
0.410369 0.290671 0.453919
0.424155 0.290628 0.527142
0.418457 0.290067 0.528102
0.461935 0.272986 0.604637
0.614028 0.24647 0.469921
0.426233 0.287058 0.397982
0.371699 0.259565 0.502396
0.505181 0.281416 0.415305
0.460292 0.245948 0.621619
0.601319 0.258836 0.486135
0.416827 0.294262 0.414332
0.539035 0.288218 0.572456
0.451202 0.280701 0.504628
0.579771 0.288534 0.535631
0.457048 0.27779 0.506322
0.596039 0.267619 0.494245
0.482299 0.263656 0.512098
0.499166 0.254349 0.489577
0.548763 0.283335 0.542351
0.504775 0.273765 0.445231
0.557696 0.274176 0.488593
0.533446 0.284091 0.56339
0.518487 0.258012 0.500621
0.401021 0.272726 0.469216
0.390573 0.267242 0.435345
0.598028 0.255612 0.478263
0.604411 0.253641 0.53781
0.483798 0.267436 0.599862
0.495687 0.243722 0.475221
0.570129 0.28801 0.408666
0.421876 0.283491 0.518923
0.532386 0.225838 0.611181
0.45745 0.256439 0.375646
0.539493 0.269012 0.534197
0.541443 0.278082 0.553773
0.384798 0.262843 0.496781
0.491345 0.261835 0.454949
0.562241 0.275975 0.584138
0.472169 0.230884 0.623102
0.404807 0.273917 0.480021
0.621006 0.226249 0.451061
0.464297 0.239259 0.619293
0.460103 0.274068 0.398488
0.494527 0.275884 0.427644
0.497292 0.271914 0.553793
0.369643 0.242636 0.488196
0.471878 0.278667 0.562615
0.612345 0.258113 0.42877
0.473114 0.252361 0.485102
0.396622 0.25541 0.56971
0.378272 0.25768 0.517875
0.529568 0.261831 0.529097
0.613879 0.228252 0.486008
0.592886 0.271054 0.554927
0.484464 0.277862 0.57154
0.432337 0.281935 0.517816
0.584135 0.282908 0.463464
0.500368 0.260772 0.528683
0.476869 0.275876 0.412485
0.42691 0.240294 0.60138
0.384825 0.253414 0.454365
0.467063 0.270634 0.550205
0.608787 0.235735 0.540543
0.604861 0.242604 0.544057
0.48591 0.233359 0.479848
0.438976 0.276534 0.533492
0.526983 0.242731 0.483168
0.540373 0.275783 0.420732
0.578762 0.25421 0.581435
0.498112 0.24862 0.600397
0.54858 0.271509 0.400322
0.617226 0.231393 0.446544
0.519991 0.259339 0.588631
0.422146 0.278565 0.546739
0.472003 0.247285 0.384119
0.572454 0.273756 0.399104
0.599727 0.248752 0.557946
0.377236 0.238077 0.501027
0.58384 0.278973 0.420761
0.439735 0.261515 0.596246
0.502092 0.240096 0.603923
0.468122 0.264965 0.404735
0.467829 0.250963 0.605219
0.592752 0.258978 0.54256
0.477917 0.251933 0.604196
0.597077 0.255934 0.466154
0.506851 0.246172 0.381613
0.482448 0.241673 0.498444
0.477638 0.269519 0.432949
0.516019 0.252791 0.387155
0.560346 0.235184 0.599725
0.404218 0.248361 0.576747
0.530425 0.234073 0.605079
0.412277 0.249568 0.584588
0.591221 0.259909 0.538133
0.407878 0.259942 0.509029
0.380689 0.236969 0.468265
0.559844 0.256709 0.389724
0.389108 0.243193 0.545969
0.499179 0.253737 0.546087
0.475673 0.231855 0.482995
0.535311 0.263821 0.431306
0.399465 0.25739 0.454092
0.539054 0.247654 0.468655
0.499687 0.253722 0.588061
0.465775 0.247075 0.391361
0.56625 0.255247 0.487105
0.574096 0.237995 0.588819
0.565951 0.259118 0.472448
0.501624 0.240563 0.517019
0.472822 0.257134 0.412773
0.499606 0.25494 0.548876
0.603368 0.229994 0.4734
0.540488 0.263255 0.409362
0.47526 0.261057 0.420757
0.602355 0.226895 0.513367
0.506688 0.245999 0.392203
0.533877 0.263947 0.564864
0.463369 0.239356 0.382754
0.586769 0.259933 0.464128
0.477921 0.255446 0.444535
0.541037 0.266572 0.566507
0.396962 0.248437 0.483278
0.424705 0.268403 0.46856
0.574183 0.252835 0.394029
0.460504 0.255028 0.463457
0.43843 0.274082 0.442201
0.592102 0.265239 0.430635
0.507515 0.242521 0.522247
0.535967 0.265449 0.425814
0.469641 0.257147 0.449945
0.42445 0.246363 0.583412
0.434526 0.264243 0.450193
0.388103 0.232287 0.495331
0.478069 0.220641 0.477941
0.500747 0.213564 0.605003
0.471611 0.227457 0.483705
0.47113 0.25132 0.441102
0.575203 0.252006 0.473224
0.611721 0.212651 0.520099
0.550758 0.251838 0.53752
0.542009 0.226282 0.597211
0.520485 0.236703 0.452479
0.535127 0.245673 0.453689
0.472741 0.227712 0.47425
0.547156 0.251419 0.396499
0.551553 0.254309 0.542677
0.438642 0.261965 0.577627
0.400223 0.249929 0.444023
0.595759 0.23428 0.555364
0.608209 0.225901 0.452171
0.577551 0.249346 0.52504
0.606271 0.216272 0.514574
0.600816 0.226816 0.561642
0.53602 0.255414 0.418934
0.470028 0.239475 0.398673
0.5116 0.235295 0.385688
0.43557 0.26354 0.418925
0.51542 0.233668 0.518415
0.561027 0.25232 0.531348
0.594946 0.235356 0.547693
0.42337 0.219674 0.600313
0.531826 0.240096 0.459656
0.455201 0.257889 0.581535
0.53644 0.248075 0.450855
0.465585 0.219196 0.608656
0.616856 0.202328 0.511911
0.422354 0.249246 0.569629
0.554682 0.246016 0.402827
0.564823 0.226487 0.589966
0.505649 0.224717 0.458548
0.51066 0.235163 0.544507
0.459247 0.229136 0.48529
0.492768 0.226583 0.455243
0.594629 0.225 0.540295
0.569845 0.244321 0.470077
0.47913 0.225241 0.458484
0.594565 0.220832 0.519482
0.416985 0.235389 0.577213
0.383029 0.212756 0.471454
0.420088 0.238393 0.478379
0.476642 0.223132 0.506743
0.58216 0.231563 0.487492
0.458384 0.245646 0.44682
0.510768 0.238693 0.555377
0.53758 0.24554 0.570124
0.525033 0.226906 0.516478
0.500362 0.227264 0.587882
0.408033 0.243085 0.428755
0.574546 0.225543 0.392497
0.555967 0.236616 0.515869
0.602846 0.214486 0.465258
0.413568 0.23459 0.476537
0.534797 0.247021 0.425082
0.600394 0.209186 0.399216
0.486431 0.228964 0.526991
0.429731 0.209483 0.606317
0.50401 0.213613 0.597446
0.59917 0.216585 0.517319
0.487279 0.244508 0.574747
0.392894 0.224417 0.473006
0.466445 0.244518 0.42303
0.590746 0.221659 0.486543
0.41357 0.22332 0.483038
0.557616 0.244915 0.421633
0.454822 0.236504 0.44795
0.515442 0.215888 0.461133
0.407641 0.231791 0.520739
0.445766 0.227803 0.486546
0.584407 0.223143 0.570164
0.472473 0.218472 0.508985
0.566965 0.228942 0.504999
0.38893 0.2222 0.439994
0.546807 0.236685 0.567372
0.419231 0.241436 0.443783
0.588542 0.221478 0.40635
0.461688 0.205464 0.605674
0.556455 0.230817 0.470572
0.580663 0.222527 0.505999
0.605067 0.204929 0.57917
0.501513 0.221233 0.449069
0.475776 0.203366 0.479057
0.419906 0.238469 0.517192
0.439692 0.236281 0.501758
0.409177 0.227021 0.464531
0.431127 0.244082 0.528732
0.547172 0.235715 0.55044
0.575377 0.220022 0.583919
0.427131 0.244266 0.566499
0.498238 0.223604 0.536098
0.503635 0.206984 0.484465
0.437387 0.232263 0.488263
0.521503 0.231438 0.569729
0.444562 0.246058 0.429866
0.463684 0.227223 0.585962
0.453947 0.226185 0.395752
0.588766 0.210082 0.394683
0.601712 0.201742 0.488236
0.46861 0.20853 0.381095
0.415164 0.214364 0.471661
0.454454 0.195308 0.608763
0.401584 0.217535 0.538256
0.548755 0.22808 0.446736
0.418367 0.216231 0.471045
0.431241 0.222248 0.488912
0.389916 0.192229 0.587058
0.497413 0.202748 0.592652
0.521826 0.214182 0.449479
0.5369 0.222221 0.571078
0.598806 0.198131 0.49512
0.527075 0.221371 0.569442
0.449894 0.22481 0.412688
0.419124 0.195433 0.605882
0.477857 0.212238 0.583264
0.603507 0.201131 0.453743
0.401113 0.215128 0.460745
0.390721 0.20421 0.559303
0.41685 0.211365 0.478952
0.570174 0.212243 0.586318
0.597888 0.208137 0.548327
0.446217 0.218318 0.587879
0.414206 0.22167 0.567818
0.568883 0.235914 0.428492
0.485642 0.217571 0.426486
0.548963 0.230957 0.422809
0.60967 0.198239 0.54104
0.59319 0.207246 0.578207
0.596702 0.196243 0.479918
0.571665 0.213963 0.393979
0.531001 0.221658 0.409451
0.516749 0.21775 0.407742
0.4847 0.200571 0.380333
0.463644 0.216944 0.404347
0.601205 0.204464 0.533325
0.445121 0.219497 0.586905
0.417886 0.187665 0.60986
0.455142 0.202756 0.390417
0.500515 0.196856 0.380183
0.560781 0.219091 0.451717
0.541955 0.211741 0.453968
0.420002 0.208715 0.493508
0.486284 0.190985 0.492199
0.605635 0.195189 0.545053
0.522498 0.197803 0.495088
0.455424 0.218885 0.548928
0.55574 0.211931 0.536585
0.539199 0.215881 0.418437
0.426583 0.21786 0.572225
0.450229 0.209235 0.498111
0.558507 0.212413 0.536589
0.607393 0.183177 0.473417
0.555683 0.197558 0.598042
0.609334 0.184919 0.46509
0.569759 0.201146 0.388432
0.469697 0.187459 0.608114
0.532727 0.200062 0.480934
0.454722 0.205904 0.395826
0.48288 0.191322 0.494695
0.566269 0.217588 0.458794
0.471785 0.213403 0.562339
0.554174 0.20774 0.512613
0.570776 0.22212 0.426569
0.492608 0.201451 0.449668
0.544035 0.214925 0.446852
0.456948 0.216504 0.5741
0.468771 0.191205 0.475791
0.619461 0.174764 0.468728
0.45002 0.213585 0.453254
0.430869 0.224794 0.551608
0.503281 0.184266 0.610448
0.550198 0.207572 0.483194
0.41542 0.203581 0.527639
0.472144 0.188447 0.501157
0.419802 0.208346 0.444438
0.604852 0.187522 0.409974
0.5447 0.188189 0.600365
0.417021 0.197298 0.49519
0.569578 0.200149 0.492019
0.455357 0.208318 0.564074
0.439501 0.210029 0.521277
0.479595 0.19631 0.417149
0.484979 0.193387 0.528703
0.520469 0.193343 0.518952
0.394527 0.188419 0.498054
0.517124 0.190197 0.503086
0.468357 0.184275 0.60474
0.415426 0.204117 0.536822
0.522942 0.190995 0.502486
0.388906 0.196543 0.448535
0.607319 0.187086 0.576284
0.53302 0.193106 0.497885
0.522525 0.188813 0.489262
0.492409 0.196185 0.577393
0.516091 0.189802 0.501591
0.609318 0.185141 0.588063
0.529937 0.202067 0.410875
0.578801 0.19539 0.489479
0.392513 0.192115 0.463725
0.429666 0.201158 0.46624
0.495177 0.182817 0.482866
0.579728 0.198289 0.538494
0.560653 0.204223 0.545961
0.547393 0.19701 0.47874
0.617271 0.180996 0.525969
0.443532 0.207634 0.516559
0.465457 0.198971 0.578844
0.50523 0.197246 0.395575
0.413112 0.196792 0.439778
0.47015 0.184998 0.520017
0.526711 0.185237 0.517566
0.621225 0.172641 0.408416
0.438891 0.190603 0.587467
0.402685 0.184191 0.499157
0.435357 0.185099 0.385915
0.560579 0.189589 0.518999
0.441032 0.199199 0.56904
0.385003 0.177625 0.390031
0.447405 0.19423 0.577028
0.532373 0.178239 0.607445
0.612046 0.180963 0.431677
0.552784 0.190294 0.389166
0.551108 0.193968 0.56225
0.416967 0.195149 0.56254
0.449665 0.193041 0.414865
0.621267 0.173757 0.578254
0.533024 0.183465 0.48237
0.424618 0.191958 0.503764
0.459474 0.190773 0.413668
0.500956 0.176873 0.372967
0.595103 0.186958 0.420921
0.605728 0.176374 0.386608
0.516369 0.189342 0.550664
0.581048 0.185337 0.58587
0.593783 0.185364 0.569645
0.555696 0.194362 0.560234
0.444948 0.193731 0.450068
0.451375 0.18562 0.49338
0.493582 0.167656 0.624203
0.410505 0.191069 0.535839
0.570493 0.184822 0.592698
0.410206 0.196606 0.437752
0.6051 0.181308 0.408878
0.384782 0.178626 0.529794
0.410384 0.179764 0.515998
0.607768 0.172754 0.455189
0.610083 0.174318 0.547915
0.398174 0.173965 0.382758
0.560085 0.18262 0.542387
0.397708 0.175973 0.500036
0.601312 0.174209 0.508308
0.481718 0.178372 0.403429
0.389097 0.177245 0.463637
0.397673 0.180753 0.563839
0.529963 0.179293 0.446335
0.3994 0.181669 0.414468
0.474503 0.173567 0.512161
0.470207 0.17454 0.510733
0.378575 0.171098 0.472154
0.432523 0.177896 0.478708
0.551444 0.173649 0.607966
0.505559 0.18126 0.571593
0.550185 0.179141 0.585114
0.45707 0.183242 0.57495
0.45044 0.183875 0.537923
0.527315 0.175241 0.468154
0.492317 0.178439 0.543531
0.380515 0.175788 0.455149
0.427484 0.178395 0.474435
0.472442 0.178805 0.580544
0.50506 0.172102 0.471074
0.524439 0.180932 0.575266
0.415203 0.179086 0.467476
0.389654 0.172885 0.603967
0.420478 0.184486 0.535246
0.621964 0.16925 0.547069
0.41309 0.180287 0.51395
0.537872 0.180404 0.53867
0.463653 0.17697 0.384334
0.481161 0.167153 0.620738
0.406502 0.170758 0.509443
0.422835 0.176413 0.558154
0.582639 0.16989 0.476764
0.540683 0.169893 0.499206
0.569236 0.172699 0.512471
0.385725 0.167718 0.502691
0.620729 0.165277 0.517475
0.498442 0.169228 0.445679
0.625617 0.163973 0.560078
0.47721 0.170523 0.385894
0.553692 0.174132 0.404127
0.588637 0.168841 0.482279
0.389822 0.168488 0.518776
0.444097 0.172678 0.515932
0.590525 0.171112 0.403041
0.571739 0.175443 0.445146
0.437717 0.175532 0.534987
0.572055 0.172512 0.509455
0.390336 0.170842 0.462364
0.413099 0.16999 0.487538
0.411059 0.175205 0.566088
0.418507 0.1748 0.539787
0.611956 0.168806 0.568007
0.515718 0.168658 0.375528
0.63215 0.159253 0.50833
0.543744 0.17021 0.498815
0.434551 0.168968 0.608471
0.579041 0.167816 0.375198
0.498142 0.169621 0.588963
0.546393 0.170789 0.507003
0.468421 0.169397 0.529857
0.399024 0.171888 0.5825
0.431349 0.173829 0.509103
0.591153 0.172377 0.42134
0.592443 0.170638 0.541211
0.596436 0.167843 0.604278
0.401766 0.165201 0.405604
0.416933 0.165372 0.582997
0.441644 0.166166 0.562499
0.555093 0.163633 0.503964
0.447926 0.162131 0.497221
0.366938 0.157716 0.507801
0.468346 0.164165 0.396513
0.620829 0.160435 0.394703
0.631782 0.158379 0.615308
0.36773 0.156424 0.631332
0.512341 0.161562 0.451563
0.604236 0.162914 0.578404
0.631482 0.157809 0.441698
0.482433 0.163742 0.38837
0.41959 0.158798 0.628399
0.577404 0.164371 0.467885
0.618998 0.161345 0.437694
0.561315 0.16506 0.390788
0.574676 0.160562 0.622845
0.553865 0.163382 0.495359
0.600174 0.161364 0.484435
0.424379 0.164559 0.591002
0.432462 0.162138 0.477765
0.513628 0.163648 0.412116
0.61871 0.160713 0.392801
0.550835 0.161581 0.611431
0.388761 0.162984 0.466494
0.458248 0.159982 0.480198
0.442384 0.165827 0.554247
0.402724 0.164689 0.452259
0.387116 0.162206 0.607087
0.503175 0.16367 0.381388
0.380102 0.16368 0.587363
0.559584 0.163259 0.592918
0.484605 0.158726 0.625426
0.459153 0.160378 0.487832
0.396627 0.157263 0.587015
0.437781 0.157619 0.436583
0.619128 0.154017 0.636424
0.612845 0.155768 0.453484
0.448192 0.157148 0.390433
0.358018 0.153068 0.50962
0.566609 0.157386 0.39545
0.441979 0.157547 0.407673
0.531954 0.154922 0.367439
0.397977 0.155891 0.473495
0.42645 0.15814 0.435114
0.585077 0.157827 0.419759
0.605857 0.154204 0.634518
0.56745 0.157136 0.386504
0.590698 0.157523 0.417999
0.634869 0.153666 0.550148
0.580819 0.156479 0.597279
0.589198 0.154593 0.362002
0.613803 0.156124 0.581007
0.638397 0.152674 0.365838
0.590181 0.156239 0.493683
0.474114 0.155063 0.527774
0.471982 0.154333 0.484934
0.565171 0.157311 0.571353
0.413641 0.156431 0.49636
0.5797 0.156841 0.585002
0.453333 0.155942 0.51511
0.381045 0.155751 0.500405
0.375172 0.156226 0.602521
0.550699 0.15737 0.413404
0.497853 0.156581 0.418514
0.422478 0.157207 0.391161
0.573412 0.157682 0.400043
0.581451 0.156904 0.55444
0.436827 0.156919 0.591161
0.405132 0.156891 0.387089
0.39152 0.15 0.474451
0.433554 0.15 0.456818
0.462522 0.15 0.437326
0.631881 0.15 0.457019
0.608214 0.15 0.36583
0.636203 0.15 0.515011
0.400108 0.15 0.556458
0.573762 0.15 0.648828
0.534796 0.15 0.417284
0.576911 0.15 0.44162
0.372102 0.15 0.490822
0.602107 0.15 0.522243
0.580985 0.15 0.553949
0.617434 0.15 0.540051
0.402324 0.15 0.366965
0.643115 0.15 0.581086
0.488139 0.15 0.493522
0.579209 0.15 0.522207
0.526519 0.15 0.463245
0.505113 0.15 0.370289
0.511678 0.15 0.39911
0.485081 0.15 0.583155
0.568497 0.15 0.381275
0.564103 0.15 0.619311
0.390953 0.15 0.369364
0.588694 0.15 0.413192
0.403789 0.15 0.354944
0.536782 0.15 0.622964
0.606767 0.15 0.566272
0.3912 0.15 0.64751
0.410894 0.15 0.496892
0.541095 0.15 0.459793
0.52618 0.15 0.480348
0.545618 0.15 0.45322
0.609871 0.15 0.382475
0.544317 0.15 0.547952
