3312 0.012625
0.368856 0.440098 0.376482
0.458299 0.412752 0.327459
0.483079 0.313142 0.338875
0.489466 0.31988 0.349961
0.493734 0.369945 0.345178
0.534515 0.421364 0.324446
0.328284 0.430268 0.450965
0.418686 0.425975 0.408808
0.448353 0.319003 0.335412
0.498027 0.239564 0.307285
0.534797 0.349063 0.35452
0.592727 0.455192 0.398726
0.312559 0.392748 0.475888
0.334864 0.290134 0.45202
0.334705 0.450925 0.324585
0.516226 0.508447 0.278958
0.68721 0.410834 0.355116
0.655454 0.283009 0.461589
0.333372 0.355591 0.482086
0.315125 0.264991 0.500033
0.314138 0.543955 0.511409
0.532002 0.57993 0.510142
0.735579 0.448148 0.520835
0.666233 0.201217 0.496847
0.33351 0.405285 0.492795
0.369155 0.377182 0.52447
0.374926 0.35628 0.656878
0.50166 0.415089 0.741236
0.637913 0.354647 0.641294
0.646206 0.263337 0.51852
0.357505 0.43766 0.560438
0.406829 0.475936 0.597467
0.467682 0.347014 0.643775
0.492949 0.232127 0.669992
0.526014 0.269846 0.651553
0.568721 0.441862 0.563025
0.393096 0.471099 0.394235
0.356382 0.443278 0.560707
0.32339 0.224731 0.496936
0.72251 0.474106 0.501816
0.431194 0.318769 0.651496
0.49578 0.33452 0.361157
0.356735 0.460118 0.536385
0.362585 0.449098 0.579058
0.670627 0.371585 0.492726
0.483425 0.265396 0.371006
0.592037 0.436156 0.593697
0.57355 0.395504 0.549857
0.50588 0.250691 0.695208
0.520923 0.568666 0.605919
0.735178 0.40409 0.427761
0.679072 0.387061 0.484966
0.353852 0.323719 0.494979
0.40107 0.44713 0.353843
0.506374 0.254702 0.651596
0.393918 0.480447 0.589206
0.424712 0.431068 0.559608
0.368666 0.346116 0.640721
0.348845 0.37904 0.492724
0.559935 0.360449 0.723988
0.394897 0.432066 0.621599
0.637582 0.350233 0.508982
0.608742 0.512022 0.644174
0.463251 0.312806 0.645506
0.616305 0.420416 0.537703
0.414442 0.585224 0.510513
0.488016 0.272811 0.647223
0.636772 0.372752 0.519444
0.697468 0.507619 0.452842
0.635952 0.425095 0.539806
0.499462 0.239361 0.661523
0.337741 0.414629 0.458088
0.363993 0.45862 0.528326
0.33904 0.279618 0.464089
0.584465 0.351901 0.561343
0.646759 0.310365 0.461968
0.384454 0.506738 0.317839
0.496378 0.323862 0.362598
0.478172 0.238779 0.672819
0.486314 0.322748 0.649882
0.67621 0.487488 0.588328
0.557465 0.579079 0.506695
0.511959 0.386563 0.653222
0.570645 0.358752 0.406021
0.454663 0.584904 0.426823
0.678656 0.224143 0.522828
0.352402 0.336855 0.617069
0.366303 0.381427 0.526716
0.638959 0.368899 0.467153
0.403285 0.441832 0.628395
0.602126 0.327058 0.568714
0.430654 0.561149 0.354736
0.4025 0.48038 0.579296
0.533844 0.580764 0.428267
0.400208 0.371278 0.547413
0.595435 0.348955 0.41641
0.386021 0.47011 0.292524
0.339901 0.369671 0.486533
0.602677 0.360189 0.543721
0.369065 0.461461 0.595728
0.510772 0.37814 0.659885
0.657342 0.26526 0.478973
0.616527 0.435558 0.433452
0.522708 0.241156 0.685615
0.450564 0.348209 0.62574
0.349816 0.365186 0.491894
0.442201 0.305971 0.656075
0.576345 0.439425 0.557953
0.354058 0.208671 0.47398
0.347066 0.198598 0.471753
0.466322 0.357922 0.340203
0.65172 0.245327 0.467957
0.646186 0.277185 0.473162
0.49909 0.273213 0.361762
0.662099 0.233796 0.466584
0.62593 0.37133 0.527908
0.554725 0.299453 0.662384
0.322869 0.202753 0.46668
0.502375 0.217356 0.320273
0.672343 0.264053 0.530403
0.457656 0.296419 0.333215
0.613535 0.473759 0.414219
0.707386 0.49063 0.521867
0.409843 0.413643 0.547225
0.508832 0.226296 0.671222
0.34401 0.192979 0.489245
0.439637 0.458291 0.260923
0.665131 0.324997 0.487899
0.647612 0.212257 0.489921
0.585463 0.492959 0.674919
0.545316 0.559434 0.3588
0.700273 0.292494 0.447106
0.466172 0.403491 0.655019
0.373074 0.45107 0.377453
0.565049 0.302843 0.347419
0.596832 0.348244 0.311347
0.484914 0.235436 0.668495
0.461656 0.258294 0.315632
0.583732 0.576924 0.510927
0.61007 0.458571 0.378035
0.459589 0.415859 0.336457
0.649232 0.247686 0.472358
0.601371 0.461378 0.369713
0.309182 0.494592 0.375235
0.397479 0.423647 0.618231
0.347403 0.186693 0.484029
0.724566 0.38182 0.414156
0.657192 0.284787 0.478164
0.481587 0.293825 0.273552
0.498373 0.236569 0.355536
0.45073 0.426593 0.651376
0.280675 0.405026 0.58786
0.503675 0.321818 0.639996
0.620948 0.328831 0.425274
0.357762 0.473492 0.314064
0.526173 0.41551 0.650131
0.434664 0.454335 0.607759
0.3483 0.295145 0.503881
0.680109 0.39071 0.481243
0.417081 0.46919 0.60105
0.266477 0.33637 0.508129
0.391615 0.457771 0.366361
0.397597 0.453418 0.615816
0.522235 0.58322 0.440867
0.527344 0.296503 0.325668
0.522765 0.241838 0.685218
0.537905 0.433039 0.335955
0.720264 0.321207 0.542261
0.261587 0.343978 0.500058
0.337739 0.324362 0.481183
0.485255 0.360788 0.740495
0.375952 0.362089 0.525983
0.381611 0.321676 0.565467
0.535688 0.416697 0.647383
0.43103 0.406591 0.579767
0.415731 0.371927 0.281074
0.678292 0.388833 0.479744
0.533073 0.397631 0.669337
0.571999 0.422611 0.271945
0.52823 0.415256 0.650884
0.34063 0.270993 0.507159
0.335696 0.218845 0.496699
0.379132 0.367579 0.524718
0.674581 0.373376 0.482924
0.334453 0.431124 0.450104
0.494239 0.217283 0.351407
0.715503 0.284182 0.485616
0.685949 0.291445 0.449493
0.512335 0.277349 0.337225
0.447344 0.307051 0.321744
0.318667 0.302964 0.511936
0.639961 0.341635 0.459841
0.336093 0.284956 0.510504
0.436873 0.372761 0.38339
0.442349 0.320349 0.328438
0.416005 0.440992 0.637104
0.624786 0.466399 0.426987
0.346809 0.32657 0.488504
0.674759 0.209394 0.497541
0.341479 0.307188 0.483637
0.463849 0.37889 0.640583
0.506291 0.358338 0.655756
0.380664 0.374159 0.530703
0.615249 0.328958 0.617873
0.465562 0.372605 0.339377
0.359375 0.454379 0.566551
0.455447 0.302676 0.333211
0.509173 0.340348 0.343133
0.354624 0.286082 0.488818
0.429639 0.346325 0.60766
0.607832 0.465449 0.382173
0.675003 0.208184 0.507358
0.659851 0.228191 0.520731
0.651187 0.400222 0.647191
0.345748 0.335236 0.519045
0.253556 0.417718 0.513108
0.379936 0.389422 0.451261
0.344456 0.285373 0.507796
0.495638 0.29366 0.36142
0.331899 0.338718 0.477612
0.501029 0.211346 0.341434
0.487776 0.201422 0.344569
0.456981 0.417928 0.332532
0.406567 0.373874 0.418146
0.609387 0.3667 0.307083
0.625905 0.465161 0.405486
0.339363 0.415763 0.504911
0.640122 0.253259 0.505229
0.337159 0.350611 0.472737
0.421146 0.337402 0.689454
0.497094 0.356769 0.351947
0.468292 0.365948 0.335681
0.541886 0.291087 0.667669
0.646873 0.44319 0.454188
0.493515 0.208186 0.346545
0.603726 0.571141 0.518021
0.356795 0.272091 0.488538
0.529461 0.349916 0.347308
0.517286 0.537149 0.305763
0.525939 0.278062 0.64855
0.35374 0.338072 0.519366
0.344579 0.310305 0.471496
0.349761 0.343874 0.527507
0.284132 0.30213 0.510603
0.677905 0.225456 0.472245
0.683123 0.262774 0.521053
0.679338 0.378897 0.362327
0.429415 0.427696 0.56641
0.506046 0.297215 0.641068
0.506691 0.39193 0.250146
0.518763 0.345719 0.638161
0.509 0.390653 0.344642
0.382015 0.474611 0.590443
0.45558 0.412457 0.346667
0.385505 0.362009 0.408486
0.417047 0.366153 0.404123
0.543632 0.311876 0.709641
0.486473 0.198936 0.342021
0.491299 0.270277 0.362424
0.545493 0.357991 0.260091
0.281149 0.338109 0.4451
0.341708 0.206516 0.493784
0.637558 0.325985 0.584406
0.523052 0.412372 0.341253
0.572521 0.454427 0.597881
0.613165 0.329981 0.613042
0.376289 0.349351 0.328693
0.394634 0.473967 0.290009
0.473464 0.499832 0.270686
0.376706 0.46779 0.387481
0.505231 0.337002 0.641567
0.537043 0.432565 0.342557
0.65366 0.301481 0.497055
0.540242 0.429534 0.615288
0.688201 0.491311 0.390189
0.670111 0.216765 0.475695
0.486454 0.279212 0.351426
0.418147 0.436811 0.403386
0.468962 0.251635 0.675087
0.649845 0.297684 0.495614
0.659733 0.493945 0.607266
0.268939 0.427441 0.427096
0.348709 0.311422 0.50282
0.627325 0.426618 0.535905
0.418318 0.347238 0.332945
0.512994 0.239855 0.325447
0.527065 0.269846 0.690045
0.571325 0.349023 0.711362
0.339174 0.186508 0.485496
0.423896 0.415052 0.400243
0.697119 0.335764 0.571712
0.411808 0.337687 0.386428
0.35152 0.332737 0.509363
0.47817 0.196538 0.3331
0.637324 0.282074 0.492816
0.629736 0.463717 0.410791
0.314319 0.36446 0.593124
0.723122 0.321575 0.447887
0.500082 0.238777 0.665895
0.676602 0.219276 0.478608
0.645916 0.270802 0.52384
0.620984 0.430421 0.437621
0.518793 0.341763 0.340922
0.424211 0.580295 0.408173
0.403673 0.434308 0.624462
0.64777 0.303009 0.498634
0.305056 0.535888 0.534333
0.477027 0.222536 0.345189
0.600575 0.329301 0.38955
0.585169 0.470303 0.388462
0.602306 0.46084 0.37262
0.663991 0.202669 0.50871
0.341301 0.509399 0.633603
0.328895 0.323153 0.518646
0.388633 0.348415 0.388161
0.49882 0.345869 0.655319
0.422992 0.582538 0.418769
0.579198 0.406318 0.409495
0.523459 0.40412 0.639487
0.476002 0.24555 0.343815
0.316135 0.295411 0.503933
0.469025 0.246019 0.683546
0.45535 0.42127 0.337571
0.343389 0.308213 0.470516
0.406106 0.459091 0.407114
0.32743 0.359185 0.611278
0.462174 0.33456 0.636718
0.487578 0.261743 0.358732
0.347226 0.312828 0.459272
0.47698 0.200521 0.327862
0.295693 0.409636 0.613795
0.45896 0.284384 0.325556
0.63996 0.347302 0.513377
0.549204 0.419194 0.575418
0.435848 0.428684 0.582465
0.537533 0.355298 0.609739
0.691912 0.329333 0.414736
0.387954 0.374314 0.437486
0.292259 0.376115 0.395121
0.56142 0.333015 0.713941
0.658258 0.314042 0.496585
0.344669 0.227772 0.495076
0.46377 0.546562 0.316473
0.662254 0.387066 0.634546
0.625165 0.358035 0.337039
0.373681 0.469117 0.573337
0.429694 0.450728 0.353956
0.351106 0.452875 0.434252
0.504568 0.345517 0.654214
0.252297 0.365109 0.468903
0.533956 0.579235 0.420198
0.472511 0.320705 0.336041
0.33546 0.32036 0.529224
0.473371 0.289021 0.331397
0.392844 0.358182 0.422004
0.375371 0.467571 0.422145
0.582973 0.434846 0.554985
0.526764 0.511924 0.689892
0.610501 0.447177 0.564831
0.558472 0.449906 0.5944
0.417276 0.456865 0.361378
0.681948 0.226937 0.480354
0.354824 0.323472 0.456668
0.502519 0.330786 0.651975
0.456454 0.413233 0.336435
0.464187 0.268306 0.322931
0.401347 0.416599 0.712382
0.509735 0.580366 0.507407
0.722307 0.307067 0.487123
0.524372 0.584955 0.472662
0.464008 0.584281 0.48992
0.280365 0.330714 0.454666
0.356596 0.245415 0.479742
0.655292 0.319936 0.474696
0.627901 0.423716 0.536974
0.736653 0.449647 0.470333
0.393913 0.43622 0.609835
0.49851 0.233614 0.348984
0.320532 0.297393 0.447791
0.47079 0.390389 0.661777
0.376878 0.575975 0.497194
0.303134 0.286718 0.453551
0.33656 0.375993 0.466735
0.335606 0.242923 0.499023
0.395811 0.370061 0.426046
0.577329 0.397185 0.549605
0.660546 0.307265 0.492797
0.706576 0.492013 0.51825
0.661639 0.206164 0.500456
0.537349 0.470228 0.26239
0.533264 0.291416 0.32119
0.302518 0.492353 0.381934
0.351697 0.445479 0.534707
0.639972 0.307948 0.510266
0.645779 0.446543 0.444256
0.573387 0.360234 0.56493
0.354637 0.35203 0.512627
0.678577 0.219474 0.50288
0.620177 0.523763 0.622052
0.5074 0.355093 0.658084
0.514515 0.377752 0.65996
0.438573 0.343982 0.349517
0.605688 0.432667 0.414499
0.65385 0.268882 0.473035
0.646663 0.320471 0.573352
0.333499 0.209367 0.468075
0.374095 0.342506 0.576181
0.42949 0.360318 0.600971
0.625968 0.465433 0.417798
0.381039 0.469289 0.55637
0.351439 0.353702 0.631188
0.727831 0.409908 0.564784
0.674405 0.275025 0.527838
0.553665 0.522341 0.670486
0.549753 0.433743 0.619077
0.54255 0.420733 0.635817
0.37449 0.420502 0.447088
0.301778 0.362887 0.577361
0.47336 0.343561 0.655107
0.350509 0.399135 0.506506
0.388343 0.472787 0.565128
0.611572 0.437365 0.41973
0.525547 0.406874 0.644628
0.422747 0.455859 0.612801
0.674442 0.516649 0.40362
0.63163 0.461887 0.42333
0.306985 0.531431 0.444829
0.658063 0.317372 0.567243
0.55955 0.450581 0.362871
0.665435 0.316206 0.445367
0.60822 0.565064 0.425643
0.32201 0.344843 0.412161
0.35074 0.322345 0.456729
0.6717 0.228087 0.521179
0.373413 0.450378 0.588058
0.513978 0.36998 0.664488
0.439041 0.442065 0.612978
0.42765 0.338996 0.379041
0.416923 0.365286 0.580373
0.4671 0.250578 0.315134
0.538528 0.352736 0.614788
0.616296 0.32979 0.386214
0.37829 0.462471 0.597263
0.457826 0.295544 0.328459
0.585546 0.411363 0.54829
0.319851 0.35018 0.395667
0.700992 0.494989 0.531231
0.665087 0.354595 0.610952
0.468368 0.298908 0.274287
0.488148 0.265517 0.297163
0.630665 0.541924 0.578254
0.486872 0.263877 0.345125
0.549148 0.384575 0.582348
0.420849 0.341237 0.609095
0.724622 0.437389 0.559668
0.368842 0.45981 0.568492
0.353116 0.234746 0.478329
0.656803 0.231775 0.514371
0.685862 0.511429 0.421411
0.672555 0.328082 0.405386
0.446386 0.337334 0.269519
0.487497 0.264898 0.653478
0.342004 0.406301 0.505143
0.396676 0.45863 0.60433
0.711838 0.366227 0.404586
0.494239 0.326933 0.344344
0.384978 0.387933 0.533971
0.518715 0.334297 0.641432
0.399549 0.4455 0.608683
0.576366 0.460471 0.371027
0.532503 0.33755 0.342171
0.58617 0.40302 0.54795
0.273851 0.342205 0.530672
0.426225 0.343536 0.38558
0.540002 0.291911 0.66967
0.563543 0.351919 0.397802
0.481238 0.36177 0.661889
0.635581 0.313211 0.528427
0.559605 0.374002 0.571693
0.292608 0.342561 0.560522
0.692653 0.278816 0.502794
0.577871 0.506012 0.301888
0.409491 0.350844 0.580201
0.543167 0.428526 0.617229
0.42764 0.35362 0.604234
0.503425 0.232055 0.328418
0.72174 0.353724 0.422612
0.72538 0.404372 0.567526
0.524798 0.364065 0.63604
0.523087 0.575496 0.53394
0.673532 0.218726 0.513478
0.290467 0.314334 0.453979
0.42562 0.329408 0.626774
0.654467 0.27139 0.492308
0.645145 0.223447 0.49918
0.495549 0.57059 0.372234
0.301274 0.290555 0.453853
0.646483 0.386562 0.523973
0.485498 0.239003 0.351606
0.534365 0.416371 0.630563
0.41013 0.378617 0.705509
0.529584 0.320884 0.637406
0.344855 0.283846 0.491837
0.583827 0.569074 0.561924
0.32717 0.275424 0.501404
0.612202 0.453577 0.405275
0.309542 0.225521 0.483536
0.601143 0.418889 0.545578
0.686178 0.259547 0.488496
0.412411 0.373646 0.408045
0.344052 0.245869 0.474671
0.456125 0.394406 0.33996
0.455803 0.293229 0.31888
0.475309 0.563972 0.630707
0.497173 0.28656 0.346254
0.449356 0.419869 0.633171
0.567313 0.312197 0.351031
0.527353 0.328743 0.636204
0.655301 0.47688 0.629233
0.549924 0.432995 0.345168
0.667688 0.323546 0.489106
0.527057 0.495486 0.701412
0.488344 0.34317 0.654838
0.316352 0.326559 0.560025
0.508662 0.569787 0.603368
0.525242 0.39838 0.740556
0.391709 0.376203 0.431423
0.306956 0.308365 0.543551
0.311386 0.361335 0.392669
0.591282 0.448509 0.575615
0.502988 0.361541 0.340956
0.356293 0.436022 0.543968
0.331071 0.350071 0.471091
0.468585 0.575207 0.594507
0.339876 0.312818 0.452509
0.418339 0.333788 0.3793
0.429741 0.4394 0.631723
0.588329 0.575494 0.505894
0.511923 0.23327 0.675216
0.37454 0.464584 0.418957
0.38887 0.466054 0.592474
0.484924 0.256977 0.668365
0.47271 0.574179 0.599466
0.340581 0.416489 0.521566
0.364794 0.361457 0.339841
0.41022 0.374656 0.409455
0.542966 0.360996 0.614418
0.670654 0.220676 0.50497
0.386727 0.381485 0.540377
0.518663 0.486971 0.266512
0.659562 0.282484 0.493458
0.538314 0.399233 0.371174
0.328493 0.287365 0.502453
0.380896 0.538846 0.349521
0.640098 0.398394 0.458965
0.648107 0.295591 0.505817
0.444921 0.307416 0.300864
0.341978 0.29285 0.498612
0.497307 0.575526 0.389473
0.465133 0.296216 0.658717
0.486816 0.209287 0.326348
0.508026 0.274887 0.334388
0.59641 0.329018 0.598027
0.446333 0.386157 0.615317
0.555155 0.435451 0.347757
0.495445 0.247034 0.672544
0.369188 0.492501 0.671267
0.577102 0.404349 0.552203
0.662764 0.270354 0.469615
0.459704 0.368933 0.335084
0.535157 0.405523 0.642301
0.388108 0.390813 0.442279
0.607989 0.486856 0.6654
0.392188 0.446307 0.600949
0.362782 0.442327 0.550981
0.47571 0.583983 0.419585
0.313936 0.238966 0.48865
0.490929 0.320576 0.653738
0.566712 0.44351 0.577893
0.358394 0.441491 0.531723
0.606589 0.413336 0.419885
0.399829 0.397405 0.42887
0.312002 0.268706 0.460101
0.308804 0.48469 0.365724
0.422113 0.452879 0.597699
0.386481 0.38818 0.440269
0.638839 0.318181 0.540045
0.685764 0.275636 0.499355
0.33326 0.332578 0.471122
0.495493 0.260622 0.663919
0.463932 0.32342 0.330601
0.645971 0.376656 0.524224
0.379879 0.464377 0.571134
0.335469 0.419643 0.448979
0.418993 0.436997 0.613615
0.56837 0.443583 0.575473
0.40415 0.417409 0.545599
0.604191 0.343924 0.329922
0.346159 0.204303 0.477583
0.455668 0.40191 0.654331
0.671049 0.237309 0.520322
0.529962 0.406835 0.25045
0.445544 0.39451 0.365177
0.439142 0.331557 0.287175
0.57398 0.319352 0.357819
0.541561 0.318237 0.643349
0.543219 0.354674 0.259761
0.546889 0.580817 0.454987
0.483437 0.277264 0.657027
0.651857 0.25893 0.495699
0.510379 0.266165 0.328417
0.555711 0.431749 0.606497
0.309251 0.240076 0.484574
0.386811 0.416678 0.441719
0.626637 0.395343 0.437879
0.360803 0.569302 0.504429
0.363675 0.456358 0.683263
0.391569 0.394041 0.43553
0.419931 0.452672 0.595277
0.470908 0.372989 0.660791
0.678799 0.469141 0.604697
0.285178 0.444412 0.381351
0.568719 0.441137 0.378018
0.420055 0.410105 0.400973
0.387425 0.378892 0.291217
0.509059 0.579211 0.410864
0.425717 0.445644 0.604398
0.374446 0.343582 0.580383
0.427003 0.352564 0.331509
0.501782 0.271199 0.337326
0.400954 0.341388 0.308517
0.386794 0.337473 0.65014
0.329792 0.281308 0.462787
0.669019 0.290299 0.483625
0.523221 0.373318 0.644979
0.506893 0.236505 0.682648
0.660145 0.330604 0.590598
0.42424 0.414387 0.394491
0.38387 0.46355 0.576309
0.334226 0.240879 0.475523
0.386423 0.574927 0.438548
0.624636 0.454558 0.40828
0.585422 0.32502 0.325229
0.324647 0.254153 0.494821
0.486743 0.268737 0.664181
0.508571 0.239828 0.685554
0.547663 0.405478 0.589535
0.41418 0.444786 0.603879
0.409383 0.434161 0.409219
0.346526 0.328536 0.537133
0.514551 0.57983 0.501603
0.543361 0.505579 0.283996
0.393198 0.387934 0.281481
0.385603 0.391448 0.439406
0.496753 0.271954 0.662288
0.501934 0.330245 0.334487
0.371483 0.339969 0.609115
0.451197 0.293546 0.66884
0.497782 0.249979 0.329511
0.330715 0.293576 0.49993
0.439114 0.431049 0.614507
0.693696 0.282374 0.468316
0.581576 0.397596 0.408969
0.491109 0.357388 0.663324
0.400493 0.392394 0.551526
0.512197 0.330653 0.652536
0.490467 0.234975 0.319366
0.583496 0.366235 0.287797
0.332376 0.220778 0.473388
0.408844 0.407065 0.416395
0.559746 0.431245 0.595649
0.721652 0.313363 0.460038
0.602128 0.44642 0.37409
0.462546 0.340546 0.326411
0.475656 0.292608 0.32058
0.711971 0.2886 0.461804
0.339575 0.351035 0.525532
0.497906 0.33429 0.659324
0.332468 0.26936 0.496093
0.68106 0.280181 0.518486
0.38343 0.369501 0.432302
0.617691 0.406665 0.681115
0.575863 0.315194 0.64421
0.652588 0.246497 0.497998
0.38644 0.440461 0.535888
0.436892 0.359788 0.354719
0.372075 0.427521 0.5244
0.549057 0.330189 0.367481
0.46929 0.304609 0.662044
0.380289 0.389531 0.442537
0.551265 0.415639 0.591244
0.390555 0.457867 0.408739
0.588806 0.396126 0.551711
0.508169 0.360239 0.25217
0.438038 0.425442 0.631668
0.577356 0.428222 0.58519
0.345804 0.35946 0.52755
0.319338 0.200901 0.477041
0.457422 0.583481 0.42628
0.60084 0.4084 0.286545
0.326805 0.257329 0.469935
0.548299 0.375726 0.598568
0.504556 0.265154 0.666321
0.584234 0.378449 0.558504
0.678763 0.361998 0.487225
0.465281 0.338267 0.648036
0.411612 0.429646 0.599114
0.554638 0.418856 0.605849
0.259063 0.391705 0.444709
0.469128 0.315049 0.658364
0.534364 0.318653 0.269493
0.518476 0.579574 0.501051
0.626094 0.366758 0.53707
0.387848 0.459033 0.570284
0.484259 0.265056 0.675267
0.537378 0.554804 0.635766
0.678815 0.247305 0.509752
0.722415 0.461047 0.53955
0.539415 0.527857 0.671552
0.612838 0.329264 0.399567
0.315207 0.280449 0.46079
0.406864 0.345383 0.376765
0.501697 0.27732 0.326172
0.566524 0.355647 0.398545
0.58762 0.385403 0.555634
0.347971 0.385314 0.452779
0.334477 0.556191 0.487947
0.492234 0.267055 0.673622
0.573729 0.437905 0.361879
0.407187 0.418351 0.413426
0.369285 0.396553 0.447862
0.323616 0.26159 0.470284
0.324553 0.270503 0.470038
0.435762 0.427672 0.608421
0.643004 0.329828 0.40026
0.636934 0.543839 0.399804
0.517642 0.337346 0.653558
0.729129 0.322933 0.46577
0.262196 0.477742 0.513283
0.47086 0.264227 0.680058
0.529009 0.363221 0.338357
0.466131 0.277842 0.312216
0.425892 0.511683 0.687072
0.603429 0.426239 0.40411
0.442016 0.397535 0.354491
0.394028 0.493254 0.304683
0.412082 0.480178 0.703039
0.397914 0.451188 0.572911
0.697812 0.398163 0.595399
0.528667 0.524139 0.678679
0.409934 0.38865 0.407257
0.579345 0.401985 0.556711
0.535318 0.312712 0.651471
0.530422 0.307825 0.27484
0.407611 0.447611 0.590663
0.407508 0.358837 0.575435
0.417873 0.426897 0.600692
0.361004 0.352546 0.363319
0.317257 0.257352 0.47077
0.587934 0.365837 0.411006
0.470499 0.288542 0.709913
0.331934 0.375359 0.458443
0.529525 0.374944 0.334652
0.646094 0.327432 0.522771
0.632657 0.429584 0.434261
0.527672 0.371823 0.331872
0.67657 0.300286 0.479985
0.352612 0.399428 0.523415
0.581745 0.439036 0.368257
0.429228 0.584999 0.486839
0.409213 0.427078 0.404279
0.658381 0.544761 0.48955
0.435499 0.567132 0.609957
0.516335 0.327818 0.659645
0.612372 0.434248 0.396073
0.585527 0.409852 0.556602
0.459432 0.300708 0.70429
0.425814 0.425182 0.264483
0.703606 0.36526 0.396625
0.652195 0.377044 0.454336
0.324722 0.323673 0.524892
0.415743 0.349352 0.694794
0.417492 0.338517 0.37097
0.570116 0.490066 0.287176
0.527076 0.581167 0.483748
0.671503 0.319874 0.492643
0.678248 0.287394 0.485323
0.443248 0.332955 0.324985
0.498369 0.284602 0.298084
0.465569 0.272392 0.682266
0.593531 0.328088 0.339095
0.716281 0.363552 0.41395
0.327762 0.327988 0.528677
0.292307 0.389833 0.37902
0.507399 0.474247 0.718227
0.605577 0.371647 0.42152
0.651765 0.330995 0.520767
0.656324 0.392699 0.458553
0.319503 0.320349 0.548507
0.450645 0.578493 0.533154
0.677363 0.316456 0.482777
0.471119 0.323302 0.661192
0.720561 0.358605 0.563144
0.422574 0.425822 0.383705
0.619361 0.329167 0.573258
0.494403 0.306566 0.317602
0.4917 0.310411 0.662773
0.671828 0.495275 0.580575
0.359495 0.381265 0.448163
0.671672 0.512185 0.558041
0.634949 0.405073 0.661667
0.491889 0.284167 0.672184
0.275568 0.314422 0.477225
0.496735 0.582729 0.459002
0.406038 0.433042 0.588922
0.681004 0.292206 0.484665
0.38362 0.421341 0.43634
0.455983 0.301706 0.290737
0.330281 0.359543 0.522123
0.365612 0.409146 0.533988
0.300669 0.458154 0.358236
0.437555 0.376911 0.266344
0.586806 0.421631 0.702589
0.717488 0.350896 0.420924
0.364748 0.557706 0.405429
0.287072 0.519629 0.493164
0.272072 0.497215 0.508678
0.425303 0.413604 0.587067
0.301794 0.298443 0.512806
0.583486 0.351078 0.400607
0.410953 0.348401 0.354207
0.619963 0.422668 0.411163
0.30201 0.282453 0.480692
0.649123 0.393904 0.448271
0.309303 0.413683 0.629072
0.496736 0.265362 0.681752
0.580499 0.334314 0.378062
0.318982 0.338139 0.500632
0.64766 0.402056 0.447228
0.640765 0.48336 0.636188
0.40665 0.395295 0.561761
0.461033 0.311678 0.317763
0.291125 0.308714 0.459649
0.706958 0.357555 0.406018
0.355652 0.348105 0.555354
0.425448 0.409624 0.385307
0.424773 0.441557 0.7179
0.389099 0.3869 0.415842
0.664052 0.307138 0.530036
0.501498 0.322608 0.31684
0.617515 0.422128 0.412672
0.584857 0.392966 0.559584
0.645501 0.550076 0.440954
0.670749 0.316455 0.500091
0.576735 0.515332 0.66063
0.507462 0.31644 0.271839
0.664641 0.380575 0.463333
0.665701 0.54002 0.481675
0.330043 0.378814 0.521661
0.328813 0.375904 0.520145
0.530345 0.561125 0.362657
0.704406 0.473139 0.55889
0.358198 0.352363 0.629201
0.390914 0.427637 0.546607
0.410978 0.429155 0.567083
0.449622 0.325732 0.648642
0.569521 0.374244 0.276711
0.409115 0.433105 0.384417
0.549697 0.430098 0.263782
0.650641 0.385995 0.446911
0.622984 0.416117 0.420419
0.267643 0.373112 0.441136
0.567256 0.428761 0.714255
0.349655 0.375625 0.44491
0.362216 0.340634 0.614236
0.399384 0.432469 0.558069
0.553598 0.305321 0.30631
0.668733 0.320207 0.506327
0.480388 0.291154 0.303271
0.549815 0.390146 0.609017
0.605752 0.567165 0.44773
0.522038 0.344344 0.321586
0.492379 0.296082 0.28107
0.354277 0.56566 0.497554
0.600071 0.346667 0.40922
0.680728 0.517887 0.429635
0.565351 0.519124 0.664246
0.369085 0.427008 0.434209
0.416061 0.355283 0.351152
0.539387 0.577744 0.443515
0.38242 0.37792 0.414394
0.423741 0.347538 0.293887
0.677255 0.340203 0.463265
0.476819 0.295053 0.677548
0.685167 0.46432 0.363041
0.665969 0.311953 0.531433
0.553147 0.4033 0.379775
0.436079 0.409576 0.616019
0.679688 0.404518 0.619698
0.501618 0.290241 0.292154
0.274611 0.327615 0.488001
0.468527 0.335824 0.660447
0.310615 0.322774 0.512658
0.421699 0.408734 0.384091
0.372459 0.388256 0.436375
0.660052 0.332108 0.442684
0.417568 0.442815 0.713789
0.595736 0.371129 0.297894
0.508191 0.282043 0.680365
0.578984 0.325694 0.337124
0.411515 0.429238 0.581825
0.3847 0.389814 0.426883
0.502344 0.286391 0.685704
0.414576 0.415748 0.392541
0.56457 0.345654 0.610599
0.562449 0.387809 0.393716
0.435337 0.36085 0.337668
0.65892 0.507245 0.584908
0.369691 0.364878 0.559417
0.686471 0.309758 0.503951
0.508662 0.287993 0.686248
0.729877 0.41972 0.557149
0.663532 0.344371 0.449114
0.327376 0.357938 0.454979
0.338812 0.341881 0.58606
0.501821 0.28704 0.688372
0.345329 0.373197 0.536838
0.670996 0.29276 0.51582
0.586604 0.354544 0.301681
0.651674 0.320444 0.541287
0.47686 0.574419 0.557797
0.434393 0.363792 0.619048
0.653203 0.489986 0.348967
0.327518 0.322069 0.537568
0.45802 0.348423 0.641872
0.659778 0.309622 0.517194
0.396549 0.419312 0.404547
0.481235 0.581036 0.438293
0.564356 0.319972 0.65512
0.440956 0.329523 0.649628
0.397888 0.405103 0.561216
0.668469 0.319624 0.439475
0.651942 0.355899 0.61855
0.325552 0.363672 0.452791
0.424997 0.383586 0.36312
0.701961 0.303223 0.527759
0.570804 0.338552 0.613414
0.321334 0.33542 0.525033
0.487445 0.573704 0.523004
0.473206 0.302277 0.281996
0.45105 0.330019 0.283741
0.319495 0.336026 0.458492
0.329236 0.338795 0.560649
0.726207 0.461476 0.504421
0.344653 0.55957 0.533942
0.410614 0.418562 0.39182
0.492496 0.289366 0.684717
0.674367 0.366614 0.459556
0.319475 0.34247 0.458951
0.410187 0.386527 0.58123
0.484968 0.300305 0.293884
0.575298 0.363627 0.707631
0.4197 0.358051 0.616891
0.635949 0.435038 0.656393
0.471884 0.577765 0.397943
0.485787 0.573002 0.554125
0.568803 0.34929 0.60547
0.582304 0.413512 0.573733
0.437059 0.5667 0.608288
0.259399 0.358204 0.490662
0.397051 0.391565 0.561676
0.681597 0.322613 0.434527
0.368815 0.368742 0.562325
0.487738 0.57757 0.494985
0.401355 0.405545 0.399566
0.45733 0.30599 0.670633
0.572921 0.336137 0.69674
0.693521 0.331209 0.425543
0.34678 0.345154 0.39407
0.480951 0.323872 0.271954
0.38159 0.355319 0.380323
0.486173 0.578647 0.48785
0.522373 0.310512 0.310066
0.403336 0.412837 0.591076
0.379917 0.415168 0.291094
0.62892 0.505635 0.62622
0.542141 0.359532 0.642782
0.292362 0.310399 0.474458
0.677856 0.330536 0.42553
0.531528 0.320931 0.317904
0.620901 0.387245 0.42031
0.553068 0.305727 0.316559
0.264855 0.441907 0.545174
0.679929 0.345617 0.504396
0.468102 0.34982 0.665449
0.419353 0.386402 0.371634
0.480431 0.563322 0.62525
0.559414 0.319203 0.303702
0.325807 0.355821 0.437125
0.419489 0.372031 0.382445
0.364533 0.348537 0.376583
0.684687 0.333894 0.465129
0.516916 0.34744 0.257617
0.426107 0.370085 0.281087
0.417652 0.38151 0.600711
0.369484 0.415618 0.426131
0.562014 0.327175 0.352136
0.429758 0.344213 0.635962
0.330069 0.345718 0.568863
0.678217 0.379315 0.454395
0.679142 0.333833 0.512487
0.505843 0.304297 0.70661
0.692736 0.504948 0.513997
0.713377 0.439283 0.406168
0.327645 0.491112 0.355944
0.5797 0.572689 0.460484
0.390535 0.408973 0.581727
0.388425 0.418327 0.402887
0.644693 0.34049 0.587654
0.601675 0.566282 0.535966
0.637793 0.49744 0.342575
0.463779 0.561748 0.628483
0.478202 0.580167 0.448257
0.387996 0.391609 0.407463
0.654644 0.329257 0.539079
0.27221 0.369068 0.534349
0.6006 0.338474 0.347902
0.406443 0.575786 0.4178
0.626112 0.351653 0.562503
0.389037 0.422498 0.390813
0.395255 0.34703 0.363889
0.288029 0.502625 0.438355
0.594747 0.398134 0.569758
0.255708 0.426161 0.498686
0.569291 0.56095 0.391124
0.612994 0.563667 0.515097
0.627575 0.33905 0.412261
0.294694 0.329925 0.538962
0.602031 0.374339 0.409904
0.642951 0.554556 0.471926
0.457265 0.305318 0.680858
0.439971 0.396267 0.262634
0.691911 0.489059 0.399538
0.351613 0.34256 0.59142
0.331808 0.35501 0.407552
0.697285 0.361381 0.477185
0.462721 0.305383 0.679458
0.525188 0.30848 0.705849
0.274442 0.485123 0.444106
0.650375 0.524544 0.386599
0.55767 0.330717 0.642134
0.325584 0.367959 0.443877
0.370426 0.399901 0.422172
0.544958 0.325511 0.32596
0.525736 0.321053 0.675556
0.529304 0.312981 0.683535
0.509566 0.321234 0.294941
0.532285 0.363757 0.261589
0.709022 0.37572 0.401684
0.334274 0.350989 0.39823
0.582589 0.530154 0.335397
0.390702 0.401369 0.400584
0.455199 0.408208 0.737006
0.69934 0.313327 0.482949
0.621348 0.562507 0.460119
0.354477 0.355329 0.407931
0.531876 0.317719 0.710603
0.284119 0.499888 0.554283
0.689317 0.343527 0.498579
0.4182 0.370574 0.615783
0.467856 0.29963 0.696001
0.407218 0.395168 0.594019
0.540092 0.316016 0.316644
0.566282 0.563377 0.400839
0.620368 0.550119 0.401794
0.35451 0.358475 0.554584
0.398347 0.361144 0.378964
0.423251 0.348512 0.644741
0.39553 0.568148 0.573516
0.621455 0.499748 0.330904
0.395493 0.382756 0.587758
0.693906 0.356615 0.497852
0.651229 0.339236 0.39509
0.542147 0.318389 0.695876
0.741262 0.389101 0.448716
0.608814 0.54104 0.372256
0.259445 0.395311 0.452045
0.491635 0.334093 0.270633
0.313663 0.354994 0.449549
0.446999 0.32883 0.661263
0.484423 0.354445 0.258977
0.600859 0.421357 0.291797
0.514178 0.473619 0.715054
0.645929 0.403314 0.645235
0.389644 0.38731 0.392789
0.28791 0.377997 0.420762
0.447434 0.356561 0.642625
0.337158 0.344499 0.554243
0.305746 0.360718 0.422021
0.484668 0.578198 0.476198
0.428879 0.352843 0.2927
0.267152 0.401823 0.434724
0.697877 0.321329 0.491043
0.32378 0.393737 0.639426
0.586555 0.36164 0.389001
0.294987 0.426701 0.371892
0.312765 0.443654 0.349515
0.635291 0.530726 0.380173
0.488726 0.313008 0.686117
0.353835 0.384615 0.42572
0.443151 0.563138 0.61737
0.489032 0.338997 0.679267
0.287493 0.325354 0.476797
0.256537 0.389275 0.493328
0.582332 0.379092 0.584395
0.387787 0.370149 0.589549
0.259023 0.374362 0.489097
0.690555 0.354851 0.513611
0.397491 0.578259 0.496935
0.554518 0.324816 0.677899
0.3695 0.528644 0.351924
0.576186 0.554614 0.379863
0.514979 0.343752 0.686544
0.589566 0.390735 0.582485
0.294615 0.328094 0.498887
0.624285 0.367635 0.568906
0.355874 0.521894 0.358498
0.697649 0.453513 0.57721
0.455557 0.579214 0.453426
0.676025 0.339175 0.41719
0.490661 0.34314 0.681895
0.253064 0.407648 0.465319
0.685918 0.350305 0.521008
0.32868 0.378427 0.434026
0.583991 0.345876 0.628963
0.693984 0.354018 0.5046
0.367051 0.362745 0.585811
0.268468 0.461482 0.554097
0.393249 0.352926 0.358435
0.399603 0.35904 0.623671
0.693315 0.329087 0.548673
0.344105 0.442735 0.664736
0.348373 0.355728 0.583861
0.329922 0.398698 0.648289
0.374785 0.395656 0.687643
0.49085 0.348037 0.682953
0.389818 0.391721 0.585416
0.654642 0.340764 0.409249
0.654443 0.332987 0.559334
0.351179 0.377104 0.417365
0.496283 0.390896 0.257242
0.590443 0.562394 0.422154
0.382091 0.374727 0.378805
0.68518 0.35182 0.526737
0.608653 0.336883 0.643397
0.565175 0.331515 0.663032
0.677943 0.339459 0.423182
0.548346 0.565162 0.403983
0.3053 0.342221 0.511831
0.438445 0.424409 0.727036
0.338055 0.351472 0.556675
0.577202 0.482777 0.681109
0.263523 0.377198 0.505088
0.556923 0.341905 0.649083
0.401054 0.365091 0.306972
0.360067 0.380884 0.565528
0.623683 0.354042 0.600255
0.260926 0.40013 0.520463
0.577186 0.382473 0.284705
0.637821 0.363612 0.561365
0.536956 0.570441 0.514847
0.536643 0.568978 0.527579
0.734982 0.338992 0.504233
0.381629 0.38032 0.677911
0.528522 0.377148 0.735574
0.401038 0.376207 0.349856
0.65806 0.405478 0.337119
0.392116 0.356348 0.319489
0.64773 0.353946 0.429867
0.611387 0.357885 0.343497
0.315044 0.332952 0.535072
0.641865 0.353951 0.560038
0.659916 0.38041 0.357766
0.36796 0.566173 0.451882
0.545393 0.343106 0.669003
0.626431 0.360001 0.588095
0.284424 0.32913 0.493418
0.3949 0.386486 0.603875
0.31721 0.37457 0.586674
0.669751 0.344115 0.545942
0.380952 0.363288 0.332447
0.576465 0.337154 0.655163
0.444378 0.418964 0.261374
0.521578 0.572355 0.427182
0.47129 0.361623 0.26012
0.718404 0.326837 0.517628
0.368733 0.375557 0.589716
0.265768 0.395101 0.534928
0.66449 0.346352 0.548752
0.723071 0.402348 0.416435
0.38774 0.355668 0.630467
0.290627 0.391549 0.400097
0.278786 0.417968 0.574015
0.282019 0.394714 0.571375
0.431743 0.349073 0.665335
0.687045 0.341003 0.453993
0.384944 0.355624 0.355761
0.306178 0.338898 0.518282
0.52387 0.394444 0.259972
0.443928 0.351407 0.653607
0.712839 0.319135 0.47558
0.366617 0.369609 0.365262
0.599287 0.367262 0.679124
0.353133 0.561895 0.517472
0.670245 0.358389 0.586636
0.383482 0.572676 0.524445
0.721359 0.325865 0.491362
0.473474 0.569848 0.553723
0.525147 0.573894 0.480469
0.657004 0.427982 0.632419
0.536101 0.530687 0.309299
0.717752 0.477672 0.475358
0.601739 0.393313 0.684904
0.587954 0.569076 0.51466
0.277323 0.375317 0.438274
0.335066 0.365311 0.398895
0.709375 0.323202 0.460605
0.666957 0.342804 0.557353
0.474711 0.329339 0.707256
0.517432 0.572079 0.434304
0.61123 0.36002 0.361657
0.269239 0.419421 0.550861
0.549081 0.34476 0.676382
0.428423 0.381648 0.318213
0.654981 0.465801 0.627708
0.625442 0.411195 0.664437
0.289075 0.339033 0.514728
0.498446 0.560576 0.362064
0.60381 0.345578 0.637615
0.45742 0.346508 0.673654
0.258468 0.391487 0.462788
0.659753 0.372736 0.431409
0.445026 0.350201 0.662181
0.418222 0.373316 0.299048
0.503136 0.452624 0.260105
0.517974 0.483674 0.70674
0.2903 0.348902 0.499399
0.42466 0.449852 0.713377
0.633931 0.361995 0.412549
0.448337 0.578486 0.468699
0.357962 0.37654 0.593054
0.317577 0.346859 0.540946
0.634929 0.497219 0.623854
0.705246 0.344842 0.479734
0.639903 0.364404 0.582825
0.458409 0.407652 0.736328
0.272548 0.474765 0.556211
0.712458 0.362736 0.418943
0.5381 0.552779 0.626935
0.442035 0.403591 0.264739
0.394081 0.376609 0.625499
0.305806 0.372651 0.431203
0.419659 0.509599 0.682737
0.666128 0.351245 0.55853
0.659625 0.352849 0.563599
0.491205 0.57355 0.457294
0.303431 0.484281 0.602936
0.598553 0.564235 0.45315
0.594552 0.377961 0.304969
0.604181 0.370531 0.606702
0.505147 0.33154 0.704008
0.580786 0.345722 0.333244
0.654069 0.370642 0.427782
0.548717 0.339328 0.709316
0.304789 0.397489 0.609654
0.446181 0.3613 0.284154
0.598987 0.358195 0.367827
0.635424 0.37787 0.578816
0.297991 0.355996 0.520204
0.623187 0.366607 0.378372
0.40374 0.362138 0.642846
0.510754 0.33355 0.700369
0.428236 0.383299 0.282524
0.443074 0.347305 0.676359
0.658831 0.352193 0.572797
0.46522 0.330202 0.695304
0.694558 0.338091 0.437567
0.518836 0.350276 0.279542
0.472641 0.568827 0.514073
0.442367 0.485888 0.276125
0.533149 0.345258 0.280639
0.58677 0.361628 0.645274
0.361397 0.375263 0.601973
0.551527 0.339243 0.677284
0.371988 0.37545 0.604257
0.668918 0.349174 0.571228
0.274617 0.377992 0.528363
0.277602 0.362439 0.461227
0.580043 0.358676 0.350896
0.342842 0.377252 0.578632
0.526435 0.508584 0.685168
0.459513 0.575532 0.470889
0.599058 0.412916 0.293712
0.30151 0.381165 0.419402
0.638341 0.542505 0.413699
0.504889 0.339419 0.722164
0.433286 0.371804 0.290825
0.738338 0.430724 0.467384
0.604997 0.366465 0.62361
0.725299 0.422324 0.429995
0.53973 0.560652 0.587666
0.435613 0.405352 0.269187
0.526798 0.497341 0.693734
0.698251 0.336603 0.455307
0.581711 0.357851 0.31668
0.438923 0.432058 0.266327
0.714778 0.340844 0.519606
0.521403 0.360682 0.274719
0.596931 0.387645 0.683391
0.436351 0.375338 0.296383
0.706434 0.347261 0.425926
0.445582 0.537432 0.320003
0.605172 0.37807 0.672575
0.263688 0.375003 0.483913
0.280092 0.436947 0.419325
0.596767 0.370845 0.365234
0.394844 0.562077 0.394572
0.325052 0.459258 0.343622
0.642252 0.354466 0.392742
0.561674 0.552705 0.609094
0.593651 0.391133 0.294681
0.420748 0.548376 0.345806
0.372193 0.369913 0.623181
0.300628 0.464022 0.368997
0.282213 0.363987 0.513385
0.470182 0.573399 0.458609
0.507814 0.3487 0.707595
0.447946 0.576289 0.473263
0.424122 0.518758 0.3125
0.728012 0.379272 0.435197
0.708159 0.352065 0.529275
0.673496 0.443195 0.61034
0.571904 0.350305 0.671291
0.58167 0.534728 0.349067
0.620004 0.523598 0.361581
0.453667 0.574936 0.443757
0.575744 0.351821 0.331473
0.665231 0.431374 0.621794
0.381328 0.369032 0.648669
0.310383 0.38638 0.404135
0.646457 0.378669 0.581152
0.67024 0.359635 0.427364
0.711701 0.371438 0.563878
0.714435 0.346885 0.520744
0.640455 0.390384 0.583306
0.585459 0.3778 0.303233
0.438877 0.381318 0.278744
0.527163 0.361451 0.282439
0.359104 0.397919 0.321955
0.59014 0.551423 0.594202
0.700195 0.418419 0.584483
0.658327 0.364207 0.575994
0.384054 0.380095 0.630909
0.612012 0.540075 0.380448
0.408304 0.370212 0.682233
0.62275 0.513121 0.351255
0.441278 0.360715 0.677689
0.712523 0.359715 0.520336
0.347852 0.381415 0.632337
0.59019 0.363836 0.335763
0.601708 0.367969 0.645229
0.543406 0.554935 0.378296
0.559653 0.49983 0.675673
0.406963 0.576702 0.46821
0.509652 0.55976 0.37321
0.682014 0.360533 0.568926
0.724371 0.402232 0.426683
0.471136 0.57016 0.391093
0.724742 0.346468 0.530732
0.355108 0.379495 0.626376
0.267625 0.382562 0.470675
0.272544 0.432764 0.443382
0.446352 0.568103 0.547305
0.741551 0.366225 0.471757
0.385925 0.528979 0.342274
0.555921 0.457068 0.702475
0.593662 0.37819 0.679027
0.62429 0.539169 0.576661
0.50562 0.349807 0.724152
0.324091 0.390977 0.371347
0.604886 0.382741 0.351007
0.711571 0.462455 0.539329
0.69533 0.350988 0.440133
0.271016 0.417638 0.446845
0.590543 0.395234 0.293449
0.629356 0.404998 0.369499
0.479904 0.561121 0.616444
0.394015 0.386098 0.648734
0.512253 0.350583 0.71648
0.722785 0.34637 0.525318
0.471436 0.384915 0.73433
0.265434 0.387199 0.466338
0.419895 0.443445 0.279266
0.730478 0.346738 0.471456
0.267011 0.433001 0.462368
0.627673 0.385236 0.331759
0.378755 0.530895 0.352074
0.56847 0.551091 0.382471
0.279371 0.393934 0.545848
0.349652 0.555951 0.463113
0.646608 0.387181 0.610056
0.431702 0.568765 0.55266
0.735078 0.430041 0.503969
0.312678 0.39778 0.411629
0.608528 0.390795 0.6665
0.298021 0.422725 0.382029
0.624623 0.394795 0.369896
0.434139 0.368298 0.682139
0.70138 0.479289 0.427792
0.740435 0.379254 0.508334
0.651824 0.404112 0.601844
0.5298 0.548357 0.349559
0.464125 0.572123 0.467501
0.2683 0.432332 0.536658
0.305925 0.529897 0.493211
0.284825 0.413598 0.427606
0.28088 0.465344 0.575048
0.641106 0.434831 0.64072
0.618295 0.375799 0.629781
0.342708 0.394827 0.647943
0.518626 0.541242 0.65064
0.535733 0.568267 0.467178
0.303499 0.52276 0.458987
0.564943 0.397664 0.711684
0.36082 0.452971 0.318409
0.425347 0.366394 0.69303
0.421638 0.397955 0.291726
0.623771 0.399881 0.358635
0.724005 0.349684 0.476907
0.459438 0.385891 0.275429
0.279795 0.440951 0.435264
0.425376 0.378614 0.677068
0.296851 0.399096 0.572435
0.649658 0.49571 0.360855
0.281286 0.447762 0.431184
0.287337 0.503142 0.460243
0.333761 0.411171 0.628059
0.499981 0.361256 0.725046
0.582497 0.530236 0.346276
0.589154 0.391828 0.683787
0.728683 0.355126 0.487924
0.57444 0.399713 0.701341
0.399171 0.42679 0.290342
0.377586 0.392381 0.647443
0.454017 0.368869 0.722265
0.690298 0.365789 0.425373
0.287958 0.413422 0.429967
0.312719 0.408936 0.591558
0.274437 0.452519 0.449352
0.612156 0.383725 0.643582
0.673362 0.373065 0.575829
0.402198 0.38348 0.675544
0.32751 0.401965 0.633714
0.666428 0.397179 0.354932
0.481037 0.480946 0.266745
0.612779 0.39874 0.31044
0.688964 0.367471 0.560678
0.648799 0.397995 0.611819
0.72626 0.352061 0.462462
0.608119 0.38658 0.339422
0.569415 0.383024 0.296623
0.544378 0.392928 0.276871
0.490236 0.398436 0.275555
0.4339 0.412308 0.275626
0.707651 0.35925 0.55106
0.399784 0.384284 0.675136
0.377752 0.398567 0.65318
0.435839 0.411798 0.281306
0.510747 0.40177 0.281346
0.693149 0.474387 0.397531
0.630603 0.52709 0.381137
0.268211 0.472424 0.477807
0.487057 0.564956 0.503591
0.687284 0.372994 0.566691
0.583586 0.565216 0.496821
0.391084 0.520659 0.658344
0.685851 0.453876 0.579777
0.59055 0.402743 0.295882
0.349263 0.410967 0.660473
0.370296 0.563904 0.505375
0.691698 0.446668 0.576191
0.721949 0.360285 0.458565
0.585484 0.379092 0.666355
0.709974 0.363501 0.443833
0.60053 0.393261 0.328493
0.452983 0.366749 0.706447
0.606372 0.55771 0.44932
0.429396 0.414642 0.281108
0.474923 0.56384 0.511527
0.706394 0.443206 0.412168
0.437777 0.453994 0.71437
0.698722 0.485102 0.521164
0.668855 0.403111 0.354499
0.510971 0.553246 0.361641
0.632608 0.509536 0.360904
0.406192 0.41065 0.702633
0.446349 0.572491 0.463407
0.720549 0.370038 0.459764
0.381141 0.548105 0.381535
0.315353 0.462612 0.627286
0.50928 0.369381 0.717696
0.672523 0.523266 0.459834
0.277032 0.447546 0.555356
0.439552 0.566048 0.531826
0.299213 0.455866 0.38467
0.66339 0.396199 0.375253
0.572346 0.379123 0.686221
0.270841 0.476893 0.486911
0.730395 0.437998 0.470791
0.405306 0.465405 0.696254
0.312759 0.527044 0.548646
0.474931 0.47329 0.265433
0.470414 0.559975 0.613541
0.588836 0.551675 0.587575
0.274684 0.43575 0.513817
0.568211 0.564048 0.529504
0.4483 0.37026 0.708434
0.285502 0.442553 0.573379
0.584715 0.564463 0.523889
0.29784 0.420158 0.425679
0.669356 0.413409 0.589291
0.612694 0.557645 0.498122
0.574243 0.564833 0.476233
0.486119 0.414725 0.731277
0.564456 0.564069 0.523994
0.661991 0.420323 0.604041
0.569712 0.403844 0.287405
0.737377 0.405973 0.469407
0.281235 0.428024 0.447519
0.308274 0.504975 0.421898
0.514279 0.566947 0.469835
0.71433 0.403797 0.55861
0.680025 0.447749 0.589899
0.649092 0.538741 0.447997
0.712398 0.371139 0.539962
0.330379 0.542158 0.540183
0.427593 0.402032 0.71091
0.52134 0.410725 0.273022
0.300478 0.45365 0.387734
0.427365 0.562076 0.582331
0.600703 0.550953 0.57384
0.676091 0.409185 0.38949
0.390025 0.411065 0.687362
0.273354 0.459829 0.510778
0.413546 0.438297 0.294481
0.700083 0.478139 0.525464
0.382976 0.460753 0.685087
0.340413 0.444561 0.361687
0.398977 0.430556 0.696587
0.549932 0.37981 0.70794
0.684113 0.394083 0.407039
0.581963 0.402037 0.308383
0.623154 0.456783 0.651246
0.318834 0.453321 0.626763
0.407773 0.469213 0.296943
0.67024 0.416912 0.577816
0.594222 0.558932 0.452448
0.290534 0.507759 0.503489
0.429871 0.471142 0.283222
0.506324 0.432095 0.279164
0.681064 0.401083 0.377464
0.658154 0.420644 0.360039
0.554121 0.506132 0.668874
0.635705 0.417864 0.636312
0.681568 0.416708 0.587246
0.638934 0.456603 0.635509
0.380094 0.549525 0.38929
0.388321 0.566889 0.507083
0.495898 0.391583 0.71605
0.285945 0.449828 0.57083
0.606956 0.411091 0.659509
0.301255 0.447745 0.387779
0.671046 0.400984 0.374045
0.286448 0.432013 0.55424
0.279262 0.484087 0.536354
0.707889 0.383767 0.432273
0.699514 0.389297 0.559847
0.362879 0.448453 0.340077
0.674679 0.475143 0.576438
0.27546 0.465497 0.515856
0.730579 0.389078 0.509847
0.483111 0.473355 0.269689
0.278727 0.445064 0.457688
0.313174 0.443717 0.608262
0.587194 0.524599 0.349278
0.320518 0.443015 0.368791
0.444697 0.56225 0.561152
0.434446 0.562821 0.55845
0.278553 0.445833 0.48185
0.33736 0.545679 0.474629
0.575227 0.393302 0.679339
0.519261 0.457196 0.710956
0.588148 0.416464 0.680198
0.420839 0.444739 0.704415
0.379348 0.544423 0.608177
0.57925 0.551297 0.407056
0.492814 0.541033 0.648829
0.285086 0.439667 0.449903
0.319839 0.531537 0.464066
0.446752 0.420215 0.723353
0.533999 0.560176 0.427775
0.555724 0.438908 0.703217
0.28922 0.491409 0.447735
0.350004 0.424631 0.64231
0.294712 0.485271 0.574075
0.690515 0.389122 0.559519
0.281646 0.490786 0.531426
0.616001 0.516991 0.615909
0.458093 0.446373 0.273899
0.479443 0.392193 0.718876
0.285355 0.493362 0.529269
0.338355 0.497772 0.624669
0.72155 0.438661 0.455436
0.600844 0.559189 0.489972
0.695463 0.486572 0.50736
0.279138 0.462561 0.522749
0.719164 0.389432 0.530952
0.515384 0.552324 0.376416
0.68332 0.404873 0.563612
0.47329 0.467343 0.272047
0.603898 0.440942 0.312092
0.729654 0.423736 0.464356
0.281368 0.464741 0.544893
0.370015 0.552445 0.555897
0.668512 0.433903 0.359665
0.684929 0.486188 0.411496
0.349139 0.53576 0.58756
0.702788 0.477243 0.501324
0.278957 0.459034 0.459736
0.295114 0.508012 0.494779
0.325993 0.469413 0.630666
0.30836 0.49476 0.584035
0.688526 0.416548 0.569462
0.52002 0.448117 0.277972
0.712887 0.402628 0.523609
0.608817 0.556908 0.488775
0.400684 0.417101 0.68365
0.608427 0.434172 0.323088
0.502509 0.425434 0.723586
0.619774 0.551777 0.508171
0.431615 0.554295 0.610528
0.337944 0.444622 0.641451
0.33267 0.539696 0.531349
0.689107 0.43778 0.384832
0.719417 0.419524 0.541185
0.630799 0.436887 0.634846
0.332513 0.468184 0.360669
0.366308 0.460939 0.66772
0.401029 0.510326 0.664755
0.624706 0.549579 0.494402
0.399225 0.563515 0.529597
0.286664 0.463729 0.527499
0.453352 0.494749 0.28861
0.677804 0.434359 0.383453
0.64782 0.449968 0.597368
0.368739 0.453667 0.637528
0.538631 0.548739 0.386407
0.682059 0.442383 0.575141
0.698607 0.408288 0.432381
0.473911 0.486664 0.278366
0.403605 0.429025 0.677835
0.701391 0.473809 0.446483
0.694543 0.409419 0.421038
0.601618 0.448191 0.314355
0.587492 0.420239 0.659664
0.620777 0.55229 0.478404
0.728389 0.417176 0.47644
0.383118 0.444114 0.679946
0.364571 0.555541 0.496197
0.534498 0.509387 0.298986
0.67662 0.435915 0.380479
0.572842 0.410094 0.681478
0.278416 0.475391 0.475242
0.429084 0.566197 0.5061
0.393767 0.525911 0.647093
0.29479 0.490967 0.441758
0.352998 0.436114 0.64533
0.502175 0.474259 0.277492
0.33256 0.443868 0.622826
0.589451 0.440494 0.670817
0.486169 0.408242 0.716928
0.426948 0.564994 0.518129
0.345705 0.460225 0.645634
0.398475 0.560584 0.412538
0.61578 0.452674 0.629428
0.712698 0.407075 0.439796
0.423651 0.492507 0.308297
0.292064 0.469505 0.529993
0.616347 0.464853 0.324275
0.41217 0.519837 0.329642
0.529647 0.474265 0.285311
0.297507 0.504817 0.493457
0.36451 0.546714 0.411995
0.677118 0.480432 0.391939
0.606582 0.445335 0.639098
0.606069 0.461134 0.319378
0.682884 0.470672 0.394898
0.694005 0.411031 0.548261
0.613024 0.465404 0.647807
0.606014 0.456701 0.326624
0.681266 0.444083 0.571138
0.654303 0.466868 0.38146
0.712177 0.458427 0.484293
0.446459 0.555354 0.602007
0.461081 0.5586 0.511187
0.612992 0.501252 0.627377
0.321827 0.527872 0.521401
0.628074 0.481104 0.628567
0.407474 0.556287 0.572401
0.285518 0.481476 0.526198
0.344781 0.447956 0.63058
0.602026 0.492024 0.32797
0.495629 0.538151 0.33426
0.386745 0.487457 0.325577
0.634402 0.465713 0.336736
0.670515 0.489143 0.560685
0.405639 0.451672 0.688975
0.364069 0.474646 0.3389
0.302617 0.50646 0.50248
0.388759 0.56381 0.472581
0.45201 0.565746 0.431029
0.71807 0.40654 0.460022
0.638229 0.462465 0.350935
0.706127 0.420343 0.522608
0.329848 0.494014 0.60831
0.566657 0.427307 0.668273
0.558369 0.518079 0.330137
0.662028 0.512193 0.422492
0.290337 0.48401 0.51938
0.707291 0.450694 0.515784
0.64625 0.515273 0.563351
0.709486 0.423561 0.537632
0.389006 0.471054 0.328793
0.675386 0.436168 0.560159
0.49466 0.556684 0.509409
0.656803 0.522399 0.517151
0.566807 0.547615 0.410856
0.490345 0.496179 0.292348
0.503027 0.522076 0.313007
0.486549 0.474854 0.704019
0.599323 0.472017 0.318502
0.580394 0.433929 0.668585
0.376977 0.472016 0.338216
0.667894 0.488074 0.390252
0.405719 0.471266 0.325654
0.549756 0.424044 0.696633
0.690062 0.455207 0.552419
0.405305 0.453578 0.660345
0.32934 0.531121 0.528259
0.590401 0.545265 0.410975
0.564908 0.552633 0.441934
0.595874 0.542214 0.40268
0.663628 0.463315 0.370493
0.576043 0.541234 0.60711
0.308524 0.509568 0.500698
0.707412 0.427011 0.522627
0.406986 0.536507 0.63116
0.395988 0.486059 0.327503
0.439188 0.556087 0.538455
0.702477 0.428665 0.520878
0.351193 0.520181 0.383469
0.663868 0.513229 0.520983
0.367644 0.46043 0.641064
0.712352 0.422253 0.501089
0.370143 0.454997 0.651903
0.358809 0.530479 0.387879
0.320477 0.476599 0.598183
0.662349 0.475995 0.377053
0.374956 0.4582 0.647319
0.382206 0.514537 0.641399
0.593726 0.474344 0.654298
0.454937 0.555907 0.517712
0.654323 0.517096 0.53798
0.641186 0.465267 0.59869
0.485917 0.523163 0.662896
0.580582 0.439844 0.662594
0.473235 0.549468 0.622808
0.674697 0.442908 0.552803
0.333767 0.502546 0.401941
0.467494 0.503169 0.30313
0.333881 0.468039 0.599737
0.417727 0.47962 0.322506
0.508487 0.433873 0.702331
0.486087 0.561424 0.426109
0.402856 0.558993 0.532002
0.335545 0.534158 0.512902
0.589635 0.548997 0.442528
0.362551 0.532773 0.59417
0.377966 0.455106 0.653774
0.703602 0.441139 0.533269
0.410021 0.497477 0.343015
0.695754 0.437885 0.534878
0.57587 0.444946 0.654104
0.410924 0.504512 0.331434
0.709993 0.431637 0.488181
0.701811 0.440297 0.521564
0.556783 0.506663 0.653088
0.355493 0.544421 0.505142
0.358145 0.504039 0.373084
0.534968 0.551213 0.419215
0.650233 0.483181 0.395997
0.365377 0.537259 0.575109
0.312073 0.49103 0.505162
0.675262 0.45181 0.531248
0.482825 0.496539 0.684678
0.404861 0.480451 0.674417
0.470779 0.552782 0.515544
0.455339 0.494585 0.311091
0.480681 0.550524 0.371738
0.494619 0.442974 0.703778
0.33021 0.528273 0.502887
0.609812 0.478797 0.334678
0.671927 0.498068 0.430657
0.631089 0.473365 0.592512
0.680549 0.443325 0.542259
0.49537 0.554231 0.503684
0.682029 0.460778 0.421339
0.677258 0.505552 0.473355
0.429247 0.470666 0.688764
0.652511 0.479168 0.381833
0.333092 0.473349 0.577246
0.552943 0.540017 0.613953
0.483048 0.532566 0.64911
0.320873 0.512866 0.445119
0.59881 0.506917 0.349088
0.434036 0.542773 0.358152
0.324379 0.495966 0.576729
0.676983 0.455978 0.551037
0.376643 0.553069 0.446908
0.426808 0.523205 0.33945
0.496717 0.556159 0.462689
0.688748 0.468144 0.52123
0.314368 0.505835 0.473785
0.581571 0.515279 0.352391
0.318738 0.509268 0.461804
0.337086 0.527975 0.439743
0.663315 0.503351 0.426572
0.438269 0.451106 0.688101
0.652123 0.487479 0.397566
0.346509 0.529221 0.412674
0.669217 0.500215 0.53002
0.425442 0.460163 0.680009
0.365632 0.514381 0.375282
0.391757 0.546 0.573595
0.371279 0.477463 0.648856
0.396104 0.497211 0.613405
0.641905 0.48766 0.383843
0.675329 0.48666 0.42705
0.403744 0.476508 0.644638
0.63247 0.492276 0.389541
0.689658 0.456843 0.442239
0.491968 0.463669 0.697123
0.606223 0.534752 0.585886
0.428769 0.473601 0.683608
0.328307 0.485709 0.588153
0.456341 0.454692 0.701227
0.559182 0.477431 0.315131
0.383767 0.492976 0.616853
0.44864 0.448683 0.682889
0.617087 0.481953 0.589013
0.398998 0.553964 0.537396
0.6571 0.487907 0.570489
0.347114 0.531467 0.431017
0.648479 0.477087 0.577183
0.598205 0.549115 0.540645
0.445814 0.535029 0.3516
0.327449 0.50235 0.467728
0.658682 0.509179 0.52987
0.49593 0.469888 0.689698
0.402113 0.51373 0.358035
0.322099 0.500847 0.521861
0.609341 0.498329 0.355999
0.563059 0.551433 0.48339
0.43497 0.56165 0.444405
0.61766 0.491728 0.615256
0.417876 0.519706 0.64808
0.33056 0.51825 0.522974
0.450998 0.454144 0.676028
0.617173 0.521801 0.589166
0.41504 0.527712 0.351266
0.695848 0.468325 0.476789
0.499346 0.452349 0.678618
0.553418 0.511394 0.645097
0.692626 0.467608 0.489768
0.475949 0.553522 0.582801
0.66167 0.486324 0.430375
0.61936 0.483316 0.615108
0.494412 0.55461 0.416698
0.515145 0.522033 0.332429
0.665273 0.493097 0.424536
0.685434 0.462986 0.511712
0.660605 0.494447 0.553268
0.480156 0.556973 0.440867
0.469516 0.544629 0.364519
0.331975 0.521802 0.458283
0.683024 0.475554 0.517389
0.652296 0.479753 0.575338
0.421559 0.563244 0.45253
0.359269 0.535666 0.425643
0.495045 0.456897 0.667121
0.522006 0.454852 0.672644
0.542535 0.46571 0.673923
0.506942 0.5286 0.638618
0.640223 0.5214 0.53465
0.503091 0.551453 0.471927
0.342284 0.507743 0.57732
0.497428 0.525495 0.340567
0.679805 0.475192 0.461531
0.544442 0.459658 0.673537
0.554416 0.454614 0.666346
0.386303 0.48865 0.642756
0.402086 0.55603 0.430203
0.3307 0.512941 0.471146
0.504757 0.458973 0.681538
0.368627 0.515869 0.394216
0.559883 0.474666 0.626776
0.33535 0.484945 0.551513
0.633972 0.483994 0.566631
0.517632 0.549953 0.425824
0.33514 0.505696 0.561993
0.380671 0.537691 0.394588
0.423587 0.511537 0.350099
0.562943 0.457709 0.657579
0.380751 0.52905 0.381953
0.47959 0.458945 0.687605
0.474989 0.553034 0.472116
0.522194 0.508099 0.657547
0.434391 0.48112 0.637697
0.510668 0.548231 0.407667
0.667897 0.475944 0.462189
0.352289 0.53581 0.449205
0.479065 0.485398 0.683391
0.333453 0.505062 0.556954
0.507593 0.547519 0.402588
0.342852 0.516364 0.53949
0.351802 0.496432 0.579825
0.622986 0.498988 0.419734
0.588687 0.507326 0.620312
0.344557 0.49378 0.522606
0.629104 0.5265 0.538341
0.415704 0.487941 0.649517
0.62533 0.512592 0.401078
0.444014 0.530712 0.633665
0.604464 0.497712 0.423174
0.332826 0.495776 0.484232
0.396439 0.537615 0.38565
0.519935 0.52277 0.349003
0.643674 0.488059 0.564185
0.4679 0.459836 0.681306
0.573709 0.546277 0.546142
0.484525 0.475857 0.680056
0.476245 0.458017 0.67623
0.388231 0.521321 0.378664
0.388114 0.523501 0.378672
0.500947 0.485993 0.673997
0.449159 0.467042 0.660225
0.601257 0.533021 0.577175
0.411444 0.559552 0.471939
0.45696 0.548643 0.584684
0.538926 0.491392 0.325988
0.337665 0.500412 0.524814
0.419857 0.555948 0.491886
0.481013 0.481848 0.679439
0.67177 0.487192 0.486668
0.440732 0.471795 0.661349
0.656137 0.50441 0.445241
0.492981 0.46324 0.677086
0.665481 0.478707 0.463318
0.530424 0.547261 0.524455
0.658734 0.484706 0.517813
0.35129 0.52257 0.515928
0.564192 0.544742 0.535296
0.604809 0.539563 0.511573
0.641356 0.496418 0.557459
0.345153 0.511374 0.458205
0.597072 0.536871 0.559955
0.45906 0.464822 0.669437
0.656509 0.477534 0.505918
0.35869 0.530143 0.514809
0.579219 0.535641 0.581328
0.434858 0.507128 0.359107
0.570863 0.522491 0.610593
0.651778 0.492164 0.45335
0.573058 0.502513 0.630432
0.339906 0.497052 0.492914
0.595744 0.53793 0.439892
0.508905 0.546823 0.432432
0.659087 0.495431 0.496237
0.602974 0.506825 0.381887
0.630229 0.530276 0.473616
0.444646 0.503789 0.350676
0.452277 0.54416 0.540616
0.533671 0.48129 0.664816
0.452685 0.514497 0.650429
0.600276 0.493664 0.575121
0.382112 0.544494 0.501042
0.528304 0.542824 0.557361
0.567475 0.485497 0.645379
0.37954 0.506941 0.611514
0.350678 0.505984 0.566585
0.535547 0.473091 0.66511
0.347624 0.513704 0.532914
0.546726 0.471729 0.661049
0.444626 0.551426 0.470672
0.51869 0.520558 0.637199
0.649416 0.512807 0.494218
0.410317 0.521466 0.380512
0.567944 0.533731 0.581456
0.420155 0.504007 0.637301
0.632838 0.497054 0.547668
0.518664 0.535982 0.392281
0.580537 0.532196 0.579103
0.590875 0.54044 0.502967
0.452842 0.543472 0.46841
0.369392 0.520346 0.57119
0.413487 0.543636 0.54013
0.357791 0.500411 0.446905
0.545477 0.491656 0.345248
0.557383 0.486411 0.616767
0.644206 0.511871 0.460535
0.455452 0.548171 0.439204
0.589878 0.540286 0.474224
0.449684 0.478495 0.652816
0.576627 0.496842 0.37839
0.524683 0.53024 0.612692
0.428937 0.546054 0.495789
0.635419 0.493372 0.539383
0.473705 0.536162 0.616671
0.653212 0.475033 0.50408
0.465414 0.474143 0.667332
0.650274 0.502781 0.492593
0.429145 0.504321 0.642274
0.486259 0.488497 0.339148
0.419029 0.551065 0.430212
0.641679 0.495856 0.529555
0.52133 0.542958 0.489812
0.455613 0.529947 0.364717
0.50146 0.504411 0.651716
0.489128 0.526904 0.36149
0.462776 0.469107 0.648087
0.433523 0.506547 0.374616
0.476149 0.494498 0.341747
0.441226 0.502519 0.379817
0.366058 0.527476 0.498285
0.653733 0.46595 0.478005
0.369226 0.504631 0.543665
0.510393 0.474235 0.630408
0.556542 0.527357 0.59465
0.62938 0.516172 0.512566
0.524156 0.528939 0.607014
0.64507 0.446466 0.492867
0.62549 0.493627 0.445823
0.441523 0.492209 0.636587
0.385034 0.528479 0.566585
0.463791 0.475954 0.625161
0.540826 0.539961 0.443211
0.374767 0.501722 0.550234
0.607325 0.516724 0.412265
0.432462 0.544533 0.471012
0.446557 0.539669 0.537536
0.435083 0.535502 0.597171
0.625054 0.470588 0.52333
0.5161 0.478705 0.644656
0.494889 0.542236 0.429907
0.628388 0.509511 0.540876
0.454648 0.537594 0.467299
0.490461 0.52898 0.617743
0.600219 0.523468 0.411772
0.585115 0.506441 0.383956
0.568301 0.52216 0.597485
0.558979 0.535308 0.564474
0.617509 0.51445 0.55887
0.567547 0.501298 0.36838
0.567591 0.497656 0.370713
0.543938 0.502198 0.354632
0.52842 0.491108 0.354149
0.373279 0.529317 0.431635
0.441237 0.492415 0.636371
0.456228 0.490311 0.610636
0.557941 0.531874 0.412606
0.5876 0.516795 0.580392
0.389294 0.530081 0.546135
0.566593 0.51442 0.600459
0.533175 0.52857 0.593062
0.632645 0.479209 0.516038
0.529502 0.484436 0.365859
0.592951 0.517267 0.40521
0.531527 0.50785 0.63035
0.468716 0.537055 0.541791
0.554887 0.522776 0.389057
0.507012 0.490021 0.365006
0.471419 0.529568 0.468906
0.554156 0.518806 0.382316
0.58038 0.486719 0.550309
0.487391 0.520161 0.623543
0.576705 0.502241 0.391623
0.383073 0.503556 0.542289
0.532079 0.485533 0.364826
0.462064 0.517358 0.362997
0.54006 0.494615 0.636411
0.559824 0.496493 0.617987
0.497031 0.515654 0.627757
0.450754 0.440238 0.563209
0.458669 0.536217 0.526367
0.449618 0.522207 0.373286
0.393256 0.514767 0.418713
0.42296 0.538508 0.528359
0.434944 0.489348 0.561538
0.453036 0.498561 0.379838
0.354359 0.500586 0.471771
0.581495 0.503316 0.401182
0.392235 0.505587 0.429918
0.368531 0.520879 0.508597
0.394775 0.509933 0.580234
0.381751 0.52066 0.531581
0.556333 0.530713 0.441965
0.458743 0.499295 0.380903
0.416672 0.53389 0.551708
0.421205 0.531505 0.574208
0.514267 0.529885 0.580941
0.465962 0.527664 0.382923
0.428822 0.509185 0.59111
0.616211 0.517593 0.464166
0.415886 0.53089 0.572396
0.427412 0.521515 0.602677
0.583808 0.530158 0.50672
0.489535 0.524614 0.60408
0.511214 0.490629 0.622379
0.430746 0.493764 0.410548
0.543446 0.424148 0.556285
0.364747 0.508635 0.487432
0.60256 0.52254 0.526675
0.5693 0.529304 0.439654
0.448357 0.508743 0.383727
0.409514 0.505403 0.561547
0.534419 0.475747 0.379435
0.373036 0.502808 0.505696
0.490706 0.484562 0.626333
0.626002 0.457491 0.50463
0.482829 0.466953 0.627244
0.384012 0.519759 0.539632
0.538152 0.534855 0.496326
0.358899 0.493584 0.484187
0.507265 0.528632 0.588147
0.641306 0.492545 0.470202
0.501984 0.5349 0.531532
0.551701 0.531158 0.44474
0.605536 0.498466 0.547372
0.568284 0.512886 0.589538
0.50957 0.531254 0.447972
0.407064 0.524794 0.422627
0.553365 0.525151 0.46225
0.549141 0.52571 0.44956
0.442021 0.531208 0.548619
0.595502 0.519852 0.51886
0.497353 0.528288 0.567623
0.591156 0.51245 0.553707
0.529617 0.528698 0.559949
0.611706 0.511624 0.500094
0.616524 0.505766 0.509276
0.450128 0.431608 0.561686
0.538262 0.497604 0.596194
0.442322 0.527008 0.490734
0.586103 0.523217 0.480204
0.485647 0.497229 0.620617
0.593404 0.463087 0.451084
0.557043 0.486033 0.400564
0.566114 0.516806 0.40532
0.486793 0.490833 0.620494
0.559188 0.502865 0.392093
0.592179 0.521609 0.491227
0.573839 0.519207 0.414092
0.480511 0.517644 0.381562
0.494085 0.489733 0.376605
0.607985 0.491095 0.451041
0.455165 0.522165 0.462976
0.587105 0.440454 0.451807
0.461195 0.486742 0.593645
0.622701 0.502054 0.461203
0.625678 0.452124 0.498015
0.538496 0.531117 0.50372
0.580204 0.497668 0.554166
0.519389 0.53196 0.539885
0.583209 0.523759 0.477528
0.477355 0.490392 0.376818
0.436845 0.47544 0.551088
0.428487 0.512842 0.572516
0.556142 0.520543 0.480755
0.410302 0.518341 0.550864
0.462755 0.52689 0.539766
0.447006 0.524542 0.505411
0.484754 0.524035 0.55693
0.411309 0.529535 0.45275
0.381724 0.453274 0.481384
0.595995 0.50763 0.53699
0.482787 0.515131 0.476613
0.603987 0.494015 0.452254
0.609069 0.506691 0.460524
0.439519 0.525319 0.41597
0.541032 0.409268 0.558207
0.578322 0.515975 0.547291
0.609211 0.453238 0.46655
0.501233 0.526703 0.541475
0.554909 0.519116 0.559276
0.387206 0.501929 0.500588
0.459272 0.514866 0.395003
0.497818 0.516637 0.396684
0.607779 0.511958 0.474298
0.550108 0.511146 0.57617
0.483608 0.523366 0.408083
0.59829 0.502679 0.537335
0.485761 0.52034 0.577139
0.609567 0.505348 0.501513
0.551421 0.519187 0.451185
0.536447 0.500564 0.386427
0.470232 0.521252 0.445709
0.472827 0.506263 0.61329
0.468017 0.498937 0.387772
0.479869 0.476929 0.617116
0.526753 0.48943 0.384084
0.631072 0.47039 0.482047
0.505041 0.516797 0.47352
0.387909 0.502296 0.483929
0.557705 0.515725 0.499337
0.503407 0.42121 0.60083
0.474772 0.520539 0.52875
0.616804 0.481869 0.49522
0.474676 0.51885 0.556998
0.524032 0.506403 0.581484
0.488453 0.513074 0.446392
0.542849 0.486151 0.564054
0.381878 0.480514 0.474655
0.559482 0.511826 0.462195
0.60736 0.486846 0.513284
0.458409 0.481996 0.573817
0.391327 0.48057 0.491991
0.401623 0.503993 0.512219
0.615602 0.434232 0.47829
0.392617 0.510875 0.46684
0.539829 0.51343 0.436314
0.563042 0.486656 0.417631
0.585566 0.498854 0.442759
0.462653 0.500643 0.593203
0.60909 0.493791 0.503576
0.385133 0.470583 0.483544
0.475565 0.510092 0.455815
0.594645 0.508113 0.464856
0.485389 0.513415 0.402673
0.508515 0.432627 0.600278
0.447269 0.516075 0.568693
0.490605 0.414169 0.610239
0.578001 0.478116 0.438695
0.421517 0.470049 0.442163
0.55464 0.512082 0.453048
0.419353 0.51793 0.436878
0.499103 0.518105 0.551905
0.501234 0.520318 0.51501
0.439014 0.405053 0.435035
0.397429 0.503371 0.472435
0.413155 0.511801 0.47723
0.468351 0.49901 0.472025
0.503858 0.510529 0.501603
0.603674 0.458944 0.469175
0.465998 0.511626 0.558506
0.528981 0.48316 0.578801
0.523689 0.517085 0.525279
0.54282 0.515331 0.518328
0.516896 0.432178 0.592752
0.559692 0.432513 0.436298
0.474884 0.508519 0.412133
0.493702 0.434604 0.603122
0.605311 0.469947 0.499003
0.538818 0.448703 0.412333
0.446891 0.42871 0.423974
0.453053 0.512169 0.550862
0.438192 0.492707 0.550047
0.510265 0.476176 0.395637
0.499479 0.50098 0.476193
0.571777 0.433976 0.446252
0.586123 0.407579 0.460503
0.603048 0.418213 0.506529
0.494892 0.507167 0.562275
0.464905 0.507512 0.496177
0.603138 0.402315 0.496504
0.453079 0.457121 0.411742
0.535406 0.50518 0.411309
0.458839 0.444892 0.566847
0.395075 0.486585 0.471086
0.491687 0.449343 0.389279
0.604043 0.421808 0.503564
0.47685 0.500906 0.402119
0.57358 0.464908 0.533635
0.495376 0.495579 0.584783
0.551759 0.439573 0.544902
0.465577 0.430151 0.57467
0.428738 0.499342 0.487813
0.576115 0.476655 0.529801
0.515139 0.50577 0.507273
0.495722 0.492288 0.409069
0.459365 0.501195 0.555607
0.422621 0.499086 0.490125
0.395991 0.43005 0.482448
0.516358 0.49395 0.567962
0.48168 0.475113 0.59525
0.559763 0.494603 0.442934
0.478129 0.493925 0.490534
0.477086 0.502221 0.519138
0.434856 0.415404 0.44066
0.452989 0.46042 0.555708
0.433311 0.466008 0.435546
0.604958 0.432892 0.483852
0.396925 0.467051 0.473174
0.449026 0.505474 0.532794
0.396202 0.426554 0.483424
0.523389 0.505515 0.544119
0.405024 0.423132 0.468021
0.450549 0.500886 0.453349
0.492824 0.430872 0.599344
0.470371 0.492023 0.40909
0.430357 0.353463 0.550531
0.599425 0.402596 0.49434
0.425205 0.497398 0.514205
0.578698 0.446601 0.526184
0.51271 0.479001 0.40274
0.405369 0.495692 0.4713
0.481941 0.484744 0.590009
0.41277 0.495646 0.487892
0.575107 0.494532 0.486608
0.430799 0.475831 0.436753
0.470831 0.489522 0.475362
0.419211 0.481003 0.500498
0.438504 0.488868 0.498377
0.477609 0.443677 0.39669
0.525226 0.49971 0.512643
0.422377 0.372863 0.453064
0.453909 0.48316 0.547579
0.510536 0.402429 0.40697
0.500669 0.484931 0.449878
0.511453 0.400509 0.407027
0.583349 0.38736 0.518841
0.510648 0.478345 0.472261
0.490017 0.436097 0.59443
0.452418 0.485856 0.469785
0.431263 0.487056 0.511283
0.492964 0.495648 0.534431
0.420419 0.467158 0.454612
0.505152 0.378685 0.591338
0.433679 0.380377 0.546564
0.601427 0.42271 0.477123
0.516827 0.489001 0.489101
0.467266 0.478982 0.476947
0.400508 0.427118 0.481775
0.505525 0.411774 0.590149
0.494609 0.440592 0.401173
0.452997 0.491298 0.537326
0.399416 0.400572 0.47618
0.527695 0.388939 0.575286
0.51935 0.404828 0.408289
0.547249 0.49558 0.518259
0.428026 0.363978 0.54494
0.58819 0.460452 0.50572
0.55001 0.459418 0.426558
0.399579 0.395872 0.510746
0.523751 0.468631 0.407183
0.54375 0.482516 0.472511
0.53649 0.335359 0.57512
0.41847 0.468055 0.490102
0.567352 0.469052 0.471646
0.409125 0.436077 0.488437
0.558514 0.475989 0.498508
0.425083 0.393315 0.536574
0.444936 0.454435 0.540147
0.536363 0.436614 0.420879
0.523866 0.492563 0.52184
0.492245 0.480354 0.549303
0.531815 0.471808 0.464982
0.538494 0.45029 0.421941
0.589071 0.400954 0.492997
0.531555 0.470725 0.472087
0.589951 0.366578 0.504612
0.438595 0.471499 0.440142
0.468767 0.392773 0.577452
0.547523 0.470173 0.474913
0.503125 0.4659 0.473967
0.545107 0.474462 0.452234
0.470586 0.460383 0.567955
0.406497 0.417133 0.50206
0.464322 0.39621 0.41677
0.50456 0.453112 0.410365
0.506251 0.474821 0.486798
0.529655 0.347867 0.579599
0.511871 0.487818 0.535602
0.474628 0.387246 0.407702
0.411575 0.452454 0.484364
0.476007 0.476093 0.504157
0.463401 0.473104 0.419194
0.451995 0.476233 0.496514
0.402997 0.402848 0.477351
0.436261 0.473398 0.520353
0.417779 0.38897 0.462058
0.540429 0.488108 0.517696
0.523064 0.448472 0.572731
0.421197 0.454341 0.487463
0.480621 0.45928 0.494819
0.424604 0.359786 0.54043
0.409852 0.382564 0.472515
0.513089 0.464053 0.448622
0.441988 0.435022 0.538509
0.561538 0.462077 0.506389
0.532471 0.466397 0.439715
0.583882 0.39785 0.491023
0.569373 0.451272 0.499276
0.561416 0.45794 0.494997
0.476369 0.44143 0.409901
0.588379 0.358721 0.488068
0.578546 0.379148 0.462352
0.437909 0.357799 0.436421
0.491882 0.417736 0.584293
0.585426 0.348901 0.517919
0.424164 0.462604 0.466582
0.580286 0.426211 0.500563
0.534308 0.481068 0.523987
0.59006 0.355516 0.467243
0.500021 0.456027 0.417426
0.451692 0.467098 0.521508
0.569413 0.449934 0.478353
0.522064 0.4042 0.414275
0.440965 0.464307 0.500311
0.439806 0.44126 0.534353
0.54709 0.468828 0.50128
0.421057 0.385425 0.532569
0.506214 0.457328 0.478807
0.473642 0.458252 0.489856
0.51889 0.458492 0.476544
0.448382 0.466099 0.519922
0.522952 0.461483 0.479249
0.584422 0.394396 0.491066
0.576458 0.338738 0.528897
0.454001 0.396421 0.431555
0.482112 0.454737 0.513453
0.502201 0.448855 0.425397
0.416517 0.401895 0.47204
0.428 0.419272 0.460134
0.43057 0.397686 0.535384
0.456145 0.442352 0.429591
0.44315 0.370011 0.437644
0.581895 0.379132 0.506586
0.482255 0.43314 0.474629
0.51712 0.464835 0.538011
0.470608 0.441017 0.481264
0.567873 0.395438 0.459189
0.416253 0.410597 0.513039
0.488794 0.401274 0.582516
0.493183 0.335404 0.592963
0.528935 0.445954 0.472853
0.442644 0.390885 0.546237
0.511085 0.432034 0.418856
0.445604 0.44857 0.52427
0.518072 0.418039 0.570211
0.50084 0.445718 0.459068
0.511799 0.448682 0.455552
0.558015 0.443039 0.495973
0.528566 0.470899 0.517804
0.471431 0.352808 0.584191
0.595183 0.337442 0.472004
0.473703 0.344176 0.588702
0.566177 0.430417 0.518575
0.408975 0.3423 0.469588
0.425251 0.400273 0.530525
0.404137 0.353175 0.512611
0.435517 0.322598 0.56502
0.49674 0.413799 0.415515
0.500603 0.45844 0.542861
0.487252 0.435119 0.470257
0.432016 0.425126 0.518253
0.482572 0.443843 0.531919
0.583762 0.349732 0.492928
0.423398 0.415302 0.47244
0.523398 0.427953 0.426951
0.421522 0.345153 0.537239
0.522179 0.454441 0.533854
0.500174 0.389231 0.575511
0.5734 0.343335 0.527181
0.408656 0.35013 0.47748
0.490376 0.371036 0.582887
0.485925 0.41768 0.567162
0.532537 0.387178 0.557346
0.458395 0.440904 0.440026
0.542348 0.43322 0.531636
0.492766 0.374219 0.415237
0.477833 0.342606 0.408008
0.411422 0.36581 0.48537
0.46231 0.438362 0.533617
0.536935 0.440397 0.533602
0.483889 0.43289 0.49505
0.506899 0.440046 0.491726
0.552723 0.285572 0.571582
0.549194 0.441128 0.519576
0.515298 0.436427 0.432614
0.448918 0.435977 0.471175
0.558578 0.418 0.521645
0.556872 0.423524 0.480578
0.522227 0.448782 0.499396
0.490066 0.342928 0.409505
0.536718 0.374326 0.430765
0.489048 0.354117 0.587362
0.576144 0.394813 0.470105
0.478197 0.438199 0.547063
0.443323 0.328993 0.424535
0.565935 0.276994 0.566509
0.431543 0.410442 0.513933
0.521629 0.388693 0.424212
0.564909 0.393273 0.46677
0.522002 0.417584 0.549879
0.514718 0.338056 0.415168
0.417846 0.310125 0.542204
0.526185 0.430136 0.537124
0.508196 0.350663 0.417177
0.560979 0.387603 0.461488
0.476869 0.430427 0.51489
0.500145 0.42641 0.541741
0.44738 0.373984 0.441209
0.491857 0.371798 0.57673
0.436885 0.40281 0.458675
0.514888 0.422681 0.484499
0.422785 0.275709 0.573827
0.568005 0.370248 0.521535
0.471962 0.418308 0.431035
0.522763 0.422296 0.440434
0.511806 0.41722 0.469103
0.460755 0.429667 0.518069
0.437087 0.387692 0.535467
0.478137 0.344775 0.411946
0.462265 0.414213 0.469582
0.475443 0.413418 0.461054
0.496554 0.336843 0.413173
0.510974 0.421689 0.438189
0.405109 0.307989 0.504618
0.58244 0.267085 0.418578
0.415781 0.369027 0.51254
0.410745 0.268147 0.418244
0.501539 0.354528 0.417034
0.588883 0.315053 0.464602
0.508066 0.420313 0.453186
0.517683 0.443764 0.519473
0.48412 0.362371 0.581106
0.435311 0.389257 0.465025
0.525179 0.397619 0.438056
0.464713 0.405621 0.495926
0.529001 0.386386 0.550405
0.461512 0.291464 0.592534
0.582813 0.282877 0.53783
0.4272 0.377257 0.470453
0.429746 0.313368 0.556952
0.564566 0.3828 0.482787
0.585635 0.291799 0.497945
0.481635 0.319148 0.590302
0.436075 0.397028 0.489841
0.474616 0.41073 0.504953
0.471024 0.407756 0.539718
0.589507 0.31511 0.476244
0.416393 0.276468 0.419294
0.509288 0.400164 0.470946
0.462688 0.409591 0.532079
0.477205 0.389774 0.560514
0.422466 0.371089 0.485123
0.592411 0.287621 0.47747
0.45321 0.285014 0.59108
0.521867 0.416817 0.535022
0.46083 0.403714 0.492506
0.47585 0.337727 0.582981
0.505383 0.401277 0.483835
0.481933 0.415645 0.525908
0.501153 0.278905 0.592578
0.530142 0.348982 0.564219
0.504562 0.399749 0.482637
0.533894 0.40282 0.464551
0.590754 0.307251 0.477093
0.549995 0.395518 0.493732
0.487287 0.317235 0.589339
0.461238 0.329745 0.576627
0.5646 0.377027 0.490429
0.440424 0.365973 0.455574
0.458416 0.257987 0.598821
0.431864 0.25574 0.591372
0.568218 0.345621 0.520114
0.461461 0.394889 0.529749
0.568419 0.293991 0.543642
0.446397 0.384226 0.473119
0.443909 0.37744 0.459601
0.520576 0.36107 0.431056
0.52094 0.371448 0.434925
0.502653 0.405578 0.512982
0.519613 0.309235 0.415477
0.531018 0.403191 0.521343
0.431894 0.348142 0.537043
0.512223 0.386557 0.549328
0.436892 0.36 0.536683
0.518923 0.378582 0.55554
0.539871 0.38062 0.461878
0.42999 0.324163 0.54692
0.546388 0.378781 0.526372
0.528087 0.399309 0.501386
0.462774 0.387132 0.4963
0.505166 0.340409 0.574202
0.480434 0.302499 0.592139
0.567196 0.339547 0.460943
0.435198 0.344282 0.542684
0.565842 0.347898 0.52233
0.583303 0.304901 0.489595
0.488452 0.370083 0.559987
0.541479 0.39066 0.523568
0.429156 0.356257 0.464421
0.450758 0.390732 0.50706
0.587299 0.281745 0.486861
0.541889 0.296552 0.415864
0.454961 0.365605 0.442151
0.53944 0.384142 0.473383
0.445122 0.348617 0.545278
0.454545 0.319936 0.423761
0.505648 0.367443 0.462884
0.579509 0.300966 0.522773
0.549982 0.366351 0.51696
0.555887 0.293057 0.553894
0.518877 0.317864 0.573506
0.514063 0.303579 0.417219
0.52533 0.369239 0.467107
0.465399 0.297476 0.410862
0.480919 0.357247 0.559089
0.534205 0.365938 0.480589
0.51608 0.365526 0.473408
0.45401 0.365766 0.469768
0.584488 0.273497 0.507617
0.444136 0.312847 0.566444
0.469001 0.358937 0.483529
0.525773 0.356422 0.554064
0.541709 0.364054 0.486228
0.472958 0.37457 0.538996
0.484796 0.368695 0.445081
0.473061 0.37845 0.531479
0.571633 0.324916 0.498818
0.475248 0.320332 0.417211
0.552593 0.347044 0.53046
0.429933 0.340328 0.46008
0.531108 0.362843 0.452478
0.494901 0.338326 0.569588
0.451819 0.379356 0.522236
0.44655 0.365548 0.492065
0.55811 0.353567 0.49569
0.515965 0.346348 0.565363
0.550704 0.358328 0.525375
0.525186 0.38877 0.527355
0.547359 0.361114 0.48718
0.462333 0.319697 0.575665
0.433624 0.332099 0.484322
0.450432 0.336609 0.441676
0.408996 0.268882 0.511557
0.591905 0.256802 0.529512
0.471014 0.359374 0.51113
0.54474 0.286982 0.564582
0.422303 0.309977 0.488424
0.43147 0.289941 0.563913
0.525139 0.357383 0.494551
0.567762 0.251985 0.578602
0.452433 0.236272 0.599034
0.540926 0.34769 0.533369
0.49614 0.295356 0.416352
0.485494 0.324941 0.570263
0.467114 0.345416 0.489083
0.440314 0.24832 0.594144
0.404762 0.247088 0.415944
0.52246 0.347049 0.475469
0.488733 0.260204 0.402647
0.565897 0.312017 0.528812
0.440914 0.282854 0.577575
0.481699 0.308271 0.580097
0.453105 0.345244 0.448999
0.470755 0.352054 0.451251
0.543101 0.34858 0.476388
0.429722 0.339284 0.514746
0.504629 0.373051 0.527118
0.406556 0.27186 0.460793
0.408318 0.268498 0.498889
0.527787 0.351984 0.463734
0.50256 0.347813 0.553921
0.414239 0.268409 0.423266
0.515905 0.24533 0.592863
0.503991 0.347492 0.467646
0.478607 0.359129 0.536308
0.531123 0.348792 0.488599
0.43347 0.319098 0.474883
0.534997 0.250301 0.588628
0.545872 0.281335 0.416613
0.426948 0.31309 0.525348
0.478331 0.32846 0.470003
0.535126 0.275467 0.574616
0.443956 0.330774 0.4978
0.448402 0.331878 0.453267
0.494895 0.335003 0.451914
0.506579 0.348901 0.506592
0.479605 0.346496 0.529447
0.456866 0.331358 0.467633
0.566955 0.294061 0.436213
0.455527 0.292066 0.577254
0.595227 0.221987 0.574839
0.456078 0.34277 0.533198
0.426854 0.308653 0.492761
0.442166 0.291424 0.569876
0.449505 0.261001 0.405364
0.50194 0.287039 0.417219
0.556612 0.299496 0.433009
0.500307 0.32537 0.48735
0.425879 0.306935 0.476927
0.481477 0.3474 0.527724
0.469381 0.344537 0.514543
0.527401 0.242863 0.592779
0.411227 0.264658 0.528362
0.486526 0.343933 0.535096
0.529441 0.334494 0.493036
0.577787 0.278295 0.495801
0.589656 0.255154 0.523901
0.465629 0.328162 0.473761
0.549133 0.253885 0.583332
0.583372 0.263451 0.479617
0.480538 0.26725 0.590317
0.513364 0.32909 0.468684
0.439479 0.241588 0.591625
0.53955 0.264694 0.409938
0.454985 0.311748 0.476906
0.4365 0.31324 0.530622
0.586389 0.259946 0.461336
0.528575 0.260043 0.581251
0.519536 0.270255 0.412498
0.525055 0.259137 0.406637
0.498461 0.305563 0.483881
0.438161 0.307269 0.490046
0.455286 0.2853 0.575563
0.466168 0.330588 0.527467
0.540054 0.293796 0.553785
0.476821 0.308204 0.483138
0.473398 0.320582 0.550327
0.46009 0.310134 0.560804
0.551247 0.29406 0.430475
0.422487 0.283385 0.484465
0.57629 0.272007 0.511474
0.418309 0.265575 0.425489
0.505568 0.312759 0.554187
0.506585 0.34068 0.519684
0.487569 0.24082 0.400185
0.480969 0.309302 0.563264
0.460353 0.313531 0.437642
0.536616 0.309494 0.481614
0.570736 0.291876 0.446696
0.597151 0.227106 0.423107
0.495141 0.310976 0.469296
0.475942 0.316351 0.460127
0.523091 0.230654 0.596068
0.535299 0.330721 0.512937
0.520737 0.321245 0.453954
0.555628 0.261172 0.410594
0.594495 0.239883 0.449203
0.424732 0.262794 0.569147
0.436112 0.299204 0.506755
0.540244 0.287392 0.428017
0.533284 0.312129 0.527543
0.445784 0.30605 0.536736
0.492543 0.301115 0.441884
0.521892 0.243297 0.586609
0.417852 0.265006 0.514648
0.430798 0.266932 0.567705
0.498168 0.31784 0.517797
0.557377 0.295578 0.477092
0.408087 0.234646 0.411092
0.470142 0.232994 0.397594
0.526588 0.310075 0.503364
0.499397 0.241799 0.586938
0.530338 0.315995 0.514287
0.459542 0.258026 0.58332
0.494072 0.305256 0.544676
0.407075 0.210607 0.599594
0.513116 0.302342 0.444374
0.517749 0.290659 0.429008
0.461168 0.300753 0.494333
0.513512 0.295603 0.554827
0.546663 0.30424 0.522026
0.475653 0.236264 0.59034
0.449676 0.305055 0.54366
0.535136 0.292125 0.549438
0.531907 0.316702 0.519511
0.500732 0.303989 0.49957
0.459747 0.303477 0.440796
0.565099 0.264836 0.419798
0.476676 0.302586 0.453216
0.435781 0.27323 0.567095
0.493535 0.304066 0.501649
0.526193 0.315793 0.529944
0.508798 0.30394 0.497791
0.510603 0.290083 0.483555
0.433692 0.280309 0.436171
0.543212 0.290477 0.443719
0.435356 0.225288 0.395087
0.455369 0.293246 0.543357
0.397934 0.229162 0.429039
0.514585 0.226322 0.591482
0.497606 0.281354 0.431262
0.509373 0.299008 0.529758
0.498991 0.28219 0.556573
0.481417 0.287502 0.448104
0.580085 0.258383 0.455899
0.480925 0.27999 0.474007
0.511731 0.286951 0.45105
0.530683 0.283292 0.49024
0.410557 0.238477 0.486352
0.453716 0.209505 0.59765
0.430561 0.276091 0.476812
0.402149 0.219885 0.500322
0.463024 0.28373 0.561789
0.431914 0.278431 0.435928
0.601465 0.20836 0.42927
0.520782 0.218191 0.59709
0.418923 0.260977 0.467451
0.472043 0.256933 0.414885
0.430062 0.279051 0.468251
0.545701 0.291309 0.447082
0.506187 0.258655 0.416253
0.407205 0.221702 0.584581
0.409279 0.227783 0.406947
0.463794 0.259019 0.578133
0.419609 0.257713 0.502058
0.505807 0.258105 0.415934
0.465493 0.283534 0.56217
0.507014 0.27997 0.466392
0.435899 0.276447 0.554696
0.401749 0.201079 0.604392
0.432774 0.250961 0.419357
0.455564 0.216586 0.393009
0.589225 0.216248 0.486129
0.479829 0.27537 0.531235
0.409544 0.223277 0.579582
0.505907 0.210884 0.596047
0.520317 0.274999 0.442391
0.535751 0.223836 0.398758
0.470136 0.275109 0.506941
0.413081 0.233187 0.571698
0.40822 0.213499 0.589958
0.577154 0.216054 0.589084
0.584991 0.231983 0.460472
0.497102 0.270457 0.498275
0.533727 0.234653 0.583411
0.476404 0.274888 0.546085
0.456142 0.272246 0.559992
0.495923 0.226415 0.40234
0.402794 0.228412 0.558841
0.566148 0.255744 0.491114
0.537486 0.268004 0.469459
0.550798 0.267269 0.501904
0.398855 0.209738 0.49389
0.488055 0.270445 0.503873
0.537346 0.275678 0.51134
0.467292 0.277777 0.511533
0.39447 0.219182 0.427537
0.494069 0.266168 0.4696
0.545177 0.205333 0.605079
0.501437 0.248156 0.415755
0.501209 0.267542 0.490675
0.563767 0.264078 0.473598
0.494328 0.273359 0.546904
0.584853 0.222986 0.480412
0.428508 0.22016 0.395226
0.586815 0.221839 0.568995
0.434991 0.262264 0.536145
0.45532 0.235276 0.411078
0.48412 0.25742 0.551617
0.486924 0.259163 0.533398
0.516359 0.246548 0.565366
0.497025 0.198349 0.599709
0.401615 0.222886 0.553446
0.427687 0.242469 0.569166
0.468799 0.262986 0.542675
0.530741 0.259054 0.545953
0.584391 0.220115 0.42144
0.587583 0.219571 0.456965
0.567026 0.212683 0.393773
0.523911 0.214803 0.399439
0.408923 0.230955 0.545554
0.475346 0.249206 0.569334
0.585892 0.216202 0.483391
0.491387 0.260079 0.517411
0.544608 0.251857 0.476526
0.478255 0.256254 0.499109
0.480081 0.214387 0.397714
0.560629 0.251402 0.531616
0.466283 0.253468 0.424512
0.483954 0.258546 0.531054
0.532555 0.257849 0.428145
0.461743 0.203197 0.594845
0.572161 0.239101 0.514552
0.605014 0.197281 0.551044
0.503493 0.23986 0.572582
0.603666 0.19546 0.582349
0.444319 0.26563 0.544648
0.447468 0.26965 0.519665
0.458932 0.216268 0.396685
0.563448 0.229604 0.408248
0.549308 0.261371 0.458676
0.486508 0.252465 0.481308
0.430756 0.246484 0.463109
0.454022 0.247068 0.42706
0.581044 0.209 0.407715
0.494485 0.246314 0.536847
0.427964 0.244831 0.549523
0.487015 0.188001 0.603521
0.497104 0.242917 0.461537
0.515248 0.252227 0.528167
0.463143 0.216186 0.582941
0.463575 0.25092 0.528707
0.548063 0.246174 0.459414
0.600566 0.196305 0.527609
0.538338 0.247888 0.539147
0.555733 0.241791 0.507247
0.486069 0.243505 0.516352
0.472636 0.208924 0.586049
0.519348 0.213144 0.404431
0.479527 0.239424 0.423429
0.478965 0.189093 0.600965
0.585776 0.212192 0.503345
0.424313 0.241147 0.539928
0.571674 0.218832 0.579277
0.525189 0.240195 0.561502
0.478021 0.239774 0.565769
0.516879 0.246041 0.544919
0.470847 0.245562 0.47332
0.539675 0.221422 0.406978
0.507227 0.242282 0.42617
0.467063 0.2494 0.541795
0.4879 0.245479 0.53576
0.591906 0.191248 0.386032
0.520828 0.227374 0.575892
0.422411 0.23623 0.462846
0.527705 0.249324 0.53732
0.468872 0.247738 0.515755
0.587256 0.192356 0.605622
0.425302 0.18906 0.606247
0.473988 0.233186 0.524041
0.503739 0.231555 0.456629
0.530584 0.231777 0.498849
0.429004 0.22939 0.475687
0.485031 0.181876 0.607395
0.568925 0.226239 0.464552
0.596784 0.198698 0.543797
0.608389 0.182077 0.386099
0.480351 0.211112 0.40716
0.4864 0.235973 0.446324
0.583436 0.200094 0.403072
0.524613 0.222644 0.473863
0.411535 0.212178 0.51039
0.392578 0.198991 0.574845
0.513577 0.235341 0.433921
0.492014 0.232893 0.523101
0.493712 0.2072 0.404409
0.504853 0.223125 0.569382
0.43152 0.215815 0.406221
0.408153 0.216761 0.551478
0.398508 0.202694 0.527206
0.560324 0.227239 0.567789
0.51664 0.224302 0.470545
0.578909 0.209626 0.416717
0.487296 0.23557 0.448024
0.595377 0.198558 0.443332
0.452601 0.242954 0.443836
0.412326 0.20786 0.580516
0.60471 0.185361 0.513215
0.465349 0.23693 0.463483
0.463722 0.206992 0.584099
0.567677 0.227255 0.523232
0.5434 0.233646 0.506879
0.4299 0.230157 0.489843
0.536717 0.237415 0.519109
0.424697 0.198492 0.590059
0.589389 0.196703 0.486937
0.453924 0.227233 0.551901
0.565038 0.21605 0.486198
0.434425 0.218099 0.418247
0.472916 0.185394 0.385431
0.596368 0.191675 0.478076
0.397977 0.195909 0.398532
0.5579 0.224354 0.556095
0.406409 0.205686 0.540761
0.521137 0.189662 0.599608
0.475987 0.220487 0.52632
0.605562 0.184436 0.489241
0.586231 0.200022 0.519627
0.540095 0.220531 0.45417
0.533644 0.18748 0.605339
0.50994 0.192313 0.396967
0.608245 0.178828 0.519879
0.453414 0.217071 0.571491
0.579019 0.205839 0.47363
0.56261 0.191844 0.605808
0.428993 0.226559 0.434662
0.545094 0.188193 0.382807
0.525729 0.216542 0.568501
0.489583 0.218596 0.471565
0.612905 0.176209 0.528461
0.481493 0.223785 0.452828
0.532187 0.224474 0.534866
0.557431 0.221764 0.565251
0.433484 0.225732 0.561121
0.550171 0.22315 0.447514
0.521796 0.219117 0.426438
0.384386 0.18257 0.516559
0.419007 0.214382 0.524155
0.426779 0.222935 0.533892
0.520024 0.215853 0.494377
0.425718 0.21498 0.440062
0.488265 0.208409 0.424516
0.51908 0.192915 0.585792
0.589771 0.191409 0.466979
0.546548 0.185389 0.605895
0.471185 0.179648 0.383696
0.521399 0.187013 0.594552
0.551914 0.213165 0.517836
0.523287 0.204351 0.461725
0.421827 0.20339 0.481276
0.608129 0.180125 0.478175
0.574571 0.200298 0.579062
0.477336 0.209094 0.561362
0.506544 0.195103 0.409007
0.62443 0.172677 0.604422
0.553054 0.213222 0.517931
0.615452 0.176727 0.577719
0.504341 0.206297 0.506318
0.468818 0.215693 0.442828
0.382017 0.179235 0.535537
0.555403 0.20844 0.491722
0.451943 0.213448 0.515482
0.454256 0.213022 0.501313
0.551593 0.20085 0.408566
0.393496 0.189523 0.396066
0.508763 0.207097 0.511751
0.385086 0.181074 0.592187
0.507683 0.209419 0.545934
0.535963 0.194112 0.589562
0.61034 0.180631 0.433746
0.482297 0.184153 0.596346
0.490772 0.211568 0.429454
0.467309 0.216098 0.441558
0.535457 0.190074 0.394736
0.516406 0.20934 0.521019
0.381974 0.181301 0.576132
0.42061 0.185482 0.592017
0.508391 0.198714 0.529372
0.435278 0.194682 0.407575
0.399822 0.190424 0.422667
0.546528 0.200733 0.51334
0.46832 0.174761 0.381869
0.616932 0.173447 0.603364
0.405692 0.188987 0.53374
0.44326 0.203456 0.490634
0.439892 0.194315 0.580374
0.534538 0.194491 0.464307
0.557904 0.200654 0.449207
0.457474 0.201242 0.489383
0.578308 0.187463 0.406236
0.522053 0.196036 0.422919
0.608876 0.176471 0.594051
0.577372 0.191839 0.476878
0.522081 0.190996 0.489469
0.49362 0.185219 0.402065
0.45053 0.206631 0.431208
0.544411 0.197727 0.499177
0.49266 0.196926 0.462133
0.485606 0.196266 0.506025
0.597327 0.182158 0.539098
0.4645 0.199891 0.486037
0.529835 0.192667 0.489341
0.444312 0.184891 0.391911
0.446708 0.202391 0.565546
0.48707 0.178676 0.389236
0.500036 0.186433 0.404989
0.576422 0.194905 0.441636
0.423596 0.203928 0.439976
0.38872 0.178858 0.515139
0.552248 0.188052 0.594353
0.483212 0.195873 0.492869
0.574207 0.194284 0.491882
0.420694 0.187896 0.508962
0.530242 0.181638 0.406294
0.586417 0.18154 0.463674
0.442351 0.16897 0.37457
0.551616 0.190569 0.426937
0.465341 0.169968 0.379542
0.45139 0.175091 0.604315
0.488861 0.189416 0.547366
0.592836 0.17728 0.521135
0.468875 0.192287 0.449133
0.465819 0.19274 0.449818
0.537509 0.192124 0.547929
0.423412 0.187716 0.410916
0.410044 0.182743 0.404243
0.434199 0.192528 0.478681
0.40618 0.185718 0.420683
0.545448 0.169006 0.61918
0.542562 0.184498 0.472216
0.524935 0.171452 0.605667
0.51243 0.18971 0.561617
0.534731 0.187411 0.507211
0.535496 0.181175 0.403303
0.518283 0.18694 0.514318
0.398892 0.184153 0.436206
0.519294 0.183348 0.579072
0.553888 0.187981 0.465653
0.502892 0.19119 0.434725
0.376131 0.169303 0.594747
0.435803 0.196861 0.427528
0.381619 0.166181 0.622775
0.437402 0.19286 0.515164
0.591908 0.180159 0.447534
0.558485 0.181217 0.597747
0.568535 0.19359 0.555688
0.443203 0.194298 0.464953
0.530834 0.181611 0.406047
0.416918 0.182735 0.424629
0.554109 0.181066 0.519006
0.497559 0.179201 0.520074
0.489713 0.176989 0.578501
0.556653 0.181245 0.579677
0.462129 0.165496 0.376655
0.54073 0.167604 0.612466
0.576011 0.182315 0.567369
0.502527 0.180494 0.550648
0.49247 0.180513 0.554232
0.382086 0.17155 0.432162
0.520941 0.17551 0.409746
0.393304 0.172308 0.580004
0.48378 0.173234 0.403974
0.580318 0.178228 0.537964
0.454157 0.180785 0.49059
0.508283 0.177717 0.508105
0.564701 0.181027 0.45173
0.55532 0.185107 0.56362
0.585326 0.176063 0.452329
0.524671 0.179713 0.516354
0.586723 0.173948 0.59182
0.556488 0.18161 0.523398
0.440932 0.180522 0.576393
0.587313 0.175799 0.42417
0.578964 0.178689 0.436956
0.565497 0.179499 0.476864
0.565002 0.170243 0.615202
0.374177 0.164387 0.462189
0.51951 0.173655 0.58593
0.534553 0.170293 0.601262
0.522544 0.175616 0.459053
0.48393 0.181397 0.429793
0.591496 0.172059 0.522329
0.393057 0.175962 0.429114
0.485224 0.180722 0.561859
0.414492 0.170016 0.580888
0.555947 0.173862 0.540196
0.624694 0.162193 0.612132
0.501846 0.167952 0.587415
0.440703 0.174922 0.564371
0.447902 0.163119 0.376646
0.392165 0.165084 0.49636
0.438442 0.1731 0.521672
0.504104 0.164007 0.60469
0.391096 0.165669 0.532531
0.600553 0.165113 0.483438
0.533315 0.169256 0.497652
0.63036 0.156797 0.507055
0.523395 0.172795 0.538346
0.416441 0.170805 0.498904
0.451812 0.171969 0.51453
0.423358 0.173895 0.414779
0.556094 0.169424 0.594362
0.480611 0.169342 0.460534
0.470112 0.170928 0.457913
0.45484 0.175109 0.436271
0.602834 0.162536 0.37469
0.38136 0.165901 0.434095
0.433667 0.160361 0.623394
0.575012 0.174253 0.572668
0.587263 0.168943 0.541105
0.526376 0.165557 0.596656
0.446829 0.17414 0.460507
0.578209 0.171757 0.426747
0.377747 0.162616 0.536576
0.460444 0.171093 0.413865
0.365698 0.157703 0.521943
0.440327 0.173212 0.500597
0.557651 0.17343 0.43261
0.544644 0.170639 0.502598
0.614893 0.164191 0.449496
0.411369 0.162972 0.490353
0.584572 0.161775 0.397771
0.521887 0.162149 0.404498
0.554538 0.165473 0.542843
0.442581 0.165254 0.467209
0.443913 0.158293 0.373033
0.485274 0.161669 0.499252
0.53166 0.165401 0.540949
0.403535 0.157944 0.366631
0.417059 0.160383 0.3786
0.520863 0.16002 0.467923
0.512371 0.157757 0.616618
0.602682 0.161623 0.416548
0.608456 0.159131 0.543451
0.577611 0.165663 0.566498
0.497721 0.161088 0.596267
0.379345 0.160614 0.568436
0.580219 0.164847 0.576309
0.512738 0.163148 0.41502
0.544274 0.159928 0.60824
0.43895 0.166944 0.442996
0.382032 0.160362 0.583736
0.420457 0.166701 0.44098
0.482353 0.161859 0.507546
0.375927 0.160006 0.404787
0.619672 0.156591 0.515006
0.596374 0.158488 0.372376
0.367977 0.155803 0.478268
0.523045 0.160119 0.466676
0.522305 0.16274 0.501954
0.569181 0.164027 0.498537
0.55792 0.16516 0.534157
0.630098 0.157307 0.593197
0.580831 0.160964 0.385197
0.502144 0.160694 0.467826
0.569069 0.158008 0.628299
0.406203 0.155299 0.377788
0.587412 0.156585 0.416147
0.368872 0.153151 0.490564
0.570595 0.157639 0.550306
0.593464 0.156216 0.447786
0.428052 0.154482 0.372482
0.608911 0.154255 0.371081
0.375914 0.153836 0.49185
0.402636 0.156659 0.416297
0.592531 0.153678 0.633032
0.474414 0.155524 0.521804
0.52458 0.156669 0.436571
0.580498 0.155173 0.618656
0.369376 0.154196 0.409527
0.39785 0.155415 0.525139
0.500468 0.15309 0.629952
0.568015 0.156814 0.465842
0.571286 0.157213 0.453504
0.425514 0.157582 0.579501
0.413159 0.153815 0.622409
0.645479 0.151578 0.639516
0.387536 0.152404 0.639452
0.509721 0.153236 0.62691
0.476319 0.156458 0.549463
0.64427 0.15243 0.5686
0.630563 0.152867 0.634807
0.55453 0.156683 0.502165
0.517841 0.155544 0.594268
0.464351 0.157132 0.425316
0.36781 0.15346 0.442742
0.489352 0.157026 0.575904
0.391896 0.154467 0.608567
0.5834 0.155823 0.390553
0.545428 0.157602 0.567497
0.384226 0.155201 0.549055
0.422088 0.157027 0.50426
0.403121 0.15 0.555441
0.591487 0.15 0.435623
0.502431 0.15 0.586048
0.588072 0.15 0.558618
0.461441 0.15 0.426376
0.410802 0.15 0.37147
0.442847 0.15 0.533084
0.505782 0.15 0.437985
0.3989 0.15 0.468217
0.480073 0.15 0.607042
0.422787 0.15 0.582926
0.538458 0.15 0.539822
0.554343 0.15 0.53746
0.410637 0.15 0.565741
0.499785 0.15 0.479734
0.5032 0.15 0.363999
0.474598 0.15 0.354111
0.560807 0.15 0.61758
0.629052 0.15 0.462265
0.570905 0.15 0.636532
0.565696 0.15 0.548199
0.396382 0.15 0.397545
0.608306 0.15 0.529046
0.470551 0.15 0.596605
0.631469 0.15 0.443716
0.638739 0.15 0.461496
0.510305 0.15 0.641165
0.38101 0.15 0.421276
0.39977 0.15 0.38014
0.500325 0.15 0.379426
0.402699 0.15 0.362452
0.510369 0.15 0.387529
0.536178 0.15 0.471375
0.507759 0.15 0.466449
0.555478 0.15 0.637283
0.562647 0.15 0.371873
