2088 0.012625
0.383979 0.270435 0.387023
0.434122 0.226049 0.33494
0.462377 0.192477 0.318855
0.496071 0.18571 0.318965
0.524388 0.188786 0.329446
0.555775 0.225439 0.347729
0.341463 0.223456 0.429929
0.347654 0.282093 0.34916
0.435569 0.288642 0.296859
0.499261 0.2768 0.284364
0.573839 0.289242 0.311165
0.634478 0.260571 0.365371
0.337258 0.205814 0.466266
0.293232 0.280843 0.431593
0.421576 0.400039 0.415502
0.501629 0.39828 0.409514
0.600547 0.394405 0.425366
0.696763 0.253249 0.436044
0.327125 0.195825 0.492324
0.288249 0.27607 0.505967
0.424095 0.401785 0.502413
0.507356 0.399084 0.500315
0.604964 0.389442 0.502538
0.706843 0.239771 0.505247
0.336628 0.203176 0.523877
0.3153 0.273421 0.581315
0.423286 0.380908 0.612685
0.498566 0.383205 0.613386
0.59197 0.38184 0.596597
0.686549 0.237125 0.562661
0.355415 0.258047 0.564253
0.373718 0.235169 0.620639
0.4353 0.242633 0.678731
0.498736 0.240734 0.700254
0.560664 0.260562 0.691696
0.633936 0.258302 0.623717
0.36099 0.247108 0.363843
0.357194 0.251406 0.56735
0.284555 0.247613 0.510551
0.593792 0.392787 0.494888
0.442175 0.332512 0.673504
0.537355 0.188079 0.316175
0.35098 0.220385 0.576314
0.367201 0.257691 0.578703
0.660526 0.204028 0.482496
0.470776 0.17727 0.295513
0.609888 0.259312 0.608326
0.644646 0.264878 0.628546
0.509693 0.302164 0.698898
0.498898 0.399211 0.53822
0.619093 0.385993 0.466639
0.660881 0.20901 0.46861
0.315527 0.199592 0.540211
0.402349 0.256636 0.366449
0.531682 0.224597 0.688973
0.366285 0.228096 0.608217
0.353198 0.254651 0.634774
0.40884 0.37635 0.615921
0.326185 0.201527 0.546178
0.527233 0.373678 0.630046
0.404849 0.250958 0.624111
0.668108 0.196893 0.56136
0.535335 0.393628 0.54992
0.435987 0.257723 0.686073
0.656805 0.23068 0.591703
0.455042 0.401605 0.501405
0.481268 0.198034 0.683353
0.667951 0.216083 0.574998
0.580857 0.396052 0.475134
0.647837 0.220261 0.571557
0.513096 0.23173 0.695001
0.332176 0.214164 0.425194
0.344457 0.22219 0.582465
0.296255 0.237388 0.427311
0.647599 0.289701 0.62889
0.690091 0.249224 0.424987
0.450823 0.400785 0.422588
0.536473 0.188125 0.313535
0.47119 0.24091 0.701057
0.468132 0.190829 0.67175
0.568443 0.393835 0.529025
0.519812 0.39813 0.498945
0.539192 0.20267 0.660054
0.627638 0.319869 0.346687
0.474175 0.398767 0.467637
0.705537 0.267597 0.53538
0.382974 0.374839 0.596814
0.315313 0.282511 0.575137
0.675219 0.214327 0.40872
0.406156 0.238187 0.630837
0.653678 0.312098 0.617181
0.468562 0.399507 0.441503
0.361771 0.234637 0.612767
0.508669 0.39845 0.468536
0.333829 0.272629 0.622283
0.651304 0.321242 0.372777
0.450163 0.3987 0.407027
0.327918 0.19498 0.518042
0.662471 0.264361 0.613422
0.373875 0.240125 0.591239
0.529765 0.210316 0.65896
0.68436 0.202602 0.46407
0.662558 0.25938 0.38852
0.530395 0.28874 0.702355
0.427693 0.295924 0.678907
0.323816 0.199503 0.542058
0.446113 0.312149 0.68395
0.638921 0.256637 0.617662
0.286636 0.201646 0.457497
0.283634 0.212011 0.456761
0.421734 0.221541 0.316403
0.694751 0.219483 0.441344
0.687703 0.203237 0.436372
0.529285 0.193085 0.30216
0.699943 0.233909 0.450714
0.669378 0.238334 0.588736
0.553123 0.332954 0.671083
0.279795 0.242571 0.459253
0.509494 0.254147 0.281853
0.692926 0.289095 0.540579
0.433845 0.270016 0.292866
0.638971 0.219999 0.379537
0.583914 0.394118 0.502688
0.341076 0.249796 0.625445
0.524758 0.249058 0.701728
0.282659 0.216689 0.497028
0.473958 0.395649 0.392171
0.669962 0.20433 0.477614
0.69991 0.214221 0.497604
0.52576 0.392883 0.565829
0.514554 0.398394 0.441875
0.675595 0.34117 0.464422
0.438751 0.211437 0.662706
0.381648 0.260007 0.382929
0.574812 0.34325 0.326193
0.562565 0.383405 0.369193
0.482203 0.233673 0.698686
0.454857 0.274027 0.28616
0.530636 0.39717 0.50064
0.618517 0.2385 0.37817
0.421044 0.222515 0.332213
0.692435 0.207979 0.448614
0.612902 0.235415 0.371637
0.418318 0.40202 0.446626
0.408107 0.264304 0.627117
0.280174 0.209989 0.485231
0.62451 0.383865 0.457705
0.681689 0.202288 0.454953
0.485974 0.332949 0.303497
0.518951 0.201691 0.293264
0.431471 0.218935 0.654221
0.387492 0.39049 0.542844
0.526446 0.201848 0.675308
0.670217 0.323182 0.399615
0.437586 0.400126 0.415602
0.566355 0.210894 0.654771
0.393288 0.241709 0.647954
0.306469 0.223338 0.546353
0.661444 0.210629 0.463759
0.381206 0.239471 0.630959
0.337046 0.366023 0.495056
0.387916 0.251171 0.371707
0.39135 0.236132 0.620057
0.503255 0.398432 0.473315
0.544658 0.29402 0.29772
0.53057 0.288562 0.701999
0.572803 0.218805 0.345702
0.652691 0.361656 0.522913
0.338639 0.367384 0.491127
0.321922 0.188444 0.480625
0.492313 0.372461 0.635379
0.31736 0.264567 0.593983
0.341973 0.334185 0.609599
0.570761 0.224351 0.650386
0.372314 0.282704 0.651592
0.456718 0.383491 0.362325
0.662746 0.209896 0.460496
0.54765 0.224355 0.64677
0.528964 0.393843 0.392305
0.566741 0.214216 0.653584
0.296864 0.240525 0.539831
0.288598 0.230073 0.51556
0.320516 0.2511 0.60062
0.665306 0.208291 0.464773
0.338531 0.222989 0.424067
0.505079 0.206716 0.288305
0.675678 0.339976 0.490025
0.68484 0.324702 0.459604
0.54278 0.239417 0.296236
0.449648 0.30364 0.297482
0.300032 0.301199 0.517514
0.686015 0.255357 0.41858
0.293899 0.259918 0.537057
0.38394 0.296077 0.323552
0.443018 0.306759 0.299917
0.415408 0.233289 0.639042
0.644804 0.220187 0.38885
0.319566 0.19261 0.517329
0.708219 0.250685 0.505324
0.318385 0.18946 0.487863
0.431616 0.239856 0.672929
0.521955 0.210399 0.664715
0.32085 0.275457 0.596977
0.607762 0.36738 0.613052
0.422886 0.218975 0.320872
0.361287 0.245579 0.576727
0.435206 0.275133 0.293819
0.5572 0.226319 0.312556
0.31036 0.187695 0.508184
0.398854 0.316259 0.664817
0.621494 0.231472 0.375505
0.708106 0.25347 0.517954
0.696652 0.244366 0.548149
0.575447 0.388565 0.573471
0.303502 0.275388 0.551509
0.377303 0.390466 0.501906
0.317837 0.249167 0.389784
0.301019 0.237611 0.545427
0.521266 0.188325 0.308368
0.324162 0.193964 0.469221
0.516472 0.224195 0.287653
0.488774 0.212574 0.28417
0.426691 0.227451 0.334159
0.338525 0.310286 0.359621
0.564515 0.388494 0.382318
0.635212 0.23089 0.389805
0.33767 0.212963 0.544388
0.686665 0.211977 0.547041
0.32326 0.199022 0.449384
0.455083 0.365276 0.644379
0.54045 0.19284 0.323106
0.428388 0.213822 0.321159
0.547657 0.317896 0.681778
0.656377 0.212441 0.407952
0.501881 0.213448 0.286558
0.537607 0.395763 0.502854
0.306742 0.18786 0.505326
0.568478 0.276023 0.308045
0.502651 0.398658 0.421697
0.562686 0.260717 0.689699
0.306583 0.267196 0.563968
0.311798 0.20757 0.431432
0.310058 0.291858 0.556144
0.318498 0.344137 0.499487
0.709015 0.253138 0.469651
0.695079 0.293101 0.52523
0.611372 0.390155 0.420205
0.358919 0.26028 0.640372
0.536282 0.210782 0.680374
0.500992 0.38576 0.363559
0.56762 0.224005 0.674291
0.562347 0.205527 0.329202
0.367934 0.230257 0.59978
0.413311 0.237209 0.327384
0.348287 0.349806 0.379605
0.357022 0.313884 0.342931
0.524562 0.353537 0.657492
0.485867 0.214774 0.283738
0.499433 0.185762 0.302546
0.521379 0.379094 0.349907
0.332225 0.358632 0.465527
0.287717 0.221995 0.509133
0.640028 0.355071 0.583467
0.573821 0.219799 0.333012
0.606583 0.242659 0.627102
0.611095 0.365115 0.612824
0.412264 0.380492 0.365862
0.454258 0.398038 0.407161
0.485733 0.397641 0.406254
0.369964 0.247819 0.375645
0.528701 0.201063 0.672123
0.579022 0.221179 0.341885
0.669344 0.19926 0.512075
0.594579 0.238571 0.652263
0.581624 0.396438 0.449116
0.705112 0.237435 0.471062
0.47608 0.185611 0.310023
0.353366 0.278575 0.34721
0.463689 0.260462 0.701585
0.67063 0.193702 0.513953
0.559041 0.392344 0.535609
0.383767 0.393107 0.465769
0.309917 0.222362 0.547678
0.654064 0.21746 0.583092
0.436282 0.346784 0.322255
0.528602 0.259394 0.28587
0.526534 0.316859 0.689991
0.535738 0.370667 0.631531
0.280999 0.219248 0.488966
0.361157 0.292186 0.341642
0.63728 0.368962 0.537268
0.378125 0.33655 0.336487
0.310377 0.238445 0.558609
0.469112 0.221583 0.28292
0.67768 0.190983 0.519244
0.638741 0.232587 0.393961
0.370082 0.380055 0.556938
0.6567 0.362679 0.47071
0.513114 0.238281 0.696289
0.707217 0.247151 0.477859
0.686442 0.251097 0.565974
0.665479 0.259798 0.393233
0.559012 0.250315 0.306324
0.463167 0.398205 0.462213
0.407975 0.251464 0.633024
0.668889 0.194655 0.524066
0.421311 0.399897 0.511721
0.458988 0.203415 0.289563
0.6305 0.346036 0.366774
0.622474 0.23115 0.35845
0.615214 0.237136 0.372459
0.704023 0.240114 0.523503
0.433745 0.396277 0.552214
0.302097 0.296413 0.529294
0.367951 0.353181 0.363889
0.502972 0.207773 0.668151
0.462138 0.398605 0.466525
0.631537 0.301356 0.358759
0.572128 0.214522 0.662014
0.447706 0.202732 0.295756
0.295597 0.289446 0.508871
0.470144 0.27347 0.704536
0.420414 0.230551 0.333006
0.310437 0.212744 0.430179
0.34948 0.258355 0.3582
0.380084 0.380551 0.572127
0.431297 0.262895 0.682506
0.484822 0.185868 0.301845
0.299592 0.249449 0.417505
0.466721 0.227538 0.283846
0.396221 0.38949 0.555875
0.444003 0.273564 0.291021
0.669693 0.210105 0.565309
0.62064 0.263115 0.642126
0.374545 0.266248 0.650429
0.598933 0.256537 0.67048
0.651378 0.365544 0.443068
0.319923 0.294575 0.382574
0.367928 0.385223 0.439543
0.532053 0.364773 0.64005
0.667704 0.203515 0.503808
0.293777 0.215782 0.516866
0.482523 0.398655 0.426562
0.586323 0.386532 0.569769
0.587541 0.387458 0.38808
0.36226 0.232987 0.590035
0.402058 0.247051 0.34623
0.342184 0.238039 0.408363
0.518745 0.212137 0.667805
0.344226 0.370993 0.479016
0.508449 0.396122 0.46549
0.430077 0.217755 0.309413
0.308352 0.305072 0.542488
0.436402 0.227997 0.300413
0.331317 0.32197 0.371635
0.346364 0.247828 0.384148
0.642862 0.25708 0.611268
0.501855 0.392542 0.571849
0.637103 0.238746 0.590529
0.608143 0.249695 0.635895
0.394167 0.252236 0.353358
0.707868 0.257461 0.482047
0.301832 0.253655 0.408868
0.515888 0.211741 0.671093
0.424308 0.231566 0.330977
0.446325 0.260366 0.289283
0.457036 0.385048 0.602791
0.496409 0.397184 0.499599
0.665509 0.351242 0.491938
0.50439 0.396353 0.485613
0.475632 0.398221 0.493037
0.325647 0.350393 0.469075
0.3002 0.186221 0.468774
0.678919 0.205899 0.435251
0.654225 0.222102 0.58089
0.6054 0.38845 0.483126
0.396433 0.258264 0.619357
0.517559 0.208251 0.294887
0.302195 0.308137 0.446109
0.447687 0.20887 0.663942
0.4445 0.400151 0.495837
0.302401 0.314078 0.46185
0.325588 0.209287 0.437311
0.294076 0.231182 0.522842
0.329656 0.313974 0.372883
0.646265 0.267643 0.623824
0.670711 0.205068 0.492415
0.582875 0.39253 0.501223
0.701768 0.234481 0.512637
0.510711 0.394529 0.39939
0.545571 0.308619 0.302325
0.415692 0.400882 0.449585
0.346622 0.232381 0.567934
0.675541 0.212046 0.559227
0.654025 0.224879 0.409124
0.636657 0.287941 0.637197
0.312645 0.246001 0.564173
0.705783 0.257419 0.51188
0.538952 0.391085 0.539236
0.522355 0.217139 0.665134
0.536655 0.214978 0.659763
0.424734 0.296389 0.305023
0.652563 0.278956 0.382333
0.687253 0.212044 0.446185
0.646904 0.352347 0.568286
0.286433 0.229105 0.452886
0.358646 0.356118 0.598734
0.393934 0.311049 0.661357
0.642558 0.230443 0.39134
0.352183 0.236237 0.594419
0.396117 0.377834 0.599431
0.610652 0.384301 0.521392
0.690509 0.292843 0.535413
0.51242 0.391842 0.562286
0.589637 0.242302 0.645565
0.577572 0.237236 0.649901
0.325464 0.245473 0.394324
0.364912 0.380495 0.542254
0.447376 0.227703 0.677216
0.327424 0.225623 0.561126
0.355338 0.238146 0.600436
0.657244 0.272878 0.386925
0.568994 0.217814 0.659181
0.396527 0.243776 0.641235
0.572158 0.395276 0.455506
0.64508 0.230661 0.39652
0.420152 0.402265 0.476606
0.650376 0.352465 0.55669
0.601048 0.233852 0.348073
0.683752 0.314889 0.446389
0.542559 0.3943 0.46736
0.340242 0.363076 0.432755
0.300873 0.256214 0.41463
0.699907 0.257824 0.538369
0.370545 0.265544 0.591922
0.529076 0.224124 0.66004
0.402605 0.250517 0.6555
0.386627 0.315876 0.322232
0.369499 0.308883 0.645155
0.45705 0.261472 0.286405
0.590419 0.270907 0.672321
0.631956 0.357063 0.380599
0.373124 0.246573 0.599742
0.4414 0.272744 0.293338
0.648934 0.264065 0.611997
0.353042 0.374147 0.427942
0.579168 0.391774 0.506212
0.610572 0.378132 0.565465
0.478349 0.334318 0.306752
0.489975 0.294232 0.292079
0.543702 0.391352 0.523287
0.478579 0.194404 0.308296
0.61546 0.266431 0.653566
0.398412 0.328949 0.659107
0.601567 0.386862 0.518561
0.359319 0.247407 0.584345
0.298018 0.191832 0.465755
0.692434 0.235178 0.543098
0.576598 0.394274 0.462152
0.652059 0.363005 0.427608
0.4719 0.364194 0.33279
0.482028 0.208067 0.68565
0.332943 0.219247 0.547865
0.382414 0.245962 0.616937
0.630572 0.379453 0.449106
0.517947 0.197459 0.320331
0.324994 0.277068 0.600705
0.564354 0.231547 0.675768
0.391979 0.253851 0.622568
0.610161 0.236174 0.355975
0.561835 0.284471 0.307656
0.650108 0.26695 0.613004
0.349042 0.373839 0.510206
0.380567 0.319192 0.326706
0.544349 0.316348 0.681115
0.617999 0.323242 0.339523
0.463393 0.202935 0.667365
0.679438 0.264293 0.574562
0.624704 0.279265 0.646633
0.35262 0.375831 0.530412
0.68771 0.310311 0.501559
0.52717 0.394655 0.41987
0.3655 0.316783 0.640388
0.59094 0.244331 0.651003
0.396851 0.316573 0.661056
0.516603 0.237928 0.29015
0.636566 0.375277 0.460889
0.611047 0.383129 0.523082
0.573651 0.238362 0.672147
0.502105 0.395035 0.509675
0.702365 0.253138 0.527417
0.316577 0.336569 0.466711
0.419142 0.330374 0.665293
0.677337 0.204829 0.502965
0.693191 0.21485 0.522916
0.492139 0.395229 0.447448
0.304721 0.316145 0.463058
0.660024 0.218483 0.562685
0.479994 0.192869 0.296891
0.581854 0.235588 0.657496
0.45761 0.377277 0.618724
0.569911 0.268157 0.681345
0.310535 0.204472 0.516715
0.526408 0.392389 0.518285
0.293812 0.254467 0.517922
0.6413 0.255409 0.383116
0.284026 0.25281 0.486611
0.653034 0.253542 0.596556
0.700747 0.280661 0.490204
0.353362 0.316368 0.350761
0.301735 0.204185 0.452771
0.426811 0.240288 0.324215
0.455155 0.287596 0.294544
0.481645 0.394618 0.549306
0.519317 0.20233 0.310978
0.425812 0.250276 0.664207
0.574185 0.348222 0.332997
0.571484 0.258637 0.679613
0.556839 0.387985 0.545056
0.580614 0.237136 0.344079
0.671678 0.215786 0.480471
0.502322 0.389456 0.577912
0.475777 0.195408 0.667475
0.339123 0.362508 0.538719
0.493498 0.394853 0.53751
0.508874 0.377003 0.618569
0.326186 0.3086 0.380067
0.325968 0.351385 0.527678
0.359674 0.378562 0.431776
0.629301 0.25475 0.603158
0.544587 0.209384 0.324078
0.344254 0.253141 0.565408
0.322971 0.213673 0.449669
0.478414 0.396945 0.536345
0.29852 0.279296 0.429407
0.387047 0.330822 0.328335
0.417684 0.245598 0.651025
0.532241 0.391569 0.498826
0.526209 0.258753 0.700543
0.347721 0.255687 0.384845
0.369809 0.252629 0.606469
0.482031 0.23419 0.692728
0.480124 0.395669 0.537967
0.335573 0.235603 0.549992
0.403669 0.382406 0.37915
0.35154 0.317754 0.353736
0.585298 0.287131 0.66937
0.698786 0.244882 0.517895
0.32886 0.294773 0.600252
0.50251 0.393166 0.404065
0.675092 0.212087 0.497639
0.5924 0.280561 0.324721
0.295738 0.25558 0.520074
0.450449 0.397402 0.440048
0.671602 0.23509 0.411329
0.672143 0.208507 0.54061
0.462345 0.331411 0.308952
0.307533 0.222723 0.531153
0.492082 0.393275 0.453762
0.450881 0.255604 0.688432
0.484566 0.228567 0.288017
0.532445 0.234287 0.299142
0.622847 0.34346 0.625827
0.417464 0.289711 0.670212
0.58351 0.241244 0.345523
0.502862 0.24877 0.696615
0.443085 0.391135 0.568015
0.643935 0.272784 0.619702
0.690932 0.236535 0.451783
0.433769 0.237124 0.318295
0.569608 0.238189 0.656019
0.319745 0.274767 0.385081
0.534939 0.387463 0.559894
0.385412 0.259957 0.613969
0.346601 0.258463 0.57115
0.483131 0.392664 0.464175
0.288017 0.252071 0.493683
0.485938 0.203699 0.673257
0.620452 0.267661 0.622844
0.339536 0.243713 0.572408
0.654756 0.291486 0.386597
0.33071 0.301566 0.376058
0.291822 0.279361 0.459266
0.417601 0.398609 0.441794
0.386224 0.262187 0.63851
0.320502 0.284616 0.387105
0.673334 0.301775 0.567396
0.694045 0.291138 0.498995
0.318442 0.217076 0.445353
0.503336 0.233998 0.689486
0.438669 0.243907 0.304246
0.662912 0.226784 0.562406
0.357328 0.25181 0.592796
0.332765 0.236194 0.426563
0.406002 0.266741 0.643594
0.623235 0.267708 0.620797
0.339369 0.26154 0.618894
0.575223 0.38064 0.374222
0.290392 0.205995 0.46907
0.443821 0.233146 0.660275
0.696551 0.259284 0.536275
0.510696 0.386513 0.376995
0.403173 0.270055 0.320729
0.464987 0.357851 0.33044
0.582651 0.3536 0.341838
0.561769 0.309008 0.67463
0.520506 0.374849 0.349236
0.515742 0.390902 0.479151
0.471311 0.209699 0.683705
0.679383 0.209197 0.516321
0.528341 0.249649 0.293967
0.592301 0.260274 0.64114
0.287642 0.255141 0.487561
0.325384 0.260564 0.38596
0.672462 0.291031 0.411014
0.440135 0.39656 0.498623
0.439503 0.388435 0.577242
0.325218 0.292471 0.383607
0.38395 0.265128 0.635795
0.451145 0.221452 0.66919
0.568931 0.386367 0.536791
0.398397 0.394525 0.443444
0.607845 0.270714 0.347143
0.364506 0.301831 0.345593
0.438432 0.383923 0.374054
0.49638 0.390444 0.461765
0.395255 0.263739 0.645137
0.363379 0.355949 0.600289
0.444885 0.339296 0.319212
0.523251 0.21954 0.304464
0.434875 0.370722 0.35132
0.423528 0.367934 0.627102
0.29591 0.250056 0.440887
0.680723 0.223169 0.473106
0.564326 0.231661 0.66763
0.516144 0.271086 0.70118
0.627381 0.365675 0.565579
0.372244 0.297253 0.340169
0.359444 0.258255 0.595741
0.302193 0.21271 0.46025
0.44926 0.396355 0.475138
0.641789 0.249189 0.392611
0.566892 0.371018 0.357371
0.294164 0.243219 0.508222
0.483937 0.227569 0.688043
0.516665 0.278496 0.699874
0.605732 0.270336 0.650869
0.392929 0.265158 0.634567
0.351557 0.289237 0.358148
0.317886 0.311845 0.553105
0.498587 0.390034 0.497089
0.512557 0.391369 0.412917
0.445017 0.384609 0.377039
0.322072 0.286653 0.388742
0.505618 0.233077 0.68609
0.52997 0.220343 0.316195
0.385291 0.363843 0.610359
0.459176 0.29673 0.688357
0.50706 0.226848 0.298397
0.300611 0.245411 0.520034
0.409409 0.264853 0.659714
0.686699 0.314158 0.474279
0.630152 0.307063 0.363413
0.486726 0.212571 0.666635
0.340608 0.292794 0.61645
0.539606 0.227318 0.672018
0.48979 0.236804 0.292313
0.541146 0.383622 0.376386
0.294823 0.220412 0.46054
0.345284 0.30538 0.363657
0.598627 0.26978 0.634745
0.660035 0.354033 0.476463
0.616466 0.258798 0.376165
0.445272 0.241434 0.310094
0.456081 0.231888 0.303249
0.671575 0.340813 0.47532
0.310327 0.287542 0.539806
0.500417 0.22095 0.671444
0.301465 0.232173 0.516851
0.68901 0.292345 0.521368
0.325288 0.311923 0.387605
0.550042 0.383081 0.585761
0.572261 0.344924 0.650797
0.682468 0.215229 0.521376
0.335513 0.259057 0.598275
0.424199 0.292565 0.310705
0.327769 0.261032 0.585344
0.583503 0.318296 0.322877
0.457254 0.247993 0.685457
0.319594 0.281065 0.393324
0.602389 0.274056 0.644978
0.350319 0.270487 0.369519
0.649312 0.278596 0.607326
0.501841 0.371527 0.348053
0.427154 0.261425 0.658696
0.611683 0.279432 0.613698
0.313591 0.285284 0.546692
0.286509 0.232842 0.475776
0.475679 0.388781 0.467747
0.547324 0.388744 0.398196
0.299014 0.23184 0.451739
0.597667 0.282547 0.660855
0.518767 0.245335 0.688525
0.643869 0.291289 0.616366
0.669388 0.230518 0.476568
0.443689 0.252874 0.678297
0.395335 0.28408 0.631396
0.588159 0.272183 0.642212
0.363247 0.380006 0.471908
0.453801 0.246262 0.682647
0.520935 0.352632 0.326483
0.500473 0.38851 0.496803
0.667608 0.267003 0.57904
0.355201 0.269222 0.595949
0.485421 0.250932 0.693833
0.505617 0.387359 0.547125
0.696787 0.267066 0.5168
0.592655 0.384677 0.510235
0.506513 0.386553 0.561386
0.643045 0.345456 0.384464
0.295387 0.274828 0.457384
0.397333 0.346393 0.340671
0.512939 0.237853 0.300268
0.616369 0.324269 0.343944
0.646456 0.287321 0.610341
0.316484 0.250492 0.420193
0.432129 0.395088 0.49286
0.497255 0.252367 0.691911
0.594804 0.268091 0.352961
0.349404 0.303739 0.363906
0.318919 0.261259 0.40237
0.299611 0.23481 0.455853
0.301388 0.234546 0.454104
0.40497 0.27361 0.657883
0.646661 0.360142 0.410977
0.553931 0.388019 0.457315
0.545566 0.239225 0.67202
0.655394 0.356041 0.480076
0.40058 0.391596 0.504286
0.471907 0.26811 0.697449
0.559532 0.264672 0.31452
0.463375 0.270916 0.293841
0.465118 0.38705 0.571343
0.639909 0.284422 0.384388
0.422781 0.270581 0.32286
0.455481 0.393252 0.417302
0.461065 0.385669 0.580975
0.362175 0.283842 0.602067
0.598743 0.379624 0.541477
0.502173 0.385716 0.564502
0.357936 0.319274 0.355807
0.640847 0.283466 0.613636
0.554147 0.297898 0.677884
0.519821 0.344338 0.320687
0.380627 0.276459 0.62285
0.364653 0.317883 0.633392
0.397864 0.285537 0.638325
0.384599 0.373201 0.385255
0.29685 0.242128 0.463048
0.635805 0.319459 0.369733
0.480913 0.332035 0.674078
0.319619 0.243558 0.437827
0.557292 0.257183 0.320333
0.673348 0.250352 0.558083
0.666086 0.268528 0.41125
0.553866 0.255128 0.319059
0.687627 0.247629 0.471837
0.322915 0.26235 0.558939
0.604693 0.273735 0.361206
0.461479 0.389938 0.492309
0.360291 0.300347 0.356921
0.558312 0.384164 0.490453
0.467573 0.389123 0.541693
0.535547 0.246799 0.6722
0.634759 0.272487 0.389314
0.642356 0.280522 0.604119
0.474624 0.33674 0.670779
0.467111 0.384818 0.385973
0.628111 0.37673 0.443027
0.680441 0.272103 0.434891
0.312748 0.306167 0.527043
0.45592 0.365229 0.63158
0.400396 0.32831 0.326199
0.523423 0.387495 0.415055
0.505052 0.384686 0.490134
0.67588 0.234402 0.486995
0.691024 0.2565 0.48123
0.449995 0.299997 0.306778
0.497594 0.299555 0.30208
0.471569 0.283301 0.694187
0.578061 0.370931 0.365108
0.629951 0.374617 0.456288
0.315425 0.306845 0.530426
0.38213 0.385725 0.43319
0.495616 0.381885 0.586319
0.652584 0.314132 0.389511
0.670497 0.245998 0.54814
0.672083 0.247999 0.432755
0.330537 0.345927 0.532497
0.469921 0.387706 0.511232
0.682421 0.244515 0.474855
0.458808 0.243056 0.680038
0.626379 0.368623 0.52381
0.38526 0.287221 0.342107
0.649214 0.329802 0.594259
0.499506 0.240474 0.307032
0.491754 0.229405 0.678041
0.562325 0.38143 0.524823
0.314927 0.270151 0.412301
0.561094 0.38177 0.515428
0.561988 0.380501 0.576629
0.496347 0.250934 0.687279
0.317235 0.328362 0.479795
0.490904 0.383444 0.480469
0.385593 0.291006 0.621042
0.691462 0.266676 0.481853
0.328785 0.27673 0.390272
0.470801 0.321801 0.310782
0.311228 0.283332 0.526274
0.327505 0.282269 0.568797
0.410016 0.393778 0.435632
0.471844 0.375588 0.362001
0.529557 0.379265 0.591091
0.634954 0.370516 0.459704
0.444192 0.392228 0.463238
0.414612 0.393171 0.495777
0.407256 0.391374 0.50213
0.38475 0.295072 0.644037
0.316922 0.319273 0.506481
0.625295 0.329714 0.361022
0.422347 0.334639 0.326563
0.646563 0.280851 0.402598
0.298727 0.266833 0.481903
0.675859 0.274746 0.43341
0.406489 0.382339 0.561192
0.503141 0.274343 0.691581
0.602338 0.347405 0.352846
0.307525 0.269348 0.504046
0.673791 0.270238 0.430507
0.547819 0.378215 0.546018
0.35584 0.304911 0.620201
0.458659 0.266824 0.302572
0.315872 0.321555 0.46939
0.631979 0.372285 0.44894
0.337076 0.341659 0.556162
0.387578 0.295094 0.338453
0.468901 0.379115 0.595635
0.345773 0.337714 0.384371
0.677973 0.291055 0.540163
0.510236 0.248033 0.309693
0.648273 0.282262 0.400069
0.639852 0.292458 0.607667
0.555493 0.381209 0.4734
0.675994 0.241297 0.498242
0.521088 0.38034 0.555734
0.501222 0.341313 0.322769
0.672891 0.248721 0.443776
0.561218 0.381398 0.487379
0.316525 0.267086 0.525782
0.315718 0.268257 0.523759
0.507073 0.383477 0.445144
0.579738 0.380984 0.517468
0.400346 0.370768 0.601711
0.339194 0.287996 0.596739
0.363731 0.297783 0.617337
0.450066 0.294297 0.677184
0.52973 0.378138 0.379177
0.382485 0.290579 0.352806
0.517194 0.381492 0.394701
0.675324 0.282488 0.437256
0.654837 0.285772 0.407776
0.356592 0.370949 0.468664
0.519981 0.376811 0.593787
0.31639 0.283273 0.423836
0.388288 0.365168 0.600421
0.351621 0.294382 0.603757
0.541412 0.342384 0.328711
0.672943 0.242951 0.50961
0.482079 0.262133 0.302592
0.583566 0.286074 0.652788
0.541382 0.37635 0.476882
0.536609 0.264585 0.312429
0.491741 0.320839 0.312867
0.439272 0.389024 0.496198
0.641324 0.329171 0.380865
0.570707 0.382515 0.466929
0.516402 0.379264 0.557235
0.331764 0.27528 0.404001
0.428026 0.327465 0.323067
0.511282 0.376965 0.475386
0.347606 0.34313 0.390385
0.4577 0.363886 0.350203
0.683714 0.288042 0.4626
0.477873 0.255408 0.686889
0.581892 0.388213 0.438747
0.675501 0.29501 0.538645
0.590295 0.295991 0.338304
0.420379 0.28819 0.658612
0.584184 0.377798 0.553592
0.498786 0.307951 0.308759
0.328605 0.338243 0.483918
0.460055 0.248137 0.675687
0.31771 0.302649 0.507481
0.391544 0.298393 0.340922
0.326419 0.299542 0.40402
0.672425 0.314404 0.446142
0.465739 0.377328 0.593395
0.550921 0.378969 0.384905
0.51463 0.286117 0.683017
0.566702 0.361068 0.356463
0.381623 0.300998 0.623601
0.336036 0.317609 0.391571
0.50601 0.296409 0.681994
0.379945 0.307001 0.348186
0.590516 0.315499 0.647916
0.603376 0.311442 0.345425
0.443238 0.302039 0.314908
0.554186 0.375176 0.525437
0.346359 0.340907 0.572355
0.679327 0.294027 0.501955
0.511147 0.301767 0.679897
0.60294 0.373745 0.517214
0.675895 0.300751 0.45075
0.314716 0.266777 0.445712
0.364189 0.361076 0.567744
0.504436 0.301779 0.68061
0.324914 0.285744 0.540982
0.681356 0.263304 0.523106
0.548176 0.374997 0.374248
0.665907 0.305809 0.551729
0.481606 0.380123 0.520772
0.424865 0.314155 0.659092
0.564301 0.385613 0.438322
0.323937 0.319391 0.532519
0.444839 0.272408 0.674599
0.673127 0.24823 0.534444
0.360834 0.316519 0.370837
0.485063 0.372345 0.472276
0.551784 0.338183 0.650453
0.450285 0.311565 0.668661
0.357057 0.313022 0.605687
0.668733 0.32413 0.449442
0.60066 0.370302 0.573379
0.317536 0.271536 0.446976
0.424419 0.298094 0.327401
0.663413 0.328348 0.519467
0.591673 0.32339 0.643607
0.321696 0.303777 0.520206
0.486548 0.375489 0.505925
0.480764 0.309268 0.313571
0.471721 0.341912 0.330227
0.311007 0.274211 0.455097
0.343996 0.348114 0.539798
0.591216 0.375565 0.496446
0.437365 0.384478 0.511725
0.380677 0.308068 0.351554
0.497887 0.287479 0.682318
0.67765 0.277114 0.459154
0.312806 0.270525 0.454868
0.381562 0.323089 0.631713
0.488064 0.287625 0.307633
0.534042 0.36468 0.617948
0.41723 0.33166 0.649449
0.553862 0.374973 0.564158
0.482419 0.375812 0.457433
0.485334 0.37659 0.51845
0.595358 0.316795 0.641829
0.622254 0.296441 0.602738
0.468792 0.380262 0.540396
0.349775 0.360117 0.487321
0.357274 0.318064 0.607713
0.66007 0.34184 0.453868
0.349345 0.338125 0.570195
0.486736 0.371082 0.494485
0.370722 0.32296 0.364098
0.466628 0.28537 0.681208
0.539438 0.356115 0.629806
0.646801 0.354597 0.454043
0.361223 0.364779 0.414858
0.485569 0.334047 0.326177
0.379621 0.352736 0.374591
0.486103 0.370844 0.491714
0.526568 0.292697 0.311394
0.394507 0.306003 0.621631
0.442083 0.380416 0.393208
0.540266 0.369384 0.539941
0.556298 0.286487 0.65925
0.310731 0.284743 0.476169
0.652992 0.347768 0.447318
0.537135 0.292302 0.314886
0.650519 0.302851 0.410646
0.545508 0.332692 0.328174
0.396375 0.379668 0.517832
0.671052 0.26181 0.500268
0.466287 0.246666 0.669698
0.414742 0.305892 0.334956
0.483868 0.375849 0.544928
0.539419 0.350552 0.342613
0.328429 0.328889 0.44613
0.399028 0.318414 0.336284
0.377291 0.364054 0.390083
0.675655 0.294246 0.469381
0.506711 0.356311 0.346741
0.464664 0.367764 0.364846
0.403138 0.323064 0.642976
0.338821 0.296064 0.40833
0.562771 0.342112 0.339506
0.440681 0.32711 0.65665
0.353655 0.350502 0.544092
0.666461 0.27141 0.461955
0.672743 0.274358 0.511107
0.501429 0.33045 0.659087
0.569509 0.3709 0.499898
0.596317 0.376922 0.456589
0.428926 0.385648 0.439432
0.530383 0.363111 0.482163
0.383606 0.310876 0.605316
0.361473 0.316896 0.379902
0.626475 0.351908 0.570962
0.531645 0.364933 0.508718
0.555521 0.378452 0.438517
0.47865 0.374037 0.546561
0.483723 0.365119 0.476117
0.357306 0.335562 0.384696
0.663212 0.297478 0.545767
0.37014 0.367733 0.512738
0.580929 0.36726 0.376702
0.458297 0.374381 0.4678
0.648067 0.31741 0.572534
0.374282 0.308681 0.371936
0.406383 0.351304 0.355371
0.413822 0.386182 0.475159
0.629694 0.30271 0.59042
0.385238 0.377009 0.495207
0.523416 0.365996 0.45723
0.537483 0.364543 0.501979
0.648607 0.33821 0.409798
0.349183 0.351539 0.515881
0.634 0.318286 0.391919
0.552042 0.367941 0.485484
0.470586 0.300547 0.676579
0.473579 0.370548 0.374744
0.57833 0.378705 0.454523
0.372342 0.356882 0.578863
0.350267 0.351703 0.430157
0.661596 0.269607 0.479221
0.473375 0.288494 0.678184
0.513372 0.330056 0.653435
0.407488 0.382913 0.477256
0.558385 0.373169 0.453288
0.553951 0.322405 0.648179
0.325625 0.296163 0.44687
0.342567 0.313873 0.408142
0.543491 0.300732 0.325862
0.528194 0.291181 0.66662
0.524529 0.307136 0.662497
0.506571 0.290393 0.321605
0.513064 0.360356 0.361418
0.619768 0.369313 0.449743
0.35765 0.359095 0.425208
0.528205 0.367308 0.438925
0.366499 0.326519 0.3787
0.482198 0.365805 0.607138
0.664727 0.305018 0.486676
0.545551 0.36285 0.481992
0.351438 0.350139 0.414751
0.516429 0.338099 0.64642
0.416591 0.378569 0.518976
0.66737 0.279133 0.494617
0.419261 0.327083 0.643649
0.479238 0.31047 0.670237
0.398261 0.320886 0.629479
0.538787 0.305098 0.322867
0.521878 0.361232 0.460733
0.545593 0.366603 0.460422
0.341871 0.329218 0.547864
0.395533 0.343745 0.357479
0.445786 0.334723 0.647981
0.453764 0.37454 0.528269
0.547138 0.374088 0.435761
0.390581 0.332211 0.617818
0.659649 0.272198 0.492902
0.634551 0.356492 0.420548
0.523639 0.329489 0.647411
0.617234 0.359859 0.476486
0.540441 0.364347 0.451314
0.369978 0.365131 0.475441
0.491194 0.333862 0.335228
0.32604 0.298146 0.457223
0.461534 0.298146 0.667438
0.489847 0.348363 0.349215
0.544123 0.372655 0.409704
0.49793 0.368055 0.581453
0.567186 0.368121 0.567801
0.376143 0.331817 0.375717
0.36853 0.364925 0.457672
0.451025 0.289509 0.662615
0.340784 0.331273 0.53641
0.353457 0.35245 0.451531
0.485745 0.357595 0.486847
0.462186 0.351694 0.352926
0.3777 0.369634 0.469851
0.66163 0.301368 0.491782
0.407635 0.371189 0.570252
0.607884 0.333676 0.369268
0.399878 0.380619 0.437158
0.412467 0.382756 0.429434
0.551808 0.368577 0.4524
0.494075 0.287859 0.671292
0.338402 0.315926 0.425035
0.472135 0.368725 0.54238
0.493961 0.262795 0.666358
0.319883 0.289523 0.477402
0.368755 0.363295 0.490335
0.610795 0.325273 0.610654
0.387673 0.339683 0.612362
0.361634 0.355156 0.487421
0.657838 0.273279 0.506239
0.45374 0.366917 0.495682
0.53347 0.326942 0.643559
0.449392 0.373704 0.443437
0.525637 0.355203 0.454449
0.512857 0.277822 0.65107
0.612245 0.317518 0.599616
0.327358 0.301393 0.490362
0.637123 0.317953 0.568913
0.444422 0.374716 0.445182
0.575693 0.362991 0.526615
0.474857 0.353618 0.478706
0.642719 0.344255 0.444138
0.496052 0.266456 0.661619
0.375669 0.364651 0.481325
0.660199 0.275756 0.514891
0.336752 0.308976 0.445235
0.577388 0.330006 0.626576
0.65712 0.274973 0.49819
0.373554 0.340339 0.586874
0.406618 0.372818 0.519982
0.411645 0.347011 0.359283
0.41885 0.340751 0.62896
0.643148 0.333944 0.529201
0.429926 0.371612 0.570333
0.367953 0.344685 0.566868
0.413097 0.370147 0.57317
0.441992 0.367371 0.593376
0.496218 0.264749 0.659005
0.389296 0.322405 0.608118
0.642216 0.343125 0.428822
0.641772 0.327239 0.547561
0.346375 0.325984 0.424471
0.495123 0.360383 0.373864
0.532846 0.350313 0.469074
0.389509 0.338478 0.379226
0.6564 0.275913 0.519332
0.576285 0.352511 0.610574
0.542875 0.327907 0.635534
0.642594 0.339331 0.449862
0.512935 0.348647 0.462538
0.33193 0.297519 0.500355
0.476313 0.36162 0.59802
0.345701 0.326486 0.53527
0.519753 0.358006 0.562891
0.368076 0.355741 0.494355
0.545577 0.306191 0.639358
0.44194 0.355459 0.367626
0.356314 0.322129 0.551575
0.6107 0.347993 0.586067
0.382647 0.363486 0.505231
0.533037 0.360847 0.393394
0.63885 0.305799 0.555633
0.507124 0.349366 0.500738
0.506456 0.350084 0.504835
0.633703 0.340612 0.499257
0.440877 0.362753 0.600501
0.511078 0.35131 0.615188
0.426918 0.324056 0.350892
0.582822 0.376517 0.418263
0.431059 0.354547 0.366978
0.650918 0.313738 0.441201
0.57787 0.365291 0.390725
0.338988 0.323491 0.517824
0.640123 0.310894 0.5536
0.599982 0.373567 0.41639
0.446312 0.365192 0.480643
0.533411 0.289417 0.642639
0.621303 0.337971 0.579766
0.33438 0.315507 0.4851
0.408807 0.318095 0.61848
0.380027 0.353204 0.547629
0.646211 0.294218 0.533562
0.42228 0.35812 0.377743
0.551826 0.328972 0.626887
0.476197 0.36015 0.388433
0.500891 0.34002 0.470438
0.484299 0.338953 0.356369
0.637668 0.326393 0.509341
0.380889 0.329408 0.587892
0.385065 0.360529 0.513659
0.644402 0.292441 0.536297
0.604408 0.360568 0.462711
0.421642 0.346337 0.617096
0.382864 0.363159 0.447681
0.399067 0.365396 0.532839
0.390427 0.362146 0.533932
0.460653 0.323997 0.644082
0.651828 0.298449 0.469715
0.410126 0.347963 0.371818
0.337366 0.307453 0.503338
0.507214 0.354489 0.383004
0.460509 0.289251 0.654634
0.643129 0.31804 0.485835
0.394863 0.355446 0.390916
0.547453 0.354785 0.60009
0.442546 0.363851 0.504486
0.611003 0.349675 0.543566
0.450645 0.361338 0.506958
0.63771 0.327962 0.494409
0.482891 0.349549 0.516373
0.50276 0.341529 0.488677
0.563494 0.358099 0.554731
0.508412 0.356629 0.430474
0.57994 0.355981 0.48724
0.540997 0.356905 0.587424
0.526749 0.343689 0.501439
0.366493 0.346072 0.467587
0.364306 0.340909 0.430946
0.639612 0.319784 0.477863
0.634922 0.309883 0.537569
0.484588 0.32269 0.642793
0.498819 0.333162 0.473046
0.589424 0.354958 0.39065
0.396287 0.361788 0.521648
0.529714 0.287409 0.633481
0.456582 0.315995 0.348129
0.552134 0.350897 0.543947
0.551625 0.354904 0.571372
0.348035 0.325225 0.496846
0.492881 0.349155 0.447607
0.5753 0.340104 0.608269
0.473557 0.275654 0.656406
0.370488 0.348527 0.478244
0.640465 0.284446 0.454204
0.465506 0.287121 0.652549
0.456572 0.345387 0.36819
0.495985 0.357153 0.40368
0.498685 0.354599 0.573851
0.339664 0.292811 0.489513
0.469491 0.358672 0.586879
0.638912 0.31958 0.423384
0.472216 0.3411 0.484071
0.380886 0.325973 0.577619
0.345937 0.317074 0.518996
0.540414 0.346882 0.538186
0.644425 0.285378 0.48594
0.620977 0.329159 0.562059
0.483569 0.352705 0.602954
0.412993 0.365256 0.520093
0.620571 0.350668 0.461267
0.504794 0.347397 0.538382
0.47499 0.35286 0.383516
0.425047 0.315856 0.616038
0.355728 0.322792 0.456878
0.464677 0.356091 0.565472
0.632179 0.296002 0.536475
0.628921 0.304194 0.541277
0.488371 0.325518 0.479504
0.424977 0.362181 0.539576
0.53559 0.333117 0.481069
0.548427 0.353964 0.39664
0.591688 0.327433 0.593018
0.49966 0.309938 0.638223
0.556284 0.341831 0.374387
0.638333 0.293304 0.449588
0.52288 0.326499 0.625077
0.399654 0.356479 0.555509
0.472329 0.317894 0.354383
0.588831 0.341805 0.382874
0.619592 0.312894 0.558105
0.351084 0.302865 0.501435
0.610652 0.349289 0.407991
0.43553 0.32716 0.624216
0.50342 0.301632 0.638895
0.46626 0.343303 0.376227
0.468852 0.308087 0.643522
0.621841 0.323255 0.544204
0.479071 0.308348 0.645496
0.636169 0.323122 0.465556
0.505588 0.311881 0.350598
0.483258 0.334133 0.499793
0.476938 0.356532 0.414718
0.515602 0.32031 0.353536
0.559178 0.307466 0.611202
0.392164 0.325973 0.586172
0.529647 0.297892 0.632201
0.401898 0.325344 0.598015
0.621895 0.324969 0.539839
0.379604 0.341935 0.507702
0.352111 0.303541 0.472178
0.564724 0.328327 0.372183
0.371795 0.319286 0.54425
0.501165 0.343794 0.561155
0.477212 0.324791 0.483466
0.542574 0.351513 0.412318
0.37131 0.337751 0.455146
0.549357 0.338986 0.465456
0.500662 0.324031 0.624785
0.466607 0.324734 0.365203
0.593425 0.342626 0.485164
0.578344 0.320437 0.594867
0.59363 0.345884 0.471111
0.50501 0.334485 0.522475
0.472058 0.342188 0.387646
0.501438 0.344541 0.565508
0.636524 0.2987 0.474568
0.546447 0.341515 0.383389
0.474477 0.347906 0.397814
0.630237 0.295649 0.509977
0.506055 0.321383 0.362249
0.539358 0.345601 0.588555
0.46584 0.312821 0.359154
0.624096 0.334169 0.463015
0.477811 0.347339 0.434493
0.547781 0.346503 0.589209
0.365792 0.326482 0.48373
0.401535 0.35559 0.465283
0.58345 0.329779 0.384876
0.457488 0.346544 0.459692
0.426194 0.363205 0.432428
0.622818 0.340113 0.423209
0.512398 0.335877 0.529075
0.543084 0.350447 0.403864
0.468163 0.348381 0.443337
0.416793 0.333937 0.599869
0.420414 0.357534 0.446086
0.364754 0.310856 0.495386
0.481102 0.314273 0.478816
0.501139 0.285009 0.627201
0.473221 0.321627 0.484428
0.470599 0.345919 0.430724
0.608358 0.336144 0.472292
0.631905 0.276741 0.514947
0.564488 0.341311 0.543139
0.53856 0.302099 0.614742
0.525397 0.332053 0.446857
0.54298 0.339637 0.448877
0.475195 0.3201 0.474286
0.549745 0.328542 0.374873
0.564587 0.342438 0.549935
0.43199 0.343667 0.601897
0.37777 0.335508 0.44558
0.611445 0.309318 0.550332
0.630622 0.29753 0.45619
0.606452 0.330754 0.524315
0.629011 0.284667 0.510105
0.609808 0.30182 0.554268
0.541457 0.341877 0.39588
0.471623 0.324164 0.37502
0.51008 0.309048 0.359803
0.426252 0.352799 0.402387
0.5212 0.329538 0.523386
0.581403 0.341797 0.533456
0.61452 0.309772 0.543116
0.428088 0.308059 0.604968
0.539196 0.33442 0.455779
0.454925 0.335852 0.612098
0.54445 0.341759 0.445238
0.469928 0.286654 0.634033
0.630584 0.264875 0.507977
0.410846 0.343131 0.582081
0.559066 0.330875 0.387754
0.562259 0.312649 0.595809
0.509156 0.321608 0.456291
0.512971 0.331511 0.556165
0.459562 0.326236 0.484406
0.495561 0.323955 0.452723
0.613665 0.303266 0.533416
0.597476 0.335859 0.469364
0.481954 0.322004 0.456915
0.61873 0.2986 0.514123
0.411198 0.3322 0.586094
0.365506 0.291476 0.476935
0.399579 0.333919 0.476189
0.476869 0.321132 0.510528
0.61207 0.317349 0.485959
0.457028 0.342979 0.441682
0.512147 0.334003 0.572831
0.540038 0.333981 0.591567
0.531922 0.32458 0.519503
0.500521 0.308713 0.615853
0.393981 0.338842 0.426201
0.572676 0.316088 0.394588
0.573398 0.332854 0.513384
0.62542 0.290101 0.468965
0.391771 0.3274 0.475778
0.53984 0.340703 0.406329
0.592141 0.29543 0.411605
0.486367 0.327884 0.534509
0.438794 0.2936 0.608428
0.503416 0.291649 0.619262
0.621785 0.291482 0.511974
0.487945 0.330782 0.605621
0.371341 0.307284 0.476619
0.466538 0.340698 0.406198
0.61897 0.303175 0.485734
0.398113 0.320746 0.481308
0.568172 0.343234 0.411909
0.454783 0.336871 0.445
0.519238 0.313336 0.460019
0.390886 0.326469 0.517162
0.443725 0.328492 0.484002
0.588734 0.315814 0.564784
0.472561 0.317918 0.51262
0.588142 0.326086 0.499988
0.37879 0.310137 0.449305
0.548365 0.330936 0.58112
0.404604 0.340926 0.443457
0.59212 0.314884 0.411455
0.468418 0.281758 0.621967
0.572348 0.328914 0.469906
0.60504 0.312372 0.501306
0.594238 0.289144 0.563138
0.504193 0.321055 0.446308
0.479558 0.298427 0.48097
0.402865 0.337098 0.513376
0.431255 0.337941 0.496724
0.392229 0.321663 0.466591
0.417725 0.345566 0.528013
0.553507 0.331232 0.556007
0.572884 0.31666 0.581971
0.418443 0.344762 0.577319
0.498418 0.32396 0.544148
0.506724 0.303228 0.485483
0.429312 0.334408 0.484208
0.520947 0.325697 0.591689
0.441213 0.347349 0.419652
0.467325 0.313084 0.612316
0.459677 0.314797 0.382095
0.581327 0.303641 0.406781
0.618501 0.278268 0.48798
0.476226 0.28739 0.368176
0.405128 0.315349 0.472447
0.464192 0.273875 0.615459
0.394614 0.314163 0.531622
0.555303 0.330575 0.44614
0.408458 0.318844 0.471248
0.423391 0.328082 0.484307
0.408832 0.288446 0.570305
0.497015 0.28881 0.609073
0.524447 0.314974 0.447544
0.534012 0.320512 0.585293
0.613197 0.27825 0.493022
0.524573 0.31968 0.586725
0.454148 0.325106 0.402553
0.433153 0.288647 0.596788
0.480978 0.303588 0.606093
0.614284 0.283219 0.461431
0.390071 0.308973 0.465884
0.39683 0.297258 0.546045
0.408498 0.314044 0.478095
0.562894 0.309307 0.583646
0.605713 0.291021 0.535944
0.453188 0.311559 0.603206
0.41216 0.327008 0.567442
0.584603 0.341647 0.42655
0.488161 0.322816 0.416
0.552521 0.334403 0.413653
0.615686 0.271597 0.529062
0.586142 0.301233 0.565058
0.611238 0.278479 0.48179
0.565744 0.30946 0.399481
0.529521 0.316269 0.393997
0.515653 0.311773 0.39232
0.488465 0.279048 0.371663
0.469456 0.311879 0.3918
0.614663 0.282383 0.523477
0.451871 0.313625 0.602145
0.434918 0.278759 0.595948
0.466573 0.292108 0.386177
0.49912 0.275533 0.374367
0.571537 0.324358 0.454965
0.545085 0.314325 0.455389
0.413955 0.315388 0.488881
0.489067 0.288081 0.493467
0.608184 0.274276 0.530879
0.524581 0.297007 0.495948
0.457035 0.325161 0.55411
0.563792 0.314919 0.531026
0.538072 0.32004 0.410264
0.428479 0.330274 0.575921
0.452049 0.312543 0.496333
0.567601 0.315348 0.53026
0.609563 0.258029 0.47859
0.542196 0.286296 0.594791
0.611122 0.260359 0.472169
0.557459 0.294412 0.398069
0.476774 0.264481 0.615926
0.535444 0.297353 0.481449
0.464985 0.298939 0.39058
0.485782 0.288771 0.495845
0.580961 0.321844 0.461903
0.474925 0.318611 0.57775
0.563092 0.31013 0.507828
0.581728 0.333398 0.42864
0.496254 0.302765 0.450716
0.546943 0.319217 0.448073
0.462539 0.320157 0.590416
0.473755 0.285824 0.478754
0.611902 0.240613 0.476153
0.454529 0.317823 0.454531
0.426763 0.333832 0.551048
0.50137 0.258758 0.612398
0.556305 0.307317 0.482704
0.412563 0.312101 0.519742
0.476011 0.286171 0.501598
0.418289 0.319521 0.45016
0.592518 0.284746 0.428376
0.53162 0.275194 0.59667
0.416059 0.304407 0.491189
0.581298 0.302881 0.488956
0.46139 0.317476 0.572211
0.437172 0.319078 0.517392
0.485443 0.301526 0.413065
0.485449 0.296989 0.529923
0.5212 0.297574 0.519314
0.399177 0.282396 0.494827
0.517656 0.290802 0.503627
0.476059 0.265246 0.610649
0.413817 0.313747 0.528527
0.523631 0.29182 0.503097
0.389358 0.287965 0.460571
0.589987 0.274926 0.552736
0.534222 0.293534 0.497737
0.522898 0.286465 0.490058
0.492267 0.298489 0.588938
0.516614 0.289992 0.502172
0.585648 0.272202 0.561939
0.526397 0.302289 0.404447
0.59104 0.294397 0.487606
0.392463 0.284174 0.471481
0.430625 0.308613 0.468663
0.497557 0.276927 0.484895
0.588532 0.298141 0.524857
0.564097 0.308522 0.536984
0.549175 0.296184 0.479665
0.617211 0.24801 0.516969
0.443094 0.315331 0.513432
0.472253 0.30145 0.592262
0.504311 0.287476 0.390646
0.416672 0.307019 0.449696
0.473908 0.285473 0.519349
0.526031 0.289265 0.516601
0.599956 0.254259 0.433838
0.453546 0.296535 0.587605
0.409485 0.283182 0.495442
0.454914 0.278537 0.398902
0.563843 0.292957 0.511087
0.451382 0.31229 0.570518
0.411384 0.265387 0.419194
0.459387 0.305957 0.581484
0.521465 0.257579 0.601518
0.60272 0.266868 0.447971
0.53978 0.281765 0.397418
0.543951 0.299502 0.555199
0.42476 0.311927 0.552889
0.461539 0.302747 0.417254
0.595733 0.249935 0.549626
0.531123 0.279776 0.483417
0.427045 0.30182 0.49805
0.470218 0.297557 0.414799
0.497501 0.251731 0.382594
0.588704 0.292308 0.437066
0.581131 0.263943 0.416906
0.51287 0.29451 0.549347
0.563719 0.291044 0.566419
0.581891 0.28376 0.545805
0.549438 0.299982 0.550776
0.453323 0.300014 0.455895
0.45795 0.285898 0.493245
0.494256 0.230316 0.611718
0.415592 0.29963 0.525821
0.55122 0.286047 0.577122
0.41413 0.305406 0.448325
0.589796 0.279035 0.430087
0.400715 0.268241 0.517542
0.420044 0.285256 0.508644
0.598754 0.254463 0.466931
0.599005 0.25334 0.528632
0.425423 0.266714 0.411543
0.556397 0.286876 0.5294
0.410412 0.271402 0.496262
0.596934 0.256046 0.502908
0.487755 0.275869 0.41073
0.398806 0.267146 0.473018
0.415742 0.285839 0.547446
0.526516 0.278733 0.450372
0.415417 0.287552 0.434126
0.479527 0.267801 0.510427
0.476079 0.269258 0.509332
0.391365 0.253071 0.478791
0.441509 0.277553 0.482267
0.534158 0.257816 0.591351
0.501235 0.285489 0.57157
0.53365 0.282265 0.575672
0.468317 0.292483 0.576648
0.458165 0.290611 0.533585
0.523824 0.267248 0.471227
0.492157 0.280744 0.539674
0.391936 0.261363 0.468133
0.435745 0.278855 0.479134
0.479317 0.281426 0.584177
0.50564 0.260397 0.475733
0.515342 0.284573 0.574031
0.422529 0.282073 0.474257
0.418797 0.262894 0.577511
0.427679 0.297471 0.525936
0.607595 0.236952 0.528941
0.421943 0.287219 0.506994
0.533786 0.285312 0.532143
0.475456 0.262959 0.395157
0.485961 0.232755 0.609716
0.421719 0.271612 0.503634
0.437929 0.289948 0.546519
0.576952 0.267737 0.481608
0.533375 0.265853 0.497031
0.563345 0.271734 0.50458
0.405716 0.254693 0.497776
0.608046 0.230183 0.510539
0.499805 0.263149 0.456166
0.602279 0.231966 0.535845
0.483695 0.255691 0.401666
0.54121 0.276827 0.419197
0.581683 0.26185 0.485474
0.410624 0.259869 0.509695
0.455429 0.273247 0.511953
0.57323 0.279483 0.429146
0.565314 0.281481 0.458564
0.449106 0.282072 0.52796
0.566503 0.271399 0.502275
0.40484 0.260359 0.472809
0.426473 0.26986 0.488923
0.429208 0.289502 0.55147
0.431653 0.285523 0.529391
0.588819 0.252302 0.539704
0.507047 0.245812 0.393126
0.61236 0.214987 0.505185
0.53605 0.266403 0.496653
0.454137 0.257864 0.592187
0.554408 0.256127 0.40561
0.496395 0.264901 0.583696
0.538703 0.26877 0.502897
0.475103 0.264944 0.52588
0.424077 0.282007 0.56353
0.44282 0.276864 0.50504
0.578916 0.280539 0.442809
0.583697 0.262288 0.521644
0.565712 0.261788 0.569009
0.42571 0.271104 0.432283
0.440546 0.278202 0.566594
0.458261 0.271663 0.551861
0.542559 0.257634 0.499673
0.461704 0.251372 0.497756
0.39749 0.230783 0.500732
0.478048 0.257151 0.416229
0.589585 0.240169 0.429598
0.589221 0.2214 0.572747
0.405728 0.208868 0.589361
0.509301 0.248016 0.462359
0.575952 0.256155 0.544053
0.604742 0.2216 0.458158
0.486441 0.249802 0.40958
0.444491 0.230465 0.597246
0.5674 0.260584 0.476352
0.596846 0.237743 0.456322
0.542538 0.259553 0.415692
0.548468 0.237482 0.588074
0.541476 0.255972 0.493653
0.58573 0.243557 0.488235
0.447872 0.273358 0.574795
0.448755 0.251777 0.484122
0.509273 0.261534 0.427414
0.587616 0.24194 0.428274
0.532409 0.242881 0.586566
0.408588 0.248146 0.476085
0.47019 0.240703 0.486913
0.458115 0.269717 0.544149
0.420635 0.261101 0.466754
0.4208 0.249349 0.575931
0.498588 0.244669 0.403627
0.412923 0.256306 0.560803
0.537813 0.260974 0.569768
0.488276 0.221078 0.605438
0.470643 0.242804 0.492053
0.427696 0.26184 0.562663
0.455433 0.254212 0.455971
0.578088 0.211091 0.589744
0.590015 0.232388 0.468087
0.464876 0.249814 0.418089
0.39525 0.21826 0.502378
0.545877 0.253982 0.423783
0.460344 0.260048 0.431378
0.516638 0.226666 0.398411
0.421965 0.240852 0.481324
0.445556 0.258672 0.455081
0.566283 0.26216 0.444681
0.568587 0.219321 0.588593
0.544859 0.248485 0.417735
0.570371 0.260759 0.444364
0.606049 0.211272 0.529165
0.551875 0.252031 0.56272
0.557767 0.232642 0.403435
0.579143 0.2412 0.545055
0.595542 0.207255 0.409891
0.573266 0.244022 0.49393
0.48079 0.237558 0.521865
0.480852 0.226225 0.49062
0.54338 0.254398 0.544744
0.435054 0.248884 0.496193
0.552829 0.254473 0.552408
0.466877 0.241987 0.512048
0.41031 0.236245 0.497049
0.413098 0.23836 0.569003
0.535874 0.255385 0.434077
0.496729 0.249657 0.438056
0.446455 0.257945 0.421604
0.552727 0.258719 0.427998
0.560517 0.25035 0.528478
0.457666 0.258408 0.574054
0.43344 0.254668 0.420402
0.421047 0.229023 0.482271
0.453662 0.23239 0.471695
0.473667 0.231809 0.459004
0.601205 0.210336 0.469721
0.571146 0.226052 0.410816
0.606951 0.202506 0.508182
0.430359 0.247643 0.538668
0.546725 0.200733 0.602832
0.521711 0.237634 0.438566
0.556838 0.242603 0.460655
0.406762 0.22286 0.491349
0.577466 0.226942 0.510496
0.555323 0.238343 0.527826
0.590031 0.218534 0.52128
0.434829 0.233082 0.405527
0.600807 0.207044 0.548252
0.491839 0.220317 0.494925
0.556103 0.234538 0.509945
0.51816 0.220133 0.471551
0.498391 0.221588 0.405255
0.503789 0.235735 0.426697
0.488865 0.24088 0.566917
0.543395 0.236067 0.417338
0.539878 0.227015 0.58175
0.427118 0.231255 0.408409
0.564115 0.248864 0.442082
0.436347 0.222751 0.395547
0.522398 0.2175 0.591041
0.574813 0.233702 0.533871
0.426266 0.200169 0.603528
0.436236 0.237214 0.497149
0.528457 0.226124 0.469326
0.517826 0.219608 0.482979
0.531545 0.229896 0.465278
0.574437 0.233656 0.423782
0.527435 0.240985 0.530205
0.420213 0.217966 0.47877
0.598333 0.202382 0.509882
0.461862 0.227652 0.53437
0.442238 0.227548 0.411188
0.473392 0.212474 0.498644
0.605023 0.197164 0.509109
0.433606 0.237718 0.437637
0.560404 0.223264 0.512531
0.409307 0.203128 0.584101
0.600648 0.202204 0.490695
0.421537 0.215206 0.579815
0.437885 0.238618 0.440457
0.416438 0.225265 0.538577
0.571416 0.228335 0.42806
0.414016 0.203231 0.58752
0.447781 0.234754 0.545699
0.545214 0.228967 0.566387
0.476807 0.208271 0.491298
0.55899 0.224635 0.520464
0.588281 0.203213 0.576683
0.491239 0.227367 0.54885
0.545552 0.213217 0.586422
0.489065 0.223185 0.532684
0.605521 0.19597 0.54808
0.400155 0.206942 0.423583
0.48327 0.206195 0.401236
0.402028 0.215427 0.5555
0.442658 0.212669 0.393892
0.503176 0.196209 0.604088
0.486899 0.217884 0.459213
0.459296 0.218127 0.49502
0.435166 0.223008 0.486232
0.527811 0.212293 0.480189
0.447095 0.230892 0.524882
0.420955 0.208868 0.586035
0.584854 0.212403 0.521402
0.42304 0.194614 0.388228
0.597279 0.196319 0.525139
0.558203 0.192349 0.600868
0.449507 0.214316 0.413331
0.5995 0.195456 0.482917
0.593445 0.197582 0.51202
0.524758 0.218526 0.556304
0.439377 0.211061 0.479689
0.408505 0.201952 0.412544
0.5074 0.202396 0.467278
0.599011 0.1914 0.410417
0.446347 0.216683 0.515841
0.388923 0.188783 0.477589
0.616175 0.180156 0.534236
0.487649 0.217504 0.562328
0.448517 0.221414 0.567584
0.481196 0.198571 0.493343
0.462806 0.191995 0.388666
0.489389 0.214903 0.439512
0.492775 0.19477 0.598248
0.42926 0.210932 0.478272
0.557102 0.214571 0.41263
0.563046 0.219293 0.458338
0.601611 0.186345 0.583779
0.608391 0.188514 0.540344
0.48951 0.199058 0.490849
0.58505 0.207004 0.44503
0.560792 0.212594 0.483678
0.460455 0.217146 0.572342
0.585994 0.200393 0.413593
0.390542 0.197435 0.551117
0.521655 0.21703 0.537854
0.490698 0.215142 0.546537
0.415971 0.211764 0.449457
0.542086 0.220742 0.434096
0.465802 0.21815 0.43148
0.41887 0.203099 0.525026
0.593347 0.192458 0.542718
0.441719 0.207848 0.453103
0.457074 0.201104 0.415481
0.489703 0.191173 0.469483
0.581363 0.19587 0.515345
0.397968 0.191413 0.457082
0.537084 0.207172 0.436471
0.403432 0.194967 0.450865
0.422258 0.205341 0.445145
0.564184 0.209156 0.451922
0.454362 0.190053 0.599665
0.591656 0.190178 0.415163
0.422049 0.206035 0.433856
0.569176 0.202154 0.519914
0.448159 0.19535 0.590737
0.408671 0.19362 0.410128
0.452961 0.202505 0.514321
0.424915 0.205455 0.570158
0.38012 0.171086 0.605702
0.590582 0.18929 0.406336
0.571461 0.206982 0.450534
0.409725 0.179825 0.605576
0.603685 0.181517 0.394414
0.59401 0.1911 0.450917
0.491712 0.194715 0.585227
0.548701 0.207024 0.540142
0.456387 0.203347 0.57604
0.411033 0.200965 0.538791
0.468884 0.193541 0.589877
0.548861 0.191002 0.388233
0.384491 0.175354 0.59762
0.451175 0.177681 0.617426
0.611673 0.175183 0.593764
0.453407 0.199186 0.497485
0.572731 0.205411 0.546408
0.41768 0.193092 0.435748
0.591892 0.186553 0.564554
0.54537 0.192921 0.521669
0.465721 0.189602 0.417156
0.379356 0.175012 0.45054
0.569801 0.192408 0.51949
0.496615 0.185298 0.586798
0.413383 0.18279 0.389796
0.39916 0.183357 0.49137
0.56035 0.195701 0.419076
0.525387 0.185551 0.492194
0.460762 0.19267 0.450236
0.569321 0.194668 0.571486
0.454016 0.196083 0.554183
0.417761 0.188213 0.488687
0.445317 0.171363 0.620888
0.559908 0.197434 0.549024
0.439911 0.191787 0.411384
0.584746 0.18638 0.477769
0.509647 0.170055 0.618733
0.527942 0.194633 0.561608
0.587181 0.185206 0.487673
0.483798 0.188626 0.525312
0.601387 0.179928 0.427256
0.577993 0.187687 0.579586
0.493608 0.1894 0.447994
0.514466 0.189978 0.419935
0.578075 0.19269 0.439689
0.597936 0.180262 0.507138
0.575132 0.19271 0.536962
0.483902 0.188404 0.453068
0.482175 0.191188 0.425818
0.410504 0.189125 0.447835
0.584997 0.185916 0.512588
0.585848 0.189805 0.559575
0.455692 0.192591 0.453727
0.414266 0.182134 0.428865
0.508752 0.162966 0.62597
0.53554 0.168833 0.616821
0.533049 0.177167 0.590422
0.502525 0.182913 0.556662
0.568858 0.183541 0.522015
0.50275 0.174311 0.469709
0.416746 0.18257 0.531474
0.506453 0.180001 0.414168
0.608522 0.170906 0.449972
0.53699 0.175804 0.596085
0.549158 0.174799 0.603304
0.415501 0.178756 0.582569
0.439789 0.186333 0.438052
0.392536 0.175426 0.454403
0.510433 0.171691 0.607294
0.384628 0.174205 0.396157
0.591827 0.16399 0.625944
0.382881 0.174033 0.538556
0.616482 0.169463 0.575942
0.510949 0.177783 0.45321
0.411623 0.181262 0.521719
0.41751 0.181271 0.41685
0.426495 0.177013 0.386733
0.557211 0.175255 0.603798
0.408426 0.178507 0.405934
0.48409 0.172165 0.608429
0.485264 0.175488 0.463555
0.514548 0.183066 0.566992
0.405169 0.163881 0.624431
0.507983 0.179683 0.443992
0.62528 0.163948 0.434811
0.417984 0.182692 0.442599
0.486236 0.179673 0.581382
0.409473 0.180701 0.519017
0.506689 0.180264 0.441367
0.407989 0.171166 0.50883
0.392541 0.170723 0.558345
0.623573 0.163976 0.389197
0.558723 0.176278 0.569713
0.373043 0.163471 0.511481
0.57067 0.174521 0.524366
0.420714 0.168671 0.599232
0.584897 0.171582 0.413109
0.462191 0.174524 0.553935
0.632361 0.159011 0.369983
0.371458 0.162393 0.464021
0.415865 0.172328 0.407433
0.523172 0.172096 0.415612
0.602798 0.169154 0.561345
0.466466 0.165136 0.615891
0.534954 0.172675 0.517277
0.490482 0.168868 0.596224
0.475088 0.163237 0.620691
0.395849 0.170114 0.389219
0.398545 0.170322 0.391919
0.505778 0.170767 0.585166
0.430012 0.162734 0.624039
0.558176 0.17531 0.541091
0.445994 0.172615 0.457687
0.467444 0.171698 0.528394
0.542348 0.170371 0.384948
0.385309 0.167635 0.503776
0.451398 0.170109 0.471225
0.487676 0.170108 0.590385
0.603322 0.166364 0.47913
0.432723 0.165964 0.614647
0.58925 0.171118 0.439984
0.501096 0.165793 0.611584
0.625569 0.161237 0.434892
0.511896 0.169483 0.502939
0.617271 0.162041 0.521294
0.403627 0.162809 0.492149
0.533763 0.163995 0.510687
0.565424 0.165663 0.505303
0.601711 0.162555 0.555884
0.381127 0.161983 0.443929
0.558638 0.165796 0.531047
0.445147 0.159226 0.622063
0.627006 0.156157 0.501315
0.411803 0.163494 0.490049
0.542759 0.165308 0.536011
0.41519 0.1617 0.372737
0.544156 0.165911 0.554383
0.620575 0.159004 0.425503
0.554174 0.166828 0.573651
0.372157 0.158597 0.473563
0.56348 0.166447 0.448726
0.517509 0.16328 0.442519
0.608866 0.159834 0.491227
0.59479 0.162865 0.387424
0.575996 0.165569 0.470354
0.424172 0.161688 0.3725
0.464487 0.162504 0.507477
0.534677 0.163182 0.590841
0.462892 0.166374 0.570386
0.622088 0.158026 0.604054
0.426854 0.164734 0.477932
0.506982 0.163455 0.517363
0.557477 0.165217 0.587174
0.401553 0.163853 0.578385
0.39859 0.163611 0.541552
0.540065 0.162497 0.59991
0.396596 0.162666 0.510511
0.548501 0.163028 0.599845
0.466542 0.162099 0.453953
0.51373 0.164861 0.563574
0.589304 0.163042 0.490376
0.39855 0.156927 0.379474
0.535103 0.157088 0.533856
0.4163 0.156414 0.596439
0.620859 0.154968 0.564888
0.529638 0.15698 0.423127
0.547848 0.157368 0.53775
0.56547 0.157384 0.499623
0.474913 0.155062 0.451602
0.408281 0.156853 0.542104
0.436291 0.15693 0.509598
0.363038 0.154657 0.422879
0.559274 0.156316 0.374295
0.598553 0.15441 0.626443
0.601735 0.155957 0.445334
0.467747 0.156866 0.42871
0.569649 0.157757 0.473308
0.426942 0.15515 0.621866
0.60103 0.154729 0.364205
0.511443 0.156963 0.551175
0.448768 0.155512 0.478093
0.627118 0.154182 0.562188
0.474309 0.157672 0.558282
0.631371 0.153039 0.498136
0.456031 0.155025 0.616511
0.609645 0.155104 0.487338
0.427549 0.156932 0.592542
0.461801 0.154615 0.364961
0.431128 0.157746 0.425314
0.621278 0.154237 0.543354
0.523156 0.155818 0.485172
0.460793 0.156826 0.399591
0.507525 0.156652 0.581505
0.503213 0.156453 0.402595
0.425712 0.153069 0.637889
0.396859 0.15498 0.363261
0.445797 0.154629 0.363281
0.393764 0.15 0.354788
0.399907 0.15 0.47978
0.644983 0.15 0.433599
0.369025 0.15 0.547028
0.545828 0.15 0.644296
0.53464 0.15 0.545251
0.601677 0.15 0.517922
0.511907 0.15 0.55394
0.649249 0.15 0.468885
0.633969 0.15 0.394725
0.4105 0.15 0.620739
0.411965 0.15 0.538788
0.408046 0.15 0.647409
0.548859 0.15 0.453009
0.363944 0.15 0.564286
0.6037 0.15 0.394533
0.453824 0.15 0.45343
0.453476 0.15 0.512813
0.438086 0.15 0.557392
0.649277 0.15 0.568662
0.542221 0.15 0.625875
0.513555 0.15 0.429745
0.607894 0.15 0.549792
0.47566 0.15 0.451773
0.48693 0.15 0.566987
0.592183 0.15 0.404741
0.599901 0.15 0.373933
0.549197 0.15 0.553821
0.531188 0.15 0.527966
0.593226 0.15 0.55394
0.582514 0.15 0.374253
0.587733 0.15 0.367725
0.556723 0.15 0.381962
0.542166 0.15 0.366086
0.393681 0.15 0.423995
0.410234 0.15 0.62062
