3024 0.012625
0.372427 0.419392 0.37963
0.459457 0.357479 0.333449
0.479925 0.263634 0.342592
0.489688 0.265954 0.354014
0.49674 0.305224 0.351066
0.527938 0.374458 0.335375
0.337384 0.377053 0.45585
0.40687 0.351305 0.401127
0.439714 0.286276 0.324566
0.499369 0.236965 0.296412
0.545817 0.30509 0.34414
0.586367 0.389821 0.406215
0.323867 0.332754 0.475226
0.325408 0.267727 0.440221
0.35137 0.467627 0.339941
0.512454 0.499279 0.314023
0.679508 0.432651 0.366169
0.662929 0.25268 0.45155
0.338447 0.295245 0.481343
0.306543 0.253296 0.503374
0.348351 0.524194 0.507467
0.524779 0.538818 0.505215
0.708925 0.453702 0.516636
0.677881 0.201558 0.499652
0.343199 0.337441 0.494156
0.364469 0.311961 0.537485
0.370946 0.373166 0.674573
0.502671 0.428924 0.721496
0.643421 0.373437 0.648124
0.651463 0.237063 0.53037
0.359158 0.395679 0.555602
0.418031 0.409876 0.584074
0.459844 0.286645 0.643761
0.495241 0.223571 0.67689
0.537175 0.246209 0.660607
0.573859 0.36053 0.564582
0.401927 0.4122 0.404056
0.360994 0.400719 0.554238
0.316413 0.22116 0.50094
0.691503 0.4726 0.500303
0.422807 0.300946 0.674001
0.501662 0.274021 0.362541
0.372033 0.395503 0.529831
0.367181 0.414828 0.572123
0.6629 0.309458 0.49013
0.48051 0.220242 0.370066
0.591409 0.394417 0.590522
0.584306 0.321128 0.566504
0.508973 0.251182 0.709479
0.514315 0.534859 0.583179
0.722445 0.424802 0.439433
0.666901 0.325499 0.483206
0.355004 0.270949 0.499305
0.409366 0.418564 0.359375
0.512634 0.230459 0.656469
0.408476 0.418318 0.573274
0.415558 0.34052 0.567465
0.359153 0.356961 0.660571
0.354924 0.309281 0.497782
0.556646 0.38188 0.722237
0.40333 0.400018 0.621127
0.633988 0.284489 0.51463
0.586412 0.503522 0.617262
0.453645 0.267763 0.650442
0.611094 0.346589 0.539994
0.428685 0.54339 0.505777
0.488173 0.236096 0.648264
0.632081 0.303023 0.524816
0.6664 0.49638 0.461604
0.626669 0.363058 0.537229
0.50376 0.22447 0.667421
0.346004 0.350408 0.458799
0.377903 0.383242 0.526117
0.336392 0.250832 0.45475
0.600038 0.299795 0.580006
0.651159 0.266231 0.450118
0.406202 0.505105 0.34589
0.501981 0.266382 0.363218
0.476596 0.227516 0.678894
0.483913 0.267608 0.648073
0.65059 0.487733 0.570558
0.546278 0.537944 0.503444
0.512186 0.319835 0.645624
0.590387 0.307638 0.380857
0.461102 0.542292 0.440052
0.688324 0.224875 0.530239
0.337146 0.347668 0.632456
0.361006 0.318235 0.538411
0.633065 0.296697 0.458897
0.415498 0.403971 0.623644
0.620082 0.291966 0.588023
0.444434 0.531936 0.383189
0.412545 0.406584 0.566277
0.525305 0.539871 0.442428
0.389482 0.304927 0.564003
0.614622 0.302736 0.393237
0.405283 0.479637 0.316791
0.346612 0.303917 0.487915
0.609284 0.297566 0.558782
0.383532 0.428042 0.584144
0.510363 0.316665 0.653931
0.658484 0.235243 0.476431
0.612908 0.359987 0.431365
0.528825 0.240898 0.699316
0.435697 0.296081 0.636835
0.354586 0.298681 0.496206
0.433624 0.283663 0.673019
0.580269 0.360143 0.560795
0.345787 0.190527 0.47023
0.336521 0.187568 0.467769
0.462195 0.300215 0.343038
0.654819 0.221678 0.462367
0.646421 0.237847 0.467109
0.503266 0.232364 0.359678
0.667805 0.219649 0.46193
0.624145 0.303293 0.536264
0.566927 0.291201 0.67872
0.313382 0.205162 0.462437
0.505502 0.217249 0.310554
0.684113 0.25523 0.540155
0.446688 0.265978 0.325429
0.598607 0.406862 0.426036
0.676128 0.484912 0.515542
0.403374 0.328576 0.557786
0.514049 0.222108 0.679883
0.331647 0.186466 0.49066
0.45249 0.46903 0.286302
0.663793 0.276274 0.485088
0.656149 0.197782 0.492219
0.567725 0.491478 0.647075
0.535537 0.530661 0.386257
0.715768 0.295636 0.444329
0.467053 0.333 0.641535
0.380126 0.42414 0.383563
0.580108 0.299757 0.324059
0.602901 0.367612 0.299316
0.484893 0.223844 0.674314
0.454581 0.246801 0.306245
0.56713 0.536131 0.507654
0.597948 0.421458 0.395128
0.458732 0.35496 0.342728
0.650708 0.220833 0.468627
0.588308 0.42486 0.388586
0.335387 0.498871 0.395573
0.401181 0.390192 0.622045
0.333411 0.178435 0.483816
0.721191 0.406357 0.423592
0.656551 0.246569 0.47372
0.482283 0.298247 0.26293
0.501918 0.208402 0.351586
0.457367 0.365574 0.639235
0.288669 0.427195 0.582321
0.506903 0.266109 0.64159
0.641841 0.292756 0.404731
0.378918 0.483938 0.335857
0.524155 0.348932 0.638698
0.436884 0.378225 0.600828
0.345513 0.257348 0.510251
0.666676 0.328951 0.480431
0.424554 0.398668 0.591524
0.258754 0.346404 0.505353
0.400637 0.42485 0.375459
0.409676 0.410496 0.608064
0.515918 0.541266 0.452
0.53472 0.274591 0.313159
0.528939 0.241295 0.698887
0.5311 0.380046 0.35095
0.728327 0.337011 0.546468
0.256393 0.353385 0.497436
0.341897 0.273518 0.478762
0.487541 0.378033 0.735178
0.370097 0.299528 0.541583
0.361816 0.298208 0.586555
0.532352 0.357817 0.63771
0.416572 0.330311 0.591654
0.420906 0.386907 0.274309
0.665247 0.325556 0.47878
0.527938 0.352085 0.661003
0.563817 0.443978 0.288199
0.525783 0.351001 0.639715
0.335261 0.246451 0.513932
0.328843 0.211203 0.500969
0.374724 0.299603 0.540032
0.665736 0.310836 0.480408
0.342945 0.374721 0.454033
0.496468 0.197733 0.344067
0.72747 0.293472 0.486108
0.701614 0.28407 0.444192
0.51798 0.250623 0.33079
0.440549 0.285106 0.308279
0.307303 0.281766 0.516407
0.642949 0.285373 0.447327
0.328685 0.258965 0.517565
0.420367 0.324056 0.368181
0.435864 0.294338 0.313984
0.427836 0.398136 0.632232
0.610045 0.399722 0.434597
0.350326 0.273588 0.489312
0.68552 0.210539 0.50075
0.344958 0.26211 0.481681
0.458004 0.310254 0.636766
0.506595 0.298492 0.653101
0.374697 0.308611 0.546499
0.631851 0.331969 0.636017
0.462505 0.312943 0.342373
0.368362 0.411221 0.55783
0.444981 0.271321 0.324646
0.51445 0.287925 0.341466
0.356232 0.244792 0.489363
0.411943 0.302391 0.627372
0.593687 0.421806 0.400735
0.686391 0.210388 0.511997
0.667546 0.217828 0.530537
0.645222 0.420589 0.641516
0.337106 0.290344 0.527736
0.268781 0.431242 0.508626
0.373264 0.318155 0.438943
0.339512 0.254073 0.514921
0.498483 0.246196 0.36112
0.336673 0.283517 0.474818
0.50484 0.202521 0.331689
0.488192 0.191363 0.334187
0.457454 0.360712 0.338754
0.387785 0.314835 0.400434
0.611643 0.390424 0.301186
0.611119 0.415078 0.419421
0.347613 0.34958 0.506768
0.644013 0.223518 0.516287
0.342425 0.291438 0.468866
0.421697 0.343169 0.70883
0.502342 0.293193 0.355473
0.465727 0.306458 0.339859
0.554324 0.279119 0.682897
0.630359 0.374351 0.456368
0.495515 0.195473 0.336965
0.582413 0.53412 0.512829
0.357287 0.234752 0.489306
0.537363 0.303799 0.339933
0.513069 0.517143 0.340151
0.537649 0.250327 0.657622
0.346406 0.288477 0.52966
0.347762 0.264398 0.46398
0.339308 0.300182 0.53737
0.271477 0.306742 0.509776
0.686303 0.220784 0.47032
0.695527 0.256147 0.526648
0.684588 0.403606 0.36446
0.417705 0.338804 0.574344
0.51202 0.252317 0.644711
0.504865 0.405422 0.259062
0.524944 0.283159 0.639636
0.512741 0.326114 0.351169
0.397866 0.424007 0.575311
0.451929 0.351115 0.348892
0.366154 0.327243 0.388283
0.398171 0.3139 0.385902
0.545833 0.323564 0.720859
0.48656 0.191315 0.331301
0.491802 0.228672 0.361765
0.542788 0.375104 0.258222
0.270839 0.340058 0.446112
0.332494 0.199269 0.496885
0.655916 0.320669 0.600134
0.523298 0.349615 0.351516
0.566214 0.394131 0.589143
0.63043 0.329243 0.631599
0.368719 0.358889 0.312897
0.413233 0.481845 0.315317
0.479193 0.495691 0.305883
0.388353 0.426347 0.398216
0.507662 0.276671 0.641928
0.531937 0.37502 0.356608
0.653865 0.258852 0.498434
0.54156 0.353641 0.608304
0.663302 0.490811 0.408405
0.678133 0.211914 0.474115
0.483788 0.238426 0.354261
0.409846 0.363519 0.398276
0.465679 0.23932 0.68311
0.649266 0.254427 0.49766
0.634468 0.491398 0.585736
0.280275 0.444695 0.436405
0.346625 0.267425 0.509081
0.617885 0.355491 0.535034
0.412567 0.329865 0.312415
0.518476 0.232782 0.316246
0.533549 0.268104 0.706694
0.569664 0.369424 0.715136
0.325993 0.184315 0.48582
0.411022 0.347817 0.390778
0.708876 0.352748 0.57421
0.390961 0.307641 0.366105
0.347648 0.282221 0.517615
0.476041 0.195158 0.323174
0.638333 0.239013 0.498327
0.615337 0.412307 0.42319
0.301895 0.377284 0.594723
0.734214 0.336197 0.449834
0.504225 0.226832 0.672783
0.685351 0.216206 0.477969
0.65234 0.243799 0.537005
0.617247 0.355291 0.434243
0.524466 0.292735 0.336336
0.437532 0.540072 0.426548
0.412218 0.39566 0.623543
0.647383 0.257406 0.501893
0.339488 0.520426 0.526239
0.473362 0.202314 0.34288
0.624792 0.314039 0.365626
0.572387 0.405105 0.403993
0.589769 0.422818 0.39082
0.676137 0.201675 0.513868
0.367311 0.506046 0.612022
0.317165 0.291107 0.524433
0.368225 0.329434 0.367373
0.498251 0.288343 0.654024
0.436567 0.540758 0.435001
0.588013 0.341831 0.395359
0.524747 0.329885 0.631926
0.470702 0.218053 0.345856
0.306748 0.275059 0.507309
0.466313 0.239317 0.693369
0.455009 0.362646 0.343384
0.345652 0.26416 0.462721
0.405795 0.38354 0.408718
0.316313 0.375267 0.615925
0.450574 0.280206 0.641739
0.4864 0.223638 0.359033
0.342863 0.273244 0.446809
0.4744 0.200861 0.318848
0.305541 0.429627 0.608526
0.44912 0.260866 0.316459
0.637704 0.284586 0.519715
0.563345 0.337883 0.580731
0.424838 0.344011 0.587692
0.550363 0.290264 0.616871
0.7097 0.338679 0.409959
0.372084 0.312293 0.420728
0.284891 0.393241 0.397794
0.56166 0.351819 0.720776
0.658157 0.268281 0.496515
0.340563 0.210952 0.499184
0.471859 0.524131 0.349863
0.659515 0.410421 0.630436
0.634884 0.379865 0.325415
0.386635 0.416725 0.561631
0.434552 0.401879 0.36081
0.359546 0.397729 0.438709
0.505312 0.288895 0.653785
0.252801 0.373789 0.470454
0.525227 0.538573 0.436214
0.466607 0.27052 0.339043
0.322069 0.291841 0.538099
0.466148 0.252849 0.330513
0.374298 0.307851 0.402035
0.382678 0.402122 0.426285
0.586737 0.358068 0.558479
0.519253 0.500854 0.656462
0.604525 0.392427 0.557908
0.558038 0.37605 0.587521
0.42392 0.41153 0.368934
0.690804 0.223538 0.480366
0.349043 0.279392 0.442456
0.503858 0.277964 0.653282
0.455576 0.355335 0.340634
0.455923 0.248781 0.315804
0.414641 0.432732 0.701036
0.505798 0.539233 0.502924
0.731929 0.317816 0.489158
0.518112 0.541642 0.476071
0.467469 0.542068 0.489066
0.27026 0.329455 0.454865
0.356027 0.214686 0.477536
0.650306 0.267522 0.468115
0.619522 0.354624 0.536572
0.709368 0.455398 0.476576
0.398903 0.39814 0.609671
0.501802 0.210362 0.345534
0.307626 0.282342 0.439156
0.471012 0.321894 0.648487
0.400394 0.540144 0.494389
0.2909 0.278751 0.448199
0.342681 0.31325 0.463995
0.331101 0.227791 0.503968
0.377307 0.31245 0.407793
0.587639 0.32385 0.565208
0.661019 0.264648 0.491475
0.675076 0.485585 0.512573
0.672541 0.202242 0.504673
0.530058 0.475476 0.294033
0.541773 0.277507 0.306724
0.328973 0.49663 0.401687
0.362558 0.385355 0.530548
0.641454 0.260053 0.518677
0.630594 0.383663 0.44876
0.589494 0.305777 0.58442
0.350558 0.294744 0.521592
0.688407 0.219268 0.507325
0.594869 0.509604 0.594714
0.507796 0.298024 0.656747
0.514297 0.317385 0.654776
0.428923 0.308809 0.334279
0.606744 0.366581 0.413297
0.655123 0.236558 0.46783
0.664556 0.315065 0.587141
0.325593 0.204962 0.463423
0.352791 0.325572 0.595925
0.412425 0.309672 0.61993
0.61217 0.405581 0.427911
0.392163 0.400128 0.547787
0.341778 0.367334 0.645191
0.712548 0.427246 0.55469
0.686681 0.262284 0.536453
0.540488 0.508637 0.638591
0.547018 0.368535 0.611501
0.539792 0.36053 0.628248
0.372016 0.34729 0.440738
0.289088 0.377296 0.576919
0.46864 0.284532 0.652547
0.354259 0.329356 0.512736
0.398762 0.403307 0.555134
0.610449 0.368423 0.419768
0.525518 0.336413 0.636172
0.429084 0.390397 0.606619
0.646455 0.505168 0.420858
0.617827 0.402478 0.431897
0.341277 0.516346 0.454771
0.674945 0.315805 0.579227
0.551019 0.394107 0.37753
0.680008 0.294186 0.436481
0.586156 0.532244 0.440558
0.303353 0.343384 0.405179
0.344992 0.280329 0.443446
0.680322 0.225124 0.529275
0.379254 0.413757 0.582838
0.513494 0.314092 0.661397
0.439122 0.367363 0.608201
0.408487 0.304654 0.359575
0.398679 0.312055 0.599287
0.461223 0.239653 0.307308
0.551645 0.291993 0.622542
0.641038 0.324713 0.363825
0.391499 0.422513 0.58618
0.44815 0.26711 0.319818
0.592529 0.336492 0.559098
0.302358 0.356983 0.38926
0.669823 0.488458 0.522732
0.672837 0.375325 0.612187
0.468978 0.302883 0.263526
0.488066 0.26057 0.285928
0.603419 0.517719 0.559149
0.484769 0.231326 0.346704
0.563718 0.314223 0.593754
0.402897 0.305533 0.630224
0.703123 0.447893 0.547974
0.377946 0.410644 0.560417
0.351687 0.20865 0.47596
0.663318 0.217775 0.523932
0.657125 0.499983 0.435478
0.692988 0.33371 0.394256
0.449033 0.343744 0.260116
0.487667 0.234667 0.655691
0.347951 0.339475 0.508361
0.406498 0.408921 0.596408
0.716582 0.386113 0.41105
0.496398 0.273922 0.34676
0.379844 0.317504 0.548465
0.525425 0.278147 0.644686
0.406023 0.399393 0.605665
0.565483 0.407948 0.387015
0.539703 0.299813 0.33183
0.594294 0.330274 0.560509
0.26524 0.357087 0.528719
0.406399 0.305708 0.366187
0.551692 0.279615 0.684669
0.585293 0.304607 0.373259
0.479158 0.298417 0.655817
0.641122 0.268752 0.542717
0.575796 0.311458 0.588366
0.27898 0.356209 0.561081
0.706609 0.271322 0.502454
0.561671 0.499774 0.33313
0.390344 0.306599 0.600456
0.543719 0.356883 0.610793
0.410213 0.30785 0.62406
0.506722 0.224141 0.321436
0.727061 0.375412 0.428802
0.712266 0.423041 0.55792
0.531098 0.296944 0.636261
0.516992 0.535832 0.524382
0.683295 0.218007 0.519809
0.278695 0.308197 0.452212
0.410875 0.301909 0.64922
0.656547 0.240523 0.49453
0.652195 0.203759 0.506615
0.49485 0.536151 0.397086
0.289117 0.282495 0.449112
0.639693 0.319215 0.525723
0.48418 0.210298 0.351501
0.53509 0.344869 0.623715
0.417322 0.39471 0.70842
0.541215 0.274649 0.645148
0.345086 0.248387 0.493551
0.565447 0.530616 0.546616
0.320734 0.2544 0.505461
0.604585 0.394955 0.413878
0.302052 0.224246 0.483668
0.603025 0.346456 0.551143
0.696939 0.250453 0.487552
0.393616 0.319617 0.390443
0.344446 0.220912 0.470677
0.453266 0.338421 0.339581
0.4483 0.272286 0.307426
0.478105 0.531478 0.604152
0.499033 0.247843 0.346438
0.448834 0.350712 0.627963
0.582892 0.307488 0.32626
0.537713 0.277197 0.642432
0.631357 0.482435 0.606931
0.542579 0.383676 0.357322
0.667699 0.276974 0.486356
0.520061 0.488779 0.668873
0.48621 0.28381 0.652056
0.295335 0.329081 0.565936
0.50405 0.534476 0.581315
0.522683 0.413102 0.725854
0.3738 0.316167 0.414295
0.288576 0.309168 0.548638
0.296651 0.372085 0.389861
0.591255 0.390892 0.569975
0.506491 0.303013 0.343235
0.360498 0.381707 0.541137
0.334061 0.29474 0.467466
0.472377 0.536659 0.575417
0.330726 0.281651 0.440866
0.398212 0.30485 0.359264
0.436816 0.382416 0.626558
0.570671 0.534885 0.503682
0.517343 0.22921 0.685119
0.380881 0.40268 0.422757
0.399345 0.414031 0.581884
0.48491 0.238224 0.674242
0.475657 0.536065 0.579198
0.34508 0.357832 0.520854
0.356021 0.371939 0.325653
0.391415 0.320678 0.39183
0.555613 0.302891 0.623362
0.679488 0.217298 0.510475
0.378362 0.317744 0.555912
0.514478 0.4856 0.300439
0.662571 0.250101 0.493702
0.549227 0.337532 0.368919
0.322153 0.261621 0.506582
0.404811 0.52153 0.379108
0.63316 0.324575 0.453165
0.650034 0.255134 0.511921
0.442292 0.299811 0.28535
0.339705 0.257415 0.502866
0.495841 0.537998 0.411369
0.459022 0.261818 0.664838
0.486417 0.207985 0.3178
0.511963 0.249358 0.328298
0.614633 0.309908 0.618148
0.434389 0.321612 0.623409
0.547015 0.388188 0.359894
0.49809 0.235661 0.680651
0.390625 0.494637 0.647553
0.587739 0.33163 0.566142
0.667883 0.243896 0.463549
0.457093 0.31573 0.334137
0.534593 0.343955 0.636775
0.375691 0.321217 0.42894
0.587017 0.487107 0.638969
0.397226 0.402384 0.598236
0.366844 0.388152 0.547673
0.478198 0.540819 0.433798
0.307008 0.23288 0.489785
0.49013 0.269718 0.654128
0.573902 0.371411 0.576997
0.366612 0.375196 0.531449
0.612336 0.348059 0.412323
0.381632 0.329449 0.415362
0.303165 0.257749 0.454094
0.333578 0.492209 0.385703
0.422259 0.380202 0.595623
0.372825 0.322001 0.426221
0.648228 0.281699 0.555224
0.697671 0.263216 0.498375
0.334868 0.283186 0.466019
0.498284 0.239932 0.670181
0.458103 0.27949 0.328031
0.64158 0.311337 0.527562
0.388076 0.407512 0.562737
0.340632 0.364833 0.451598
0.421024 0.379133 0.614771
0.575535 0.371368 0.574944
0.3991 0.334548 0.555554
0.615039 0.361571 0.3146
0.337647 0.192642 0.475404
0.458247 0.341248 0.647004
0.679882 0.231858 0.528099
0.526343 0.423067 0.264654
0.435494 0.33934 0.357119
0.439294 0.332827 0.273012
0.592048 0.312778 0.331771
0.554995 0.285673 0.655184
0.540967 0.370978 0.257366
0.536877 0.539263 0.463323
0.482261 0.243574 0.659115
0.65445 0.231994 0.501339
0.514584 0.247867 0.320267
0.55699 0.366965 0.603378
0.302123 0.234862 0.484724
0.37881 0.341432 0.4334
0.632055 0.330507 0.428171
0.38761 0.536446 0.500004
0.383172 0.471616 0.664951
0.375773 0.326944 0.42201
0.419473 0.38069 0.593491
0.469261 0.308562 0.653091
0.654883 0.475381 0.585745
0.302059 0.460526 0.394271
0.566288 0.384564 0.383536
0.406179 0.346729 0.390235
0.391003 0.397987 0.287581
0.504996 0.538046 0.42836
0.42567 0.375442 0.603438
0.353759 0.328014 0.600547
0.423086 0.329155 0.311011
0.50423 0.243815 0.333413
0.396 0.347618 0.290895
0.378875 0.344671 0.672706
0.324956 0.257142 0.454298
0.672617 0.257515 0.479721
0.526738 0.307393 0.642565
0.511029 0.233994 0.693845
0.675344 0.341041 0.600808
0.411881 0.352494 0.384664
0.390202 0.407442 0.56828
0.332768 0.222589 0.472382
0.40862 0.538901 0.450072
0.614384 0.401671 0.418256
0.597763 0.337922 0.305091
0.319055 0.240005 0.497601
0.487013 0.243462 0.669167
0.512723 0.238042 0.697789
0.559565 0.332208 0.595855
0.415594 0.384093 0.603119
0.399855 0.363393 0.403028
0.332404 0.298578 0.548771
0.509776 0.537574 0.498135
0.533759 0.497631 0.317721
0.399524 0.409101 0.281682
0.372035 0.325799 0.425933
0.499786 0.246525 0.668475
0.504189 0.28202 0.332807
0.354391 0.337893 0.630208
0.445766 0.273963 0.682751
0.498885 0.233673 0.324077
0.325702 0.263628 0.503603
0.436938 0.359128 0.613147
0.707331 0.274701 0.465106
0.592634 0.337971 0.39283
0.489477 0.29875 0.660175
0.389994 0.32416 0.565825
0.51613 0.280736 0.655955
0.490097 0.227025 0.312486
0.581124 0.390768 0.282908
0.327381 0.211504 0.470148
0.392096 0.340174 0.404391
0.564709 0.365699 0.595668
0.732703 0.325485 0.461639
0.596782 0.411548 0.386249
0.459691 0.29333 0.324396
0.470698 0.259179 0.31772
0.724804 0.296862 0.461403
0.328803 0.308162 0.531492
0.497564 0.283354 0.660994
0.328433 0.246444 0.499279
0.693564 0.266022 0.523008
0.365698 0.315413 0.414726
0.606986 0.428474 0.672207
0.58896 0.309908 0.663554
0.656139 0.224157 0.505504
0.389178 0.35862 0.541195
0.427507 0.321328 0.338724
0.375866 0.348432 0.533744
0.568028 0.297933 0.347464
0.464855 0.266255 0.666879
0.368777 0.324979 0.42942
0.561503 0.344296 0.595612
0.392174 0.39302 0.410765
0.599523 0.329971 0.564722
0.506654 0.372198 0.25254
0.439911 0.364412 0.629679
0.585396 0.374359 0.588326
0.335997 0.312624 0.53434
0.31023 0.203778 0.475486
0.463428 0.539948 0.439751
0.593294 0.430665 0.297558
0.323616 0.239075 0.464737
0.561103 0.313339 0.609437
0.509255 0.24623 0.674707
0.599297 0.320226 0.574793
0.674299 0.306008 0.48438
0.457692 0.284795 0.650342
0.407059 0.373171 0.604475
0.559561 0.356518 0.607357
0.263775 0.40262 0.450728
0.463976 0.271144 0.661976
0.535938 0.329365 0.259683
0.513101 0.537079 0.497703
0.628722 0.307501 0.546402
0.390666 0.397405 0.565462
0.484332 0.247296 0.68317
0.527917 0.526145 0.606855
0.688699 0.241123 0.513885
0.694786 0.464145 0.530586
0.529035 0.5111 0.637996
0.636543 0.311707 0.376801
0.307099 0.264477 0.454196
0.388078 0.322452 0.356348
0.502759 0.253008 0.319458
0.587836 0.309382 0.373547
0.601118 0.324649 0.570417
0.347765 0.327513 0.447563
0.366588 0.528953 0.487879
0.493906 0.249129 0.682201
0.568663 0.397245 0.369909
0.392993 0.351367 0.403594
0.363847 0.331145 0.438899
0.320109 0.243094 0.46539
0.321468 0.248482 0.464722
0.431354 0.356261 0.610321
0.667095 0.325596 0.382445
0.610984 0.520292 0.420156
0.522235 0.286825 0.656988
0.738138 0.335024 0.467845
0.294155 0.480982 0.509907
0.468572 0.249911 0.689437
0.532106 0.31671 0.334205
0.460623 0.260899 0.302552
0.439656 0.501965 0.656168
0.607096 0.370432 0.402784
0.435771 0.34791 0.345527
0.414526 0.49583 0.331747
0.42848 0.481235 0.675909
0.393679 0.386557 0.572162
0.691381 0.415264 0.586508
0.520349 0.508169 0.644189
0.392116 0.333833 0.391674
0.592325 0.33538 0.570171
0.546861 0.281284 0.662428
0.532745 0.316111 0.263808
0.405742 0.385272 0.590238
0.388346 0.312682 0.59527
0.412451 0.366589 0.607032
0.34461 0.356748 0.346961
0.312554 0.243016 0.466781
0.605653 0.317117 0.38856
0.470414 0.290955 0.723443
0.332798 0.322279 0.455849
0.530174 0.327614 0.332968
0.649281 0.277908 0.532056
0.628676 0.364071 0.433783
0.527785 0.324869 0.329965
0.681174 0.267953 0.475701
0.350814 0.335835 0.528484
0.578502 0.399567 0.375558
0.440168 0.540876 0.487171
0.398542 0.363053 0.39661
0.62707 0.516914 0.489192
0.4474 0.533615 0.586366
0.520759 0.284311 0.665293
0.611553 0.387588 0.401116
0.596903 0.343787 0.566797
0.459283 0.300087 0.719068
0.437031 0.442008 0.279789
0.710434 0.383881 0.401471
0.650691 0.318617 0.449327
0.310389 0.298304 0.53042
0.418202 0.359475 0.70903
0.399778 0.312366 0.350746
0.555882 0.488511 0.31896
0.520364 0.537176 0.484725
0.673953 0.277415 0.490056
0.685685 0.262725 0.48188
0.439552 0.304792 0.311588
0.499272 0.276018 0.28599
0.462795 0.259154 0.693943
0.610031 0.338757 0.317842
0.720516 0.383983 0.420968
0.313144 0.301852 0.534791
0.290332 0.412279 0.382912
0.50513 0.472446 0.686211
0.620964 0.319091 0.403075
0.654711 0.281205 0.528207
0.6486 0.328766 0.456935
0.300265 0.314867 0.555134
0.458177 0.537422 0.524923
0.680526 0.278449 0.479189
0.466998 0.276565 0.664143
0.720542 0.379818 0.558542
0.414062 0.37104 0.376687
0.63764 0.305349 0.590525
0.494086 0.274087 0.312065
0.491891 0.269115 0.666959
0.645048 0.491096 0.562743
0.353659 0.324 0.438978
0.641746 0.499935 0.542432
0.626444 0.425718 0.65416
0.493264 0.259095 0.68061
0.267796 0.308724 0.475665
0.494475 0.538506 0.465325
0.399064 0.375613 0.593819
0.68888 0.267943 0.481375
0.374603 0.351618 0.428394
0.455432 0.297507 0.278494
0.320616 0.316447 0.523916
0.362612 0.345578 0.541609
0.321038 0.472584 0.374798
0.444964 0.387922 0.266249
0.574549 0.436829 0.687981
0.724563 0.371339 0.426241
0.390816 0.529655 0.425022
0.323514 0.507622 0.492656
0.306338 0.493789 0.505208
0.413148 0.344092 0.597937
0.288103 0.29134 0.515125
0.605252 0.313846 0.375998
0.399174 0.329032 0.333921
0.622964 0.369172 0.410489
0.295856 0.267017 0.479744
0.647003 0.334219 0.445892
0.319777 0.434417 0.622703
0.499027 0.253629 0.69324
0.603675 0.316278 0.352068
0.312252 0.301227 0.501604
0.644279 0.340551 0.445738
0.617007 0.486947 0.611935
0.391886 0.331038 0.576202
0.456431 0.281531 0.310391
0.280762 0.29948 0.457496
0.714904 0.375078 0.410349
0.337213 0.323983 0.567035
0.413158 0.357176 0.374144
0.438145 0.451596 0.698219
0.37139 0.340075 0.398802
0.67375 0.278468 0.539868
0.501916 0.287561 0.311691
0.620907 0.366269 0.411048
0.60019 0.333707 0.573357
0.616946 0.520645 0.45318
0.674751 0.276392 0.498506
0.559843 0.503404 0.630837
0.507984 0.321023 0.262732
0.65755 0.319907 0.461518
0.633414 0.513709 0.483132
0.32492 0.3305 0.520364
0.323426 0.328187 0.518997
0.523254 0.529373 0.390039
0.676141 0.47452 0.545087
0.347674 0.362675 0.64539
0.386857 0.353945 0.554069
0.398565 0.356439 0.5748
0.440543 0.289792 0.661553
0.564964 0.400302 0.276348
0.403775 0.383836 0.380204
0.542476 0.446008 0.283185
0.651019 0.33046 0.443734
0.627612 0.357522 0.416588
0.266304 0.38193 0.446031
0.555502 0.440837 0.695839
0.342536 0.327186 0.437381
0.346478 0.345168 0.632311
0.39166 0.360931 0.564613
0.560106 0.309343 0.289982
0.672981 0.278811 0.507072
0.478931 0.272779 0.295167
0.558965 0.331306 0.616792
0.584062 0.530696 0.458106
0.522827 0.307852 0.315215
0.492975 0.297419 0.270916
0.382822 0.533489 0.494577
0.620921 0.310462 0.386027
0.650361 0.502484 0.442602
0.550136 0.505533 0.63327
0.363397 0.366283 0.429993
0.406607 0.332227 0.331206
0.530053 0.534706 0.455038
0.364387 0.337873 0.396365
0.423963 0.35068 0.277682
0.681827 0.302404 0.459207
0.475641 0.26661 0.685424
0.662859 0.473893 0.382395
0.675709 0.283329 0.540721
0.564531 0.348153 0.372464
0.429498 0.346925 0.623096
0.671966 0.426375 0.609549
0.502755 0.285194 0.28055
0.266491 0.326366 0.484973
0.464404 0.286456 0.663538
0.297492 0.303659 0.514218
0.40956 0.359995 0.372545
0.358636 0.333274 0.424331
0.674783 0.305295 0.432882
0.431739 0.452132 0.694884
0.595162 0.393361 0.293482
0.512428 0.266949 0.693691
0.592621 0.332386 0.314174
0.400308 0.364929 0.588886
0.367197 0.33581 0.411894
0.504925 0.27285 0.699656
0.402956 0.36173 0.382511
0.57959 0.311132 0.629344
0.577544 0.334257 0.375986
0.431382 0.326859 0.321914
0.631826 0.496684 0.565142
0.3514 0.334362 0.573335
0.695629 0.286861 0.503959
0.512168 0.275685 0.700695
0.710574 0.433167 0.546333
0.672716 0.308902 0.442148
0.32256 0.315895 0.45145
0.320326 0.346233 0.594598
0.504094 0.275364 0.702797
0.33526 0.330077 0.540462
0.680288 0.266495 0.520084
0.588096 0.373963 0.291661
0.661936 0.290756 0.553918
0.479345 0.532966 0.546226
0.42066 0.319191 0.637595
0.630585 0.491263 0.373568
0.311117 0.303903 0.54504
0.448839 0.295709 0.647607
0.665588 0.271044 0.523704
0.384763 0.366629 0.394583
0.482304 0.535821 0.449039
0.574804 0.313264 0.672659
0.433003 0.30061 0.667329
0.384109 0.345192 0.57394
0.685501 0.303833 0.430813
0.659344 0.374197 0.622315
0.320882 0.322704 0.450385
0.415927 0.34749 0.344953
0.714082 0.300575 0.532323
0.586447 0.311606 0.633452
0.306571 0.310135 0.52854
0.487904 0.532652 0.516407
0.473584 0.299947 0.273784
0.452412 0.32832 0.272984
0.312198 0.303584 0.453818
0.309861 0.33273 0.565961
0.696455 0.462044 0.502896
0.375135 0.531718 0.524903
0.399929 0.366815 0.38238
0.493607 0.27216 0.697212
0.673594 0.318237 0.458512
0.313209 0.307521 0.454958
0.393472 0.335079 0.598361
0.484821 0.287991 0.285901
0.57125 0.383066 0.708229
0.405028 0.324816 0.638427
0.621298 0.45051 0.640999
0.475557 0.536836 0.41766
0.486455 0.531788 0.542513
0.583734 0.315562 0.625177
0.599195 0.361065 0.581489
0.448805 0.532138 0.584764
0.258287 0.36522 0.489291
0.381434 0.336978 0.576946
0.700243 0.317899 0.428154
0.349876 0.340286 0.575238
0.487343 0.533529 0.493218
0.386861 0.358228 0.386439
0.453847 0.279702 0.682514
0.574183 0.352646 0.706357
0.711066 0.337631 0.422637
0.326073 0.343022 0.380917
0.48124 0.323551 0.264599
0.362894 0.344191 0.360555
0.485902 0.533986 0.487668
0.526012 0.291241 0.297804
0.39259 0.364749 0.6024
0.390294 0.434312 0.297988
0.604051 0.498638 0.600085
0.549121 0.315261 0.649477
0.286471 0.291948 0.472629
0.697841 0.328589 0.418313
0.535446 0.299843 0.305961
0.633491 0.337879 0.408866
0.560691 0.305057 0.299463
0.285755 0.456082 0.538007
0.68184 0.301943 0.503396
0.466033 0.29823 0.667282
0.407833 0.350853 0.354531
0.482071 0.528569 0.598636
0.564391 0.327373 0.287291
0.312493 0.333266 0.432865
0.402952 0.335432 0.364707
0.344776 0.347238 0.359679
0.690988 0.304549 0.462027
0.515868 0.357395 0.25451
0.432029 0.380668 0.273625
0.403133 0.335712 0.619045
0.357706 0.364651 0.419935
0.57615 0.316157 0.327571
0.419753 0.315817 0.658769
0.310679 0.344181 0.572801
0.67493 0.334038 0.458306
0.68459 0.296089 0.514016
0.506543 0.305755 0.718422
0.659958 0.492202 0.508266
0.695202 0.449279 0.420592
0.352322 0.494737 0.377184
0.563453 0.530221 0.46845
0.377487 0.36841 0.594156
0.377517 0.372655 0.392673
0.660483 0.338928 0.598611
0.579648 0.527476 0.526613
0.615423 0.49606 0.36957
0.469713 0.528022 0.601407
0.479665 0.53413 0.456759
0.371173 0.351323 0.390634
0.663562 0.296264 0.549526
0.270144 0.384441 0.531425
0.616791 0.346868 0.327768
0.424517 0.535097 0.434716
0.640605 0.318407 0.574513
0.381315 0.384037 0.383186
0.379952 0.334629 0.343303
0.319894 0.498206 0.449856
0.613784 0.35254 0.579185
0.273651 0.436491 0.495051
0.553887 0.525881 0.416046
0.588824 0.526274 0.510185
0.650016 0.316049 0.392307
0.279153 0.335704 0.539211
0.618368 0.331037 0.392085
0.614219 0.520805 0.47636
0.455075 0.286497 0.694851
0.448684 0.408269 0.269361
0.666214 0.486654 0.41687
0.333138 0.343088 0.604858
0.314052 0.350271 0.400266
0.693751 0.326811 0.477351
0.460582 0.282262 0.691506
0.527098 0.311766 0.71683
0.305802 0.486552 0.454722
0.623457 0.509128 0.408797
0.569606 0.309158 0.65811
0.317934 0.334695 0.441807
0.355535 0.355319 0.412153
0.549237 0.31008 0.311189
0.530613 0.294267 0.68505
0.534191 0.297624 0.695101
0.510335 0.308698 0.286789
0.529268 0.376343 0.261155
0.711362 0.394242 0.409158
0.315584 0.350996 0.389235
0.565311 0.511337 0.36787
0.375829 0.361744 0.385758
0.464433 0.424824 0.720566
0.708377 0.300752 0.482389
0.596312 0.526004 0.467698
0.334777 0.338878 0.394166
0.533091 0.325899 0.720338
0.317357 0.496996 0.541652
0.692256 0.310487 0.497717
0.405055 0.335312 0.635897
0.467163 0.289622 0.710301
0.393791 0.350715 0.610141
0.545069 0.30363 0.302594
0.551094 0.525966 0.423403
0.595889 0.521436 0.422918
0.337536 0.331186 0.563612
0.38119 0.340436 0.359258
0.417097 0.327774 0.667961
0.416973 0.534429 0.557343
0.599517 0.496889 0.359535
0.379745 0.348245 0.606742
0.692552 0.322827 0.496511
0.673066 0.3414 0.382254
0.545752 0.318895 0.707716
0.730551 0.405439 0.457946
0.586416 0.517817 0.399799
0.266166 0.40304 0.457447
0.491393 0.334142 0.26489
0.305647 0.328246 0.447847
0.442908 0.29991 0.676229
0.484915 0.358081 0.257498
0.59081 0.439178 0.306963
0.510539 0.470567 0.683034
0.63912 0.421616 0.63901
0.373061 0.35868 0.375054
0.281108 0.387702 0.425088
0.440073 0.311471 0.653472
0.319283 0.327955 0.560074
0.291534 0.360542 0.421441
0.484418 0.53132 0.478724
0.430508 0.353245 0.278704
0.272061 0.414519 0.441957
0.706236 0.305658 0.491005
0.326955 0.414526 0.637528
0.607285 0.334679 0.367686
0.305817 0.445175 0.381805
0.327469 0.460622 0.363169
0.609827 0.512903 0.404655
0.488485 0.289107 0.696633
0.338858 0.349813 0.418147
0.45408 0.528734 0.591638
0.487883 0.299586 0.684538
0.282041 0.308104 0.474697
0.263941 0.396466 0.491435
0.598828 0.338935 0.600473
0.371355 0.345372 0.610556
0.262164 0.380018 0.488149
0.690612 0.320579 0.51308
0.417352 0.53666 0.494392
0.560809 0.321127 0.691446
0.39543 0.514025 0.381346
0.55961 0.521467 0.407818
0.51466 0.316057 0.69169
0.606902 0.351812 0.594521
0.284897 0.31513 0.496263
0.640318 0.336636 0.578029
0.382931 0.510774 0.385357
0.675069 0.46018 0.562569
0.461385 0.531997 0.461652
0.693833 0.338619 0.411116
0.489399 0.305675 0.686789
0.265667 0.415188 0.468547
0.688406 0.314422 0.521991
0.318744 0.35142 0.432771
0.595431 0.334508 0.646632
0.693756 0.322504 0.503639
0.349282 0.350132 0.601271
0.296498 0.47131 0.543512
0.380289 0.342524 0.33824
0.387564 0.34316 0.646096
0.704573 0.328636 0.554487
0.3606 0.45886 0.65118
0.330213 0.352662 0.592655
0.335091 0.420057 0.645648
0.384759 0.418168 0.686143
0.489557 0.309935 0.686668
0.37508 0.35876 0.602738
0.675195 0.334285 0.396641
0.668397 0.318441 0.569568
0.335119 0.351658 0.408687
0.494944 0.398508 0.265389
0.570534 0.524029 0.439376
0.366109 0.361501 0.359816
0.68776 0.317167 0.527969
0.61828 0.346998 0.65869
0.572 0.328631 0.678678
0.695615 0.336763 0.418221
0.536322 0.524119 0.425925
0.293868 0.323096 0.510597
0.451412 0.438381 0.708644
0.320848 0.334464 0.560913
0.55973 0.481981 0.652482
0.266513 0.38534 0.502003
0.565297 0.321064 0.662943
0.400888 0.370435 0.294218
0.341843 0.356144 0.572371
0.637872 0.346216 0.612336
0.270309 0.413604 0.516252
0.572221 0.406442 0.285985
0.649442 0.333155 0.568173
0.527811 0.525272 0.509099
0.527293 0.524743 0.518842
0.73536 0.350926 0.50547
0.387085 0.3988 0.684863
0.526515 0.392239 0.726155
0.395156 0.360947 0.331731
0.65489 0.42705 0.343996
0.388192 0.360382 0.304357
0.665429 0.324091 0.419294
0.62266 0.372001 0.328977
0.297569 0.320283 0.53812
0.653868 0.326632 0.568077
0.667472 0.400387 0.356657
0.394672 0.530666 0.46055
0.549399 0.321215 0.678062
0.641465 0.34471 0.598491
0.275871 0.322756 0.489727
0.383204 0.359867 0.622518
0.305721 0.383084 0.585321
0.678147 0.319929 0.550864
0.375896 0.369216 0.31741
0.583162 0.337442 0.671325
0.454434 0.430262 0.275368
0.514937 0.525128 0.443213
0.473591 0.363406 0.26066
0.723819 0.333699 0.520839
0.353419 0.361753 0.60473
0.27267 0.41142 0.530744
0.673096 0.321587 0.553916
0.712731 0.422113 0.428532
0.377676 0.351944 0.653636
0.287994 0.406755 0.40565
0.291462 0.436927 0.566602
0.285575 0.414581 0.566643
0.432146 0.33004 0.684305
0.695968 0.31998 0.4522
0.372769 0.350944 0.335896
0.292338 0.323447 0.517821
0.520191 0.406715 0.269605
0.440372 0.31551 0.667185
0.721005 0.319438 0.476827
0.352364 0.369493 0.348847
0.595897 0.38574 0.682661
0.382755 0.529566 0.51064
0.680538 0.368048 0.585399
0.406518 0.534119 0.516585
0.727586 0.334024 0.493949
0.477291 0.525972 0.542616
0.518149 0.525549 0.4829
0.64412 0.443635 0.620291
0.527437 0.510275 0.344442
0.684182 0.470414 0.480137
0.59314 0.412143 0.679843
0.568993 0.52438 0.510476
0.27505 0.381521 0.44359
0.318422 0.362933 0.392548
0.719798 0.324579 0.461231
0.677824 0.329584 0.562384
0.475385 0.325766 0.717353
0.511531 0.523879 0.44865
0.627144 0.363423 0.344598
0.283069 0.436503 0.544885
0.550968 0.33022 0.684644
0.430179 0.362465 0.304208
0.631856 0.472331 0.606059
0.614729 0.429599 0.654686
0.279072 0.337639 0.511941
0.497514 0.525229 0.390506
0.613166 0.349675 0.652301
0.458161 0.310332 0.68277
0.265756 0.395765 0.466058
0.669776 0.341467 0.429919
0.444599 0.317059 0.675253
0.421488 0.375165 0.286717
0.501041 0.45774 0.287169
0.513257 0.476953 0.673695
0.285106 0.33571 0.496016
0.438888 0.455807 0.691242
0.652677 0.336052 0.399636
0.455247 0.52968 0.473525
0.343689 0.369367 0.60382
0.302369 0.331766 0.542094
0.609961 0.492101 0.598078
0.707187 0.327481 0.480498
0.653774 0.353389 0.588351
0.467148 0.423299 0.719278
0.304371 0.480234 0.543924
0.717631 0.379548 0.425759
0.527951 0.520136 0.597459
0.45163 0.414017 0.273705
0.385472 0.364133 0.645819
0.295934 0.36468 0.432705
0.435292 0.498625 0.651636
0.675446 0.335612 0.560973
0.670739 0.338991 0.566984
0.489948 0.523812 0.464854
0.332535 0.488181 0.583688
0.577385 0.522781 0.462942
0.593335 0.396481 0.301963
0.616409 0.355429 0.61855
0.504316 0.325835 0.712346
0.588838 0.351953 0.315277
0.667312 0.340422 0.423786
0.548023 0.349062 0.714152
0.308188 0.414519 0.606867
0.451551 0.356622 0.279023
0.616592 0.352464 0.348739
0.649446 0.360973 0.582002
0.289693 0.344854 0.517798
0.643921 0.364205 0.365502
0.397842 0.35188 0.663816
0.510245 0.323886 0.708365
0.435542 0.391118 0.279623
0.4453 0.325812 0.690892
0.672697 0.348293 0.575814
0.465775 0.317569 0.708711
0.707798 0.336154 0.436842
0.516923 0.348521 0.275218
0.476637 0.523932 0.509308
0.456572 0.484867 0.308421
0.531913 0.349355 0.274262
0.590676 0.35942 0.657927
0.349546 0.370685 0.61523
0.554677 0.329227 0.687212
0.360518 0.366959 0.621714
0.681425 0.350014 0.572645
0.275674 0.390875 0.524759
0.27704 0.356276 0.463133
0.59074 0.352713 0.331755
0.325917 0.37052 0.579452
0.518857 0.494645 0.650718
0.464461 0.5252 0.475049
0.590248 0.430961 0.306416
0.292564 0.383177 0.422583
0.610065 0.512928 0.432135
0.504883 0.352468 0.723859
0.438348 0.370469 0.282795
0.713044 0.437672 0.475231
0.613641 0.362213 0.634801
0.707071 0.435194 0.444253
0.528484 0.520953 0.565305
0.445737 0.416729 0.277965
0.519521 0.486798 0.660053
0.707757 0.326599 0.455224
0.583972 0.369364 0.304258
0.4507 0.443173 0.284074
0.715233 0.339448 0.520839
0.518326 0.363351 0.27249
0.589116 0.405092 0.680344
0.441003 0.36731 0.288707
0.716653 0.358984 0.429111
0.459392 0.514878 0.355371
0.59965 0.397377 0.673544
0.267671 0.375626 0.483597
0.293685 0.448864 0.430129
0.611634 0.362774 0.348396
0.416388 0.526892 0.41756
0.344458 0.471225 0.361484
0.663556 0.352587 0.381802
0.546238 0.51774 0.581462
0.588904 0.411651 0.298547
0.438109 0.519892 0.37846
0.363683 0.370917 0.641879
0.324545 0.474972 0.387941
0.279885 0.364615 0.509969
0.47339 0.522618 0.465472
0.507239 0.341842 0.708864
0.455245 0.525498 0.477066
0.44174 0.505836 0.346507
0.722314 0.397962 0.445145
0.70568 0.342615 0.528689
0.65636 0.45322 0.594285
0.57142 0.354437 0.68156
0.564216 0.509858 0.381657
0.596092 0.507092 0.38964
0.460641 0.525136 0.454773
0.580488 0.355636 0.314509
0.651376 0.444916 0.608451
0.378077 0.378767 0.667301
0.302173 0.389988 0.406642
0.658319 0.369317 0.580733
0.683548 0.343657 0.426296
0.709361 0.385454 0.556713
0.712353 0.343043 0.521036
0.649974 0.378123 0.582448
0.58286 0.394075 0.299543
0.447203 0.385593 0.278172
0.524121 0.360214 0.278676
0.363282 0.415811 0.320939
0.568318 0.514415 0.569622
0.685255 0.430214 0.57167
0.670876 0.360305 0.575505
0.378806 0.377705 0.650004
0.588277 0.513912 0.407613
0.412501 0.374467 0.69359
0.599275 0.501901 0.379545
0.446265 0.337715 0.688007
0.705147 0.349252 0.51868
0.345135 0.393658 0.639773
0.59701 0.370576 0.321858
0.604906 0.373093 0.654759
0.53279 0.516887 0.406633
0.544245 0.490104 0.644179
0.425514 0.529552 0.473591
0.506244 0.521194 0.400944
0.689452 0.362766 0.56539
0.712364 0.419629 0.439341
0.475637 0.52679 0.413951
0.721057 0.357742 0.529934
0.350644 0.387187 0.636807
0.274031 0.377662 0.472432
0.287989 0.440524 0.452713
0.457179 0.522152 0.535696
0.73531 0.37723 0.475397
0.409998 0.511102 0.37431
0.542409 0.458205 0.676336
0.587309 0.393992 0.679744
0.596398 0.509465 0.556343
0.505836 0.362942 0.721869
0.318368 0.404219 0.372187
0.612906 0.384386 0.34053
0.681955 0.460735 0.529633
0.703843 0.344016 0.442463
0.28179 0.423962 0.455051
0.58478 0.41466 0.299042
0.634299 0.397469 0.369553
0.48197 0.521429 0.589882
0.394929 0.382663 0.662656
0.511865 0.354056 0.715268
0.718727 0.352966 0.525064
0.476838 0.400086 0.721322
0.272091 0.385544 0.468931
0.433409 0.454302 0.298592
0.730487 0.354533 0.474659
0.285464 0.436896 0.467263
0.629337 0.409478 0.330078
0.404214 0.511647 0.382568
0.552572 0.513748 0.411307
0.284046 0.406741 0.540628
0.381179 0.52142 0.468949
0.648424 0.394163 0.608622
0.445793 0.523016 0.539362
0.708257 0.434535 0.503482
0.307081 0.394716 0.416076
0.601652 0.406773 0.664149
0.306397 0.436978 0.391751
0.634646 0.388751 0.365123
0.440596 0.35455 0.691363
0.672597 0.472688 0.443118
0.726588 0.389724 0.506738
0.649209 0.406527 0.596169
0.522798 0.515772 0.381408
0.468572 0.519859 0.472578
0.286741 0.443889 0.530193
0.343276 0.509105 0.49243
0.289079 0.419779 0.436175
0.311275 0.473692 0.560528
0.626284 0.44768 0.626549
0.622193 0.381491 0.635838
0.346322 0.413002 0.649101
0.511736 0.511449 0.61686
0.526778 0.516727 0.474024
0.339832 0.504367 0.466134
0.555685 0.410467 0.700347
0.379241 0.465222 0.334889
0.431437 0.369482 0.70275
0.429288 0.401158 0.290968
0.628013 0.399567 0.355719
0.721893 0.353282 0.47983
0.465315 0.380795 0.280783
0.296661 0.445564 0.445692
0.432849 0.367128 0.687223
0.299544 0.409311 0.566244
0.625558 0.491422 0.385613
0.300704 0.452259 0.442376
0.323041 0.492471 0.467203
0.341207 0.423549 0.624159
0.500896 0.372882 0.718529
0.564589 0.505993 0.379489
0.579982 0.40628 0.679532
0.723686 0.361976 0.489575
0.564346 0.41276 0.69126
0.412039 0.438109 0.301731
0.381485 0.400174 0.656956
0.461469 0.383035 0.717277
0.698836 0.36355 0.430179
0.292001 0.415475 0.438308
0.316803 0.416019 0.586005
0.2986 0.454393 0.458616
0.611381 0.39145 0.646874
0.6818 0.375077 0.568549
0.408992 0.386116 0.68371
0.332823 0.419281 0.630595
0.665447 0.417507 0.360837
0.48523 0.476607 0.303539
0.607896 0.420039 0.316117
0.69067 0.363845 0.554416
0.646649 0.405567 0.607693
0.725165 0.36084 0.467071
0.611347 0.396088 0.334001
0.5639 0.39479 0.295375
0.53831 0.404704 0.283794
0.489347 0.389772 0.285514
0.44458 0.419905 0.285926
0.705943 0.363118 0.546244
0.406767 0.388284 0.682858
0.385124 0.407057 0.658514
0.445877 0.41343 0.290355
0.50684 0.393138 0.290788
0.667326 0.47311 0.415994
0.604577 0.505876 0.406955
0.30346 0.469348 0.480842
0.487501 0.515507 0.500664
0.68973 0.373266 0.558781
0.565035 0.516517 0.497167
0.413937 0.505124 0.62829
0.663761 0.45751 0.56388
0.583361 0.419289 0.304386
0.359313 0.429614 0.655845
0.398113 0.524142 0.499957
0.670436 0.451682 0.561116
0.718656 0.365911 0.464346
0.579367 0.386158 0.670229
0.710338 0.364185 0.451278
0.598536 0.403258 0.327649
0.460157 0.363434 0.705549
0.582533 0.515296 0.460491
0.439875 0.41999 0.29095
0.478842 0.515648 0.507356
0.68697 0.446778 0.427792
0.451587 0.455549 0.688401
0.664994 0.473752 0.514259
0.66502 0.422921 0.362825
0.507578 0.515996 0.391959
0.60841 0.498587 0.38767
0.420152 0.420911 0.693667
0.454905 0.519091 0.469992
0.713595 0.371626 0.466134
0.406422 0.518165 0.408233
0.339339 0.474861 0.60839
0.509084 0.370525 0.709254
0.638845 0.497535 0.467166
0.301109 0.455732 0.544631
0.45306 0.516913 0.522422
0.320242 0.463176 0.401872
0.664709 0.408864 0.382758
0.564182 0.386351 0.685027
0.307253 0.472009 0.487562
0.702018 0.438995 0.478059
0.42433 0.466612 0.671983
0.349178 0.509649 0.535907
0.480793 0.468766 0.301689
0.475179 0.517606 0.587078
0.566721 0.511118 0.563926
0.294414 0.435349 0.507233
0.55163 0.515111 0.520677
0.456813 0.37118 0.706742
0.307381 0.452891 0.561652
0.565186 0.515849 0.517099
0.301257 0.417218 0.434657
0.662135 0.415373 0.577504
0.587442 0.515008 0.497209
0.558125 0.514389 0.481341
0.490126 0.422453 0.70857
0.548749 0.514862 0.516534
0.651758 0.425761 0.592764
0.561666 0.417444 0.296997
0.717417 0.412904 0.476261
0.293328 0.424544 0.456208
0.339686 0.493879 0.43775
0.508439 0.513149 0.47563
0.698417 0.410983 0.547539
0.66059 0.453032 0.573626
0.617836 0.504977 0.459545
0.701997 0.368385 0.533693
0.365889 0.51668 0.529223
0.439821 0.411755 0.702213
0.5166 0.413096 0.287362
0.320361 0.459625 0.40451
0.443329 0.51727 0.561918
0.576222 0.511196 0.553689
0.670544 0.411964 0.40498
0.406177 0.421662 0.680806
0.302867 0.456631 0.505329
0.426879 0.441338 0.309653
0.66655 0.467543 0.517722
0.404872 0.467668 0.663953
0.352748 0.446303 0.373524
0.416774 0.438036 0.682749
0.54283 0.38362 0.699737
0.684761 0.392121 0.417108
0.574385 0.408593 0.313451
0.602818 0.461761 0.629169
0.340149 0.466755 0.610202
0.426579 0.470992 0.322675
0.661816 0.411749 0.565089
0.572976 0.512631 0.463138
0.327708 0.493059 0.499136
0.446051 0.470635 0.313007
0.502355 0.42119 0.299466
0.676892 0.417716 0.389523
0.64778 0.428719 0.372244
0.53942 0.490482 0.635797
0.624968 0.429447 0.627376
0.670495 0.423026 0.573326
0.618202 0.463695 0.614815
0.405815 0.516893 0.414631
0.412951 0.521671 0.501559
0.497353 0.385662 0.700172
0.310715 0.45722 0.557935
0.596162 0.419002 0.651208
0.318606 0.454429 0.403211
0.667917 0.416631 0.385163
0.304098 0.435448 0.543845
0.315219 0.478149 0.526076
0.704351 0.386903 0.442563
0.690943 0.38849 0.549176
0.377707 0.450045 0.352042
0.646628 0.469869 0.557814
0.30741 0.4599 0.509352
0.712222 0.393058 0.507765
0.486622 0.465627 0.306172
0.299687 0.438731 0.464336
0.331697 0.45393 0.595097
0.567814 0.499523 0.382464
0.334873 0.452405 0.383405
0.456892 0.513135 0.546065
0.449238 0.514005 0.543282
0.301286 0.432438 0.481559
0.372609 0.510571 0.477702
0.564463 0.399169 0.675027
0.514235 0.451658 0.680649
0.574202 0.426555 0.66797
0.437027 0.44663 0.684221
0.407203 0.516043 0.583793
0.560013 0.506426 0.430683
0.491725 0.506912 0.615346
0.301538 0.430384 0.458558
0.356916 0.503688 0.469953
0.460065 0.428185 0.70282
0.524845 0.506783 0.446367
0.542385 0.440411 0.680249
0.323457 0.480486 0.458549
0.36175 0.433715 0.635656
0.328283 0.483575 0.557114
0.684044 0.381346 0.548225
0.318089 0.481929 0.521957
0.590103 0.496275 0.587641
0.467029 0.441743 0.297483
0.48409 0.387934 0.70238
0.322388 0.481692 0.519645
0.366269 0.492829 0.602753
0.694541 0.437093 0.466804
0.578036 0.511941 0.491564
0.660609 0.470465 0.503118
0.309818 0.454955 0.514598
0.699435 0.384706 0.524846
0.510907 0.509146 0.406007
0.674104 0.394187 0.550459
0.479188 0.456563 0.305787
0.588452 0.448236 0.332113
0.703234 0.425252 0.474065
0.312924 0.461745 0.532966
0.399808 0.515642 0.540748
0.65407 0.443791 0.375779
0.657708 0.475544 0.42955
0.383136 0.51038 0.567684
0.668444 0.463523 0.498929
0.306329 0.450504 0.46648
0.332824 0.489619 0.492137
0.35185 0.4765 0.609932
0.341697 0.489097 0.565214
0.674367 0.414553 0.555527
0.514271 0.439378 0.3052
0.688951 0.386791 0.518083
0.584165 0.511318 0.490379
0.418678 0.418176 0.676217
0.594415 0.439958 0.339764
0.502229 0.426686 0.697505
0.592562 0.509746 0.504481
0.447193 0.512958 0.582949
0.355551 0.455729 0.62787
0.369359 0.510115 0.52137
0.67281 0.443873 0.403551
0.693977 0.41966 0.532202
0.614965 0.444175 0.620341
0.355301 0.469801 0.380828
0.3881 0.467586 0.647391
0.422247 0.493768 0.633776
0.596607 0.506683 0.493998
0.422225 0.514489 0.51945
0.317594 0.44984 0.517257
0.465643 0.481037 0.324563
0.662812 0.435908 0.403182
0.630569 0.442226 0.581674
0.388629 0.445592 0.622864
0.528616 0.502681 0.415992
0.662307 0.442081 0.559468
0.68765 0.398026 0.445848
0.480409 0.471658 0.317573
0.424447 0.422965 0.667261
0.670177 0.460945 0.460414
0.686671 0.402919 0.434673
0.584649 0.451143 0.336823
0.574414 0.417293 0.649475
0.593521 0.507379 0.482333
0.702632 0.415004 0.482633
0.40448 0.45197 0.663947
0.395639 0.512455 0.492772
0.525411 0.489378 0.33627
0.661189 0.438425 0.399835
0.559506 0.412896 0.670538
0.314375 0.460946 0.478176
0.444789 0.510404 0.501101
0.418165 0.503132 0.615841
0.328339 0.477919 0.454287
0.368303 0.443329 0.635112
0.499959 0.460849 0.314191
0.350056 0.451276 0.609883
0.572845 0.44224 0.652381
0.489691 0.399985 0.695254
0.443715 0.510471 0.510544
0.367508 0.465519 0.627391
0.420975 0.51479 0.432754
0.596406 0.444914 0.610899
0.697502 0.405768 0.453365
0.442041 0.48155 0.339167
0.325085 0.450871 0.518092
0.59513 0.46601 0.352642
0.432421 0.498356 0.363993
0.52113 0.457408 0.321857
0.335443 0.483564 0.49064
0.394292 0.50966 0.43217
0.651048 0.473571 0.412978
0.588941 0.437559 0.622431
0.58618 0.460375 0.346341
0.658382 0.465487 0.415177
0.676109 0.394521 0.536489
0.590686 0.462085 0.623161
0.587445 0.452461 0.351383
0.660462 0.44092 0.555421
0.632717 0.452737 0.403514
0.679309 0.4461 0.487654
0.458374 0.508296 0.576309
0.469719 0.504484 0.506717
0.587869 0.485895 0.599129
0.359928 0.500099 0.512965
0.602767 0.475752 0.60157
0.429963 0.510021 0.552657
0.323242 0.467402 0.515923
0.363168 0.45133 0.616917
0.580007 0.481632 0.359978
0.496341 0.503035 0.370593
0.409961 0.480806 0.352367
0.613016 0.468441 0.364627
0.639433 0.473707 0.542507
0.425607 0.45051 0.669437
0.386667 0.471245 0.361442
0.340344 0.483201 0.496769
0.415176 0.512142 0.476652
0.460788 0.509775 0.44595
0.698125 0.399213 0.469364
0.617838 0.459417 0.375425
0.678328 0.399325 0.516848
0.360646 0.485938 0.586351
0.551555 0.41393 0.652843
0.543364 0.491932 0.366081
0.631688 0.485582 0.439126
0.328155 0.465223 0.509456
0.675451 0.439083 0.511291
0.616631 0.488669 0.543385
0.682117 0.413729 0.528618
0.410626 0.461452 0.350942
0.655766 0.41954 0.545201
0.493454 0.502285 0.50558
0.622802 0.488684 0.509182
0.549578 0.49555 0.434609
0.492228 0.471868 0.331822
0.501611 0.49279 0.351246
0.489754 0.460018 0.668672
0.577881 0.465732 0.349783
0.564478 0.430865 0.652085
0.398125 0.462767 0.359453
0.641568 0.477246 0.412055
0.425099 0.455322 0.347694
0.536948 0.417419 0.675962
0.662882 0.447932 0.538487
0.425159 0.432796 0.644499
0.367365 0.500152 0.518085
0.56795 0.497365 0.433933
0.549151 0.497575 0.456914
0.572454 0.497963 0.427761
0.64135 0.460918 0.392255
0.555758 0.501954 0.576977
0.346206 0.483048 0.495384
0.677661 0.408878 0.516962
0.430032 0.50147 0.598364
0.418794 0.473207 0.354871
0.455312 0.501068 0.526489
0.673357 0.406077 0.515391
0.381146 0.496622 0.408649
0.628925 0.481429 0.511899
0.389537 0.453234 0.623214
0.683967 0.404754 0.500555
0.391109 0.45328 0.634864
0.389104 0.501724 0.413611
0.352259 0.469975 0.575945
0.637257 0.468483 0.400764
0.396491 0.450166 0.629789
0.408601 0.4944 0.612877
0.571671 0.46297 0.625794
0.466248 0.500071 0.51154
0.621537 0.48562 0.524288
0.619667 0.451881 0.578325
0.487737 0.490205 0.627093
0.564137 0.431941 0.644884
0.478251 0.503171 0.592599
0.652229 0.421112 0.538889
0.364615 0.478731 0.423085
0.476204 0.472632 0.341813
0.359751 0.456051 0.5805
0.43674 0.459242 0.348688
0.505044 0.41422 0.674491
0.487614 0.503462 0.442607
0.426436 0.506026 0.520553
0.373021 0.49838 0.505618
0.567908 0.495838 0.456681
0.395635 0.50252 0.571225
0.399245 0.449256 0.636728
0.673577 0.42894 0.524662
0.430499 0.464441 0.371166
0.667471 0.419379 0.525584
0.558914 0.42727 0.635653
0.431551 0.481905 0.36277
0.679757 0.411285 0.49135
0.670978 0.421742 0.515775
0.540249 0.481621 0.618857
0.389811 0.500278 0.499022
0.384584 0.482338 0.397244
0.52571 0.492481 0.441651
0.625571 0.457312 0.418447
0.398924 0.500818 0.554722
0.347917 0.453443 0.495943
0.647518 0.416538 0.522258
0.487037 0.471949 0.648195
0.426831 0.467703 0.645916
0.477397 0.496871 0.510983
0.46737 0.461152 0.346908
0.48509 0.502074 0.402147
0.494883 0.423306 0.673209
0.367995 0.492702 0.497647
0.586255 0.467452 0.366579
0.641148 0.473117 0.446635
0.608508 0.448239 0.570208
0.655286 0.418985 0.530786
0.493881 0.496798 0.501532
0.659647 0.443078 0.439203
0.640782 0.474492 0.477904
0.44746 0.457154 0.660223
0.627786 0.463444 0.406187
0.360785 0.448356 0.557629
0.537144 0.499255 0.581773
0.485653 0.493073 0.614421
0.355938 0.484217 0.45722
0.576502 0.484092 0.381134
0.450861 0.501996 0.390892
0.359757 0.476931 0.555783
0.650476 0.437562 0.536901
0.406275 0.504399 0.459197
0.445717 0.488789 0.37452
0.494724 0.494419 0.470758
0.655788 0.44682 0.51409
0.351706 0.468357 0.47664
0.562021 0.484004 0.38612
0.35502 0.474724 0.468816
0.372717 0.49212 0.4536
0.633042 0.474492 0.443099
0.456366 0.430833 0.6635
0.626352 0.46241 0.420011
0.380389 0.49386 0.432777
0.633604 0.469733 0.518465
0.444854 0.441611 0.65648
0.392804 0.486807 0.400966
0.42017 0.499864 0.552214
0.397096 0.46872 0.62378
0.420378 0.447096 0.586148
0.61621 0.464992 0.409329
0.646257 0.463268 0.444292
0.425316 0.443474 0.621443
0.606722 0.460088 0.4147
0.663149 0.433982 0.457744
0.493565 0.442214 0.66361
0.579338 0.494285 0.560827
0.447497 0.456472 0.654567
0.362155 0.46867 0.565842
0.468601 0.437453 0.670747
0.54127 0.451056 0.350142
0.410578 0.454929 0.590235
0.464558 0.415943 0.656936
0.594033 0.442935 0.566052
0.424526 0.500404 0.524096
0.627901 0.467113 0.548857
0.38173 0.491565 0.447414
0.622821 0.453221 0.555376
0.573562 0.497308 0.527731
0.461098 0.491087 0.386156
0.362144 0.452969 0.472542
0.624226 0.473076 0.517718
0.496787 0.44414 0.655481
0.424513 0.473924 0.387238
0.358931 0.464184 0.509755
0.584818 0.475521 0.386817
0.547366 0.490647 0.487392
0.448898 0.499941 0.456755
0.591677 0.470703 0.587035
0.438153 0.485112 0.613354
0.368212 0.48158 0.512211
0.465857 0.414793 0.64895
0.589389 0.486345 0.563394
0.436021 0.488961 0.384859
0.661436 0.441078 0.482106
0.498619 0.4102 0.648654
0.5373 0.480472 0.610095
0.658793 0.440566 0.49103
0.480535 0.495038 0.561703
0.633848 0.450279 0.44622
0.593822 0.463313 0.587833
0.495058 0.493477 0.437021
0.510684 0.483261 0.370968
0.636424 0.464151 0.441805
0.653248 0.434504 0.506908
0.628565 0.467022 0.534725
0.483205 0.495015 0.453213
0.477559 0.494353 0.396688
0.368183 0.482619 0.466691
0.648793 0.44843 0.510444
0.625272 0.457499 0.553412
0.439283 0.500472 0.463059
0.392146 0.491249 0.443694
0.496222 0.403637 0.637461
0.515289 0.414445 0.643758
0.529856 0.441194 0.643513
0.503226 0.484376 0.602545
0.609062 0.479395 0.521107
0.499313 0.486283 0.478416
0.377728 0.477595 0.555465
0.497811 0.480742 0.378254
0.646514 0.436894 0.470799
0.531252 0.43492 0.644996
0.538447 0.429604 0.640888
0.412653 0.465791 0.614905
0.425534 0.499321 0.446951
0.366889 0.465736 0.475282
0.502664 0.424065 0.649961
0.397124 0.473841 0.417581
0.541705 0.422207 0.601802
0.36659 0.443869 0.532705
0.60839 0.440116 0.544417
0.512726 0.486099 0.44612
0.371257 0.474294 0.541559
0.408714 0.495283 0.419706
0.442995 0.467071 0.381191
0.545144 0.43198 0.63306
0.408272 0.490346 0.409252
0.485259 0.42335 0.654477
0.479168 0.48825 0.477256
0.515233 0.473318 0.619689
0.450237 0.425157 0.612993
0.50794 0.48696 0.432382
0.635728 0.4257 0.469746
0.386823 0.490014 0.461279
0.485286 0.454797 0.646706
0.369754 0.472776 0.537302
0.505692 0.487435 0.428485
0.379536 0.47365 0.523864
0.384434 0.459585 0.556569
0.59791 0.441073 0.436526
0.565183 0.472862 0.589185
0.375539 0.434621 0.509809
0.599663 0.480273 0.5239
0.436349 0.451183 0.621213
0.597404 0.472365 0.424923
0.459266 0.483302 0.599273
0.582588 0.42284 0.437035
0.365645 0.43638 0.482256
0.421335 0.491321 0.413035
0.514336 0.47651 0.386459
0.615571 0.450985 0.541788
0.477479 0.417228 0.648414
0.551535 0.487163 0.530059
0.489278 0.440128 0.64465
0.482981 0.408865 0.644089
0.413921 0.477791 0.405592
0.414032 0.480617 0.405939
0.501045 0.452106 0.637643
0.463539 0.418443 0.632729
0.574591 0.484673 0.552547
0.433317 0.490912 0.476464
0.467082 0.487759 0.561587
0.526208 0.449738 0.364707
0.372063 0.450626 0.511551
0.440543 0.486376 0.490382
0.48686 0.446805 0.643165
0.635795 0.443084 0.487165
0.457289 0.430166 0.633992
0.623895 0.462339 0.45805
0.494758 0.422076 0.644429
0.632872 0.426324 0.470265
0.518921 0.484062 0.515534
0.625655 0.432099 0.509298
0.387189 0.470309 0.505965
0.542961 0.481275 0.52256
0.578568 0.480998 0.506447
0.612189 0.454688 0.53574
0.378577 0.455223 0.467142
0.571107 0.482009 0.539142
0.471084 0.417723 0.638728
0.625002 0.41759 0.500645
0.393905 0.476544 0.505466
0.555065 0.480246 0.554461
0.451822 0.449483 0.387792
0.549183 0.476354 0.577661
0.62059 0.436891 0.462325
0.551488 0.46757 0.597478
0.371905 0.434497 0.487834
0.571373 0.478451 0.454977
0.506187 0.47906 0.450428
0.623967 0.44322 0.493161
0.578299 0.462824 0.410769
0.599339 0.47322 0.478596
0.459505 0.446945 0.38101
0.466279 0.479591 0.527744
0.523316 0.447107 0.629867
0.465394 0.47042 0.615404
0.577764 0.433249 0.553195
0.413109 0.48384 0.495917
0.517052 0.481179 0.537079
0.546815 0.45519 0.613564
0.409142 0.46989 0.583317
0.385103 0.465297 0.544023
0.524686 0.437942 0.632595
0.383361 0.463823 0.518219
0.532213 0.439475 0.630206
0.458614 0.477912 0.475736
0.512066 0.474221 0.599547
0.615425 0.461855 0.491936
0.432059 0.462588 0.407171
0.54483 0.475122 0.553818
0.440594 0.457345 0.605109
0.604517 0.440723 0.528805
0.514261 0.473235 0.422933
0.555782 0.474286 0.552177
0.567083 0.475143 0.500946
0.465786 0.465607 0.474358
0.402919 0.473037 0.547705
0.438086 0.477688 0.523974
0.385401 0.433794 0.45808
0.531139 0.440162 0.380611
0.53984 0.425812 0.589576
0.611516 0.456719 0.468432
0.46623 0.476691 0.451763
0.567566 0.473779 0.480106
0.46377 0.426009 0.623515
0.55723 0.436463 0.406618
0.515623 0.474647 0.577081
0.449359 0.470013 0.493991
0.606622 0.430828 0.523643
0.479906 0.476249 0.584982
0.622925 0.410535 0.499123
0.47569 0.424556 0.63365
0.616057 0.44525 0.490397
0.447685 0.458301 0.609475
0.48617 0.421706 0.371008
0.438924 0.482514 0.446535
0.610753 0.434021 0.51662
0.5134 0.472414 0.492912
0.468773 0.472088 0.397253
0.501055 0.458568 0.614697
0.492639 0.468966 0.396238
0.472093 0.402119 0.620018
0.449138 0.437812 0.39991
0.479588 0.426274 0.373882
0.45404 0.425906 0.403527
0.399835 0.463381 0.493377
0.624705 0.393882 0.478387
0.398522 0.438622 0.526168
0.508076 0.396553 0.604116
0.536253 0.468128 0.563341
0.599211 0.455409 0.50478
0.515006 0.468499 0.572185
0.62362 0.367483 0.489101
0.598988 0.423379 0.453947
0.456534 0.433664 0.607503
0.416576 0.472518 0.542838
0.470016 0.392589 0.600854
0.529995 0.469551 0.46025
0.402039 0.433868 0.531567
0.580891 0.458079 0.433681
0.451536 0.46195 0.475744
0.463134 0.469676 0.524568
0.452351 0.471394 0.567417
0.602134 0.385601 0.515652
0.511502 0.418272 0.61346
0.496404 0.469135 0.447517
0.599783 0.452511 0.523892
0.467759 0.45564 0.473804
0.491913 0.467974 0.58381
0.574541 0.464004 0.434203
0.563807 0.448891 0.41278
0.545597 0.465535 0.566432
0.537399 0.470752 0.540887
0.590139 0.462555 0.536689
0.548826 0.447138 0.400191
0.54901 0.440221 0.401145
0.53047 0.448536 0.390307
0.51828 0.424795 0.387307
0.404658 0.470533 0.449172
0.456302 0.433872 0.607288
0.463682 0.405269 0.586362
0.541916 0.462632 0.437383
0.562787 0.455505 0.553938
0.419813 0.465916 0.527315
0.544683 0.455583 0.569676
0.520401 0.462516 0.561531
0.605925 0.399622 0.50803
0.519646 0.406964 0.39401
0.569474 0.453306 0.428922
0.520697 0.453525 0.592348
0.477173 0.464058 0.529409
0.539255 0.46009 0.420215
0.501939 0.410208 0.393191
0.47925 0.445185 0.476605
0.538593 0.45822 0.41462
0.564093 0.397533 0.537786
0.489926 0.456455 0.589132
0.557422 0.432308 0.417292
0.408549 0.426404 0.525924
0.521518 0.410373 0.39371
0.472716 0.450356 0.394785
0.526535 0.443439 0.601156
0.540532 0.441629 0.586891
0.496917 0.454424 0.592196
0.443051 0.334122 0.563389
0.471111 0.461235 0.518229
0.464019 0.455824 0.403044
0.416229 0.43976 0.435056
0.446054 0.463982 0.515957
0.441406 0.388399 0.550178
0.461938 0.415888 0.403297
0.383758 0.422976 0.473628
0.561889 0.428059 0.423459
0.412634 0.42406 0.441986
0.400961 0.452755 0.500183
0.42012 0.442619 0.554983
0.412164 0.449771 0.516999
0.541161 0.454672 0.457943
0.466123 0.413827 0.404722
0.440568 0.460517 0.530824
0.442997 0.459665 0.547526
0.507653 0.455787 0.554256
0.475827 0.455303 0.4118
0.443824 0.42732 0.56606
0.587023 0.446803 0.470487
0.439214 0.459722 0.545825
0.44603 0.45273 0.57185
0.560434 0.454552 0.502715
0.490972 0.451228 0.572988
0.507506 0.413487 0.592192
0.438074 0.39626 0.422809
0.551855 0.321383 0.560576
0.39433 0.430131 0.484802
0.576283 0.45146 0.51491
0.550785 0.454633 0.455251
0.460336 0.42915 0.408498
0.427799 0.417964 0.541492
0.525436 0.387794 0.401936
0.399626 0.420122 0.497393
0.492745 0.404065 0.597777
0.605548 0.368193 0.499542
0.485462 0.378902 0.603614
0.413944 0.44958 0.522691
0.525458 0.456933 0.498194
0.385824 0.410146 0.481444
0.503148 0.454458 0.559919
0.608988 0.42009 0.472848
0.498468 0.457194 0.52173
0.537788 0.454448 0.460314
0.581251 0.424674 0.530158
0.546477 0.446466 0.562118
0.50633 0.449535 0.462337
0.428833 0.442407 0.438456
0.538878 0.441985 0.472121
0.53565 0.443333 0.463364
0.458934 0.452364 0.531192
0.570386 0.441935 0.509532
0.496126 0.447172 0.546067
0.567077 0.438935 0.533663
0.517573 0.449248 0.539658
0.583869 0.434972 0.4958
0.588413 0.429063 0.502061
0.441084 0.32598 0.563614
0.527606 0.409827 0.572174
0.459542 0.435597 0.492388
0.563367 0.441785 0.482573
0.488237 0.417239 0.590052
0.580778 0.363443 0.450486
0.542969 0.395201 0.418991
0.547886 0.440933 0.429758
0.489139 0.407698 0.591627
0.542444 0.426248 0.418091
0.567893 0.441561 0.490301
0.554244 0.442008 0.435555
0.485628 0.438999 0.410485
0.491985 0.399741 0.401316
0.5845 0.406157 0.455771
0.468041 0.428775 0.470538
0.58011 0.33812 0.446441
0.464023 0.387242 0.575043
0.593371 0.426623 0.466203
0.606136 0.360917 0.493517
0.525214 0.448834 0.503227
0.560926 0.413393 0.537854
0.510461 0.450933 0.526848
0.561231 0.441906 0.480815
0.478478 0.397291 0.400571
0.439512 0.368731 0.546755
0.443998 0.425418 0.549837
0.540234 0.432749 0.484937
0.432475 0.433658 0.530926
0.47247 0.440345 0.527811
0.462168 0.432686 0.504053
0.487177 0.435417 0.539823
0.434448 0.439237 0.460944
0.396279 0.349001 0.483844
0.57197 0.426277 0.522371
0.486009 0.419417 0.483531
0.580561 0.407242 0.456903
0.581795 0.426449 0.465628
0.453735 0.437966 0.433815
0.551519 0.309002 0.564436
0.555643 0.43547 0.530029
0.593253 0.354109 0.463886
0.498621 0.439062 0.529132
0.53583 0.436868 0.539851
0.410503 0.408933 0.494499
0.468622 0.428831 0.418589
0.498806 0.431592 0.422647
0.579759 0.430167 0.476474
0.533883 0.427099 0.554295
0.488301 0.436098 0.430481
0.574468 0.42025 0.522995
0.487504 0.43108 0.55457
0.582333 0.423547 0.496373
0.537129 0.431631 0.463394
0.525455 0.418643 0.413831
0.477779 0.429061 0.456811
0.478236 0.423548 0.583251
0.472446 0.40598 0.410629
0.482484 0.384296 0.593211
0.518162 0.40017 0.409036
0.6055 0.38195 0.479599
0.501197 0.423385 0.481198
0.411277 0.40515 0.481984
0.54055 0.423227 0.498182
0.505306 0.3183 0.591119
0.48031 0.423924 0.522033
0.591206 0.391107 0.491124
0.479522 0.424359 0.540639
0.5165 0.408453 0.560931
0.49004 0.415668 0.458473
0.535905 0.381749 0.552728
0.401643 0.375727 0.474041
0.5432 0.418929 0.469598
0.583349 0.395724 0.506092
0.45907 0.375249 0.562083
0.408382 0.376022 0.489978
0.421778 0.405544 0.504463
0.598613 0.332261 0.474053
0.416901 0.416147 0.470006
0.528411 0.419698 0.452573
0.54933 0.38614 0.430364
0.565812 0.405996 0.449757
0.467825 0.404825 0.570379
0.583145 0.405474 0.497808
0.401976 0.365146 0.483547
0.480467 0.41043 0.46537
0.570292 0.419926 0.468321
0.488497 0.42144 0.425431
0.510662 0.328814 0.589432
0.458818 0.425852 0.547482
0.489688 0.314495 0.598052
0.564786 0.375852 0.442834
0.424296 0.357777 0.441835
0.539457 0.419352 0.463317
0.437042 0.422041 0.44717
0.497678 0.422599 0.537564
0.499208 0.424083 0.512315
0.427041 0.300321 0.42583
0.419153 0.400574 0.473189
0.433786 0.40633 0.477702
0.474288 0.391166 0.477512
0.50123 0.407405 0.502728
0.586873 0.356186 0.466919
0.472097 0.411924 0.542294
0.526252 0.372114 0.564841
0.515563 0.415503 0.519286
0.529108 0.416952 0.513212
0.521163 0.325391 0.584303
0.55905 0.32538 0.431805
0.47885 0.408865 0.430833
0.493372 0.33027 0.589995
0.585093 0.370579 0.495073
0.535977 0.339082 0.419264
0.437196 0.319231 0.421402
0.462456 0.413705 0.535884
0.445505 0.387332 0.539667
0.505158 0.372401 0.414143
0.496895 0.395175 0.481939
0.568729 0.328185 0.439685
0.583504 0.30437 0.448197
0.591819 0.318123 0.507226
0.494561 0.403794 0.547169
0.472273 0.402313 0.498924
0.593039 0.301624 0.496557
0.448339 0.349213 0.417303
0.525394 0.407795 0.432622
0.45211 0.335225 0.56378
0.412933 0.379393 0.471043
0.488222 0.34367 0.403818
0.59192 0.321024 0.50313
0.479264 0.401144 0.422281
0.563659 0.358548 0.530437
0.494521 0.390225 0.565732
0.554257 0.331844 0.547135
0.456491 0.320549 0.570798
0.442773 0.387873 0.487047
0.562145 0.370461 0.524276
0.510044 0.39783 0.506354
0.493497 0.385929 0.426757
0.465035 0.395639 0.542188
0.437501 0.387396 0.488385
0.404881 0.321577 0.48562
0.512732 0.383689 0.554616
0.481719 0.367941 0.577662
0.544805 0.392216 0.452132
0.480797 0.381487 0.492901
0.480596 0.39043 0.516027
0.425533 0.307388 0.432523
0.450521 0.349163 0.552926
0.432819 0.353185 0.436203
0.590014 0.326845 0.480059
0.41118 0.354384 0.472971
0.457958 0.398274 0.524198
0.404546 0.3187 0.486875
0.516818 0.397042 0.534923
0.408498 0.314122 0.465022
0.460004 0.393748 0.460124
0.492181 0.32482 0.587348
0.471549 0.385869 0.425265
0.416977 0.264148 0.566216
0.59006 0.299205 0.493625
0.437778 0.386819 0.508878
0.569949 0.336638 0.527604
0.507215 0.371804 0.42019
0.423291 0.386487 0.47163
0.482177 0.376666 0.571825
0.428916 0.384056 0.485839
0.556705 0.391271 0.485559
0.433472 0.363922 0.439187
0.474912 0.376461 0.47907
0.430085 0.364689 0.498503
0.447787 0.373759 0.496879
0.47275 0.332195 0.409196
0.518208 0.386823 0.510473
0.414443 0.274966 0.437631
0.456907 0.371142 0.540618
0.514389 0.295166 0.408871
0.497519 0.370831 0.458185
0.515727 0.293783 0.408584
0.581407 0.28629 0.528272
0.50667 0.360978 0.47692
0.488702 0.327073 0.582577
0.459532 0.370262 0.472356
0.440643 0.372299 0.508131
0.493262 0.380083 0.528097
0.425508 0.350944 0.453343
0.509743 0.279206 0.588467
0.422239 0.28162 0.559837
0.588158 0.313751 0.471637
0.511441 0.374244 0.491631
0.470964 0.361015 0.478971
0.408278 0.316349 0.48398
0.508739 0.305403 0.584113
0.491739 0.328566 0.411938
0.458292 0.378691 0.530272
0.40472 0.294628 0.473644
0.538605 0.289472 0.577482
0.524355 0.296754 0.410213
0.535389 0.385267 0.513948
0.416651 0.270406 0.560157
0.573974 0.351836 0.503036
0.543802 0.347606 0.43195
0.403272 0.295747 0.519773
0.517953 0.356384 0.421929
0.533394 0.369091 0.476734
0.550858 0.255125 0.583566
0.428059 0.348098 0.489806
0.555029 0.354264 0.472115
0.416159 0.320811 0.491299
0.547366 0.361618 0.497431
0.418573 0.28974 0.547883
0.444287 0.339994 0.540682
0.535834 0.320389 0.423977
0.517897 0.374045 0.51841
0.491494 0.361638 0.54167
0.524926 0.352691 0.470716
0.535081 0.333714 0.427766
0.582616 0.29191 0.491707
0.524895 0.350837 0.476754
0.587131 0.267817 0.511117
0.440152 0.35713 0.442251
0.456709 0.287257 0.57751
0.538407 0.352254 0.477435
0.501207 0.343897 0.47739
0.535815 0.359923 0.458462
0.467498 0.34432 0.559783
0.411247 0.308045 0.508795
0.453131 0.290805 0.413089
0.500915 0.335957 0.421265
0.503329 0.35434 0.489018
0.5416 0.260394 0.584008
0.508706 0.368369 0.529927
0.46677 0.283378 0.406544
0.420575 0.333772 0.48519
0.477325 0.355007 0.503204
0.460975 0.358576 0.428221
0.457159 0.35679 0.496041
0.408082 0.294273 0.475129
0.442118 0.355923 0.518867
0.414086 0.284829 0.45086
0.531323 0.37195 0.514599
0.527095 0.331023 0.565593
0.428506 0.332073 0.487903
0.480914 0.333974 0.496055
0.414609 0.265785 0.55541
0.410963 0.277824 0.46488
0.509197 0.342415 0.454987
0.438633 0.321166 0.542474
0.552669 0.344932 0.505044
0.526313 0.346979 0.447839
0.579142 0.285843 0.488989
0.560428 0.33432 0.497794
0.552811 0.339527 0.494086
0.471159 0.32304 0.419285
0.586393 0.255921 0.486989
0.581727 0.276852 0.4466
0.424516 0.260477 0.421161
0.490659 0.305923 0.577084
0.585459 0.254596 0.530777
0.430745 0.341303 0.465471
0.572977 0.312279 0.499693
0.527383 0.358889 0.52076
0.591779 0.260852 0.453421
0.495899 0.334786 0.427352
0.454725 0.346085 0.520216
0.559766 0.330711 0.476472
0.526775 0.291859 0.415527
0.445917 0.343107 0.50066
0.43856 0.325944 0.537725
0.539177 0.349077 0.501002
0.41555 0.282705 0.544046
0.504329 0.332506 0.481625
0.47471 0.333371 0.491451
0.51542 0.334042 0.479799
0.451745 0.345445 0.519056
0.518722 0.337413 0.482483
0.579959 0.283239 0.489282
0.582071 0.251066 0.547273
0.441705 0.28747 0.424383
0.481663 0.326579 0.513185
0.498828 0.325261 0.433037
0.418031 0.288298 0.466155
0.425592 0.303345 0.453328
0.424198 0.28891 0.545317
0.450625 0.324905 0.431339
0.430025 0.268637 0.424364
0.580285 0.274218 0.512664
0.482146 0.306637 0.478356
0.514574 0.33843 0.533793
0.47117 0.31475 0.484611
0.571087 0.28738 0.44559
0.418124 0.29727 0.519579
0.486519 0.290615 0.577444
0.493023 0.246327 0.591798
0.525503 0.319342 0.475434
0.431556 0.285716 0.556557
0.509537 0.309952 0.424631
0.446725 0.326766 0.526019
0.524242 0.303041 0.567677
0.499298 0.320376 0.462917
0.509376 0.323725 0.45983
0.552738 0.32206 0.495188
0.523372 0.344106 0.516223
0.460323 0.257161 0.585209
0.595739 0.247172 0.460371
0.463743 0.251559 0.588562
0.562442 0.314569 0.521592
0.407409 0.250507 0.458078
0.421275 0.289969 0.539852
0.402719 0.260418 0.521296
0.419138 0.240999 0.578508
0.495249 0.296196 0.41887
0.499139 0.332972 0.538417
0.48679 0.308732 0.473769
0.432399 0.305032 0.523434
0.481419 0.314113 0.530581
0.583825 0.247594 0.495105
0.42538 0.294589 0.467738
0.523451 0.304496 0.43097
0.412017 0.253676 0.552108
0.520324 0.324705 0.531227
0.503646 0.279322 0.573677
0.578741 0.251028 0.544456
0.409971 0.252695 0.470215
0.489435 0.266867 0.580738
0.482907 0.29907 0.563358
0.542117 0.281891 0.561872
0.45453 0.320895 0.441291
0.54342 0.311354 0.533438
0.491548 0.267024 0.412753
0.4711 0.248804 0.404026
0.412867 0.261956 0.482273
0.45996 0.313864 0.534407
0.537055 0.315918 0.533688
0.483491 0.303684 0.498903
0.50585 0.310822 0.493798
0.57126 0.221646 0.587516
0.546806 0.318042 0.520354
0.513591 0.311939 0.437607
0.449952 0.311442 0.471864
0.558819 0.300624 0.526341
0.554817 0.299997 0.477893
0.51969 0.319374 0.50037
0.489606 0.248324 0.405045
0.547746 0.269273 0.421393
0.487241 0.256374 0.585606
0.575563 0.281711 0.45873
0.475609 0.312523 0.544253
0.428802 0.239373 0.410558
0.582541 0.216734 0.585859
0.430622 0.289891 0.51916
0.526887 0.272582 0.422563
0.567506 0.279406 0.456328
0.526799 0.294843 0.549784
0.524283 0.241675 0.407819
0.405501 0.231124 0.558595
0.52842 0.301791 0.536789
0.514193 0.24902 0.411548
0.566079 0.276862 0.449327
0.475973 0.298707 0.517556
0.501021 0.299026 0.54135
0.435472 0.268845 0.429378
0.491917 0.264673 0.575561
0.432477 0.288648 0.45064
0.514577 0.292673 0.48605
0.403649 0.210803 0.586612
0.571118 0.265173 0.532681
0.465746 0.296154 0.432573
0.523163 0.297336 0.442946
0.511264 0.289209 0.470618
0.458996 0.301697 0.521269
0.429013 0.277489 0.545473
0.471493 0.247359 0.407665
0.461589 0.290098 0.470283
0.473603 0.288403 0.462802
0.49939 0.241337 0.407289
0.510318 0.296944 0.440835
0.400595 0.226701 0.510676
0.594725 0.206353 0.398859
0.414111 0.262649 0.519474
0.395351 0.207465 0.401465
0.504813 0.251659 0.412124
0.594232 0.231863 0.446961
0.507239 0.29411 0.455083
0.5164 0.311446 0.519036
0.479922 0.258761 0.579611
0.432254 0.275261 0.456387
0.529249 0.277222 0.436651
0.463072 0.279004 0.499952
0.536994 0.273538 0.553539
0.44655 0.219313 0.59598
0.592947 0.214809 0.561002
0.425846 0.264776 0.460888
0.414576 0.230925 0.571425
0.566364 0.264378 0.4783
0.591541 0.209341 0.500911
0.475906 0.231571 0.589537
0.435949 0.276244 0.489703
0.47329 0.280648 0.509542
0.466116 0.282879 0.542912
0.592038 0.22578 0.466234
0.401317 0.210019 0.402888
0.509359 0.273653 0.470778
0.457215 0.284728 0.536434
0.471113 0.272623 0.561485
0.423104 0.258097 0.480911
0.597582 0.209857 0.469424
0.436205 0.216609 0.596512
0.525248 0.287546 0.535252
0.459259 0.278317 0.495562
0.467243 0.242285 0.58307
0.505571 0.273369 0.484812
0.480985 0.283036 0.528487
0.505081 0.206332 0.597273
0.541236 0.252009 0.569658
0.504635 0.272237 0.483468
0.536889 0.278693 0.461978
0.593629 0.221197 0.467727
0.554445 0.273974 0.493454
0.48423 0.230269 0.589303
0.445832 0.241134 0.582376
0.567063 0.261129 0.489546
0.432881 0.258897 0.442493
0.44211 0.199135 0.605875
0.412998 0.198391 0.602139
0.573015 0.24249 0.533193
0.455062 0.271433 0.535182
0.581479 0.22032 0.567195
0.445412 0.265992 0.468097
0.438066 0.26592 0.44921
0.528526 0.248581 0.423975
0.527512 0.256295 0.429344
0.50442 0.274102 0.514987
0.53134 0.220543 0.403598
0.535062 0.274108 0.522913
0.422049 0.246865 0.550205
0.517376 0.267086 0.550353
0.427298 0.254662 0.548467
0.525856 0.263393 0.555989
0.547071 0.263837 0.453774
0.417026 0.234513 0.562155
0.553603 0.263211 0.532919
0.531453 0.270255 0.501907
0.460601 0.263559 0.498944
0.510177 0.240527 0.575823
0.47428 0.220086 0.591935
0.576142 0.240892 0.442055
0.423715 0.246056 0.556492
0.571232 0.244812 0.5354
0.587855 0.215361 0.487272
0.487385 0.256964 0.561446
0.547247 0.268664 0.527821
0.424681 0.250039 0.451452
0.446349 0.268056 0.510915
0.594396 0.20306 0.483988
0.559425 0.218956 0.39991
0.443369 0.258167 0.431354
0.544739 0.262172 0.468488
0.432941 0.247574 0.557047
0.440776 0.226742 0.412606
0.507909 0.248637 0.456609
0.586653 0.215627 0.539371
0.55712 0.250579 0.523427
0.572171 0.218468 0.573579
0.52864 0.223933 0.578649
0.523647 0.213861 0.405407
0.530678 0.24947 0.460551
0.454755 0.21518 0.402864
0.476624 0.246462 0.561287
0.539946 0.245926 0.476027
0.5199 0.245353 0.468181
0.450772 0.250977 0.463214
0.593665 0.197342 0.51601
0.428006 0.227096 0.577015
0.468014 0.241177 0.48157
0.534631 0.247474 0.557857
0.548561 0.245426 0.483285
0.467966 0.254522 0.543301
0.48175 0.252087 0.439133
0.469122 0.254752 0.535435
0.576878 0.222869 0.502351
0.469066 0.224863 0.411555
0.561959 0.243536 0.542505
0.423447 0.238086 0.445142
0.539876 0.250096 0.441207
0.495846 0.236308 0.571601
0.444891 0.257848 0.528066
0.443659 0.249069 0.491536
0.563873 0.241109 0.497712
0.523666 0.241515 0.56768
0.558789 0.247365 0.534506
0.530251 0.258989 0.528253
0.554629 0.244256 0.484566
0.447998 0.230951 0.580974
0.430018 0.226166 0.480172
0.438746 0.234256 0.429008
0.394979 0.195461 0.519992
0.603097 0.194073 0.548691
0.468321 0.238234 0.513403
0.563673 0.211342 0.580187
0.416876 0.213582 0.486185
0.413933 0.209164 0.577029
0.530787 0.23576 0.493256
0.586255 0.191983 0.597184
0.435975 0.184196 0.612789
0.551193 0.238394 0.542463
0.499645 0.207055 0.406947
0.481794 0.225681 0.572541
0.464847 0.230666 0.487559
0.42208 0.190717 0.605844
0.387621 0.19222 0.39722
0.528301 0.231893 0.468267
0.488036 0.191894 0.392011
0.575745 0.220632 0.547417
0.423175 0.207078 0.587442
0.475908 0.217025 0.581685
0.443014 0.239534 0.436845
0.465607 0.239891 0.442853
0.55107 0.235243 0.468327
0.423816 0.229609 0.521503
0.508073 0.245162 0.528971
0.39594 0.199707 0.446889
0.396169 0.195505 0.502706
0.535421 0.238027 0.452994
0.50637 0.23716 0.557382
0.398363 0.200014 0.406071
0.526491 0.184418 0.605571
0.507683 0.233091 0.459976
0.475609 0.239853 0.539493
0.537763 0.231965 0.485428
0.428336 0.217179 0.466818
0.553268 0.187865 0.602672
0.56211 0.204144 0.399258
0.416788 0.212729 0.536176
0.477377 0.219323 0.464369
0.553691 0.20008 0.58754
0.43767 0.222333 0.498843
0.439058 0.228526 0.440158
0.497194 0.225338 0.441759
0.51044 0.227554 0.507546
0.477162 0.227438 0.532225
0.450863 0.224394 0.459502
0.580079 0.206704 0.416293
0.439492 0.210013 0.584371
0.61754 0.177734 0.596286
0.446689 0.232017 0.540338
0.419827 0.208899 0.492261
0.425046 0.208361 0.580396
0.434735 0.192992 0.390212
0.506983 0.200172 0.406231
0.571546 0.210769 0.414242
0.503887 0.214941 0.484286
0.420167 0.209168 0.469284
0.47966 0.227287 0.530395
0.465545 0.226802 0.516831
0.542593 0.183484 0.606832
0.39389 0.192469 0.542953
0.485534 0.227004 0.538499
0.53672 0.220763 0.491152
0.587499 0.194521 0.496118
0.601494 0.189536 0.540606
0.462182 0.220106 0.468184
0.569264 0.190851 0.599167
0.595453 0.188279 0.474219
0.474625 0.194515 0.59636
0.519269 0.219745 0.459415
0.421185 0.182814 0.606525
0.554389 0.193197 0.392526
0.446985 0.209352 0.471044
0.425052 0.211309 0.541567
0.598951 0.187936 0.447352
0.544522 0.188705 0.59437
0.528805 0.191873 0.398085
0.5356 0.188639 0.39108
0.500706 0.202237 0.48034
0.429797 0.206071 0.488135
0.438925 0.202447 0.583846
0.459369 0.217341 0.53194
0.557276 0.207933 0.569937
0.473337 0.204273 0.47947
0.466199 0.216501 0.5561
0.446754 0.215885 0.568538
0.566818 0.204661 0.412413
0.41252 0.194094 0.480501
0.587752 0.190881 0.521136
0.40168 0.191622 0.407525
0.509425 0.210773 0.561911
0.510542 0.218885 0.522462
0.486068 0.179763 0.386192
0.475293 0.210661 0.567475
0.449995 0.212691 0.427146
0.544308 0.206671 0.475574
0.582209 0.202542 0.426612
0.615682 0.179037 0.403324
0.497384 0.2071 0.462101
0.472783 0.211358 0.452877
0.53662 0.176492 0.6123
0.544498 0.216219 0.517627
0.529284 0.214666 0.440076
0.570703 0.192743 0.390747
0.610761 0.181519 0.433336
0.403793 0.190469 0.584538
0.424586 0.197616 0.51091
0.555539 0.196267 0.411294
0.544516 0.203873 0.537551
0.432456 0.206279 0.547996
0.4938 0.200464 0.432031
0.535312 0.178838 0.601909
0.399989 0.184427 0.523791
0.410604 0.188324 0.582892
0.500147 0.204127 0.521161
0.565794 0.198978 0.467777
0.388579 0.180647 0.390081
0.461938 0.175546 0.382107
0.53446 0.201098 0.50605
0.503214 0.177372 0.601938
0.539529 0.204052 0.519627
0.44391 0.185598 0.594694
0.493598 0.202032 0.552905
0.385725 0.172566 0.619101
0.520156 0.200689 0.431822
0.526715 0.193752 0.415583
0.451327 0.198842 0.49296
0.520545 0.198563 0.565395
0.560043 0.201953 0.53335
0.468832 0.175998 0.606231
0.435692 0.207641 0.555492
0.550834 0.201162 0.565371
0.5418 0.204201 0.526519
0.503024 0.198112 0.50023
0.44911 0.204263 0.429843
0.579367 0.188602 0.398541
0.472397 0.201711 0.444963
0.416561 0.191074 0.581043
0.493681 0.198228 0.502109
0.535528 0.204161 0.538603
0.512729 0.198011 0.498608
0.513785 0.192045 0.481015
0.418845 0.187245 0.419343
0.557147 0.19437 0.42712
0.418101 0.170547 0.373373
0.440388 0.196527 0.555183
0.377243 0.172609 0.409507
0.525123 0.170608 0.610327
0.499702 0.186179 0.420229
0.51407 0.192021 0.538109
0.499955 0.189146 0.567031
0.47739 0.190931 0.439178
0.594155 0.181203 0.440283
0.475052 0.185948 0.468705
0.516809 0.189906 0.439452
0.538841 0.186976 0.490621
0.39045 0.173847 0.484485
0.440376 0.164475 0.622938
0.418261 0.184344 0.46926
0.377757 0.167179 0.505601
0.449156 0.192619 0.571555
0.416767 0.186401 0.418732
0.626616 0.166155 0.410593
0.533449 0.168621 0.616996
0.404031 0.181079 0.456169
0.463732 0.179663 0.401837
0.417767 0.186479 0.457018
0.559336 0.195439 0.430192
0.510449 0.179852 0.402081
0.384549 0.173314 0.604679
0.388717 0.17566 0.385034
0.449899 0.181417 0.590259
0.401204 0.178324 0.506272
0.50996 0.179719 0.401709
0.4526 0.19214 0.571533
0.509125 0.186153 0.459406
0.417476 0.189243 0.570267
0.380341 0.16676 0.624843
0.415147 0.174472 0.397964
0.442309 0.165439 0.371942
0.615151 0.163332 0.483505
0.472318 0.180595 0.538638
0.385873 0.17007 0.600472
0.512784 0.163826 0.619436
0.527493 0.181059 0.430271
0.549497 0.169101 0.375872
0.458946 0.180412 0.508741
0.389194 0.171931 0.591482
0.385283 0.168434 0.611682
0.601666 0.167086 0.614054
0.606584 0.169182 0.448557
0.495519 0.177693 0.500036
0.55289 0.171053 0.603387
0.467636 0.182101 0.556463
0.439337 0.18369 0.572885
0.497567 0.168582 0.382946
0.37895 0.171026 0.578618
0.582161 0.173963 0.491334
0.546981 0.179438 0.463015
0.566334 0.178931 0.506714
0.372767 0.162268 0.496681
0.483266 0.177623 0.505936
0.551964 0.180504 0.519599
0.45504 0.181594 0.514682
0.37208 0.166466 0.406904
0.490697 0.177227 0.463946
0.564594 0.163363 0.628922
0.503871 0.173146 0.400054
0.500479 0.176844 0.491036
0.576879 0.177563 0.466023
0.493289 0.181116 0.559155
0.609865 0.164864 0.476155
0.409374 0.166894 0.372125
0.613172 0.168061 0.592332
0.414898 0.173199 0.553213
0.440669 0.167366 0.390138
0.478678 0.171811 0.565587
0.481989 0.170977 0.544859
0.527904 0.168956 0.58322
0.500312 0.158124 0.628056
0.376846 0.166667 0.57379
0.405587 0.1684 0.589687
0.45623 0.17405 0.555922
0.547899 0.173155 0.565012
0.608065 0.16453 0.397763
0.613237 0.163399 0.443455
0.587136 0.162718 0.367867
0.534877 0.163164 0.37448
0.384427 0.168345 0.566041
0.466887 0.168913 0.584562
0.612839 0.161148 0.479699
0.487654 0.170414 0.524842
0.558043 0.170521 0.473397
0.468433 0.169967 0.499968
0.475984 0.162591 0.377019
0.580943 0.170683 0.552506
0.454995 0.170207 0.409137
0.477546 0.17068 0.541609
0.543472 0.171149 0.412076
0.451937 0.158704 0.62469
0.592497 0.166306 0.526866
0.63494 0.158473 0.57082
0.509019 0.166888 0.590983
0.631238 0.15965 0.607722
0.425468 0.176057 0.561714
0.428887 0.174943 0.528243
0.446507 0.163074 0.374656
0.581009 0.16724 0.381814
0.562841 0.174118 0.447387
0.478891 0.168629 0.478364
0.410845 0.163572 0.449302
0.438114 0.164282 0.408309
0.606261 0.159424 0.380888
0.493011 0.163641 0.552533
0.405409 0.16508 0.571058
0.486727 0.153734 0.637099
0.493293 0.162779 0.453709
0.524503 0.164259 0.542768
0.452605 0.158594 0.610667
0.447571 0.165225 0.540795
0.563492 0.164909 0.449968
0.629894 0.155614 0.540066
0.560154 0.165223 0.560026
0.577128 0.162852 0.516344
0.479128 0.162454 0.525134
0.466513 0.157431 0.61605
0.529098 0.159599 0.378103
0.472787 0.162327 0.406664
0.475925 0.153682 0.63588
0.612764 0.157775 0.507177
0.400647 0.164095 0.560462
0.598601 0.159812 0.60691
0.541966 0.163286 0.581886
0.471107 0.162296 0.584049
0.528141 0.164095 0.564195
0.457489 0.163324 0.46695
0.555065 0.161634 0.380878
0.510436 0.162306 0.409912
0.453411 0.165365 0.557658
0.483307 0.16344 0.550606
0.619361 0.156346 0.362113
0.535577 0.16116 0.597791
0.399456 0.162 0.449046
0.54447 0.164656 0.556161
0.454542 0.164054 0.523281
0.611796 0.156236 0.632562
0.404494 0.152781 0.636517
0.461864 0.156556 0.536677
0.503018 0.156254 0.446839
0.546254 0.156375 0.505174
0.403757 0.155639 0.467152
0.484051 0.151484 0.643637
0.592606 0.155803 0.454482
0.628954 0.153831 0.56371
0.636554 0.152357 0.362675
0.475599 0.154885 0.382093
0.480147 0.156898 0.432688
0.611278 0.154579 0.376007
0.533075 0.155479 0.47093
0.381581 0.154692 0.519187
0.364073 0.15429 0.597931
0.518706 0.156427 0.41818
0.488003 0.156202 0.536517
0.494913 0.154705 0.377596
0.511881 0.155536 0.593238
0.41067 0.155851 0.378754
0.380586 0.15678 0.573525
0.369351 0.154308 0.541977
0.587525 0.15603 0.594843
0.521191 0.15545 0.466179
0.60607 0.155035 0.389433
0.481203 0.156825 0.434744
0.627861 0.153694 0.425973
0.435243 0.158404 0.426771
0.386256 0.155323 0.607214
0.637299 0.151772 0.517946
0.449953 0.157028 0.452872
0.454213 0.154006 0.616028
0.593175 0.155673 0.539923
0.566277 0.156738 0.516017
0.404537 0.1556 0.487682
0.559427 0.15697 0.53327
0.401857 0.15 0.622451
0.622332 0.15 0.482765
0.436254 0.15 0.576133
0.591267 0.15 0.48422
0.412386 0.15 0.39044
0.467676 0.15 0.354532
0.629977 0.15 0.470661
0.372413 0.15 0.371113
0.586808 0.15 0.583329
0.376121 0.15 0.561301
0.533276 0.15 0.630169
0.464939 0.15 0.54256
0.639187 0.15 0.485118
0.617049 0.15 0.530483
0.557282 0.15 0.441244
0.54928 0.15 0.636477
0.517821 0.15 0.364557
0.643216 0.15 0.526839
0.438562 0.15 0.601549
0.610173 0.15 0.465442
0.584593 0.15 0.637219
0.404439 0.15 0.411452
0.562244 0.15 0.350678
0.544079 0.15 0.594426
0.481712 0.15 0.465049
0.648782 0.15 0.538229
0.472483 0.15 0.438525
0.554059 0.15 0.556
0.586103 0.15 0.593593
0.411187 0.15 0.587834
0.570603 0.15 0.431127
0.53225 0.15 0.403084
0.351062 0.15 0.526473
0.389689 0.15 0.539245
0.400529 0.15 0.554031
0.529742 0.15 0.49919
