2664 0.012625
0.385011 0.376845 0.388802
0.456747 0.291874 0.339119
0.474617 0.21698 0.343739
0.491267 0.214538 0.352503
0.504048 0.240536 0.353615
0.528064 0.311457 0.348146
0.347298 0.307594 0.452745
0.383242 0.291757 0.380761
0.431499 0.269973 0.302361
0.500659 0.242391 0.281825
0.563236 0.27881 0.326782
0.594639 0.307695 0.395916
0.333913 0.271079 0.473262
0.306779 0.259032 0.429666
0.381163 0.460137 0.37192
0.507908 0.470491 0.357108
0.651469 0.439781 0.389187
0.678179 0.236368 0.439107
0.342645 0.24119 0.484063
0.291693 0.250668 0.507645
0.383901 0.484587 0.504663
0.517794 0.487304 0.502513
0.667728 0.4437 0.511242
0.696909 0.209451 0.503322
0.348796 0.267037 0.502507
0.347227 0.265963 0.561521
0.38639 0.400539 0.667921
0.501274 0.427686 0.680685
0.63327 0.394465 0.638467
0.664023 0.21931 0.548196
0.36195 0.340819 0.552009
0.409155 0.313834 0.583993
0.446667 0.242487 0.65449
0.49767 0.220001 0.691167
0.552295 0.237011 0.676498
0.598924 0.2839 0.586907
0.399727 0.325319 0.400306
0.366506 0.340715 0.550255
0.299982 0.22208 0.505808
0.650461 0.454799 0.498167
0.423373 0.30701 0.696551
0.512877 0.21791 0.357201
0.37649 0.308256 0.536919
0.375882 0.358375 0.563873
0.658862 0.25324 0.487426
0.476826 0.177318 0.352045
0.592313 0.337048 0.591262
0.611817 0.263402 0.59395
0.511231 0.266624 0.722734
0.507496 0.485312 0.561563
0.684666 0.429114 0.453813
0.66062 0.262649 0.477988
0.350395 0.221406 0.512179
0.418504 0.364009 0.369447
0.521143 0.213386 0.669252
0.404765 0.319353 0.569428
0.387659 0.267103 0.593166
0.36824 0.38161 0.663583
0.35411 0.243791 0.513688
0.544481 0.397152 0.696335
0.41234 0.344254 0.615981
0.636291 0.227891 0.530049
0.562434 0.471638 0.584072
0.440049 0.240418 0.665781
0.619901 0.270836 0.556485
0.441551 0.491002 0.502371
0.485431 0.203497 0.655871
0.636152 0.242762 0.542577
0.628107 0.466017 0.467819
0.624727 0.287308 0.543069
0.508926 0.216596 0.680946
0.350026 0.280678 0.451711
0.376414 0.293055 0.539635
0.324653 0.23137 0.441143
0.626059 0.268575 0.607768
0.666072 0.237806 0.433127
0.429177 0.475327 0.381275
0.513017 0.213087 0.356461
0.472528 0.220115 0.691879
0.478492 0.218088 0.648366
0.613796 0.464656 0.550195
0.535426 0.486097 0.501186
0.518286 0.253789 0.644467
0.619865 0.294233 0.354365
0.46714 0.489388 0.452641
0.704842 0.233602 0.537773
0.33882 0.376023 0.635632
0.344115 0.274518 0.559767
0.640872 0.23783 0.436929
0.423145 0.336176 0.616476
0.645272 0.282306 0.612864
0.456859 0.486366 0.410796
0.401244 0.306352 0.570585
0.517571 0.48825 0.454469
0.363527 0.260645 0.592365
0.643936 0.2949 0.36921
0.427506 0.464401 0.356289
0.350243 0.24243 0.496398
0.632029 0.254464 0.586256
0.395399 0.354937 0.570707
0.514489 0.258012 0.652784
0.662434 0.211149 0.471192
0.625834 0.281812 0.412422
0.534246 0.252784 0.715585
0.421722 0.27076 0.664919
0.353451 0.237153 0.511113
0.431216 0.284621 0.696052
0.603944 0.284246 0.581773
0.324127 0.181855 0.463617
0.315579 0.187016 0.461129
0.451513 0.248342 0.339718
0.6691 0.206569 0.451239
0.653988 0.206136 0.45415
0.512059 0.195914 0.346405
0.682817 0.215355 0.454547
0.635134 0.248809 0.559846
0.572549 0.303969 0.695679
0.296523 0.211148 0.456518
0.508686 0.22079 0.292248
0.700284 0.259879 0.549204
0.435957 0.250897 0.307255
0.598976 0.302602 0.419436
0.635772 0.46144 0.50898
0.378303 0.259496 0.585045
0.520843 0.224143 0.695709
0.3102 0.190392 0.492529
0.464059 0.457782 0.330801
0.663206 0.236504 0.482309
0.677036 0.194723 0.494685
0.547633 0.466234 0.609989
0.525385 0.484884 0.411749
0.723161 0.320243 0.448936
0.459693 0.259929 0.639827
0.392377 0.370046 0.392581
0.590503 0.315384 0.305007
0.593081 0.393129 0.310826
0.483374 0.216655 0.68746
0.448689 0.245114 0.290029
0.551242 0.483785 0.504338
0.588974 0.341502 0.404535
0.45169 0.284704 0.346598
0.663624 0.20135 0.459248
0.579134 0.341484 0.399739
0.373543 0.477159 0.419661
0.407799 0.342328 0.622332
0.310265 0.182099 0.483389
0.68979 0.418557 0.439291
0.658035 0.21577 0.466121
0.483124 0.310529 0.25943
0.508284 0.188704 0.332462
0.452714 0.287418 0.633295
0.324179 0.435887 0.567016
0.513441 0.219383 0.647009
0.669698 0.288178 0.38721
0.407381 0.467308 0.371477
0.533667 0.270356 0.633471
0.421789 0.291668 0.611812
0.334964 0.225025 0.523481
0.659361 0.263585 0.474574
0.413353 0.307284 0.596485
0.269859 0.367297 0.501497
0.409908 0.361869 0.384514
0.41457 0.335372 0.600629
0.510096 0.488829 0.461623
0.545478 0.270163 0.295864
0.534413 0.252918 0.715192
0.534318 0.304823 0.362002
0.716341 0.362907 0.53937
0.270357 0.372094 0.494959
0.34542 0.226562 0.478083
0.49054 0.394556 0.705692
0.350908 0.254726 0.56854
0.336211 0.296877 0.60928
0.540896 0.284942 0.632029
0.390936 0.277815 0.617629
0.435493 0.406501 0.295299
0.658042 0.260343 0.472316
0.53001 0.292154 0.649533
0.547762 0.445134 0.327737
0.534885 0.274053 0.634005
0.320815 0.229498 0.525546
0.311706 0.210437 0.506635
0.356366 0.248711 0.568372
0.660699 0.252935 0.474613
0.350675 0.30351 0.44923
0.500061 0.187182 0.322977
0.728625 0.319399 0.488492
0.716298 0.296576 0.444125
0.527432 0.231891 0.317141
0.43812 0.280464 0.287671
0.290902 0.276902 0.521948
0.660124 0.247586 0.427699
0.312849 0.243543 0.529414
0.398532 0.28651 0.345156
0.43221 0.285666 0.29157
0.433549 0.3287 0.624074
0.608226 0.300508 0.426558
0.350441 0.223536 0.496334
0.703203 0.218429 0.504114
0.346053 0.219303 0.481672
0.445474 0.253975 0.646653
0.51021 0.246128 0.654504
0.352918 0.263452 0.57382
0.63935 0.353031 0.644043
0.45339 0.255507 0.341576
0.376917 0.343758 0.553336
0.435148 0.256149 0.305468
0.526704 0.243575 0.334689
0.349706 0.203914 0.492707
0.392804 0.286487 0.656592
0.586537 0.332472 0.407087
0.70449 0.219691 0.517138
0.68371 0.218576 0.542646
0.621364 0.430837 0.618699
0.32167 0.26429 0.54367
0.307893 0.436044 0.504908
0.352531 0.266442 0.419035
0.326045 0.230524 0.528057
0.506026 0.201531 0.351811
0.341164 0.234811 0.472883
0.509461 0.201832 0.312438
0.488149 0.187926 0.313056
0.452526 0.292531 0.343281
0.358611 0.290629 0.373015
0.597133 0.414115 0.321692
0.604883 0.324557 0.42104
0.351221 0.277253 0.516537
0.658103 0.201059 0.530385
0.34438 0.239846 0.463606
0.432107 0.366179 0.70585
0.513199 0.233164 0.353884
0.457783 0.250407 0.340361
0.562349 0.287129 0.700396
0.625164 0.282226 0.44152
0.49811 0.190879 0.316237
0.561999 0.481778 0.508076
0.34756 0.198155 0.491938
0.553853 0.271888 0.326328
0.508858 0.477906 0.377426
0.553562 0.237949 0.673338
0.331186 0.256646 0.549335
0.343686 0.225256 0.452227
0.322119 0.277773 0.552566
0.268739 0.325403 0.505488
0.70208 0.223907 0.467762
0.710615 0.263243 0.5315
0.664499 0.423131 0.38362
0.38982 0.269652 0.599888
0.521136 0.215597 0.652846
0.502726 0.417111 0.292311
0.539779 0.235625 0.64776
0.525116 0.257908 0.353004
0.401753 0.333134 0.566784
0.441462 0.284411 0.346632
0.339301 0.325687 0.367202
0.369215 0.293191 0.358355
0.539973 0.347784 0.715403
0.485822 0.189309 0.310601
0.494588 0.189618 0.348412
0.534802 0.395492 0.278751
0.274122 0.357023 0.452722
0.313457 0.201192 0.501137
0.670065 0.339128 0.6067
0.534049 0.277908 0.355821
0.574527 0.313933 0.594993
0.640353 0.348372 0.641469
0.374763 0.38257 0.312732
0.433779 0.465237 0.355817
0.483369 0.469877 0.351379
0.396739 0.350807 0.402632
0.514092 0.225724 0.646087
0.538146 0.298478 0.364016
0.654933 0.223599 0.503765
0.561129 0.276211 0.617277
0.62676 0.465446 0.427546
0.69373 0.213851 0.471485
0.480826 0.197321 0.348126
0.389425 0.297805 0.381023
0.460611 0.234127 0.697943
0.650179 0.217408 0.503627
0.599627 0.466006 0.561075
0.318559 0.444908 0.450177
0.337605 0.22943 0.523036
0.619829 0.274103 0.546169
0.41563 0.33071 0.293903
0.525427 0.230892 0.297826
0.53621 0.284963 0.72028
0.557458 0.388291 0.695674
0.305279 0.190527 0.486131
0.386317 0.296503 0.370402
0.698745 0.375865 0.562831
0.369511 0.304693 0.337476
0.336747 0.241496 0.535131
0.471718 0.194693 0.304722
0.646797 0.202566 0.50588
0.609574 0.322609 0.423739
0.31318 0.395805 0.585054
0.723112 0.363367 0.458367
0.50937 0.221374 0.686284
0.700883 0.219792 0.476774
0.666741 0.228778 0.55585
0.630502 0.279548 0.414639
0.538348 0.255931 0.325929
0.450097 0.487969 0.443425
0.417895 0.335372 0.621175
0.649078 0.218861 0.509909
0.37784 0.48195 0.519081
0.466815 0.186987 0.324876
0.645422 0.327302 0.347486
0.576243 0.304523 0.397244
0.581577 0.339563 0.40048
0.695435 0.209887 0.520538
0.399112 0.476707 0.583934
0.300526 0.278173 0.532323
0.349731 0.335779 0.345521
0.49894 0.238513 0.655582
0.44899 0.488442 0.449918
0.611468 0.30146 0.37333
0.538425 0.256752 0.634408
0.461206 0.193915 0.332481
0.292599 0.268215 0.51215
0.463981 0.241447 0.709261
0.447973 0.293128 0.346257
0.340454 0.227547 0.450768
0.391678 0.302233 0.39522
0.32705 0.400636 0.607417
0.435562 0.247021 0.659496
0.48566 0.187466 0.345724
0.327757 0.24725 0.432031
0.469377 0.201407 0.301829
0.337082 0.439178 0.588871
0.441253 0.251418 0.298966
0.641466 0.232955 0.536274
0.590343 0.273224 0.607577
0.399928 0.276142 0.611984
0.57574 0.248561 0.638749
0.708351 0.363766 0.418883
0.346291 0.280308 0.397368
0.303716 0.410958 0.412771
0.551557 0.37449 0.705497
0.659051 0.231417 0.499669
0.323358 0.202571 0.50501
0.478201 0.481914 0.385131
0.636386 0.423424 0.610608
0.626315 0.407685 0.337445
0.39153 0.331589 0.557196
0.43072 0.328657 0.364209
0.362352 0.323292 0.435077
0.508759 0.241035 0.656477
0.273934 0.386821 0.47429
0.517265 0.486934 0.449798
0.45554 0.230236 0.334367
0.303889 0.284697 0.548169
0.45476 0.226048 0.322145
0.345759 0.292421 0.376509
0.377783 0.31935 0.417802
0.609051 0.285278 0.578218
0.510844 0.468311 0.618297
0.606126 0.314769 0.563037
0.57567 0.295846 0.601534
0.422871 0.339048 0.372236
0.705693 0.227842 0.479995
0.330998 0.251012 0.425736
0.507392 0.234131 0.656971
0.449483 0.289105 0.342634
0.446942 0.23931 0.300809
0.435301 0.434234 0.666304
0.502171 0.487066 0.500703
0.726551 0.342242 0.491601
0.512355 0.487715 0.480113
0.471291 0.48902 0.489852
0.271686 0.343288 0.458868
0.34201 0.187669 0.472669
0.651207 0.225192 0.454958
0.622013 0.276755 0.547335
0.667609 0.444812 0.481006
0.403259 0.341604 0.607928
0.50734 0.195185 0.327901
0.290203 0.282424 0.434481
0.464995 0.253811 0.645352
0.42177 0.490591 0.493797
0.278418 0.286025 0.448545
0.343264 0.256163 0.457683
0.317028 0.218886 0.511154
0.349663 0.289513 0.381834
0.615009 0.267509 0.591717
0.662082 0.230491 0.49218
0.634701 0.461216 0.506586
0.691154 0.208235 0.509777
0.520833 0.458244 0.338837
0.55164 0.281395 0.289232
0.368719 0.476062 0.424205
0.36552 0.308973 0.537093
0.647569 0.221217 0.535127
0.625569 0.294955 0.437706
0.615845 0.26962 0.612457
0.339329 0.249981 0.540819
0.704736 0.22639 0.511476
0.568247 0.47209 0.567132
0.511381 0.24949 0.659146
0.519489 0.260266 0.654182
0.420866 0.285171 0.309495
0.620427 0.303924 0.399909
0.662107 0.212013 0.457772
0.678532 0.332894 0.590874
0.309296 0.206267 0.455458
0.331971 0.334646 0.615573
0.39122 0.287142 0.648493
0.609726 0.311609 0.424062
0.387232 0.308881 0.555086
0.351736 0.390277 0.64383
0.676251 0.42907 0.540021
0.702332 0.265691 0.544135
0.527282 0.473391 0.603576
0.560455 0.294082 0.615403
0.550658 0.290967 0.62709
0.35838 0.282612 0.424275
0.302944 0.397427 0.566406
0.459761 0.237682 0.65729
0.350477 0.263343 0.529139
0.391759 0.310017 0.560826
0.623035 0.299542 0.405929
0.537439 0.26386 0.636414
0.420705 0.308134 0.612231
0.612656 0.470844 0.437444
0.614037 0.311303 0.427466
0.378121 0.482967 0.465109
0.686856 0.334394 0.579642
0.557146 0.308893 0.379901
0.699193 0.292391 0.431592
0.565398 0.482359 0.454121
0.294762 0.357049 0.408578
0.327661 0.253673 0.42813
0.695699 0.229558 0.538368
0.383575 0.354422 0.576051
0.517257 0.264005 0.662196
0.424039 0.288528 0.6215
0.386728 0.288367 0.333157
0.37343 0.287454 0.627437
0.454531 0.236272 0.292839
0.575704 0.256229 0.644774
0.658549 0.342782 0.352562
0.397828 0.345966 0.575914
0.439931 0.254105 0.302234
0.617756 0.275583 0.582288
0.300131 0.376528 0.397444
0.629817 0.462764 0.514093
0.66247 0.397193 0.59843
0.471523 0.314729 0.260626
0.488927 0.266454 0.275972
0.575156 0.475272 0.540975
0.481865 0.198997 0.33925
0.589877 0.263936 0.621283
0.385859 0.297879 0.659478
0.66467 0.441659 0.534994
0.382267 0.337453 0.557862
0.336444 0.187822 0.47064
0.678587 0.214245 0.535495
0.620748 0.467642 0.44815
0.699137 0.355045 0.399406
0.457595 0.361497 0.268156
0.48539 0.208594 0.663962
0.34843 0.271743 0.519966
0.406341 0.331496 0.59251
0.694434 0.40388 0.426796
0.501816 0.225583 0.345225
0.356961 0.268188 0.576221
0.539608 0.236881 0.65304
0.406525 0.333185 0.604785
0.567046 0.318009 0.389296
0.553367 0.276622 0.317565
0.620037 0.273517 0.584561
0.27939 0.384162 0.522504
0.382114 0.288408 0.339237
0.559104 0.286991 0.701473
0.613372 0.292924 0.346008
0.474534 0.239765 0.653055
0.657169 0.243813 0.564774
0.602189 0.267981 0.61701
0.287661 0.383527 0.551566
0.717548 0.282269 0.503773
0.544058 0.469961 0.372901
0.365333 0.291559 0.628788
0.561336 0.282988 0.618617
0.390527 0.290237 0.653015
0.510598 0.218967 0.305599
0.70378 0.397288 0.443111
0.676673 0.426618 0.542578
0.548585 0.247574 0.64642
0.511372 0.48479 0.517025
0.699672 0.224179 0.526698
0.273157 0.320071 0.455052
0.402432 0.300884 0.675967
0.660882 0.215132 0.498231
0.671774 0.196076 0.514657
0.493454 0.486305 0.420629
0.277623 0.290063 0.450067
0.640826 0.257183 0.537572
0.482249 0.185337 0.335424
0.551928 0.273391 0.628548
0.434598 0.407061 0.684197
0.560301 0.24877 0.661148
0.339131 0.215344 0.499498
0.548407 0.480141 0.532613
0.307276 0.241733 0.512722
0.608772 0.315713 0.408652
0.288685 0.227611 0.484089
0.620045 0.280136 0.56944
0.710284 0.252736 0.487955
0.365332 0.298812 0.363036
0.333307 0.20077 0.462483
0.446803 0.280359 0.33654
0.445702 0.266536 0.289912
0.480452 0.483836 0.577694
0.504458 0.212166 0.33996
0.437827 0.281917 0.636977
0.592218 0.323018 0.308231
0.55683 0.245426 0.656835
0.597507 0.46129 0.576624
0.54582 0.313065 0.363579
0.668985 0.240361 0.484124
0.511348 0.461623 0.628839
0.482731 0.230552 0.651462
0.286871 0.351977 0.561597
0.499497 0.48383 0.560104
0.516891 0.416431 0.687393
0.34765 0.28845 0.390011
0.278078 0.332019 0.544331
0.302082 0.390776 0.402245
0.600837 0.317552 0.57698
0.516103 0.247499 0.342152
0.359332 0.318529 0.545801
0.334126 0.248465 0.463039
0.476431 0.485661 0.556354
0.312405 0.265839 0.429773
0.378169 0.298326 0.331889
0.432565 0.30935 0.627757
0.553694 0.481288 0.501495
0.523928 0.232647 0.700975
0.376531 0.324807 0.414957
0.396853 0.333143 0.577564
0.483355 0.223955 0.68474
0.478898 0.484944 0.559131
0.346085 0.291916 0.527445
0.363101 0.395252 0.32829
0.363301 0.300477 0.364469
0.578024 0.270334 0.64681
0.694998 0.220763 0.516168
0.352824 0.278281 0.582282
0.509194 0.462899 0.345901
0.66626 0.224923 0.49603
0.569378 0.287663 0.351581
0.309208 0.245586 0.514576
0.428311 0.481949 0.408054
0.642115 0.258686 0.432816
0.654143 0.22204 0.523529
0.446913 0.309673 0.273628
0.33088 0.227956 0.512782
0.493581 0.485901 0.431161
0.450555 0.240397 0.677864
0.484627 0.207134 0.301703
0.518749 0.230571 0.315782
0.6344 0.316727 0.638933
0.417905 0.278594 0.649517
0.549639 0.317438 0.365917
0.500915 0.230227 0.69411
0.416345 0.469941 0.612451
0.615553 0.276225 0.591085
0.677933 0.228353 0.455612
0.451367 0.266086 0.329693
0.546057 0.279922 0.637751
0.351666 0.277201 0.407107
0.562432 0.463381 0.601728
0.398192 0.339393 0.596508
0.364718 0.325084 0.552367
0.480261 0.4866 0.447683
0.293821 0.23199 0.491461
0.488494 0.225856 0.656363
0.594274 0.302774 0.595227
0.363763 0.301544 0.543094
0.630597 0.30013 0.395005
0.356653 0.292589 0.390354
0.289694 0.256839 0.451144
0.371455 0.473575 0.411919
0.407025 0.304778 0.609007
0.348709 0.282142 0.404825
0.668442 0.271473 0.573312
0.710538 0.265328 0.499623
0.332741 0.242934 0.460008
0.501367 0.225689 0.680892
0.44998 0.24847 0.318017
0.64483 0.256171 0.540993
0.386276 0.328578 0.563134
0.344019 0.301684 0.446249
0.413845 0.316018 0.625485
0.596556 0.302316 0.592844
0.37392 0.268137 0.582865
0.609479 0.389758 0.320331
0.31905 0.189119 0.471288
0.454025 0.278555 0.647552
0.694691 0.234082 0.536878
0.519322 0.429808 0.304865
0.421771 0.286059 0.340901
0.44755 0.350763 0.273164
0.603225 0.330294 0.314404
0.570166 0.277952 0.675625
0.533504 0.390752 0.276841
0.527628 0.485309 0.470666
0.477478 0.214149 0.664961
0.662259 0.210475 0.508271
0.521154 0.236315 0.305434
0.571824 0.302029 0.614864
0.289976 0.234927 0.485426
0.359377 0.283207 0.413516
0.652598 0.285727 0.411357
0.413137 0.488831 0.498007
0.409853 0.458668 0.628724
0.351631 0.288016 0.399387
0.403803 0.306733 0.606756
0.463327 0.251366 0.653756
0.617326 0.456997 0.562733
0.338845 0.457259 0.415914
0.576506 0.314049 0.373361
0.382188 0.302429 0.368481
0.408853 0.414014 0.309343
0.500396 0.484786 0.443902
0.411889 0.303606 0.61814
0.334878 0.338199 0.619131
0.426191 0.325468 0.29057
0.509098 0.221376 0.323223
0.404435 0.370454 0.290061
0.387318 0.369036 0.679106
0.312543 0.242752 0.444922
0.676749 0.233406 0.476568
0.539995 0.253455 0.648429
0.515367 0.240539 0.70979
0.677719 0.365916 0.595201
0.390057 0.304235 0.365292
0.386678 0.331302 0.568171
0.323032 0.209768 0.465851
0.428426 0.487753 0.461844
0.613882 0.321718 0.416513
0.596416 0.364697 0.304009
0.306451 0.231352 0.50223
0.485743 0.223487 0.677897
0.516716 0.246613 0.71342
0.583977 0.277715 0.620786
0.405982 0.317032 0.612693
0.380681 0.305068 0.383693
0.312683 0.292412 0.560269
0.505361 0.483936 0.497135
0.523492 0.467594 0.360104
0.41852 0.422014 0.310475
0.348443 0.285594 0.405161
0.502898 0.2285 0.6783
0.510263 0.242257 0.327286
0.348175 0.357413 0.642934
0.445063 0.27254 0.701118
0.500276 0.220241 0.31212
0.314689 0.243031 0.511629
0.422003 0.290025 0.630141
0.718491 0.285624 0.465536
0.616721 0.306331 0.371298
0.487969 0.247039 0.660231
0.362657 0.281337 0.593285
0.524088 0.242406 0.661963
0.488735 0.221721 0.299159
0.566988 0.412876 0.308732
0.31411 0.207783 0.463941
0.367438 0.301256 0.378968
0.581253 0.306373 0.612996
0.725498 0.35098 0.467368
0.591927 0.345706 0.39358
0.455098 0.25737 0.317395
0.464791 0.235236 0.310933
0.727082 0.323295 0.465827
0.314501 0.283925 0.539558
0.497942 0.241479 0.664768
0.317751 0.229818 0.505669
0.707874 0.268411 0.527485
0.340322 0.29201 0.392809
0.583127 0.432543 0.642084
0.5932 0.326265 0.678927
0.667386 0.208801 0.513453
0.372749 0.283143 0.564634
0.421248 0.29136 0.315669
0.36272 0.280758 0.557159
0.586651 0.294283 0.321599
0.458378 0.239545 0.677052
0.346033 0.283551 0.410144
0.583762 0.289659 0.618656
0.383325 0.320053 0.399531
0.625386 0.282845 0.587083
0.503663 0.387651 0.274829
0.432869 0.300419 0.638195
0.599004 0.322564 0.600751
0.321665 0.284255 0.544257
0.295628 0.209154 0.473332
0.469048 0.485137 0.452566
0.573701 0.439741 0.334313
0.313856 0.226868 0.456945
0.584861 0.274854 0.635022
0.514317 0.235869 0.686819
0.62575 0.283432 0.599319
0.674011 0.258533 0.480502
0.447154 0.247745 0.662667
0.395869 0.321664 0.618716
0.575556 0.30394 0.622726
0.292638 0.413536 0.460821
0.456318 0.240162 0.671719
0.53201 0.347634 0.264752
0.508077 0.483185 0.496851
0.643925 0.265511 0.567224
0.381128 0.326015 0.571142
0.483627 0.23577 0.694963
0.517789 0.479557 0.577924
0.70335 0.243237 0.518466
0.653409 0.449215 0.521597
0.518474 0.472414 0.602525
0.660387 0.323894 0.362569
0.294328 0.259156 0.450684
0.375912 0.322165 0.329195
0.505764 0.235646 0.308323
0.61473 0.299009 0.347279
0.62743 0.285204 0.593505
0.337985 0.27894 0.436673
0.397433 0.4854 0.489302
0.495059 0.238603 0.694247
0.570867 0.333629 0.371168
0.371062 0.307102 0.380057
0.346545 0.28047 0.42298
0.310617 0.230813 0.45905
0.312573 0.233532 0.458271
0.41514 0.292847 0.630893
0.683381 0.34528 0.380283
0.583731 0.476905 0.43856
0.531879 0.249468 0.663931
0.724876 0.359058 0.472992
0.340642 0.461627 0.506902
0.466489 0.244394 0.703437
0.542849 0.276847 0.327154
0.458246 0.254729 0.290044
0.45257 0.468998 0.617586
0.619747 0.319328 0.393912
0.429844 0.298102 0.333133
0.435477 0.469585 0.370647
0.444414 0.459667 0.634338
0.376885 0.326324 0.582683
0.659799 0.424792 0.568535
0.511725 0.47046 0.607611
0.36642 0.309317 0.365053
0.61983 0.287976 0.592927
0.560931 0.272346 0.680256
0.529805 0.333767 0.264464
0.392754 0.321363 0.60043
0.363351 0.295323 0.623369
0.39882 0.314833 0.624629
0.342261 0.377614 0.342376
0.302493 0.234503 0.462551
0.632691 0.306912 0.366072
0.473944 0.314091 0.725841
0.328548 0.277143 0.449594
0.538069 0.28192 0.330373
0.659307 0.247304 0.549247
0.639045 0.295449 0.421509
0.535317 0.279553 0.327751
0.688032 0.246079 0.471933
0.341952 0.282637 0.541548
0.580872 0.338074 0.375931
0.450145 0.485973 0.488419
0.379626 0.313138 0.377071
0.595049 0.472933 0.488729
0.45878 0.482479 0.564578
0.528111 0.254534 0.673492
0.616902 0.332623 0.399501
0.622602 0.294761 0.586262
0.46416 0.321656 0.722321
0.45208 0.44082 0.319346
0.690954 0.401254 0.41783
0.662725 0.272656 0.435548
0.294768 0.293199 0.534361
0.431714 0.379429 0.697346
0.386443 0.305375 0.325207
0.539225 0.463636 0.36178
0.513992 0.481854 0.487065
0.678431 0.246766 0.48897
0.695024 0.248493 0.480229
0.438702 0.291459 0.293928
0.499352 0.281272 0.277022
0.462406 0.258546 0.70824
0.610953 0.367347 0.314392
0.696687 0.402216 0.436187
0.297425 0.296133 0.538768
0.316794 0.426357 0.400814
0.500034 0.452221 0.643993
0.645926 0.299946 0.382956
0.66297 0.250053 0.542182
0.653628 0.269208 0.442968
0.286225 0.331048 0.552159
0.464119 0.483969 0.51742
0.685843 0.250923 0.475696
0.461117 0.242237 0.672081
0.695162 0.394735 0.543785
0.400757 0.318571 0.36328
0.658748 0.308041 0.606747
0.495225 0.251585 0.305308
0.491569 0.236586 0.67301
0.608181 0.463193 0.543536
0.336697 0.282283 0.425152
0.605487 0.466928 0.528098
0.602149 0.431845 0.627917
0.493913 0.243074 0.691135
0.268898 0.316518 0.475346
0.492686 0.482519 0.471949
0.386137 0.325821 0.607538
0.698909 0.255228 0.4798
0.356561 0.297593 0.410055
0.460145 0.306068 0.271637
0.309327 0.289055 0.527155
0.348428 0.296141 0.557177
0.35824 0.463621 0.402119
0.457773 0.403582 0.291042
0.553721 0.435434 0.652317
0.703026 0.39334 0.440714
0.417872 0.483785 0.442813
0.36514 0.475466 0.493761
0.351467 0.467933 0.503416
0.390498 0.297051 0.62315
0.278667 0.302 0.513902
0.630377 0.313432 0.353539
0.400569 0.323807 0.31265
0.634213 0.321312 0.404141
0.289087 0.259989 0.480136
0.657425 0.282364 0.434058
0.351282 0.441252 0.600578
0.500609 0.252596 0.706963
0.620298 0.328679 0.331843
0.305145 0.276552 0.50423
0.653459 0.283847 0.433813
0.584748 0.460634 0.57934
0.365026 0.294891 0.603478
0.454614 0.264829 0.298515
0.275209 0.30755 0.45922
0.69669 0.394238 0.425683
0.313713 0.325752 0.574331
0.397994 0.312368 0.35657
0.454318 0.442782 0.65863
0.346818 0.322554 0.377421
0.688295 0.272394 0.550742
0.504499 0.263186 0.305517
0.633456 0.317527 0.402951
0.626306 0.295666 0.594707
0.587837 0.474377 0.462981
0.680973 0.249649 0.499802
0.541565 0.468997 0.595372
0.504878 0.33393 0.265931
0.661153 0.266186 0.449886
0.60025 0.470563 0.483942
0.318142 0.290377 0.521889
0.316555 0.290012 0.520566
0.515538 0.479669 0.415586
0.635504 0.455054 0.531852
0.356095 0.383953 0.64699
0.364113 0.297399 0.577299
0.373068 0.306346 0.598209
0.436688 0.276865 0.682794
0.550825 0.417014 0.307152
0.3947 0.333367 0.370466
0.530474 0.442068 0.325215
0.662797 0.285871 0.433569
0.64225 0.311129 0.406989
0.286585 0.396343 0.456141
0.537907 0.435882 0.657744
0.326179 0.293593 0.427071
0.345483 0.368255 0.639476
0.367216 0.308185 0.586296
0.559574 0.330036 0.282775
0.679708 0.252045 0.510666
0.479477 0.262724 0.289754
0.577629 0.293877 0.637018
0.563485 0.475678 0.467825
0.528607 0.27837 0.310168
0.492086 0.307088 0.26814
0.409998 0.485648 0.493962
0.647789 0.311401 0.366668
0.61455 0.46579 0.453906
0.534233 0.469586 0.597769
0.350852 0.31071 0.418277
0.408571 0.321291 0.310755
0.521389 0.478708 0.464854
0.340175 0.327317 0.377913
0.435093 0.373347 0.28212
0.691398 0.27941 0.454422
0.474474 0.247622 0.69447
0.628006 0.457718 0.407925
0.68955 0.277466 0.550224
0.581523 0.307907 0.349974
0.417463 0.299323 0.646205
0.64058 0.430192 0.587658
0.501756 0.293993 0.274222
0.271731 0.337248 0.483061
0.459651 0.250765 0.671772
0.288802 0.300739 0.51338
0.396864 0.318434 0.355406
0.337281 0.30038 0.408449
0.692626 0.300829 0.429142
0.449104 0.443124 0.655841
0.580012 0.413496 0.318484
0.515106 0.267223 0.707394
0.594097 0.355061 0.30834
0.38117 0.316967 0.608529
0.343943 0.309188 0.391575
0.506097 0.276596 0.71173
0.386248 0.320783 0.364161
0.5964 0.302294 0.65229
0.599806 0.308524 0.351161
0.431853 0.304936 0.303486
0.596367 0.463933 0.544869
0.327454 0.329219 0.58626
0.704997 0.281005 0.505019
0.513819 0.281479 0.712626
0.671559 0.430092 0.533502
0.687003 0.291741 0.437425
0.314827 0.285082 0.446818
0.314793 0.364461 0.595792
0.505019 0.281785 0.713666
0.322378 0.301321 0.543825
0.691781 0.255349 0.52623
0.576124 0.397092 0.308792
0.677693 0.286433 0.564797
0.481668 0.478902 0.533418
0.411159 0.300091 0.664813
0.600036 0.466399 0.404168
0.294531 0.306965 0.547382
0.43944 0.262807 0.66536
0.674466 0.248807 0.533589
0.369045 0.331177 0.376345
0.483276 0.477878 0.459611
0.574887 0.326643 0.68665
0.433211 0.295583 0.688247
0.358479 0.313027 0.598234
0.702089 0.309351 0.429709
0.649986 0.393132 0.611136
0.313609 0.292445 0.446437
0.414481 0.316684 0.327233
0.715551 0.318577 0.531756
0.601829 0.309375 0.655049
0.294206 0.304623 0.528676
0.488087 0.47737 0.510788
0.475531 0.303783 0.272861
0.459028 0.34001 0.274638
0.304179 0.283064 0.451156
0.297933 0.344675 0.563005
0.653981 0.445576 0.500274
0.405346 0.484385 0.517736
0.385187 0.3267 0.365756
0.494386 0.27097 0.708442
0.679364 0.280293 0.453241
0.30638 0.28396 0.452243
0.37099 0.312224 0.6267
0.485755 0.285086 0.282118
0.55676 0.396986 0.68474
0.396514 0.31776 0.665593
0.593341 0.444635 0.610876
0.478517 0.479721 0.436567
0.487166 0.477205 0.5304
0.601332 0.30635 0.647621
0.617812 0.320479 0.595846
0.460186 0.479262 0.562903
0.277328 0.379908 0.488829
0.355614 0.311176 0.602422
0.709553 0.334695 0.432519
0.328599 0.334533 0.58554
0.487406 0.47614 0.493283
0.369666 0.332271 0.366121
0.454411 0.271111 0.69717
0.563412 0.372909 0.694577
0.70818 0.361063 0.432003
0.315159 0.364252 0.380871
0.48157 0.332057 0.26945
0.351907 0.353163 0.345458
0.486226 0.476228 0.489058
0.529648 0.288428 0.288598
0.381459 0.331168 0.619368
0.41307 0.438053 0.329825
0.574041 0.462201 0.569794
0.559993 0.287922 0.661486
0.284292 0.286701 0.472541
0.704283 0.346085 0.424047
0.540205 0.292318 0.296716
0.653334 0.313167 0.398132
0.562612 0.320707 0.288869
0.328994 0.447339 0.527996
0.686123 0.271501 0.503592
0.463996 0.259754 0.672981
0.403594 0.322283 0.336109
0.483657 0.476675 0.572297
0.560489 0.350169 0.286304
0.296079 0.325767 0.430694
0.389546 0.313001 0.340516
0.336395 0.366309 0.351978
0.698215 0.288722 0.460576
0.511975 0.371707 0.271574
0.446084 0.39707 0.293412
0.386692 0.315746 0.646887
0.343817 0.323253 0.41074
0.581895 0.327629 0.309787
0.420489 0.313826 0.682009
0.303207 0.356214 0.568375
0.675537 0.290489 0.45682
0.69139 0.275058 0.516274
0.506371 0.324524 0.716913
0.619986 0.458854 0.5021
0.657878 0.442375 0.437829
0.387942 0.470833 0.406093
0.548438 0.470958 0.475774
0.368258 0.343702 0.60764
0.365375 0.341809 0.37903
0.667454 0.35576 0.597627
0.558402 0.468932 0.517924
0.586734 0.467056 0.402202
0.475006 0.476352 0.574421
0.481289 0.474712 0.465589
0.351461 0.336727 0.373848
0.676631 0.28637 0.558846
0.295553 0.40414 0.524504
0.617024 0.376755 0.325894
0.441277 0.478696 0.450724
0.659365 0.311623 0.58533
0.374607 0.352342 0.37362
0.3761 0.343484 0.323537
0.362528 0.471586 0.461893
0.631951 0.323769 0.591907
0.31427 0.43565 0.494005
0.538993 0.472032 0.436655
0.565298 0.468907 0.506314
0.672334 0.323089 0.383383
0.282642 0.361251 0.531911
0.641715 0.320126 0.375818
0.584772 0.469962 0.48032
0.458292 0.286859 0.706912
0.460993 0.415991 0.302714
0.627529 0.458799 0.434547
0.326812 0.364752 0.609936
0.306275 0.35831 0.404882
0.689249 0.294766 0.47698
0.462457 0.276945 0.703346
0.524688 0.328738 0.713605
0.350771 0.464881 0.46517
0.593345 0.469181 0.430467
0.575292 0.312739 0.675754
0.307422 0.312647 0.438783
0.338972 0.326721 0.401884
0.55201 0.306444 0.301717
0.534292 0.283709 0.694466
0.53539 0.297907 0.702495
0.509194 0.305119 0.286781
0.522767 0.390614 0.283485
0.686358 0.407248 0.426191
0.308639 0.366321 0.393885
0.546726 0.468169 0.401267
0.361017 0.343748 0.370445
0.474191 0.42297 0.67898
0.709764 0.302358 0.483576
0.571881 0.469963 0.474981
0.319105 0.34577 0.38984
0.528928 0.344709 0.711575
0.362024 0.467785 0.529633
0.693498 0.287601 0.496884
0.39775 0.323998 0.661952
0.470678 0.299888 0.715756
0.379959 0.327382 0.633081
0.547859 0.305016 0.293614
0.536879 0.470316 0.442288
0.571344 0.470712 0.442141
0.316546 0.326377 0.568291
0.371839 0.340021 0.336567
0.423533 0.331177 0.686581
0.436487 0.48017 0.542957
0.573537 0.465456 0.395724
0.36729 0.337121 0.628114
0.689178 0.294847 0.495031
0.682073 0.360632 0.386497
0.540773 0.331961 0.706323
0.692442 0.412335 0.468209
0.56394 0.469897 0.425991
0.29651 0.409891 0.466052
0.489965 0.342075 0.273528
0.29805 0.313857 0.447331
0.445509 0.290962 0.691412
0.486065 0.368954 0.27544
0.570083 0.441476 0.345776
0.504127 0.44852 0.64043
0.614216 0.428325 0.614928
0.361339 0.350326 0.360538
0.300287 0.400754 0.437773
0.43684 0.286888 0.672045
0.302871 0.330969 0.558844
0.293492 0.371773 0.430196
0.485079 0.470676 0.482348
0.441813 0.370014 0.285116
0.306065 0.420768 0.455806
0.706535 0.303726 0.491611
0.35449 0.427539 0.616529
0.624745 0.336307 0.350635
0.338226 0.446719 0.404059
0.360489 0.454841 0.390189
0.582174 0.470071 0.428344
0.489448 0.282366 0.703695
0.323294 0.327687 0.413373
0.46437 0.474779 0.567234
0.488187 0.273721 0.688447
0.284101 0.302908 0.474073
0.293874 0.405154 0.490963
0.619429 0.320427 0.620623
0.360465 0.343304 0.629139
0.286558 0.390813 0.488255
0.688055 0.294899 0.5118
0.435065 0.478104 0.493211
0.556203 0.330505 0.695399
0.422943 0.473036 0.411063
0.542955 0.467584 0.431454
0.514606 0.298104 0.690933
0.62279 0.330192 0.609301
0.285185 0.315022 0.492622
0.655841 0.328349 0.584319
0.413862 0.472922 0.413987
0.634825 0.444452 0.545807
0.467679 0.470237 0.469573
0.696445 0.353516 0.418605
0.490002 0.280963 0.688989
0.301591 0.417632 0.474728
0.688483 0.290871 0.522015
0.309574 0.330474 0.432927
0.599374 0.341859 0.657257
0.690132 0.298191 0.502057
0.340326 0.356411 0.609953
0.342354 0.454197 0.530992
0.379888 0.350732 0.322927
0.388479 0.348727 0.66356
0.700758 0.341605 0.548147
0.390682 0.449947 0.620071
0.324134 0.364299 0.593005
0.363148 0.429173 0.622695
0.410995 0.426514 0.65672
0.490274 0.283674 0.687536
0.366265 0.344457 0.618492
0.685522 0.346962 0.399751
0.68003 0.32705 0.569191
0.321958 0.339301 0.407491
0.49454 0.406089 0.297331
0.552225 0.46547 0.455018
0.361281 0.364214 0.348764
0.687254 0.295274 0.527572
0.613368 0.369776 0.657999
0.567009 0.339099 0.684424
0.69837 0.350869 0.425705
0.524896 0.465774 0.44447
0.29175 0.318943 0.506386
0.465262 0.43124 0.667359
0.306912 0.334408 0.558438
0.540332 0.453824 0.612539
0.292807 0.397241 0.498825
0.56608 0.319039 0.674503
0.412972 0.383906 0.302108
0.327448 0.345217 0.572189
0.645197 0.35663 0.615574
0.307937 0.420221 0.510991
0.55624 0.417996 0.320097
0.662205 0.323058 0.570997
0.519462 0.465546 0.505707
0.51905 0.465752 0.512458
0.710755 0.368444 0.5036
0.409203 0.412585 0.663697
0.520354 0.397743 0.690311
0.401753 0.352994 0.323984
0.629752 0.432541 0.370453
0.397104 0.376077 0.306297
0.682055 0.319965 0.417597
0.616598 0.396878 0.337228
0.288612 0.328922 0.533591
0.666911 0.321616 0.570943
0.651594 0.415545 0.374639
0.419718 0.476916 0.469332
0.547141 0.310503 0.681761
0.651486 0.348715 0.60264
0.279978 0.329787 0.486027
0.381793 0.347933 0.637513
0.318425 0.39417 0.573269
0.682338 0.311586 0.548561
0.384623 0.386967 0.319708
0.576552 0.350865 0.674779
0.465627 0.427745 0.315602
0.508125 0.463023 0.45718
0.47792 0.371517 0.281354
0.708272 0.34861 0.518166
0.349003 0.362243 0.610386
0.309904 0.419607 0.523449
0.678352 0.312607 0.551686
0.67439 0.423411 0.445384
0.384509 0.366698 0.66369
0.314868 0.416257 0.422279
0.330852 0.436505 0.551343
0.320622 0.421891 0.553352
0.44071 0.331935 0.694644
0.699489 0.313862 0.455649
0.373897 0.364578 0.325619
0.289163 0.325826 0.512964
0.514196 0.411729 0.305282
0.444407 0.298925 0.681004
0.71418 0.334796 0.48058
0.353073 0.382905 0.345941
0.577949 0.400158 0.663362
0.411786 0.478164 0.505892
0.673412 0.38491 0.569543
0.428301 0.47747 0.510224
0.711832 0.351755 0.495257
0.481033 0.466506 0.529657
0.511514 0.462799 0.486513
0.613928 0.437738 0.593642
0.518986 0.463298 0.383331
0.640768 0.444859 0.483245
0.571103 0.417613 0.650169
0.550787 0.461791 0.506773
0.295159 0.390305 0.454511
0.31508 0.370811 0.402228
0.713054 0.341353 0.46715
0.681667 0.330877 0.55717
0.479454 0.337609 0.709633
0.505442 0.460073 0.461353
0.629379 0.381491 0.345319
0.324042 0.434283 0.533858
0.54507 0.323495 0.683677
0.438154 0.350879 0.304501
0.597046 0.448949 0.576031
0.589279 0.42873 0.625226
0.286093 0.349509 0.506255
0.495677 0.468965 0.418185
0.609364 0.366074 0.652159
0.462153 0.290975 0.68869
0.294953 0.400252 0.472016
0.677224 0.325049 0.434229
0.450767 0.301605 0.685474
0.434361 0.384901 0.298913
0.498137 0.442078 0.333099
0.505987 0.448818 0.630826
0.291818 0.330566 0.492041
0.455108 0.441312 0.650157
0.668966 0.33385 0.396853
0.463377 0.465292 0.478272
0.343756 0.372732 0.603158
0.295565 0.334997 0.53637
0.577517 0.4545 0.567662
0.699876 0.31835 0.482245
0.659656 0.35644 0.584107
0.476433 0.419075 0.676595
0.351413 0.45726 0.53085
0.693035 0.393935 0.441469
0.517325 0.464921 0.568291
0.463542 0.415141 0.309903
0.394043 0.363278 0.65334
0.30131 0.36227 0.440674
0.450298 0.461131 0.612092
0.676953 0.331352 0.553842
0.673736 0.338197 0.559791
0.489295 0.457201 0.472433
0.375407 0.461997 0.561773
0.557471 0.458804 0.472838
0.57735 0.411686 0.328407
0.621394 0.356489 0.623169
0.504092 0.331718 0.704704
0.584231 0.369153 0.317691
0.677457 0.329593 0.427385
0.539073 0.360498 0.696702
0.338038 0.424875 0.587667
0.460964 0.357573 0.291431
0.622231 0.367196 0.343354
0.655745 0.355656 0.576431
0.296377 0.34403 0.512091
0.654214 0.37604 0.368899
0.40785 0.358132 0.670145
0.509349 0.325552 0.702152
0.449503 0.397025 0.303944
0.45381 0.323602 0.697792
0.67411 0.35607 0.565571
0.47071 0.323141 0.707892
0.703131 0.348427 0.445868
0.512252 0.348456 0.287227
0.480338 0.460951 0.504478
0.468035 0.456726 0.355632
0.526079 0.355136 0.285736
0.582249 0.363362 0.653503
0.354015 0.375219 0.615508
0.548469 0.328292 0.686912
0.365492 0.368257 0.627029
0.678535 0.358187 0.561468
0.30469 0.400635 0.517755
0.291332 0.354169 0.467083
0.589691 0.363182 0.329516
0.324126 0.36972 0.568368
0.510223 0.454924 0.610062
0.470958 0.457931 0.479154
0.569239 0.433464 0.345698
0.306924 0.388317 0.435064
0.580872 0.460978 0.449106
0.504409 0.3633 0.700127
0.451029 0.374272 0.297406
0.66711 0.425432 0.480825
0.610728 0.367523 0.632642
0.665128 0.427048 0.458736
0.518501 0.46032 0.543962
0.459531 0.414379 0.314868
0.51062 0.451399 0.618118
0.70486 0.330698 0.460977
0.573297 0.385771 0.31781
0.463446 0.433331 0.326462
0.697432 0.340022 0.517229
0.512943 0.367297 0.289777
0.56823 0.410938 0.652689
0.451843 0.36296 0.300421
0.698246 0.375787 0.443451
0.470113 0.465916 0.392744
0.579882 0.406027 0.650633
0.2919 0.380164 0.484585
0.334295 0.440997 0.446632
0.61454 0.370381 0.346418
0.437345 0.468109 0.438663
0.379446 0.45573 0.392269
0.671411 0.366711 0.388159
0.530853 0.460123 0.555639
0.570122 0.421887 0.334072
0.453709 0.467854 0.410315
0.374894 0.380055 0.644759
0.365859 0.457773 0.415169
0.298368 0.367525 0.504636
0.477595 0.453482 0.472182
0.506261 0.336499 0.693258
0.464292 0.457639 0.480534
0.457683 0.462128 0.38615
0.68638 0.403661 0.45965
0.688218 0.331467 0.523297
0.619378 0.437062 0.571241
0.559488 0.35922 0.672587
0.545241 0.458926 0.413845
0.570296 0.461374 0.419951
0.468105 0.457109 0.464675
0.573872 0.368311 0.318757
0.617996 0.434287 0.583296
0.39505 0.394303 0.659583
0.316627 0.394114 0.421626
0.658854 0.36779 0.568918
0.685389 0.34084 0.434195
0.679897 0.391306 0.540484
0.692978 0.337941 0.516868
0.651107 0.369592 0.571162
0.567534 0.406785 0.326313
0.459652 0.387284 0.302153
0.518528 0.358512 0.293239
0.386256 0.42516 0.344867
0.547335 0.456245 0.546388
0.645599 0.424774 0.554045
0.667779 0.363813 0.561846
0.393608 0.379913 0.648922
0.564313 0.459953 0.433
0.4296 0.384034 0.679041
0.572554 0.460642 0.412374
0.456886 0.327174 0.688553
0.684271 0.331095 0.51387
0.364107 0.403393 0.628104
0.588946 0.385452 0.331118
0.592969 0.3796 0.643692
0.521602 0.456473 0.431701
0.528829 0.451862 0.603794
0.442396 0.462238 0.478264
0.501596 0.459823 0.426884
0.675288 0.365098 0.549631
0.671964 0.416472 0.455431
0.478814 0.460567 0.435837
0.691766 0.36004 0.522437
0.36678 0.394261 0.629351
0.29988 0.370139 0.475883
0.329677 0.42953 0.465167
0.467244 0.45751 0.523343
0.696507 0.384893 0.480676
0.434259 0.463471 0.407432
0.527145 0.436998 0.634309
0.56797 0.401574 0.656121
0.567733 0.453026 0.537072
0.50487 0.367353 0.692556
0.337272 0.41189 0.389992
0.605736 0.388196 0.351205
0.637192 0.436928 0.5202
0.694283 0.344502 0.452724
0.320544 0.415829 0.466752
0.565614 0.421767 0.336683
0.628474 0.385481 0.381812
0.484734 0.459797 0.563145
0.412467 0.378583 0.654013
0.509749 0.352493 0.691396
0.692129 0.352184 0.51915
0.483132 0.39916 0.683291
0.299473 0.382333 0.473725
0.451121 0.43962 0.340392
0.701357 0.363927 0.479749
0.328087 0.422801 0.475004
0.608796 0.419253 0.3573
0.43023 0.462491 0.413818
0.536446 0.45229 0.436302
0.317949 0.407767 0.529935
0.411383 0.464785 0.475188
0.633333 0.392218 0.594101
0.459097 0.457895 0.526029
0.661709 0.419806 0.500958
0.322724 0.389456 0.430951
0.580603 0.408247 0.638627
0.340306 0.4349 0.413579
0.633236 0.385425 0.374802
0.455049 0.345593 0.682646
0.630397 0.441039 0.456596
0.685767 0.389402 0.503297
0.628506 0.39058 0.580179
0.514963 0.457622 0.412796
0.474656 0.448085 0.476983
0.331221 0.431826 0.521083
0.384196 0.4634 0.492959
0.324558 0.413195 0.452811
0.357477 0.451756 0.542492
0.596354 0.435708 0.596888
0.610999 0.388176 0.624603
0.372416 0.41922 0.627299
0.505163 0.457476 0.581519
0.517896 0.447812 0.481321
0.381505 0.46082 0.474205
0.538132 0.406998 0.664165
0.407596 0.447835 0.369637
0.448332 0.374309 0.683988
0.443977 0.394971 0.316831
0.617718 0.392532 0.37035
0.694587 0.351493 0.483462
0.472252 0.368168 0.305753
0.339164 0.429242 0.460711
0.450489 0.357312 0.674087
0.330189 0.407218 0.550211
0.593288 0.455219 0.415647
0.343834 0.434509 0.457838
0.369276 0.454519 0.474817
0.372296 0.414526 0.601116
0.500697 0.369794 0.684431
0.544967 0.45327 0.413288
0.558976 0.406273 0.6497
0.690158 0.360012 0.490818
0.544139 0.408591 0.656103
0.433538 0.427928 0.338861
0.403688 0.394585 0.64101
0.47231 0.382799 0.684948
0.681974 0.361797 0.445311
0.324749 0.405918 0.454053
0.34634 0.409119 0.567213
0.343272 0.433553 0.468958
0.595759 0.393571 0.630408
0.664943 0.373998 0.549339
0.428722 0.38845 0.666742
0.363283 0.422626 0.607917
0.639075 0.421566 0.384946
0.488107 0.444344 0.353187
0.584463 0.425067 0.351867
0.671709 0.353803 0.539205
0.625856 0.396945 0.590488
0.692629 0.363002 0.47457
0.597632 0.397918 0.352995
0.548774 0.398243 0.322841
0.527591 0.401258 0.317324
0.490144 0.370085 0.312579
0.459171 0.40818 0.323201
0.680283 0.359043 0.533582
0.426859 0.390821 0.66535
0.409194 0.396071 0.638556
0.459462 0.396321 0.323625
0.503613 0.371789 0.31668
0.627016 0.441972 0.435287
0.575693 0.45355 0.432583
0.351368 0.44024 0.484065
0.488679 0.444849 0.497394
0.667103 0.365893 0.540465
0.547026 0.44606 0.497822
0.436375 0.458947 0.592527
0.621982 0.43292 0.546316
0.56292 0.420256 0.344233
0.388259 0.427972 0.627704
0.424877 0.460508 0.49607
0.628007 0.430074 0.544362
0.684887 0.358398 0.472998
0.561625 0.383582 0.649607
0.68336 0.356082 0.463732
0.581914 0.398981 0.352437
0.470868 0.352097 0.683458
0.55982 0.445876 0.471872
0.455665 0.404567 0.326982
0.482834 0.445452 0.501756
0.646522 0.42934 0.445588
0.464903 0.433089 0.644235
0.620771 0.43711 0.507442
0.636117 0.42356 0.388169
0.503265 0.452996 0.421553
0.578832 0.454777 0.418688
0.4429 0.41421 0.658699
0.465248 0.444686 0.474967
0.677027 0.353036 0.474624
0.43173 0.458488 0.432418
0.379399 0.451995 0.58047
0.506702 0.355516 0.677473
0.601124 0.445195 0.473031
0.346984 0.434064 0.53046
0.465301 0.446111 0.512036
0.361887 0.443584 0.425317
0.642778 0.401506 0.403727
0.545978 0.380106 0.658295
0.355939 0.438811 0.488568
0.653762 0.417374 0.483072
0.44367 0.439321 0.630135
0.390754 0.460453 0.524888
0.484912 0.435992 0.350804
0.480961 0.450311 0.559788
0.545721 0.447138 0.541295
0.338174 0.411337 0.500227
0.536363 0.445279 0.513127
0.469453 0.36129 0.680533
0.351084 0.435187 0.543414
0.546469 0.445009 0.510883
0.332349 0.401157 0.451196
0.631543 0.394411 0.560561
0.562584 0.444786 0.49756
0.541986 0.442062 0.486837
0.492504 0.406434 0.663646
0.534256 0.44496 0.510443
0.618234 0.401221 0.572626
0.544037 0.411307 0.336239
0.670814 0.400958 0.482131
0.330558 0.404031 0.46752
0.384037 0.451105 0.4538
0.503231 0.439436 0.481396
0.658947 0.401936 0.533087
0.61964 0.429395 0.554413
0.58476 0.44554 0.469144
0.670837 0.346571 0.523259
0.403322 0.461944 0.519671
0.459041 0.403172 0.666243
0.510288 0.39632 0.324026
0.361767 0.438563 0.427247
0.459753 0.447739 0.541365
0.552784 0.444258 0.534301
0.643401 0.390233 0.425058
0.432021 0.410429 0.648118
0.350755 0.424909 0.499474
0.447437 0.416216 0.348454
0.621297 0.430254 0.510355
0.429094 0.440319 0.624155
0.384083 0.417752 0.399946
0.44017 0.42246 0.644464
0.530203 0.370231 0.665858
0.661499 0.381023 0.436659
0.556572 0.399388 0.34508
0.573611 0.434033 0.594235
0.378771 0.444347 0.582694
0.447051 0.439824 0.364997
0.632056 0.381702 0.549708
0.552523 0.439324 0.474206
0.374955 0.447975 0.496918
0.461947 0.438305 0.358641
0.499108 0.383751 0.336359
0.646581 0.411331 0.413633
0.617632 0.407615 0.397711
0.525123 0.443533 0.594232
0.596666 0.418104 0.600027
0.632149 0.404819 0.555492
0.585654 0.435106 0.582814
0.431434 0.453118 0.437026
0.43647 0.449604 0.496084
0.497406 0.355114 0.663687
0.355811 0.433688 0.539656
0.572977 0.406122 0.622261
0.358745 0.435759 0.425805
0.640384 0.406264 0.408285
0.347721 0.409424 0.528397
0.365549 0.436315 0.515674
0.669696 0.37466 0.460496
0.65776 0.372541 0.532845
0.405928 0.420978 0.382239
0.605876 0.432056 0.539498
0.356168 0.422923 0.502102
0.667592 0.376053 0.503449
0.488976 0.427335 0.354995
0.341994 0.408933 0.472974
0.370841 0.431191 0.571243
0.546423 0.441041 0.417862
0.370746 0.430414 0.40936
0.469399 0.439906 0.528722
0.464095 0.440914 0.526685
0.340637 0.395526 0.482732
0.407918 0.447144 0.480411
0.544709 0.383489 0.644752
0.506819 0.422524 0.634509
0.550359 0.409462 0.630313
0.455888 0.423606 0.641579
0.435083 0.452017 0.558591
0.541265 0.434343 0.452579
0.4917 0.444396 0.578437
0.33937 0.3995 0.468959
0.396616 0.445512 0.475429
0.472852 0.408529 0.657678
0.515367 0.431659 0.463812
0.526177 0.416827 0.636199
0.371443 0.438117 0.468161
0.393604 0.413657 0.608449
0.375308 0.445714 0.538879
0.655268 0.356141 0.532192
0.368095 0.438838 0.512827
0.561343 0.439712 0.557705
0.475379 0.406831 0.341441
0.48876 0.359224 0.66535
0.372371 0.434249 0.51046
0.404086 0.449926 0.573292
0.645796 0.40804 0.475664
0.555339 0.435454 0.493821
0.615556 0.425009 0.499026
0.358044 0.413608 0.505101
0.658892 0.354354 0.515272
0.505236 0.437009 0.433795
0.643599 0.36352 0.535407
0.483849 0.414097 0.353282
0.564429 0.423127 0.374102
0.653504 0.399232 0.480758
0.362387 0.41988 0.519373
0.430191 0.447317 0.525786
0.620325 0.423943 0.402983
0.616194 0.431645 0.44704
0.418778 0.451186 0.547155
0.622014 0.421615 0.49646
0.352076 0.415158 0.473916
0.38041 0.43748 0.490859
0.391056 0.444079 0.579837
0.38667 0.4454 0.54514
0.637115 0.389168 0.539917
0.506956 0.397732 0.349713
0.650833 0.342884 0.510199
0.559666 0.435526 0.492847
0.441938 0.39438 0.644923
0.569716 0.408582 0.378077
0.499789 0.401002 0.651209
0.565238 0.436579 0.502099
0.463595 0.440329 0.555343
0.389997 0.433446 0.598311
0.407966 0.448628 0.512112
0.634843 0.4212 0.426576
0.647605 0.39645 0.521793
0.584793 0.416911 0.590123
0.391797 0.434165 0.410374
0.418018 0.435792 0.61047
0.443944 0.440805 0.593611
0.567955 0.432246 0.494625
0.445521 0.435474 0.50807
0.363301 0.397288 0.505495
0.476188 0.43015 0.372741
0.626706 0.401793 0.425905
0.596828 0.391996 0.560627
0.417316 0.388372 0.593019
0.517853 0.427968 0.443434
0.619335 0.408455 0.542863
0.651069 0.363446 0.462691
0.48569 0.42104 0.366497
0.44634 0.383745 0.634701
0.624293 0.417125 0.470449
0.652834 0.377695 0.45384
0.560689 0.417489 0.378946
0.552807 0.386329 0.619549
0.566007 0.431263 0.48682
0.654098 0.387282 0.486489
0.430213 0.42316 0.625685
0.426216 0.437207 0.489456
0.517209 0.431116 0.383031
0.624924 0.405249 0.423392
0.539084 0.386981 0.635179
0.362276 0.415757 0.480599
0.460925 0.428147 0.494685
0.442107 0.443165 0.579764
0.375745 0.430333 0.46475
0.401139 0.416429 0.605251
0.497721 0.411897 0.362039
0.386102 0.420253 0.582863
0.548515 0.412311 0.613512
0.492189 0.36258 0.654853
0.460434 0.429527 0.501496
0.402265 0.432945 0.59482
0.441767 0.436948 0.449525
0.569804 0.391405 0.582731
0.655258 0.379121 0.467745
0.460542 0.428129 0.382831
0.369523 0.38937 0.50545
0.567578 0.424127 0.393369
0.452092 0.438434 0.402529
0.512438 0.399116 0.368548
0.383465 0.424516 0.488418
0.424381 0.439357 0.44872
0.610987 0.427396 0.434914
0.564268 0.390438 0.593233
0.560978 0.41762 0.388218
0.617817 0.423304 0.436326
0.640133 0.349513 0.525184
0.56295 0.419382 0.586963
0.562707 0.403179 0.390075
0.617723 0.402223 0.53962
0.597863 0.390326 0.426403
0.630465 0.404737 0.489541
0.471807 0.428521 0.548794
0.477991 0.419973 0.4986
0.559266 0.427298 0.564928
0.402292 0.435605 0.504725
0.570701 0.424491 0.568538
0.452462 0.431544 0.531924
0.372586 0.41311 0.505319
0.397694 0.41366 0.588053
0.554897 0.429545 0.401756
0.497325 0.433602 0.40887
0.435837 0.431158 0.391123
0.581239 0.429338 0.401209
0.598739 0.423374 0.527393
0.446879 0.41658 0.628087
0.417129 0.428223 0.395496
0.387865 0.419313 0.491849
0.439955 0.425906 0.478015
0.469801 0.424162 0.458139
0.651983 0.358677 0.477678
0.584728 0.411719 0.40843
0.637868 0.34607 0.509712
0.402524 0.433568 0.559693
0.534295 0.361438 0.620073
0.528813 0.42349 0.408159
0.592715 0.4231 0.455176
0.375938 0.404262 0.499547
0.62705 0.394917 0.506412
0.580774 0.424828 0.526869
0.636766 0.374797 0.519149
0.434608 0.409465 0.384773
0.621064 0.362188 0.534415
0.493149 0.416998 0.499261
0.585579 0.421095 0.503014
0.532439 0.410494 0.457698
0.493901 0.405161 0.378508
0.501763 0.424238 0.395503
0.490196 0.412812 0.620723
0.553791 0.414364 0.392358
0.541405 0.39187 0.614912
0.424542 0.411645 0.391753
0.602109 0.425244 0.435095
0.445282 0.395847 0.38037
0.523059 0.377494 0.634295
0.617495 0.404631 0.526742
0.445112 0.367349 0.613192
0.408639 0.431376 0.507915
0.545652 0.414566 0.455908
0.53253 0.410591 0.471804
0.548806 0.417432 0.451484
0.604504 0.417889 0.419583
0.535952 0.429271 0.548136
0.392488 0.413781 0.490315
0.634043 0.357969 0.510292
0.453143 0.42415 0.563747
0.442176 0.413881 0.392076
0.469658 0.413174 0.511799
0.632311 0.347297 0.508942
0.415567 0.430383 0.432828
0.590012 0.414227 0.504833
0.419775 0.395351 0.590612
0.639394 0.354771 0.497371
0.421564 0.405021 0.600253
0.421087 0.431372 0.436243
0.394362 0.414526 0.551194
0.59916 0.417007 0.426952
0.4247 0.391675 0.596434
0.437083 0.42815 0.575679
0.547377 0.410299 0.586934
0.476076 0.409816 0.501205
0.58454 0.417272 0.513607
0.586948 0.390512 0.555739
0.490115 0.420069 0.584142
0.541448 0.385334 0.609163
0.484833 0.420862 0.559301
0.617558 0.352828 0.530136
0.400803 0.40114 0.440211
0.483055 0.394544 0.385319
0.395134 0.394516 0.556558
0.454873 0.390945 0.383259
0.502006 0.355584 0.632674
0.488799 0.414501 0.457647
0.450308 0.418272 0.507386
0.41281 0.423625 0.497735
0.54581 0.405641 0.470566
0.430306 0.428621 0.545796
0.42709 0.394878 0.602349
0.626748 0.381214 0.51666
0.447201 0.379371 0.399848
0.624836 0.359394 0.517928
0.539218 0.365098 0.603869
0.452089 0.411575 0.400952
0.634219 0.354415 0.491108
0.626086 0.364435 0.509957
0.525313 0.412572 0.576644
0.424822 0.415842 0.492391
0.415928 0.408289 0.424068
0.515834 0.400614 0.46253
0.591423 0.3789 0.436988
0.433076 0.420385 0.53242
0.384501 0.365081 0.487645
0.614647 0.328029 0.516646
0.489175 0.408278 0.60177
0.448166 0.411141 0.603743
0.483008 0.40342 0.501219
0.474705 0.37319 0.384589
0.487504 0.415981 0.431221
0.494946 0.362943 0.629042
0.409236 0.415303 0.491672
0.559768 0.40586 0.40557
0.599604 0.407303 0.460506
0.580992 0.368952 0.549981
0.618569 0.34458 0.523442
0.493255 0.403073 0.495747
0.618319 0.386052 0.455078
0.598162 0.402723 0.481853
0.462966 0.403164 0.615478
0.591077 0.397547 0.430352
0.393811 0.371519 0.538135
0.523204 0.418881 0.549902
0.489459 0.414593 0.573987
0.398167 0.411068 0.464367
0.551255 0.415528 0.419482
0.463055 0.421436 0.422829
0.403178 0.406944 0.534111
0.610783 0.37143 0.52673
0.434018 0.413802 0.465857
0.461507 0.407769 0.410847
0.493887 0.394202 0.475986
0.611309 0.382518 0.509003
0.391926 0.38213 0.475991
0.540871 0.406197 0.423884
0.396012 0.391216 0.471237
0.410616 0.412896 0.461778
0.592873 0.403148 0.457866
0.469465 0.362944 0.621648
0.590319 0.385914 0.439336
0.415208 0.414685 0.447949
0.594075 0.39991 0.510282
0.46181 0.377384 0.615561
0.421666 0.4045 0.426775
0.447377 0.40972 0.52898
0.42767 0.40683 0.586497
0.429825 0.331662 0.566401
0.582132 0.386616 0.432267
0.604418 0.397378 0.458853
0.442404 0.356438 0.591675
0.577891 0.366261 0.433081
0.619146 0.367323 0.46771
0.493727 0.379005 0.61736
0.552804 0.412254 0.536564
0.463205 0.395476 0.610655
0.402275 0.39811 0.542274
0.477668 0.373883 0.623721
0.528223 0.366808 0.38903
0.427322 0.347555 0.566071
0.472262 0.329885 0.61877
0.573341 0.345649 0.549239
0.449528 0.406212 0.509216
0.590563 0.40333 0.531599
0.416583 0.405379 0.45736
0.590078 0.379351 0.537535
0.549057 0.402518 0.5155
0.47129 0.40015 0.419133
0.392434 0.348873 0.471973
0.587258 0.395222 0.509499
0.496219 0.373307 0.610576
0.441865 0.378184 0.413582
0.397934 0.373196 0.49788
0.557716 0.398931 0.421901
0.53048 0.390321 0.489194
0.462696 0.400317 0.464211
0.562868 0.395019 0.557771
0.458058 0.40224 0.573387
0.409505 0.395469 0.501095
0.471491 0.320138 0.612715
0.560272 0.403739 0.53855
0.452771 0.402302 0.417438
0.614471 0.369848 0.485441
0.499645 0.316988 0.61375
0.523663 0.399176 0.569771
0.613075 0.368121 0.491856
0.486137 0.399249 0.536327
0.597481 0.364075 0.457146
0.565719 0.387259 0.560161
0.494929 0.394396 0.454568
0.507243 0.39474 0.412121
0.596693 0.389607 0.456224
0.611438 0.355388 0.503589
0.59132 0.3955 0.521871
0.48631 0.393808 0.463247
0.482741 0.400166 0.426854
0.407211 0.3946 0.46991
0.606469 0.375322 0.506426
0.590618 0.387317 0.535595
0.456705 0.400365 0.468339
0.423204 0.396379 0.454664
0.497972 0.29904 0.607488
0.512941 0.321743 0.609895
0.518626 0.36687 0.602757
0.502146 0.390826 0.564618
0.576258 0.390625 0.511525
0.497391 0.375533 0.480568
0.416445 0.392335 0.532869
0.498529 0.385183 0.415666
0.605076 0.342541 0.474272
0.519937 0.359374 0.605486
0.525677 0.35277 0.60455
0.437106 0.382116 0.579225
0.446064 0.397912 0.457618
0.40175 0.364314 0.474627
0.501716 0.337048 0.611038
0.419213 0.365705 0.433084
0.54021 0.313131 0.581967
0.398033 0.344941 0.519178
0.585235 0.337646 0.534008
0.507573 0.381068 0.462436
0.411307 0.386829 0.52296
0.432558 0.396914 0.439187
0.455467 0.367637 0.408612
0.530497 0.35404 0.599044
0.431191 0.391021 0.431756
0.48849 0.335127 0.613772
0.483937 0.377533 0.478202
0.509633 0.38863 0.577979
0.453259 0.315486 0.588667
0.504732 0.384111 0.453125
0.602251 0.317033 0.468716
0.420818 0.395226 0.466431
0.488793 0.376697 0.60181
0.409798 0.383891 0.519867
0.503346 0.385091 0.450274
0.416075 0.374431 0.509635
0.41469 0.360648 0.535952
0.58012 0.324286 0.440443
0.542676 0.382465 0.557406
0.398839 0.320798 0.501054
0.56965 0.382164 0.513282
0.452569 0.35929 0.587184
0.567865 0.37351 0.4429
0.472096 0.382903 0.563125
0.576572 0.292591 0.430403
0.391035 0.322918 0.477915
0.439831 0.385885 0.434287
0.51023 0.376058 0.422408
0.586914 0.3581 0.528946
0.481277 0.318678 0.610016
0.531933 0.381698 0.514825
0.491638 0.350906 0.6028
0.485087 0.306922 0.609552
0.432136 0.368267 0.425601
0.432866 0.372399 0.426805
0.500052 0.367546 0.595466
0.467002 0.312745 0.600478
0.549505 0.386397 0.530328
0.453138 0.377436 0.476775
0.477066 0.382411 0.536113
0.517877 0.345282 0.399538
0.402715 0.342963 0.500068
0.458147 0.370922 0.486401
0.489991 0.359619 0.600367
0.597928 0.343169 0.487723
0.465609 0.331027 0.599235
0.586865 0.368525 0.466297
0.496036 0.325935 0.606891
0.599908 0.314879 0.468918
0.509802 0.374394 0.504492
0.595767 0.322154 0.505645
0.419259 0.35976 0.496319
0.526424 0.368458 0.509158
0.55381 0.369346 0.50116
0.584047 0.355697 0.524342
0.405537 0.340535 0.468114
0.547406 0.374064 0.521698
0.474191 0.310075 0.602133
0.597391 0.301215 0.496084
0.425302 0.36543 0.496302
0.534819 0.374125 0.530268
0.455135 0.335123 0.408283
0.531325 0.373182 0.547142
0.590711 0.324299 0.463966
0.533835 0.371991 0.563766
0.395694 0.317303 0.482414
0.549019 0.367654 0.465933
0.504084 0.362966 0.462732
0.590929 0.333989 0.492236
0.558432 0.352218 0.430598
0.569013 0.364275 0.481363
0.461016 0.333153 0.40418
0.474746 0.364699 0.513211
0.515354 0.357066 0.591124
0.475328 0.370994 0.576072
0.566138 0.313853 0.545886
0.438863 0.366548 0.489965
0.508017 0.3688 0.518155
0.531174 0.366464 0.578115
0.432946 0.363239 0.555251
0.417851 0.362001 0.525502
0.517057 0.345507 0.595485
0.415454 0.353907 0.505707
0.522038 0.349259 0.593512
0.470105 0.353438 0.476137
0.508178 0.369791 0.563366
0.582039 0.359006 0.491843
0.441082 0.342214 0.421984
0.528213 0.361499 0.529537
0.453905 0.350395 0.573527
0.58196 0.322124 0.523004
0.511039 0.357558 0.444936
0.536064 0.362177 0.529328
0.546292 0.356666 0.497396
0.47539 0.332993 0.474737
0.431078 0.361207 0.527185
0.455644 0.358002 0.510372
0.402015 0.31381 0.457291
0.52483 0.32483 0.408666
0.540879 0.305931 0.57328
0.579376 0.344429 0.472278
0.474361 0.353263 0.457828
0.547648 0.353618 0.48267
0.467037 0.313596 0.591119
0.550708 0.31374 0.418913
0.509449 0.359587 0.546603
0.462455 0.339473 0.490054
0.584892 0.309215 0.520541
0.485102 0.360613 0.553678
0.597257 0.291908 0.494391
0.47872 0.313684 0.596398
0.585227 0.330292 0.489884
0.460207 0.352943 0.575604
0.48019 0.305267 0.3921
0.453574 0.362882 0.455364
0.586306 0.314967 0.513159
0.50805 0.345966 0.491226
0.474769 0.356445 0.422976
0.500761 0.354293 0.577173
0.494536 0.353722 0.424343
0.468241 0.281983 0.595792
0.446823 0.313832 0.411569
0.473686 0.306585 0.395424
0.44705 0.296541 0.411118
0.425037 0.335508 0.487653
0.600822 0.273758 0.469327
0.415066 0.307982 0.517958
0.512756 0.269152 0.588411
0.523486 0.348191 0.536885
0.573593 0.335553 0.502488
0.508929 0.347028 0.544037
0.608311 0.258188 0.482701
0.583173 0.297224 0.448489
0.459654 0.315712 0.580255
0.439453 0.351354 0.523848
0.459675 0.265595 0.589446
0.522255 0.341649 0.470051
0.414456 0.301543 0.52507
0.562366 0.336455 0.443175
0.464724 0.325425 0.475266
0.470793 0.342032 0.512458
0.46392 0.350589 0.541906
0.591387 0.263028 0.521952
0.512185 0.298256 0.586423
0.498134 0.34211 0.457134
0.57581 0.334206 0.517071
0.47669 0.318201 0.473952
0.49302 0.346274 0.553722
0.555574 0.344503 0.446434
0.552512 0.325587 0.427135
0.530594 0.348515 0.54028
0.523036 0.347995 0.521883
0.566194 0.345905 0.523984
0.539686 0.327781 0.421081
0.541859 0.318677 0.418754
0.523996 0.328887 0.417852
0.515519 0.300615 0.407979
0.426536 0.347049 0.456331
0.459485 0.315935 0.580099
0.450343 0.271851 0.57925
0.531966 0.33603 0.451597
0.545878 0.334017 0.535646
0.439082 0.334355 0.513864
0.532531 0.333477 0.545922
0.512548 0.334132 0.53764
0.589039 0.273495 0.508674
0.520773 0.278645 0.407696
0.555628 0.32724 0.439041
0.515735 0.330703 0.562778
0.479162 0.330419 0.516989
0.530362 0.335391 0.439648
0.500607 0.28052 0.406728
0.484631 0.302809 0.47737
0.530176 0.333932 0.435462
0.568795 0.267092 0.55186
0.49072 0.329225 0.559899
0.552995 0.299974 0.423658
0.41522 0.287076 0.523395
0.522112 0.282086 0.408538
0.472774 0.32187 0.417484
0.521964 0.323534 0.571712
0.534674 0.321248 0.564141
0.496619 0.328728 0.56242
0.417965 0.222421 0.583825
0.475125 0.325032 0.509674
0.46636 0.327867 0.422154
0.421334 0.305222 0.43468
0.457709 0.329548 0.506736
0.424862 0.258478 0.564253
0.452948 0.283549 0.409862
0.402339 0.293734 0.46938
0.558431 0.294036 0.425211
0.415065 0.291271 0.437007
0.422803 0.319516 0.492739
0.427898 0.309726 0.542191
0.428319 0.308898 0.507896
0.532918 0.317982 0.465203
0.457407 0.278641 0.41132
0.451456 0.323992 0.517941
0.452878 0.326189 0.530211
0.502591 0.319079 0.535571
0.477291 0.320562 0.428757
0.439097 0.293387 0.558624
0.566106 0.312346 0.470724
0.450034 0.326136 0.528959
0.452793 0.322863 0.550886
0.545548 0.318181 0.502301
0.490025 0.314798 0.55064
0.510038 0.276475 0.576574
0.423508 0.258794 0.414899
0.578149 0.218877 0.584796
0.41263 0.294599 0.48001
0.557957 0.316972 0.511128
0.540333 0.320141 0.461942
0.454419 0.292922 0.416931
0.42314 0.277312 0.544263
0.531537 0.257784 0.40765
0.412058 0.283598 0.493834
0.49195 0.268098 0.58173
0.595042 0.24872 0.501964
0.48173 0.251399 0.591487
0.428947 0.308139 0.512979
0.518042 0.31597 0.499914
0.402145 0.2794 0.478023
0.4994 0.318008 0.539962
0.584094 0.288592 0.467571
0.49468 0.316558 0.513952
0.530305 0.316616 0.467506
0.569489 0.288036 0.532251
0.5365 0.318027 0.544675
0.505656 0.308603 0.467086
0.433668 0.302647 0.438855
0.531789 0.29765 0.476591
0.529438 0.300289 0.468801
0.462429 0.308729 0.520622
0.555523 0.301452 0.508626
0.492675 0.302181 0.533659
0.55414 0.300319 0.529537
0.510483 0.304242 0.529206
0.565984 0.294635 0.494798
0.570553 0.289703 0.501288
0.415993 0.216139 0.584907
0.536258 0.270444 0.569422
0.465916 0.286936 0.491329
0.550697 0.299654 0.483777
0.485407 0.274687 0.573102
0.585484 0.239415 0.428635
0.548724 0.259379 0.415988
0.541317 0.304526 0.437879
0.486533 0.266283 0.577081
0.540659 0.286494 0.425312
0.553772 0.300039 0.490995
0.546249 0.306497 0.441566
0.483802 0.297718 0.424758
0.489365 0.264897 0.409504
0.577332 0.269966 0.442106
0.474178 0.280882 0.470649
0.590354 0.223581 0.421515
0.444927 0.252869 0.57755
0.574801 0.289723 0.461167
0.595931 0.242845 0.493292
0.51818 0.302475 0.50524
0.56021 0.27684 0.544751
0.50404 0.304594 0.519906
0.549247 0.299564 0.482283
0.471206 0.26278 0.407681
0.421138 0.243426 0.56593
0.439433 0.283466 0.546667
0.53324 0.284576 0.488536
0.434558 0.283278 0.526424
0.471109 0.289155 0.521554
0.465144 0.281744 0.503085
0.484077 0.28357 0.533158
0.444561 0.293886 0.458653
0.398885 0.230653 0.489646
0.560946 0.282763 0.524014
0.487079 0.268225 0.485758
0.573584 0.268136 0.443682
0.567216 0.284744 0.460295
0.453622 0.294837 0.436608
0.578572 0.210317 0.588714
0.545887 0.28969 0.528351
0.591949 0.234624 0.445419
0.494331 0.286032 0.524598
0.52947 0.288938 0.535143
0.418126 0.265409 0.492526
0.463484 0.282469 0.42545
0.49838 0.284914 0.431913
0.56264 0.285386 0.473534
0.532993 0.283809 0.550759
0.487947 0.290229 0.437575
0.564489 0.277365 0.526658
0.484559 0.281127 0.546318
0.566899 0.279932 0.495483
0.531434 0.285571 0.466877
0.525339 0.272781 0.424372
0.479959 0.281117 0.457325
0.473136 0.276728 0.566728
0.464059 0.264852 0.415497
0.476315 0.24767 0.583447
0.52048 0.259545 0.416536
0.588428 0.251792 0.471377
0.500299 0.273082 0.484016
0.421144 0.25929 0.477474
0.535023 0.271774 0.501973
0.515239 0.208155 0.59681
0.478032 0.268125 0.521442
0.578626 0.25224 0.489965
0.475998 0.270281 0.537
0.521717 0.260555 0.561391
0.48975 0.26551 0.459382
0.552333 0.246837 0.566029
0.408494 0.241898 0.469696
0.537143 0.270404 0.470521
0.574834 0.255066 0.511996
0.439031 0.243057 0.571501
0.411325 0.240926 0.493757
0.423698 0.256026 0.505193
0.59611 0.219053 0.460834
0.426189 0.267875 0.462986
0.525536 0.270613 0.455738
0.555969 0.247515 0.421234
0.563202 0.26556 0.439373
0.455789 0.261236 0.567314
0.571243 0.261617 0.498939
0.40619 0.236091 0.486277
0.480774 0.259845 0.466065
0.559279 0.274323 0.463632
0.486152 0.271854 0.43141
0.524259 0.213957 0.594829
0.453828 0.278221 0.543391
0.487692 0.208453 0.599136
0.570555 0.242259 0.425646
0.40743 0.225921 0.425436
0.534538 0.271223 0.46451
0.43734 0.276393 0.442234
0.495823 0.26783 0.536665
0.497343 0.268837 0.514173
0.400772 0.199518 0.398697
0.425446 0.250977 0.465995
0.440207 0.25532 0.473824
0.47296 0.240832 0.479054
0.501021 0.252327 0.507147
0.585397 0.229212 0.450625
0.466895 0.258668 0.542041
0.544807 0.235457 0.573936
0.514525 0.257689 0.523123
0.526736 0.260118 0.517663
0.540991 0.211491 0.593898
0.576881 0.209106 0.406199
0.474139 0.258716 0.433298
0.495994 0.212892 0.591609
0.579732 0.235071 0.499203
0.552481 0.217379 0.404305
0.412971 0.20639 0.399098
0.456711 0.261585 0.53698
0.432407 0.248843 0.552234
0.508065 0.233245 0.414486
0.49528 0.243543 0.485013
0.583772 0.210954 0.413106
0.599184 0.202122 0.419915
0.594741 0.208558 0.517986
0.495129 0.25105 0.549975
0.471112 0.248814 0.503333
0.599346 0.198023 0.499479
0.427483 0.22317 0.405055
0.525697 0.25676 0.436958
0.426854 0.216857 0.580657
0.415822 0.238467 0.463872
0.485911 0.221506 0.40298
0.594001 0.209781 0.511379
0.472732 0.251815 0.425268
0.574442 0.230821 0.551658
0.496074 0.242488 0.565802
0.575738 0.218171 0.571661
0.429984 0.206533 0.58664
0.441703 0.2384 0.487396
0.568501 0.233581 0.540818
0.510773 0.24252 0.511713
0.491224 0.23716 0.427418
0.456269 0.247307 0.547278
0.437059 0.238263 0.488704
0.400476 0.208324 0.49012
0.521836 0.235884 0.561351
0.474196 0.226821 0.575717
0.545444 0.246066 0.446085
0.47887 0.230953 0.497758
0.479417 0.236155 0.520776
0.400127 0.198357 0.407598
0.429092 0.223996 0.569958
0.413417 0.216035 0.419795
0.590255 0.208315 0.471024
0.411437 0.221643 0.467954
0.452188 0.245902 0.529534
0.399457 0.207094 0.492229
0.521664 0.242582 0.542163
0.396965 0.205024 0.452198
0.456182 0.244465 0.455681
0.493593 0.207689 0.590348
0.461451 0.23865 0.423905
0.387727 0.184279 0.594492
0.598351 0.19405 0.493571
0.433445 0.239149 0.515411
0.581151 0.215023 0.550878
0.509822 0.227229 0.419253
0.425169 0.237196 0.464015
0.475734 0.232016 0.570371
0.429947 0.235512 0.484713
0.553339 0.242962 0.486296
0.416963 0.22214 0.424314
0.47251 0.22847 0.480498
0.426148 0.221719 0.505012
0.442718 0.226992 0.502057
0.460968 0.210058 0.404294
0.520637 0.231598 0.517126
0.387498 0.185322 0.409687
0.442366 0.231831 0.55278
0.527703 0.192448 0.392961
0.496034 0.223837 0.455862
0.529871 0.192065 0.392207
0.599606 0.187937 0.552418
0.50664 0.215608 0.47866
0.487253 0.205513 0.585946
0.455986 0.223737 0.469901
0.434702 0.227357 0.516474
0.49547 0.226881 0.534336
0.412575 0.214725 0.437143
0.520407 0.184252 0.604528
0.395593 0.189052 0.587241
0.594305 0.201398 0.454466
0.512012 0.223723 0.497005
0.468161 0.21652 0.479544
0.402114 0.202286 0.485661
0.520337 0.195437 0.594777
0.490792 0.205287 0.405962
0.448544 0.232703 0.539372
0.393166 0.194182 0.465017
0.565634 0.193976 0.598343
0.542519 0.193807 0.392057
0.538962 0.232904 0.522279
0.388742 0.185442 0.588189
0.576278 0.21712 0.512939
0.557369 0.21505 0.416269
0.390928 0.196978 0.540217
0.524579 0.215015 0.416832
0.533753 0.222102 0.478322
0.579806 0.180269 0.610734
0.423582 0.20836 0.492614
0.558665 0.214742 0.465647
0.40852 0.199071 0.496716
0.552889 0.217618 0.504339
0.395826 0.192298 0.574781
0.426396 0.212527 0.559935
0.553792 0.199696 0.405497
0.522424 0.21933 0.526129
0.492332 0.215422 0.54902
0.527964 0.209311 0.470885
0.54976 0.20377 0.412351
0.596581 0.184384 0.488976
0.528181 0.207528 0.4783
0.608367 0.177596 0.524436
0.424538 0.213963 0.428058
0.429946 0.186569 0.5978
0.54242 0.210424 0.476842
0.502824 0.20343 0.478343
0.540442 0.216706 0.452714
0.449589 0.212865 0.569466
0.400602 0.196649 0.523536
0.43086 0.191762 0.388853
0.502861 0.202165 0.414156
0.504583 0.208968 0.49349
0.569575 0.180214 0.609108
0.513908 0.216851 0.537815
0.450408 0.188782 0.386964
0.415296 0.202496 0.486073
0.473997 0.209296 0.509559
0.445337 0.215939 0.420137
0.450805 0.213078 0.501692
0.39583 0.190514 0.467116
0.432809 0.21585 0.53144
0.390869 0.186733 0.427007
0.536717 0.220148 0.523339
0.549384 0.205743 0.579029
0.421343 0.196875 0.489163
0.478353 0.194711 0.502584
0.386359 0.180349 0.583739
0.390575 0.181938 0.447133
0.512313 0.202107 0.449562
0.419001 0.199156 0.564533
0.56141 0.206284 0.513967
0.53319 0.205489 0.44084
0.596806 0.178553 0.483621
0.568789 0.200634 0.503019
0.561398 0.202789 0.498047
0.458614 0.195531 0.409661
0.612883 0.169842 0.481315
0.604847 0.182241 0.415401
0.395694 0.1777 0.386978
0.489782 0.189686 0.586546
0.613089 0.17341 0.557998
0.421977 0.201971 0.454668
0.584122 0.189553 0.503125
0.534591 0.207661 0.529863
0.615895 0.178166 0.423659
0.494837 0.196694 0.420137
0.443306 0.20561 0.531393
0.567263 0.198262 0.468344
0.544883 0.186495 0.395075
0.437315 0.204105 0.508147
0.420741 0.200933 0.558727
0.54702 0.20577 0.508313
0.392684 0.187675 0.571354
0.507978 0.194655 0.483275
0.470827 0.195295 0.496574
0.520667 0.195542 0.480778
0.440353 0.205658 0.530541
0.524123 0.197179 0.484461
0.598316 0.177859 0.484258
0.61244 0.173532 0.579234
0.417428 0.181044 0.394216
0.47803 0.187689 0.522397
0.499495 0.189815 0.424118
0.399238 0.180654 0.449945
0.405342 0.184592 0.431764
0.400656 0.18433 0.57224
0.431068 0.192174 0.414047
0.402273 0.176168 0.390043
0.602169 0.175123 0.526181
0.480353 0.180864 0.479818
0.52314 0.19444 0.543887
0.465681 0.184627 0.488028
0.593113 0.180368 0.414119
0.402694 0.184929 0.537531
0.480942 0.181369 0.590187
0.491848 0.168178 0.614993
0.534622 0.186613 0.472944
0.404743 0.180499 0.583826
0.515921 0.184762 0.411557
0.431618 0.194142 0.541485
0.544661 0.18506 0.584468
0.502118 0.187867 0.458202
0.514457 0.189659 0.453971
0.56558 0.190566 0.497675
0.531163 0.195341 0.524574
0.435821 0.171322 0.609353
0.622023 0.171945 0.433508
0.441325 0.169816 0.612474
0.577809 0.188991 0.538736
0.379927 0.170425 0.434635
0.399544 0.185548 0.56603
0.381646 0.175721 0.540611
0.386868 0.171001 0.608209
0.496283 0.181475 0.404127
0.503265 0.193401 0.549114
0.48668 0.182256 0.473102
0.41554 0.180839 0.541578
0.47622 0.18126 0.5438
0.614653 0.164934 0.497066
0.407755 0.176988 0.452619
0.535821 0.179395 0.415421
0.381518 0.171371 0.580741
0.532197 0.184224 0.542987
0.511131 0.172884 0.592738
0.610218 0.168991 0.57643
0.383926 0.1686 0.4548
0.485733 0.170939 0.600275
0.475326 0.180057 0.57696
0.570235 0.17672 0.586222
0.437766 0.187062 0.425975
0.564868 0.185563 0.552688
0.492389 0.171972 0.390998
0.458313 0.168927 0.378513
0.390022 0.170415 0.475914
0.442223 0.184729 0.55129
0.556692 0.185894 0.550799
0.481098 0.175978 0.508305
0.512189 0.178821 0.498899
0.602814 0.164221 0.621787
0.564681 0.185621 0.534099
0.520895 0.182025 0.425918
0.43872 0.182612 0.46557
0.579368 0.180428 0.545904
0.571649 0.177488 0.467747
0.529576 0.181558 0.506272
0.490612 0.168242 0.380233
0.573812 0.173967 0.38799
0.48178 0.168686 0.60698
0.59678 0.176276 0.429964
0.465161 0.183905 0.558826
0.399653 0.166512 0.373699
0.6148 0.164963 0.619579
0.411553 0.171344 0.535982
0.544689 0.169356 0.396792
0.590342 0.170195 0.426708
0.547078 0.174216 0.5698
0.54406 0.164498 0.375088
0.369263 0.16197 0.587616
0.547633 0.174813 0.554587
0.528535 0.165904 0.382222
0.590102 0.169288 0.417456
0.468346 0.171532 0.531732
0.507481 0.173499 0.558759
0.40813 0.167644 0.394553
0.490241 0.166391 0.597424
0.409496 0.171298 0.425767
0.524941 0.169842 0.486601
0.369003 0.160016 0.619469
0.599904 0.167513 0.559978
0.449834 0.172842 0.414276
0.535571 0.173545 0.428141
0.519387 0.16988 0.464717
0.442131 0.174135 0.536628
0.402409 0.170993 0.573714
0.458796 0.165186 0.380431
0.450312 0.17149 0.463743
0.465775 0.170689 0.455318
0.507168 0.163964 0.378146
0.517121 0.173216 0.427072
0.36836 0.15973 0.523001
0.62842 0.157319 0.364178
0.390713 0.167745 0.537164
0.363607 0.157668 0.368525
0.514405 0.165975 0.38466
0.627121 0.161853 0.416688
0.513189 0.172092 0.443801
0.52795 0.1737 0.529742
0.468869 0.165647 0.601646
0.407932 0.163851 0.431801
0.546477 0.164119 0.413557
0.448583 0.163792 0.508968
0.563867 0.165021 0.578614
0.419909 0.156537 0.627978
0.629766 0.157699 0.595282
0.399167 0.162166 0.437734
0.377801 0.159656 0.602782
0.593869 0.160813 0.463485
0.634768 0.154116 0.507152
0.463155 0.157876 0.618839
0.416279 0.163254 0.487571
0.463618 0.163473 0.523233
0.447557 0.166185 0.565816
0.627099 0.157728 0.4438
0.368616 0.156542 0.368675
0.516716 0.162573 0.463316
0.435341 0.166345 0.559571
0.453596 0.163779 0.584199
0.397276 0.161206 0.471803
0.637277 0.154949 0.452719
0.406977 0.156741 0.628752
0.544544 0.165539 0.554058
0.443711 0.163867 0.501619
0.447712 0.159251 0.611196
0.511881 0.161789 0.485063
0.474989 0.1643 0.547227
0.512022 0.154049 0.636607
0.570704 0.160813 0.599307
0.510249 0.161631 0.483033
0.557282 0.164321 0.444758
0.62998 0.156906 0.44728
0.580765 0.162386 0.492893
0.477244 0.157697 0.619384
0.417436 0.159217 0.612881
0.596855 0.160083 0.48487
0.403335 0.1562 0.410261
0.416656 0.15221 0.641975
0.379969 0.153261 0.636816
0.608597 0.155598 0.562865
0.431696 0.158005 0.559918
0.618583 0.155113 0.603515
0.424915 0.157489 0.452277
0.411764 0.156937 0.42061
0.548835 0.155979 0.389843
0.546277 0.156237 0.398675
0.513291 0.156548 0.528618
0.554044 0.154102 0.363268
0.560266 0.157668 0.539354
0.387384 0.156152 0.579969
0.533446 0.157138 0.574072
0.394815 0.156532 0.578459
0.547118 0.156893 0.581201
0.572373 0.156928 0.425566
0.37902 0.155441 0.592849
0.583896 0.157279 0.55808
0.554027 0.156868 0.508604
0.443625 0.156546 0.506237
0.520753 0.154837 0.606484
0.46114 0.153512 0.625481
0.60948 0.155252 0.405957
0.388383 0.155911 0.586861
0.606166 0.155837 0.56591
0.629019 0.153168 0.482427
0.482718 0.156092 0.5872
0.576458 0.157746 0.548668
0.39271 0.155625 0.422682
0.424479 0.157041 0.522926
0.638304 0.152123 0.477915
0.591157 0.153661 0.358399
0.416033 0.156499 0.395525
0.571202 0.156413 0.450396
0.398753 0.15 0.588365
0.412981 0.15 0.370911
0.515249 0.15 0.437298
0.627752 0.15 0.571427
0.590901 0.15 0.544317
0.608507 0.15 0.6126
0.550479 0.15 0.616106
0.542184 0.15 0.36268
0.5521 0.15 0.439779
0.433004 0.15 0.362314
0.464023 0.15 0.590022
0.568598 0.15 0.463611
0.534988 0.15 0.455518
0.428143 0.15 0.443185
0.642502 0.15 0.531637
0.391932 0.15 0.611153
0.453403 0.15 0.476154
0.561548 0.15 0.58788
0.581187 0.15 0.47501
0.450272 0.15 0.570365
0.474232 0.15 0.414776
0.452954 0.15 0.560175
0.619613 0.15 0.509014
0.454721 0.15 0.374729
0.596632 0.15 0.575025
0.387941 0.15 0.413933
0.56456 0.15 0.408202
0.496846 0.15 0.603874
0.418896 0.15 0.550699
0.419051 0.15 0.489586
0.600633 0.15 0.501186
0.543585 0.15 0.598747
0.592723 0.15 0.562903
0.55448 0.15 0.548071
0.588319 0.15 0.476447
0.419665 0.15 0.614422
