3168 0.012625
0.369686 0.430367 0.377898
0.459509 0.384746 0.330667
0.481932 0.286279 0.341008
0.489874 0.291116 0.352271
0.494843 0.33624 0.348167
0.53024 0.399213 0.33012
0.332486 0.404963 0.45421
0.413589 0.386944 0.405921
0.444228 0.300572 0.33099
0.498839 0.23772 0.302492
0.540035 0.324567 0.349716
0.588588 0.424391 0.403695
0.318829 0.363378 0.475612
0.330794 0.277174 0.446212
0.341411 0.461399 0.330283
0.514306 0.506043 0.29587
0.685784 0.422595 0.358927
0.658973 0.266204 0.45664
0.335872 0.323329 0.481446
0.311205 0.258285 0.501298
0.331342 0.536065 0.50932
0.528317 0.559322 0.507361
0.723448 0.452584 0.518854
0.671362 0.200685 0.498034
0.339097 0.371536 0.492519
0.367935 0.342065 0.52971
0.371374 0.362706 0.667139
0.5022 0.422165 0.733312
0.642213 0.363664 0.646296
0.648184 0.248736 0.524013
0.358004 0.416283 0.557917
0.414322 0.44602 0.589478
0.464037 0.314129 0.643394
0.493961 0.227183 0.672704
0.531434 0.255976 0.655718
0.569165 0.400532 0.561382
0.39854 0.444247 0.400404
0.358469 0.422077 0.557279
0.320698 0.222788 0.498615
0.707877 0.475225 0.500992
0.426139 0.305941 0.662532
0.49871 0.302584 0.361977
0.365414 0.429819 0.53212
0.364709 0.431986 0.575494
0.665822 0.338618 0.491692
0.482001 0.242412 0.371528
0.592131 0.415981 0.591881
0.577605 0.355172 0.557464
0.507451 0.249769 0.702182
0.517541 0.552603 0.594214
0.731674 0.415639 0.433096
0.67202 0.356546 0.484558
0.3545 0.295988 0.496763
0.404937 0.434062 0.356049
0.509309 0.241656 0.653566
0.403232 0.453291 0.580202
0.422051 0.383745 0.56174
0.36266 0.349697 0.651587
0.352733 0.342543 0.494144
0.55908 0.370917 0.72518
0.399168 0.416657 0.621431
0.634867 0.315169 0.511295
0.597414 0.510166 0.630891
0.458855 0.287737 0.64717
0.612423 0.383818 0.537335
0.421668 0.564342 0.507951
0.488313 0.253509 0.647206
0.633409 0.336334 0.521328
0.682021 0.503554 0.457504
0.630934 0.395271 0.537171
0.50138 0.231118 0.663867
0.342494 0.382746 0.459077
0.372347 0.422573 0.52597
0.338236 0.26391 0.459778
0.590703 0.322931 0.570155
0.648317 0.28599 0.456533
0.395349 0.508672 0.33123
0.499214 0.293384 0.363077
0.477607 0.23269 0.675045
0.485083 0.293346 0.648961
0.664774 0.49027 0.579795
0.55167 0.558523 0.504929
0.511824 0.352744 0.648455
0.579314 0.328392 0.394214
0.458025 0.563258 0.433852
0.682779 0.224418 0.526335
0.343658 0.339872 0.625878
0.364789 0.347548 0.531329
0.634744 0.330178 0.464117
0.409751 0.423884 0.625905
0.610128 0.306968 0.577963
0.437864 0.548221 0.369307
0.409768 0.446624 0.571159
0.529379 0.560191 0.435815
0.395925 0.334512 0.55455
0.604387 0.321416 0.405146
0.394532 0.476698 0.303165
0.343632 0.334891 0.486657
0.604579 0.326443 0.550293
0.37636 0.446994 0.589936
0.510507 0.346368 0.656174
0.657879 0.249427 0.477561
0.613068 0.39817 0.434147
0.52578 0.239993 0.692076
0.443025 0.31868 0.630245
0.352716 0.329993 0.493216
0.437508 0.291487 0.663924
0.5762 0.39918 0.557097
0.350777 0.198776 0.472459
0.342462 0.192108 0.470032
0.46456 0.327121 0.342002
0.652354 0.232826 0.465458
0.646182 0.256435 0.470248
0.500949 0.251401 0.361333
0.663857 0.225884 0.464553
0.623915 0.335547 0.531235
0.561441 0.293147 0.670184
0.318563 0.203783 0.464731
0.504347 0.217179 0.316104
0.67773 0.258487 0.535023
0.452557 0.278892 0.33047
0.605031 0.443219 0.421658
0.692301 0.488765 0.518539
0.408201 0.36867 0.550888
0.511253 0.223548 0.674902
0.338464 0.188648 0.490048
0.446212 0.464794 0.271577
0.664603 0.298839 0.486796
0.650613 0.203903 0.490988
0.576513 0.494729 0.662055
0.540006 0.546223 0.373316
0.70848 0.292058 0.445191
0.467763 0.368561 0.647775
0.375898 0.438783 0.380518
0.57307 0.298004 0.335825
0.601313 0.357019 0.303439
0.484985 0.229037 0.670609
0.458091 0.251449 0.311629
0.575203 0.556847 0.509214
0.604255 0.443379 0.386504
0.459932 0.385007 0.340009
0.649105 0.233664 0.47059
0.595019 0.446821 0.37908
0.321178 0.499481 0.384726
0.399359 0.406687 0.620052
0.340878 0.181237 0.484071
0.725736 0.394531 0.418027
0.657371 0.264529 0.475877
0.481872 0.295296 0.267961
0.500147 0.221519 0.355046
0.455577 0.397422 0.645238
0.281976 0.416679 0.586086
0.50492 0.291844 0.640473
0.631043 0.307057 0.41474
0.367414 0.480869 0.323611
0.524275 0.383308 0.643403
0.43754 0.417147 0.602688
0.34715 0.275235 0.506589
0.672506 0.36062 0.481448
0.422559 0.436004 0.59457
0.261212 0.340216 0.507015
0.396025 0.443146 0.370741
0.40409 0.433488 0.611521
0.51897 0.562157 0.446635
0.530861 0.283247 0.319911
0.525867 0.240517 0.691666
0.533509 0.40861 0.343476
0.726009 0.328052 0.545361
0.257562 0.347665 0.498887
0.339506 0.297382 0.479855
0.486241 0.368784 0.740032
0.373961 0.328021 0.532722
0.371914 0.306696 0.576057
0.533049 0.388419 0.641786
0.424713 0.365465 0.584548
0.417179 0.377716 0.275604
0.670839 0.35755 0.47999
0.529969 0.376019 0.665166
0.568874 0.435305 0.277388
0.526116 0.384376 0.644401
0.33836 0.257827 0.51002
0.333247 0.214481 0.498641
0.377956 0.330621 0.531074
0.669248 0.340468 0.482332
0.338514 0.404183 0.452902
0.495554 0.206367 0.349035
0.722139 0.286726 0.485647
0.693579 0.285916 0.446453
0.514989 0.262206 0.334393
0.44386 0.293984 0.315864
0.313272 0.29073 0.513736
0.640448 0.310699 0.454229
0.332719 0.270715 0.513339
0.428943 0.345125 0.376769
0.439071 0.30523 0.321982
0.422504 0.420307 0.6345
0.616832 0.435143 0.432065
0.348389 0.298643 0.488652
0.679433 0.209789 0.499
0.343121 0.283467 0.482635
0.461936 0.342418 0.637787
0.506403 0.326518 0.654194
0.37886 0.338222 0.537137
0.624121 0.328585 0.627589
0.46412 0.341042 0.341038
0.364088 0.433552 0.561716
0.450649 0.284661 0.330115
0.511669 0.312871 0.342039
0.355869 0.264686 0.488982
0.421162 0.320549 0.616613
0.600581 0.447182 0.391755
0.680057 0.209173 0.509508
0.662764 0.222344 0.525288
0.650091 0.411123 0.645944
0.341711 0.311178 0.522864
0.258952 0.424363 0.511015
0.37806 0.350394 0.445721
0.342276 0.268706 0.510796
0.496902 0.26825 0.36171
0.333871 0.309259 0.476069
0.50325 0.205768 0.337476
0.488325 0.19554 0.339959
0.458001 0.389108 0.33598
0.398297 0.34018 0.409995
0.61215 0.377856 0.30165
0.618308 0.442912 0.413387
0.344299 0.383085 0.504534
0.641404 0.237527 0.509971
0.339862 0.318692 0.470782
0.420406 0.337594 0.700465
0.499375 0.323452 0.353854
0.467172 0.334411 0.337988
0.54826 0.28272 0.674721
0.638023 0.410983 0.456749
0.494806 0.200747 0.342654
0.59273 0.553138 0.51526
0.357574 0.252962 0.488876
0.533108 0.324876 0.343743
0.515242 0.528761 0.323529
0.531649 0.2619 0.652725
0.350353 0.3116 0.523893
0.346566 0.285683 0.468183
0.344972 0.31984 0.531876
0.277323 0.302822 0.510696
0.681157 0.222441 0.471413
0.688976 0.258513 0.523734
0.684586 0.390801 0.36152
0.425453 0.381058 0.568515
0.508887 0.272763 0.642502
0.505732 0.398267 0.252436
0.52115 0.31236 0.63841
0.510146 0.357626 0.348297
0.391222 0.4527 0.58226
0.454624 0.380804 0.34837
0.37663 0.339972 0.398732
0.408815 0.336009 0.395639
0.545518 0.315957 0.71602
0.486883 0.194281 0.337107
0.491445 0.248497 0.362837
0.544653 0.365798 0.257287
0.275113 0.337967 0.444906
0.337981 0.202045 0.495313
0.64682 0.320643 0.592884
0.522023 0.381039 0.346997
0.568742 0.426127 0.592482
0.622035 0.327296 0.622822
0.37126 0.352878 0.319901
0.403189 0.479629 0.301172
0.476563 0.500737 0.28696
0.382628 0.44961 0.39352
0.506006 0.304828 0.641602
0.533339 0.405539 0.349976
0.653772 0.278319 0.497786
0.539104 0.392143 0.610137
0.67658 0.493353 0.399348
0.673152 0.213646 0.475001
0.485095 0.257657 0.353423
0.41489 0.399256 0.401806
0.467633 0.244789 0.678364
0.649593 0.274288 0.496551
0.647948 0.495012 0.596925
0.27195 0.435961 0.431215
0.347802 0.288189 0.505481
0.621792 0.392055 0.533988
0.414487 0.335899 0.322733
0.515956 0.235799 0.321581
0.530552 0.267045 0.698207
0.571476 0.358668 0.715084
0.332966 0.184234 0.485776
0.418263 0.379483 0.396204
0.704906 0.342804 0.574404
0.402137 0.318745 0.376564
0.349708 0.30605 0.512926
0.477579 0.195359 0.328309
0.637552 0.25902 0.49512
0.622322 0.440538 0.417933
0.306542 0.369349 0.594968
0.730192 0.327734 0.448333
0.501938 0.231976 0.668744
0.680112 0.217247 0.478346
0.648318 0.255238 0.530078
0.617498 0.392945 0.437651
0.521436 0.316153 0.338219
0.431325 0.560548 0.418041
0.408474 0.415356 0.623784
0.647428 0.278229 0.500276
0.322259 0.530234 0.529892
0.475651 0.211926 0.345058
0.61232 0.317259 0.376978
0.577691 0.440864 0.397557
0.59624 0.445407 0.381685
0.669399 0.201315 0.511054
0.354064 0.510363 0.622952
0.323253 0.305219 0.521162
0.378832 0.335116 0.377998
0.498421 0.315218 0.65477
0.430292 0.561436 0.427649
0.58222 0.371477 0.403376
0.523138 0.367037 0.63443
0.47377 0.231377 0.345588
0.311657 0.283889 0.505087
0.46787 0.241979 0.687679
0.456082 0.39182 0.340924
0.344931 0.284527 0.46706
0.407209 0.422229 0.409398
0.320358 0.365999 0.614795
0.456645 0.304466 0.638568
0.487005 0.2421 0.359643
0.345703 0.291079 0.453561
0.476198 0.200867 0.323602
0.298085 0.42033 0.612149
0.453873 0.270473 0.321842
0.637861 0.313779 0.515983
0.554894 0.375648 0.575993
0.431947 0.384492 0.583125
0.542641 0.319914 0.611883
0.702331 0.332114 0.411314
0.381811 0.338827 0.429692
0.286748 0.38395 0.394728
0.562479 0.34121 0.719006
0.658178 0.289197 0.496767
0.343955 0.218868 0.49706
0.468277 0.536809 0.333494
0.662858 0.399118 0.633962
0.631597 0.367198 0.329297
0.381188 0.445041 0.566712
0.432625 0.427787 0.357446
0.355396 0.427234 0.4375
0.504746 0.315282 0.654012
0.250872 0.368902 0.469444
0.529397 0.558772 0.428837
0.47035 0.292986 0.338412
0.329006 0.304215 0.533247
0.4699 0.268649 0.331662
0.384742 0.328068 0.412723
0.380234 0.437326 0.425801
0.582811 0.395806 0.554656
0.522914 0.508217 0.673123
0.607709 0.421467 0.560093
0.556596 0.414264 0.589138
0.420971 0.436024 0.365261
0.685577 0.224621 0.480403
0.352574 0.29913 0.449786
0.502861 0.302381 0.652683
0.45677 0.383675 0.338931
0.460034 0.256967 0.320057
0.407257 0.426077 0.709418
0.507753 0.559773 0.504968
0.727994 0.311321 0.487972
0.521218 0.563582 0.474242
0.465472 0.562999 0.489606
0.274655 0.329049 0.454274
0.357214 0.229766 0.478889
0.652815 0.291627 0.471845
0.622899 0.390057 0.535334
0.724218 0.454435 0.473784
0.396513 0.41749 0.609454
0.500256 0.22113 0.348693
0.314517 0.288426 0.44326
0.471874 0.35589 0.654698
0.389089 0.558096 0.495476
0.297144 0.281682 0.450668
0.340368 0.34286 0.465556
0.334021 0.234876 0.501112
0.387667 0.336446 0.41763
0.581181 0.357588 0.556749
0.660913 0.284166 0.492306
0.691296 0.489785 0.515239
0.666272 0.203341 0.502354
0.533764 0.47474 0.276404
0.537545 0.282478 0.314427
0.31456 0.496795 0.390991
0.357735 0.416562 0.531842
0.640031 0.281646 0.514172
0.637799 0.417234 0.447908
0.580362 0.330185 0.574212
0.352996 0.32175 0.516347
0.682749 0.219124 0.50502
0.607262 0.519439 0.607858
0.507548 0.324582 0.657199
0.514219 0.346527 0.656609
0.433312 0.323912 0.342927
0.60482 0.399662 0.415186
0.654304 0.251716 0.47048
0.655877 0.31514 0.580899
0.330144 0.20633 0.466011
0.363721 0.331585 0.586287
0.421461 0.331322 0.609394
0.618547 0.437733 0.42399
0.388293 0.436624 0.550634
0.344913 0.359033 0.639179
0.722229 0.420427 0.560427
0.680157 0.266951 0.531929
0.546671 0.517392 0.654504
0.546827 0.402619 0.614076
0.539893 0.391619 0.631109
0.374329 0.382433 0.444792
0.293488 0.368223 0.577964
0.471103 0.311705 0.653852
0.35343 0.363798 0.50835
0.395395 0.440264 0.558662
0.609511 0.40338 0.421235
0.524592 0.372083 0.639271
0.427247 0.423774 0.608435
0.660602 0.513144 0.412642
0.62447 0.434062 0.428766
0.324324 0.525675 0.449977
0.666719 0.313587 0.574095
0.554433 0.424636 0.370665
0.672427 0.302874 0.440524
0.596328 0.549253 0.433697
0.312213 0.343403 0.407858
0.348492 0.299129 0.45027
0.67533 0.226419 0.524954
0.376313 0.432501 0.585273
0.513708 0.340518 0.662292
0.440992 0.404924 0.609116
0.418017 0.318533 0.369625
0.408011 0.335148 0.588852
0.464301 0.244261 0.311877
0.543803 0.319397 0.617334
0.628804 0.323606 0.37389
0.385262 0.444706 0.59155
0.453209 0.27897 0.325201
0.587409 0.371796 0.552531
0.310507 0.352392 0.391162
0.68596 0.492518 0.526801
0.670422 0.36388 0.613438
0.468418 0.300247 0.268565
0.487948 0.26193 0.291726
0.617051 0.530997 0.567783
0.485892 0.246875 0.346351
0.555653 0.346491 0.586472
0.412269 0.319776 0.618912
0.715374 0.444458 0.554177
0.374074 0.436098 0.563661
0.353625 0.221248 0.477477
0.659125 0.224136 0.518757
0.671706 0.50759 0.428705
0.683762 0.328888 0.398917
0.446978 0.339114 0.263463
0.487732 0.249005 0.654013
0.345846 0.372955 0.505507
0.402397 0.435299 0.599546
0.716789 0.375618 0.406496
0.495444 0.298689 0.345551
0.383817 0.349782 0.539752
0.521401 0.304074 0.642754
0.403346 0.423079 0.606484
0.570589 0.437095 0.37929
0.536139 0.316973 0.336655
0.58889 0.364297 0.553391
0.267895 0.348053 0.530096
0.416839 0.320518 0.376189
0.545984 0.28335 0.676634
0.57329 0.323251 0.386751
0.480557 0.328174 0.658715
0.636986 0.288425 0.534559
0.567092 0.339393 0.578511
0.284211 0.34711 0.561541
0.699679 0.273369 0.502496
0.569828 0.505337 0.317297
0.399946 0.324993 0.589439
0.541709 0.393301 0.612495
0.419401 0.327012 0.613204
0.505506 0.227524 0.325659
0.726862 0.363745 0.424568
0.720954 0.415515 0.563492
0.527104 0.327864 0.635115
0.519823 0.555572 0.528834
0.677701 0.21824 0.516456
0.284245 0.310252 0.452531
0.417896 0.312352 0.637564
0.655438 0.254815 0.493034
0.647329 0.212639 0.502728
0.495325 0.553702 0.385291
0.295243 0.285486 0.451208
0.642286 0.352302 0.524026
0.485063 0.224208 0.35274
0.53327 0.380904 0.625785
0.412572 0.386241 0.709711
0.534572 0.295031 0.640585
0.345218 0.265287 0.492368
0.57395 0.550325 0.553806
0.324245 0.263782 0.502786
0.607698 0.426315 0.410642
0.306289 0.2247 0.483524
0.600314 0.381932 0.54673
0.691272 0.253765 0.487864
0.404147 0.34276 0.399867
0.34498 0.232936 0.47293
0.454944 0.365154 0.339844
0.451919 0.280692 0.314097
0.47694 0.54831 0.617429
0.497874 0.265578 0.34663
0.450928 0.384704 0.629788
0.575609 0.306663 0.33832
0.531698 0.300252 0.638699
0.644166 0.482222 0.619044
0.545291 0.410199 0.35135
0.667782 0.298468 0.488042
0.523629 0.493838 0.685192
0.487208 0.311671 0.653735
0.30555 0.325635 0.563863
0.506385 0.552955 0.592037
0.524244 0.405853 0.735427
0.384007 0.341433 0.423533
0.297534 0.306726 0.546641
0.30312 0.365687 0.389546
0.591323 0.420585 0.571578
0.504481 0.33099 0.342139
0.358803 0.408844 0.541904
0.332668 0.32017 0.469212
0.47036 0.556375 0.584695
0.335838 0.29524 0.446548
0.408358 0.316095 0.369565
0.434595 0.411285 0.628683
0.579287 0.555753 0.504688
0.514488 0.230567 0.679657
0.378764 0.435871 0.422391
0.395249 0.442137 0.586406
0.484973 0.246843 0.670743
0.474114 0.55561 0.58907
0.343431 0.387455 0.520167
0.359249 0.36539 0.331843
0.401908 0.343743 0.401279
0.548066 0.328867 0.617488
0.674262 0.218562 0.507603
0.38385 0.346305 0.546729
0.516446 0.488449 0.282079
0.661229 0.264825 0.493323
0.542516 0.366197 0.371592
0.325552 0.273209 0.503799
0.392863 0.532309 0.364455
0.635229 0.360771 0.457666
0.648779 0.27332 0.508678
0.44296 0.302002 0.29307
0.341045 0.274066 0.500226
0.496638 0.556988 0.401091
0.462359 0.276993 0.661121
0.487127 0.208679 0.322572
0.509863 0.260457 0.331747
0.605187 0.316637 0.608134
0.441298 0.350823 0.618311
0.550366 0.413812 0.353846
0.496604 0.240599 0.676028
0.379496 0.496485 0.660559
0.580937 0.365057 0.558431
0.665172 0.255737 0.466574
0.458352 0.340463 0.334888
0.533849 0.375071 0.638646
0.383327 0.352408 0.436283
0.597719 0.489526 0.653247
0.395009 0.424834 0.598972
0.365287 0.415154 0.548607
0.477051 0.562249 0.426837
0.310914 0.235577 0.489015
0.490373 0.293207 0.653902
0.568534 0.406807 0.57529
0.363549 0.408823 0.530539
0.608031 0.379239 0.417163
0.39105 0.35959 0.42298
0.307914 0.262343 0.457106
0.319761 0.491059 0.374678
0.423874 0.416668 0.594824
0.381179 0.351191 0.433886
0.642329 0.297445 0.546769
0.691619 0.26794 0.498605
0.334063 0.305843 0.46849
0.496769 0.249235 0.666574
0.461679 0.299129 0.3302
0.642685 0.342396 0.525104
0.385142 0.437155 0.565939
0.338255 0.392649 0.451066
0.421259 0.407502 0.61304
0.570213 0.406806 0.573041
0.403404 0.373684 0.54891
0.611045 0.351316 0.320517
0.342584 0.197742 0.476721
0.457982 0.371607 0.650697
0.674853 0.234316 0.523935
0.528352 0.415112 0.255151
0.440715 0.365023 0.361674
0.438346 0.330016 0.279238
0.583355 0.312999 0.343966
0.547872 0.299342 0.648689
0.542606 0.362029 0.256734
0.541776 0.560287 0.459438
0.48309 0.259361 0.657631
0.652713 0.244706 0.497833
0.512471 0.255641 0.324859
0.554835 0.39977 0.603456
0.306035 0.237139 0.484511
0.383826 0.376866 0.43862
0.62778 0.36152 0.434095
0.374894 0.553443 0.502091
0.372376 0.465832 0.675943
0.384871 0.356711 0.429559
0.421376 0.416751 0.592586
0.470787 0.338971 0.656436
0.66855 0.474552 0.595746
0.291162 0.454367 0.386716
0.566806 0.414038 0.381421
0.413761 0.376157 0.396316
0.387965 0.387817 0.287552
0.507059 0.558731 0.420233
0.42734 0.410314 0.602218
0.364317 0.333367 0.590748
0.424307 0.337768 0.321437
0.50287 0.256031 0.335782
0.397119 0.34239 0.298724
0.381734 0.33856 0.662112
0.327818 0.267839 0.458728
0.67116 0.272455 0.481511
0.524266 0.338564 0.642842
0.508853 0.234516 0.687686
0.668603 0.333444 0.59695
0.41885 0.381396 0.390221
0.388154 0.436504 0.571306
0.334105 0.231163 0.474109
0.3982 0.557077 0.44476
0.619115 0.43027 0.41419
0.592375 0.330358 0.313915
0.32228 0.246434 0.495741
0.486941 0.255018 0.666221
0.510578 0.238091 0.691135
0.552528 0.366347 0.591089
0.416122 0.414361 0.602118
0.405222 0.397513 0.407386
0.339807 0.311449 0.542669
0.512145 0.558761 0.499603
0.538553 0.503843 0.300297
0.395238 0.398105 0.279468
0.380209 0.354804 0.433361
0.498182 0.257818 0.664992
0.50313 0.30463 0.333652
0.362634 0.336587 0.620252
0.448472 0.281234 0.675261
0.498578 0.240999 0.327349
0.32837 0.27731 0.501092
0.43988 0.394204 0.612496
0.700419 0.276646 0.466466
0.585859 0.364715 0.401549
0.490501 0.326086 0.661591
0.396737 0.354989 0.557359
0.51376 0.303553 0.654176
0.490667 0.230628 0.316544
0.58355 0.377564 0.282608
0.330634 0.215489 0.471976
0.400732 0.370601 0.411333
0.560684 0.398005 0.59393
0.728088 0.318158 0.460532
0.600197 0.431439 0.37977
0.461601 0.315125 0.326019
0.473197 0.273469 0.319774
0.718972 0.290486 0.461172
0.334756 0.327481 0.527979
0.497547 0.306849 0.660313
0.330774 0.256986 0.497139
0.687096 0.271427 0.52057
0.375914 0.3375 0.423901
0.613957 0.41884 0.678741
0.583159 0.310387 0.653951
0.65368 0.23466 0.500988
0.389781 0.398813 0.536913
0.431686 0.338079 0.347678
0.375857 0.386499 0.52752
0.558927 0.310563 0.358194
0.467204 0.283339 0.664028
0.375991 0.353556 0.436487
0.554911 0.377876 0.59165
0.392246 0.426608 0.411231
0.592968 0.360639 0.557714
0.507604 0.365331 0.250353
0.440535 0.39422 0.629992
0.580459 0.400484 0.585746
0.341637 0.333933 0.530177
0.315123 0.202303 0.476329
0.460576 0.561466 0.433367
0.598359 0.420649 0.289238
0.325627 0.247345 0.46747
0.553691 0.34172 0.602558
0.506782 0.254191 0.670121
0.590514 0.346401 0.566318
0.675763 0.332099 0.486458
0.461546 0.308961 0.649002
0.410519 0.399979 0.600566
0.555562 0.386766 0.605148
0.259485 0.396794 0.44712
0.466658 0.290797 0.659822
0.535839 0.322716 0.263396
0.515764 0.558395 0.499063
0.626311 0.335119 0.540992
0.390549 0.428519 0.566674
0.484322 0.255117 0.678754
0.532536 0.541079 0.620751
0.683281 0.243758 0.511625
0.709962 0.464428 0.535012
0.533952 0.521278 0.65448
0.624275 0.31621 0.387411
0.311455 0.27136 0.45749
0.397505 0.331181 0.366942
0.501989 0.263472 0.323203
0.575893 0.327512 0.387091
0.59321 0.352344 0.5627
0.349108 0.355009 0.450673
0.35107 0.544004 0.48813
0.492979 0.256809 0.677494
0.571115 0.419065 0.365687
0.400543 0.382378 0.409667
0.367797 0.3614 0.443935
0.322222 0.251439 0.467904
0.323341 0.258382 0.467421
0.435287 0.390525 0.607953
0.655533 0.324364 0.390506
0.623213 0.533527 0.410771
0.519558 0.309956 0.655148
0.734998 0.327996 0.466536
0.276451 0.48072 0.511631
0.469869 0.255999 0.684178
0.53014 0.338664 0.336334
0.46304 0.26773 0.30789
0.433077 0.508777 0.671852
0.604272 0.398001 0.40414
0.439019 0.371031 0.350326
0.403942 0.496208 0.317165
0.420202 0.482497 0.690016
0.397078 0.418109 0.571231
0.696531 0.406723 0.59206
0.524306 0.518028 0.661176
0.401518 0.357681 0.400054
0.584331 0.365746 0.562929
0.540688 0.294353 0.656411
0.532142 0.310513 0.268387
0.407929 0.416122 0.589054
0.398029 0.332119 0.58434
0.41651 0.394886 0.602606
0.351907 0.352657 0.354598
0.315214 0.249489 0.468797
0.595726 0.337173 0.400476
0.470235 0.287425 0.717219
0.333204 0.347607 0.457428
0.529219 0.350503 0.33374
0.646595 0.299915 0.526779
0.629387 0.397075 0.435566
0.527193 0.347629 0.330674
0.67902 0.28265 0.477842
0.352559 0.367001 0.524827
0.58029 0.420694 0.371714
0.434677 0.562027 0.487153
0.404318 0.393403 0.401572
0.64213 0.53171 0.48961
0.441591 0.550968 0.597739
0.518276 0.30373 0.662332
0.611684 0.412082 0.398853
0.589404 0.374481 0.560818
0.458927 0.298015 0.712418
0.43104 0.433964 0.270412
0.70953 0.373987 0.397501
0.650226 0.346295 0.453235
0.317711 0.30875 0.527517
0.415876 0.352369 0.70381
0.408459 0.322648 0.36121
0.563299 0.491922 0.302231
0.523721 0.559412 0.484012
0.672724 0.296828 0.491675
0.682092 0.273491 0.483347
0.441321 0.316551 0.318791
0.498731 0.278649 0.292319
0.464275 0.264328 0.687617
0.602678 0.331161 0.327052
0.720968 0.373048 0.416208
0.320592 0.312662 0.53164
0.289397 0.401353 0.379538
0.50653 0.475311 0.702725
0.612355 0.341773 0.413
0.652324 0.303618 0.524072
0.651505 0.360636 0.459208
0.309983 0.315533 0.552353
0.454223 0.557912 0.528863
0.679039 0.295927 0.481168
0.469008 0.297647 0.662621
0.722839 0.369363 0.562251
0.41892 0.397032 0.380729
0.628189 0.314383 0.581963
0.494198 0.288091 0.315363
0.491587 0.287701 0.664624
0.65978 0.495957 0.571905
0.357949 0.350193 0.44384
0.657225 0.507589 0.549874
0.632469 0.416401 0.659781
0.492445 0.269833 0.676078
0.271098 0.311324 0.476371
0.495565 0.560796 0.46221
0.403737 0.4028 0.590053
0.684923 0.278505 0.482912
0.380092 0.384354 0.43357
0.455067 0.298168 0.284494
0.326143 0.336174 0.522489
0.365444 0.375517 0.536755
0.308697 0.467159 0.364774
0.440532 0.381266 0.264228
0.581567 0.430272 0.697456
0.723382 0.359684 0.422353
0.378327 0.545573 0.415527
0.305414 0.515645 0.492908
0.287837 0.497546 0.507058
0.420385 0.375859 0.591548
0.294841 0.293237 0.514027
0.593258 0.327664 0.38853
0.404295 0.336372 0.344223
0.620248 0.395355 0.41156
0.298732 0.274085 0.480008
0.647048 0.36364 0.448516
0.312324 0.424586 0.627209
0.497803 0.258166 0.687068
0.59222 0.321431 0.364646
0.315573 0.317885 0.501068
0.644979 0.371112 0.447897
0.629536 0.48781 0.624973
0.400763 0.359507 0.56788
0.458854 0.294357 0.314848
0.285689 0.303322 0.45819
0.713239 0.365383 0.406747
0.347244 0.333393 0.561231
0.420055 0.381056 0.380232
0.431342 0.44888 0.710218
0.380559 0.358966 0.408034
0.668216 0.289995 0.534595
0.501769 0.303445 0.314454
0.617914 0.393512 0.412673
0.591172 0.360513 0.566271
0.630567 0.536318 0.447316
0.67262 0.29443 0.499655
0.568048 0.511459 0.64593
0.508058 0.317372 0.266352
0.660131 0.349344 0.463785
0.649111 0.528053 0.482624
0.327784 0.354423 0.520196
0.326505 0.351534 0.518813
0.526641 0.546688 0.377318
0.691487 0.475252 0.552224
0.351407 0.355833 0.638187
0.390931 0.388767 0.548705
0.407048 0.390094 0.569248
0.444539 0.304719 0.654696
0.568074 0.386538 0.273626
0.406487 0.407954 0.382721
0.546615 0.438594 0.271158
0.649817 0.357415 0.446623
0.623889 0.385607 0.419431
0.265114 0.376876 0.442848
0.561961 0.436282 0.707245
0.347387 0.349512 0.441283
0.353573 0.34056 0.624141
0.397659 0.39457 0.55966
0.557529 0.305648 0.297705
0.670606 0.29729 0.506976
0.47946 0.280322 0.299612
0.553356 0.358513 0.611929
0.59448 0.549602 0.453535
0.522332 0.324962 0.317741
0.492734 0.29538 0.275695
0.369284 0.550386 0.496109
0.609777 0.324027 0.397634
0.665553 0.512067 0.436334
0.557474 0.514295 0.6488
0.366813 0.395739 0.433013
0.410517 0.341469 0.341211
0.534604 0.556429 0.44962
0.373908 0.353341 0.405556
0.422814 0.34659 0.28444
0.679319 0.319135 0.461403
0.476198 0.279059 0.681209
0.675888 0.471113 0.372121
0.670299 0.294783 0.535885
0.557564 0.373195 0.377561
0.433958 0.375749 0.618715
0.677951 0.41643 0.615926
0.502225 0.285992 0.286377
0.269659 0.326234 0.48659
0.466291 0.308825 0.662145
0.304043 0.311281 0.513578
0.416261 0.381963 0.378854
0.36691 0.357383 0.430476
0.667095 0.315984 0.437407
0.424404 0.449439 0.70632
0.596998 0.381611 0.292884
0.510277 0.272381 0.686646
0.586376 0.327362 0.324488
0.407478 0.394703 0.583798
0.376336 0.358322 0.419913
0.503553 0.277494 0.692166
0.409316 0.38657 0.388333
0.571552 0.325038 0.618923
0.568681 0.357096 0.386254
0.432641 0.341451 0.330212
0.646065 0.504011 0.575028
0.361544 0.346631 0.56645
0.691094 0.296324 0.504166
0.510403 0.279586 0.692961
0.721904 0.428383 0.552175
0.667591 0.324244 0.445806
0.32558 0.335445 0.453086
0.328807 0.341748 0.591635
0.502914 0.279052 0.695127
0.340706 0.35027 0.53795
0.675218 0.277477 0.517697
0.588648 0.363384 0.29451
0.656061 0.302933 0.547285
0.478048 0.553674 0.55155
0.427611 0.337851 0.627233
0.642983 0.492848 0.360798
0.319505 0.310892 0.541315
0.453494 0.319122 0.644336
0.66197 0.287907 0.520177
0.390943 0.390717 0.40088
0.481833 0.55847 0.443716
0.57053 0.314231 0.663768
0.43615 0.311692 0.658306
0.392833 0.371469 0.566382
0.676928 0.309247 0.434666
0.657292 0.364108 0.622044
0.323841 0.34201 0.451613
0.420018 0.363689 0.353856
0.708889 0.299803 0.530411
0.578376 0.32204 0.623046
0.314127 0.320277 0.526874
0.487709 0.553314 0.519678
0.473115 0.299875 0.277661
0.451041 0.327175 0.277694
0.315864 0.318246 0.455694
0.31948 0.333636 0.563811
0.712445 0.463778 0.503732
0.360773 0.547223 0.529246
0.405672 0.390679 0.387976
0.492941 0.278745 0.690499
0.673248 0.340788 0.460205
0.316508 0.323401 0.456589
0.402159 0.357456 0.589287
0.484773 0.292624 0.289969
0.574302 0.373195 0.709882
0.412329 0.338204 0.627173
0.630155 0.444386 0.650242
0.473894 0.557489 0.408093
0.486114 0.552524 0.547908
0.575736 0.329352 0.614663
0.589117 0.385143 0.576955
0.44305 0.550115 0.596068
0.257373 0.360933 0.489976
0.390766 0.360361 0.568307
0.691346 0.317934 0.430709
0.360253 0.351516 0.569061
0.487499 0.55584 0.494181
0.394415 0.378839 0.393936
0.455409 0.290248 0.676352
0.574745 0.34335 0.703276
0.703923 0.332417 0.423149
0.336061 0.341413 0.386743
0.481022 0.322243 0.267547
0.371861 0.346888 0.370195
0.485975 0.556634 0.487833
0.524279 0.29882 0.30404
0.398845 0.386109 0.595785
0.384011 0.425474 0.291861
0.616609 0.505594 0.613383
0.544972 0.334937 0.645434
0.289122 0.300574 0.473345
0.688759 0.327527 0.421314
0.533606 0.308736 0.311554
0.626395 0.359976 0.414766
0.557446 0.303709 0.307772
0.273126 0.449834 0.54204
0.680589 0.32137 0.504432
0.467019 0.321619 0.666373
0.413273 0.366695 0.363051
0.481453 0.546714 0.61198
0.56269 0.321669 0.294854
0.31943 0.343948 0.434698
0.411405 0.351011 0.373755
0.353949 0.345421 0.367582
0.687894 0.317233 0.463559
0.51669 0.351356 0.254351
0.42799 0.373569 0.275191
0.410554 0.355386 0.609818
0.363997 0.388127 0.423541
0.569784 0.318166 0.339749
0.424062 0.326531 0.647138
0.319903 0.342846 0.571503
0.676416 0.357018 0.457509
0.68187 0.312481 0.513701
0.506327 0.302774 0.713142
0.676563 0.499404 0.510938
0.706463 0.446188 0.413012
0.338428 0.495427 0.365721
0.571442 0.552159 0.465012
0.384578 0.385589 0.586963
0.383215 0.393311 0.399121
0.652964 0.337337 0.593935
0.590144 0.547994 0.530952
0.627257 0.499011 0.355806
0.46711 0.545824 0.614946
0.478969 0.557366 0.452503
0.37979 0.367254 0.399684
0.658521 0.310071 0.544155
0.269099 0.375792 0.533189
0.609711 0.339887 0.336302
0.416275 0.556161 0.426718
0.632496 0.331952 0.568374
0.385063 0.401982 0.387758
0.386965 0.33834 0.35378
0.30281 0.502323 0.444341
0.603251 0.372951 0.574404
0.262835 0.430759 0.496582
0.561212 0.544398 0.404395
0.600745 0.54578 0.51248
0.638564 0.323666 0.401812
0.285774 0.330209 0.5399
0.609427 0.349041 0.401078
0.628354 0.538508 0.474405
0.455868 0.293394 0.687803
0.4437 0.401362 0.26412
0.679943 0.489953 0.408361
0.341753 0.340355 0.599248
0.322512 0.351829 0.402823
0.695259 0.343113 0.477625
0.46147 0.291426 0.685385
0.52657 0.308009 0.711793
0.287872 0.488481 0.449926
0.636307 0.518862 0.398289
0.56408 0.31721 0.649692
0.322148 0.35084 0.442865
0.363416 0.374679 0.417258
0.54735 0.316303 0.317992
0.528359 0.304736 0.680043
0.532113 0.302761 0.689161
0.51022 0.313207 0.290279
0.531124 0.369273 0.259453
0.712981 0.384845 0.404176
0.3245 0.34951 0.392602
0.57339 0.522557 0.352369
0.383625 0.37807 0.394165
0.459899 0.416669 0.731111
0.70449 0.305222 0.482645
0.608791 0.544854 0.464327
0.344592 0.344355 0.400568
0.533041 0.319907 0.716093
0.299937 0.500828 0.547845
0.690721 0.324968 0.498582
0.411347 0.349799 0.625858
0.467265 0.292274 0.703654
0.400722 0.369925 0.601908
0.542898 0.308136 0.309248
0.558409 0.545673 0.413024
0.607307 0.537233 0.413077
0.346588 0.342408 0.559097
0.3896 0.348031 0.369315
0.419182 0.335101 0.656852
0.40679 0.552321 0.565008
0.610857 0.501094 0.344706
0.38741 0.362488 0.597049
0.692881 0.338206 0.497421
0.663035 0.337362 0.387571
0.544781 0.31674 0.702367
0.738282 0.397482 0.453108
0.596961 0.531114 0.386259
0.260987 0.398801 0.454375
0.491593 0.332556 0.266724
0.309903 0.340629 0.448409
0.443925 0.311439 0.668914
0.484581 0.354724 0.256649
0.596942 0.431796 0.296893
0.512607 0.473936 0.699397
0.644447 0.413148 0.643749
0.381583 0.369024 0.384287
0.282442 0.381796 0.421708
0.44359 0.33103 0.647658
0.328509 0.33411 0.557465
0.297308 0.359954 0.42062
0.484491 0.555273 0.477526
0.428743 0.350587 0.284361
0.267528 0.407616 0.437569
0.702796 0.311596 0.491165
0.323248 0.404478 0.640094
0.596271 0.343814 0.378055
0.298282 0.43726 0.37565
0.318072 0.453562 0.354398
0.62197 0.523824 0.393071
0.488498 0.298849 0.691415
0.346829 0.365272 0.421458
0.448896 0.546924 0.604295
0.488449 0.317069 0.682121
0.284158 0.316228 0.475596
0.258442 0.392583 0.492343
0.59031 0.35655 0.592737
0.379217 0.354971 0.599845
0.258968 0.376601 0.488585
0.690173 0.335773 0.513485
0.407917 0.557424 0.495447
0.558777 0.321165 0.685095
0.382739 0.523365 0.367059
0.567397 0.539046 0.394141
0.515183 0.327856 0.688916
0.597886 0.369003 0.588784
0.289109 0.320158 0.497898
0.631681 0.34947 0.573549
0.369632 0.51793 0.371937
0.687846 0.458074 0.570266
0.458485 0.555592 0.457857
0.68605 0.337167 0.413471
0.490131 0.322176 0.684398
0.257563 0.411142 0.466693
0.686741 0.32983 0.521622
0.323728 0.364703 0.433072
0.590196 0.337904 0.63796
0.693613 0.336597 0.504329
0.3577 0.354064 0.594349
0.280281 0.468744 0.549227
0.385944 0.345423 0.348276
0.392647 0.348443 0.634817
0.700299 0.326703 0.552646
0.351023 0.452604 0.659719
0.33854 0.351818 0.589425
0.330499 0.410012 0.648868
0.378053 0.407432 0.689452
0.490442 0.326801 0.684612
0.382311 0.372138 0.593663
0.665605 0.334729 0.402476
0.661312 0.322728 0.565099
0.343369 0.362449 0.412179
0.49545 0.393748 0.259351
0.579747 0.544534 0.431442
0.373607 0.365337 0.369009
0.686028 0.331771 0.527401
0.614681 0.340375 0.652025
0.569798 0.328007 0.671157
0.687873 0.336345 0.420087
0.542259 0.545553 0.415993
0.299588 0.330502 0.511634
0.445154 0.43382 0.720362
0.329519 0.340936 0.559163
0.568415 0.485129 0.668146
0.263232 0.380679 0.503697
0.561478 0.329037 0.655678
0.399815 0.366038 0.299349
0.351184 0.365669 0.569603
0.631047 0.348201 0.606949
0.263364 0.40679 0.518621
0.575736 0.39413 0.282198
0.643035 0.345968 0.564807
0.532043 0.548338 0.51173
0.53146 0.547335 0.522933
0.736948 0.344661 0.505153
0.382672 0.389026 0.683888
0.527913 0.384509 0.733269
0.397177 0.366794 0.34006
0.658619 0.417104 0.338556
0.388978 0.356633 0.310988
0.656142 0.336118 0.424805
0.618467 0.362488 0.334472
0.306391 0.324127 0.537043
0.64728 0.337547 0.564144
0.666075 0.389541 0.355232
0.381789 0.549175 0.456712
0.547784 0.330294 0.673437
0.633996 0.350185 0.593645
0.279394 0.324645 0.491923
0.388178 0.370638 0.613417
0.309501 0.377105 0.586808
0.673863 0.329184 0.548762
0.377255 0.364822 0.324005
0.581018 0.335484 0.663935
0.44894 0.424014 0.266677
0.51838 0.548875 0.435775
0.472207 0.361029 0.258722
0.722727 0.329117 0.519582
0.360156 0.366346 0.598245
0.266886 0.403109 0.533242
0.668613 0.331291 0.551658
0.720973 0.414134 0.421822
0.381484 0.351306 0.64207
0.287335 0.39879 0.40146
0.282481 0.428692 0.571259
0.281177 0.404523 0.569897
0.430949 0.336702 0.675225
0.691541 0.328444 0.453092
0.37789 0.351149 0.345544
0.29919 0.328725 0.518522
0.522133 0.400096 0.262562
0.441507 0.330616 0.660256
0.717797 0.317281 0.475945
0.358764 0.367626 0.356511
0.598991 0.376407 0.682786
0.368751 0.546945 0.514034
0.676401 0.361915 0.587597
0.395386 0.554159 0.520178
0.725934 0.328827 0.492593
0.475435 0.548297 0.547656
0.521682 0.550346 0.481599
0.652506 0.437188 0.627658
0.531572 0.522432 0.327372
0.701457 0.475904 0.477789
0.598874 0.40334 0.684494
0.578089 0.547861 0.512391
0.274321 0.377607 0.44008
0.326282 0.362813 0.394004
0.715564 0.321818 0.460464
0.672677 0.333664 0.560632
0.474699 0.325093 0.713637
0.514651 0.548297 0.441882
0.620335 0.358739 0.35186
0.273726 0.428486 0.548718
0.550581 0.336023 0.680811
0.428793 0.369573 0.31035
0.644751 0.471728 0.618217
0.621826 0.422057 0.661504
0.283063 0.336176 0.513893
0.498308 0.543897 0.377038
0.609523 0.346133 0.645752
0.457419 0.325565 0.67825
0.260433 0.393271 0.464124
0.664852 0.355754 0.430828
0.443954 0.331021 0.668675
0.418867 0.372087 0.29133
0.501822 0.455207 0.271851
0.515784 0.48195 0.690402
0.287081 0.340929 0.498015
0.431623 0.454989 0.704092
0.643062 0.345915 0.405726
0.451729 0.553915 0.471407
0.349531 0.370756 0.59968
0.309895 0.337071 0.54166
0.62281 0.498043 0.611542
0.706633 0.334733 0.480181
0.646895 0.356914 0.586258
0.462846 0.41562 0.730125
0.286673 0.480204 0.550247
0.717638 0.37032 0.421097
0.532839 0.537242 0.611677
0.446228 0.4079 0.267402
0.388038 0.368033 0.636267
0.299579 0.368032 0.431137
0.427818 0.506495 0.667588
0.671111 0.341234 0.560458
0.665371 0.343663 0.566009
0.490756 0.549469 0.461118
0.317011 0.488191 0.593636
0.587664 0.544705 0.458648
0.595382 0.386728 0.300578
0.610657 0.361289 0.613248
0.504908 0.326599 0.708827
0.585553 0.347901 0.322758
0.660663 0.353704 0.425805
0.54921 0.3431 0.713192
0.304137 0.405998 0.609276
0.448159 0.357158 0.280303
0.608586 0.352099 0.357347
0.642261 0.367547 0.580989
0.292866 0.348496 0.519244
0.634444 0.362418 0.370356
0.399512 0.354636 0.654386
0.510805 0.326649 0.704763
0.431058 0.385679 0.278942
0.44347 0.333744 0.68373
0.66619 0.348104 0.575453
0.464975 0.321197 0.703114
0.702419 0.335206 0.436574
0.518193 0.347869 0.275927
0.474845 0.54703 0.511987
0.449993 0.488032 0.290312
0.533044 0.34588 0.275908
0.589665 0.359105 0.652666
0.353793 0.37108 0.609839
0.553866 0.332661 0.682622
0.364614 0.369353 0.614096
0.675988 0.347905 0.573186
0.272884 0.383667 0.526833
0.276324 0.358643 0.461872
0.586027 0.353596 0.340068
0.333383 0.371386 0.580373
0.522496 0.503715 0.668066
0.462043 0.550809 0.473164
0.595907 0.423176 0.297225
0.29518 0.381277 0.419764
0.623302 0.529208 0.423535
0.504862 0.344637 0.724756
0.434955 0.369157 0.285158
0.727459 0.435537 0.471747
0.610099 0.36307 0.630159
0.718862 0.431336 0.437167
0.533427 0.542447 0.575917
0.44007 0.410277 0.271652
0.52314 0.494016 0.677112
0.703716 0.329673 0.454983
0.583813 0.362897 0.308428
0.444605 0.437887 0.273362
0.716437 0.339631 0.520622
0.520104 0.360814 0.271939
0.594383 0.396666 0.683956
0.437987 0.369417 0.291101
0.713824 0.35163 0.426452
0.453282 0.528214 0.337869
0.603939 0.387864 0.675183
0.264246 0.374678 0.483629
0.283946 0.444301 0.424279
0.60514 0.364024 0.355833
0.406391 0.546581 0.406224
0.332552 0.467611 0.350596
0.653709 0.350439 0.385928
0.553147 0.536624 0.594221
0.592598 0.401575 0.293653
0.429717 0.536709 0.362438
0.365983 0.368802 0.633426
0.310357 0.47188 0.376629
0.2795 0.363013 0.511868
0.471985 0.548879 0.462085
0.507713 0.344125 0.709139
0.451611 0.550891 0.475413
0.433431 0.51469 0.329374
0.727986 0.388802 0.439374
0.708122 0.347009 0.529392
0.666807 0.450037 0.602941
0.572851 0.351521 0.677675
0.572354 0.523751 0.366195
0.607964 0.517385 0.376263
0.457386 0.550398 0.449499
0.578774 0.353125 0.321425
0.66025 0.439912 0.616138
0.377865 0.371712 0.659483
0.304801 0.387612 0.403859
0.652244 0.372229 0.581875
0.677693 0.350216 0.426608
0.713017 0.378664 0.56145
0.714792 0.344808 0.521296
0.645028 0.382829 0.583648
0.585335 0.385398 0.298348
0.442264 0.381992 0.27654
0.525859 0.359673 0.278939
0.359697 0.406922 0.319519
0.578531 0.535011 0.580967
0.694327 0.42474 0.578697
0.66496 0.360336 0.576985
0.379493 0.376922 0.641152
0.599448 0.52889 0.39435
0.409231 0.371154 0.690142
0.611325 0.5096 0.365795
0.443165 0.347243 0.683472
0.710085 0.355137 0.519835
0.344268 0.387097 0.63748
0.594679 0.365701 0.327016
0.604455 0.369572 0.651477
0.537904 0.537383 0.393407
0.551665 0.497627 0.660786
0.416771 0.552885 0.471174
0.508272 0.541754 0.38791
0.687245 0.360565 0.568361
0.721549 0.413165 0.432505
0.47376 0.549158 0.402805
0.725033 0.352665 0.531139
0.350573 0.382599 0.632878
0.269527 0.379577 0.471264
0.278089 0.437278 0.447764
0.451914 0.545736 0.54088
0.74094 0.371366 0.473436
0.398377 0.522723 0.358912
0.549353 0.459153 0.690691
0.591792 0.386148 0.681395
0.610166 0.525936 0.565645
0.5058 0.355711 0.725013
0.31972 0.398212 0.370424
0.610262 0.381789 0.344098
0.697976 0.463189 0.534419
0.700991 0.346123 0.440817
0.274579 0.420549 0.450532
0.588909 0.405353 0.293207
0.632924 0.400991 0.368229
0.481172 0.542665 0.603113
0.392934 0.382942 0.657314
0.51224 0.351515 0.717411
0.722712 0.350261 0.525836
0.473921 0.391388 0.729978
0.267334 0.385857 0.467321
0.426473 0.45083 0.286603
0.732324 0.350045 0.472893
0.27465 0.434786 0.464667
0.630311 0.396845 0.328411
0.391794 0.523717 0.367775
0.560127 0.533797 0.397531
0.279385 0.400346 0.5438
0.365886 0.540271 0.466614
0.648971 0.390117 0.610562
0.438887 0.546577 0.545246
0.723172 0.434074 0.503986
0.308367 0.395588 0.412873
0.606605 0.399388 0.667399
0.300072 0.431154 0.385936
0.630676 0.390371 0.366136
0.436578 0.360057 0.68826
0.688107 0.477814 0.435468
0.73576 0.38498 0.50796
0.652148 0.40507 0.600074
0.526122 0.534049 0.366437
0.466567 0.546926 0.4702
0.275259 0.438857 0.533879
0.325147 0.521677 0.492866
0.284724 0.41675 0.431152
0.294051 0.472493 0.568409
0.635447 0.442604 0.635103
0.62152 0.377927 0.634259
0.342519 0.404197 0.650397
0.515196 0.527623 0.633046
0.531304 0.543564 0.470782
0.322012 0.515615 0.462713
0.561231 0.404869 0.708466
0.368583 0.460847 0.324553
0.427311 0.366582 0.700376
0.424859 0.398451 0.289365
0.627299 0.399189 0.355566
0.724697 0.350994 0.478317
0.462186 0.382091 0.276517
0.285731 0.444782 0.44022
0.42825 0.371809 0.684536
0.295625 0.403623 0.570194
0.63862 0.495903 0.372897
0.288135 0.452193 0.436591
0.304428 0.500327 0.464106
0.335244 0.418133 0.627499
0.500542 0.366993 0.72399
0.572945 0.519763 0.363814
0.585822 0.399403 0.683779
0.728248 0.358168 0.488914
0.570413 0.407178 0.698718
0.40505 0.433195 0.293512
0.377613 0.395595 0.654063
0.457048 0.375755 0.722108
0.696895 0.363814 0.426941
0.287904 0.414507 0.433467
0.312537 0.411929 0.589648
0.28426 0.455495 0.454325
0.613103 0.387289 0.646983
0.678952 0.372879 0.573535
0.404389 0.384288 0.681882
0.327951 0.411153 0.633623
0.668425 0.407864 0.355887
0.483192 0.481211 0.283008
0.611828 0.409891 0.310661
0.691552 0.365075 0.558557
0.64947 0.40163 0.610983
0.727797 0.355809 0.464455
0.611248 0.39029 0.334584
0.567403 0.388617 0.293101
0.541714 0.398924 0.277868
0.489512 0.39331 0.279182
0.438955 0.416285 0.278861
0.708877 0.361153 0.549656
0.402004 0.385851 0.681262
0.379587 0.402855 0.657863
0.440617 0.41265 0.284067
0.508618 0.3974 0.284743
0.681517 0.475845 0.406806
0.617046 0.518727 0.394741
0.283942 0.473365 0.479767
0.487474 0.541357 0.5026
0.690448 0.372499 0.56394
0.574039 0.542137 0.497008
0.403157 0.515635 0.643213
0.676688 0.457254 0.572192
0.588184 0.411758 0.297073
0.35245 0.421138 0.660247
0.384666 0.544996 0.502524
0.682804 0.450248 0.56904
0.722551 0.362838 0.461108
0.583672 0.382391 0.670059
0.712406 0.36344 0.446818
0.600841 0.397915 0.325707
0.455977 0.364584 0.70759
0.594013 0.537886 0.455566
0.434371 0.417658 0.284034
0.477208 0.540823 0.509933
0.698676 0.446828 0.419616
0.44471 0.457084 0.703041
0.682828 0.480564 0.517494
0.669514 0.413853 0.356685
0.509572 0.536206 0.377701
0.620913 0.506311 0.374512
0.412204 0.417031 0.701088
0.450935 0.546284 0.466959
0.719464 0.371051 0.462675
0.394239 0.535737 0.394493
0.325587 0.471274 0.619127
0.509399 0.370133 0.715468
0.655598 0.512339 0.463671
0.286821 0.454008 0.550694
0.446673 0.542136 0.526749
0.307448 0.46198 0.391924
0.666705 0.403186 0.377153
0.569263 0.38312 0.687661
0.286956 0.477154 0.487658
0.717986 0.440762 0.474874
0.41449 0.467748 0.685319
0.331215 0.52096 0.541819
0.478121 0.473111 0.281487
0.473045 0.540663 0.600154
0.576936 0.533398 0.574951
0.2829 0.436696 0.510696
0.559025 0.540564 0.524863
0.451809 0.370373 0.709565
0.294176 0.450034 0.568353
0.574355 0.541501 0.520294
0.297381 0.419086 0.429648
0.667587 0.414187 0.583965
0.599983 0.537535 0.497672
0.566093 0.540805 0.479096
0.488438 0.419976 0.722139
0.555731 0.540417 0.520076
0.659179 0.423864 0.59927
0.566684 0.411713 0.289123
0.729711 0.409768 0.47303
0.285803 0.426994 0.451644
0.322784 0.501294 0.430006
0.511504 0.541326 0.4729
0.708507 0.408746 0.553807
0.672216 0.451914 0.582055
0.632703 0.523358 0.454222
0.709378 0.370889 0.537441
0.348454 0.531835 0.534423
0.433077 0.408213 0.709802
0.518997 0.412392 0.278198
0.30813 0.45912 0.394947
0.435415 0.540976 0.571277
0.587627 0.533026 0.563145
0.675489 0.411931 0.395996
0.396432 0.417491 0.686594
0.286303 0.46025 0.508294
0.41987 0.440668 0.299873
0.684349 0.474069 0.521384
0.392915 0.466468 0.67631
0.344634 0.447046 0.366372
0.407053 0.435744 0.691821
0.546945 0.382163 0.70613
0.686544 0.393257 0.411124
0.579143 0.405625 0.308231
0.614235 0.462194 0.641534
0.32768 0.462615 0.619725
0.416437 0.471494 0.307843
0.668013 0.414367 0.571754
0.583256 0.537521 0.458453
0.30879 0.502879 0.501476
0.437882 0.473466 0.295663
0.504246 0.427744 0.287989
0.681836 0.410643 0.381663
0.655328 0.426363 0.364553
0.546257 0.500787 0.652978
0.632373 0.424455 0.633427
0.678063 0.419669 0.580897
0.629999 0.46262 0.626659
0.393469 0.535931 0.401852
0.401134 0.545328 0.504164
0.496799 0.389515 0.709904
0.296271 0.456123 0.565151
0.603123 0.41639 0.657371
0.307686 0.453405 0.394441
0.672354 0.410302 0.377754
0.293122 0.435344 0.549968
0.29536 0.483935 0.531405
0.709034 0.385734 0.436607
0.697182 0.389226 0.555501
0.36893 0.45078 0.344275
0.66268 0.475649 0.567814
0.28962 0.465061 0.51292
0.723552 0.392601 0.509269
0.484888 0.472009 0.285969
0.28783 0.443529 0.461148
0.320568 0.45018 0.602643
0.576964 0.513915 0.366618
0.32544 0.449756 0.374819
0.45095 0.538841 0.552658
0.442046 0.539511 0.549887
0.289344 0.440749 0.48179
0.355515 0.530049 0.476586
0.57091 0.39706 0.679441
0.517111 0.456031 0.696646
0.582407 0.422707 0.676593
0.428645 0.447414 0.696242
0.393546 0.532622 0.595478
0.569141 0.530842 0.419846
0.492377 0.52554 0.631685
0.292036 0.436534 0.454301
0.338941 0.520054 0.467171
0.453977 0.426622 0.715959
0.529488 0.534129 0.437796
0.549406 0.441119 0.693533
0.304663 0.488898 0.453736
0.353983 0.430446 0.640643
0.310629 0.487063 0.565879
0.688997 0.385262 0.554885
0.298307 0.489114 0.52687
0.602911 0.509977 0.601416
0.463111 0.445237 0.284098
0.481793 0.39097 0.712251
0.302671 0.490351 0.524657
0.351601 0.498565 0.614152
0.710246 0.440288 0.461577
0.589252 0.537151 0.490844
0.678936 0.480049 0.504879
0.292844 0.461166 0.519023
0.711536 0.389339 0.528402
0.513477 0.532447 0.392231
0.680202 0.399228 0.557808
0.476565 0.464121 0.28723
0.596961 0.446946 0.32009
0.718886 0.426835 0.46984
0.29531 0.466131 0.53925
0.385444 0.536252 0.547742
0.663597 0.440808 0.366555
0.672637 0.483308 0.420759
0.366728 0.526224 0.577085
0.68627 0.471769 0.499709
0.291052 0.457253 0.463493
0.313793 0.501527 0.49365
0.337309 0.47611 0.621331
0.324192 0.494553 0.574722
0.683222 0.415862 0.563048
0.517187 0.445894 0.289861
0.702199 0.396706 0.521198
0.596377 0.535489 0.489704
0.408615 0.419065 0.68224
0.602133 0.439834 0.329286
0.502879 0.428154 0.712831
0.60596 0.531995 0.506295
0.43975 0.535587 0.596071
0.344974 0.45215 0.636147
0.351672 0.527509 0.526266
0.682916 0.442428 0.393268
0.708444 0.421779 0.536896
0.624632 0.442537 0.629139
0.341352 0.471653 0.369308
0.376113 0.467196 0.659465
0.412086 0.505147 0.649878
0.610501 0.529138 0.49439
0.411242 0.540816 0.524143
0.301181 0.45972 0.522767
0.459702 0.491142 0.305147
0.672272 0.437331 0.392616
0.641066 0.448436 0.590201
0.377547 0.452663 0.631494
0.533595 0.527403 0.402592
0.674235 0.443753 0.567543
0.695574 0.404384 0.438509
0.477141 0.482638 0.295869
0.413418 0.427883 0.674561
0.686625 0.469205 0.45391
0.693194 0.407169 0.427197
0.593632 0.45264 0.323739
0.582143 0.420394 0.656581
0.607233 0.530866 0.480693
0.717615 0.417863 0.480013
0.392709 0.450205 0.67392
0.380573 0.535513 0.494511
0.529747 0.502078 0.317191
0.67087 0.439443 0.389469
0.567167 0.412829 0.678436
0.295262 0.471488 0.477285
0.437447 0.538946 0.503668
0.40705 0.517449 0.631071
0.309809 0.487449 0.448386
0.358997 0.441428 0.641806
0.500555 0.470685 0.294271
0.339468 0.449799 0.617491
0.581912 0.443725 0.663651
0.488222 0.405714 0.707913
0.435823 0.538496 0.514146
0.355107 0.46539 0.637967
0.410676 0.540241 0.422739
0.607161 0.452348 0.621362
0.707955 0.408107 0.446195
0.43251 0.489513 0.322099
0.308143 0.463751 0.524378
0.606389 0.469532 0.336639
0.422865 0.512422 0.346824
0.52515 0.469523 0.302303
0.316188 0.497371 0.49229
0.380014 0.531586 0.422468
0.665744 0.479858 0.402556
0.598942 0.444248 0.632074
0.596285 0.464574 0.331192
0.672103 0.470589 0.405225
0.686186 0.40381 0.542542
0.602738 0.466953 0.636719
0.596944 0.458472 0.337386
0.672854 0.444291 0.563488
0.645007 0.463026 0.392188
0.696642 0.453849 0.486004
0.45263 0.534324 0.588432
0.466052 0.53267 0.509384
0.600481 0.497483 0.613939
0.341423 0.516874 0.517193
0.616152 0.482646 0.616238
0.419255 0.535358 0.561783
0.303132 0.477695 0.521456
0.352296 0.452091 0.625008
0.590884 0.490306 0.34288
0.496372 0.522429 0.353444
0.397972 0.487315 0.337297
0.625139 0.470766 0.348898
0.65655 0.484315 0.55209
0.415183 0.452567 0.680834
0.374123 0.475536 0.348379
0.321176 0.498069 0.499784
0.402594 0.539226 0.4748
0.456863 0.539016 0.438643
0.710563 0.404555 0.464945
0.629654 0.464393 0.361974
0.692567 0.41193 0.51995
0.344123 0.493312 0.597589
0.559815 0.422902 0.662538
0.550123 0.507543 0.348215
0.647068 0.501143 0.430945
0.308372 0.478217 0.514882
0.692218 0.44663 0.51353
0.631343 0.503497 0.553196
0.696672 0.420764 0.533258
0.399486 0.469093 0.338151
0.667439 0.429838 0.552476
0.494234 0.530799 0.507858
0.638848 0.506384 0.513226
0.557902 0.52342 0.423965
0.49084 0.487809 0.310878
0.50224 0.509587 0.332296
0.488591 0.469314 0.686658
0.588348 0.472913 0.332775
0.573324 0.434822 0.662681
0.386795 0.470264 0.347233
0.656286 0.485583 0.401129
0.415517 0.465782 0.335186
0.543615 0.422164 0.688296
0.677949 0.45344 0.54538
0.415124 0.445258 0.65357
0.349236 0.518516 0.523159
0.578266 0.523864 0.423541
0.556691 0.526691 0.450229
0.583193 0.522817 0.416359
0.654457 0.465175 0.380736
0.565074 0.523896 0.59066
0.327177 0.499587 0.498084
0.692838 0.420099 0.519997
0.419787 0.521866 0.614434
0.407194 0.482916 0.339251
0.447939 0.529504 0.531898
0.688149 0.419438 0.518316
0.3666 0.511843 0.395978
0.645959 0.498709 0.516407
0.377481 0.460146 0.633483
0.699159 0.415672 0.501161
0.379469 0.457207 0.644991
0.374883 0.519679 0.401035
0.334739 0.476733 0.587315
0.651689 0.475476 0.388451
0.38471 0.457396 0.640016
0.395598 0.507857 0.627563
0.582675 0.472122 0.641089
0.461474 0.529001 0.514807
0.637273 0.502501 0.53095
0.631721 0.461612 0.589069
0.486742 0.508727 0.644702
0.573209 0.43852 0.655857
0.476133 0.528605 0.607623
0.66514 0.434627 0.545322
0.348195 0.495048 0.412693
0.471699 0.492137 0.321494
0.34583 0.46523 0.590318
0.427288 0.472539 0.333937
0.507349 0.426188 0.68972
0.487277 0.53369 0.434642
0.41524 0.534735 0.525884
0.355442 0.518896 0.509467
0.578086 0.524652 0.450562
0.379755 0.521202 0.582104
0.387582 0.455139 0.646836
0.689508 0.437036 0.528989
0.42025 0.485128 0.35632
0.682617 0.430783 0.530172
0.568219 0.439007 0.646563
0.421369 0.496908 0.34618
0.695892 0.423667 0.49007
0.687077 0.432997 0.518708
0.547891 0.496823 0.636678
0.373624 0.524479 0.502219
0.370673 0.495966 0.384683
0.530356 0.52266 0.431496
0.639035 0.47361 0.407589
0.383195 0.522285 0.564548
0.329835 0.476778 0.500434
0.662431 0.437959 0.526258
0.485097 0.486562 0.666997
0.416056 0.477203 0.661974
0.474806 0.525907 0.513767
0.461377 0.48212 0.32793
0.483583 0.527697 0.387611
0.495406 0.435582 0.689806
0.349992 0.513232 0.500492
0.598341 0.477344 0.349424
0.657767 0.48822 0.438764
0.620487 0.464611 0.5812
0.669293 0.434023 0.536075
0.494771 0.526969 0.503052
0.672469 0.453839 0.43049
0.65967 0.493079 0.475693
0.438752 0.46595 0.675542
0.641727 0.474723 0.393733
0.346853 0.46447 0.567165
0.544184 0.521571 0.596799
0.484405 0.51488 0.631271
0.338055 0.501721 0.451429
0.587524 0.49829 0.365042
0.443161 0.525164 0.37531
0.341155 0.490121 0.566477
0.665297 0.449961 0.543683
0.391996 0.531144 0.453912
0.436848 0.509496 0.357958
0.495779 0.527324 0.467071
0.673198 0.459932 0.517407
0.332843 0.491158 0.475392
0.571387 0.502003 0.369563
0.336579 0.495717 0.465508
0.355819 0.513546 0.447139
0.649034 0.491525 0.434854
0.447579 0.44335 0.677491
0.640531 0.47823 0.408933
0.364568 0.516362 0.423342
0.651864 0.487311 0.524235
0.435571 0.452793 0.669732
0.379229 0.503648 0.387953
0.407128 0.525889 0.562379
0.383068 0.476975 0.63798
0.409158 0.477386 0.600704
0.630393 0.479902 0.396274
0.662259 0.477577 0.436043
0.41493 0.463314 0.633935
0.620483 0.480036 0.402354
0.677891 0.447515 0.450117
0.493293 0.45489 0.681025
0.591826 0.517622 0.57251
0.438799 0.467376 0.670128
0.34385 0.481029 0.57739
0.463008 0.448795 0.687326
0.549224 0.468567 0.331907
0.397148 0.478845 0.604879
0.457665 0.435451 0.671494
0.60548 0.466439 0.576923
0.412566 0.52963 0.530296
0.6438 0.480772 0.560381
0.365606 0.515579 0.439882
0.636771 0.468881 0.566305
0.584942 0.526281 0.533871
0.454482 0.515913 0.370243
0.344885 0.482348 0.470456
0.640968 0.493121 0.523811
0.496794 0.459026 0.673098
0.413673 0.497936 0.372779
0.340087 0.486948 0.515692
0.597523 0.4903 0.371009
0.554802 0.522804 0.485686
0.442614 0.532268 0.450908
0.605205 0.485379 0.602134
0.428691 0.505438 0.630521
0.349798 0.503361 0.517604
0.459528 0.437686 0.663806
0.602992 0.50729 0.575726
0.426342 0.512323 0.36924
0.679203 0.456515 0.479457
0.499131 0.433897 0.664341
0.544657 0.498585 0.628247
0.676378 0.456107 0.490211
0.47851 0.526842 0.571724
0.64867 0.471335 0.438769
0.607136 0.477643 0.602407
0.495092 0.525496 0.427596
0.512739 0.505194 0.352124
0.65216 0.481319 0.433284
0.670184 0.451639 0.508987
0.645316 0.483809 0.54405
0.48203 0.527891 0.447237
0.474366 0.521213 0.381608
0.350582 0.505451 0.46279
0.666727 0.464926 0.513548
0.639969 0.472277 0.564619
0.431153 0.533058 0.45822
0.376864 0.517586 0.435572
0.495651 0.433373 0.652452
0.518559 0.436894 0.658791
0.535822 0.455725 0.65973
0.50471 0.508531 0.620158
0.623595 0.501957 0.52767
0.500971 0.521126 0.475578
0.360068 0.496521 0.5668
0.497874 0.505657 0.360325
0.66383 0.459421 0.466874
0.537558 0.449609 0.660411
0.54625 0.444747 0.654912
0.398909 0.481288 0.630689
0.414835 0.530468 0.438894
0.349006 0.493373 0.473345
0.503928 0.443829 0.666526
0.382937 0.499436 0.406259
0.549619 0.452423 0.614148
0.351359 0.469193 0.541213
0.62124 0.466341 0.554324
0.51528 0.519048 0.43699
0.352973 0.494006 0.552055
0.395728 0.520516 0.407793
0.433516 0.493441 0.365894
0.554298 0.447764 0.646431
0.395466 0.513486 0.396101
0.483043 0.44397 0.671853
0.477394 0.523423 0.475185
0.518193 0.49332 0.639029
0.443021 0.456179 0.625292
0.509487 0.519308 0.421295
0.652093 0.45485 0.4666
0.370657 0.516254 0.456274
0.482708 0.472599 0.665381
0.351281 0.493032 0.547194
0.506872 0.519371 0.416882
0.361706 0.499001 0.531727
0.368013 0.482443 0.568851
0.610244 0.473474 0.428949
0.576826 0.494064 0.605564
0.360996 0.469114 0.515631
0.613131 0.505327 0.530791
0.426469 0.472802 0.63648
0.611615 0.495833 0.413482
0.452887 0.510025 0.615805
0.592417 0.464025 0.431706
0.349869 0.47092 0.483397
0.410119 0.518501 0.399987
0.516981 0.502467 0.368271
0.629964 0.473619 0.552632
0.473512 0.442248 0.665949
0.561514 0.518834 0.537699
0.487466 0.460486 0.662656
0.480242 0.436617 0.660754
0.401722 0.503515 0.392514
0.401865 0.505999 0.392757
0.501004 0.471577 0.65615
0.457166 0.44602 0.647013
0.586801 0.512278 0.564376
0.423299 0.527418 0.474477
0.462351 0.521336 0.572342
0.531574 0.47484 0.344818
0.355175 0.480237 0.51797
0.431182 0.522667 0.491194
0.484521 0.466903 0.661532
0.653837 0.469108 0.486755
0.44975 0.453898 0.648298
0.640352 0.486873 0.451777
0.49416 0.445314 0.661377
0.649268 0.456784 0.467379
0.524124 0.517199 0.519578
0.641656 0.462751 0.512802
0.370056 0.499926 0.510955
0.552455 0.515276 0.528645
0.590614 0.513059 0.509161
0.626848 0.479357 0.546114
0.362352 0.487848 0.463106
0.582921 0.51307 0.549182
0.465893 0.444913 0.654908
0.640372 0.451951 0.502525
0.377428 0.506286 0.510081
0.566012 0.510454 0.567336
0.443935 0.48261 0.374002
0.559742 0.502714 0.593714
0.63599 0.469082 0.458414
0.562066 0.488714 0.615324
0.356751 0.470618 0.490286
0.582527 0.511037 0.448446
0.507561 0.514533 0.442339
0.641014 0.473793 0.494403
0.590537 0.488807 0.396686
0.614226 0.503752 0.476594
0.452882 0.479935 0.366359
0.4606 0.513057 0.533747
0.527861 0.466754 0.647843
0.459467 0.495642 0.632856
0.588303 0.467579 0.563076
0.398801 0.516901 0.498325
0.522147 0.513857 0.546636
0.556514 0.473896 0.630442
0.39408 0.493016 0.598593
0.367924 0.489968 0.55601
0.529589 0.458001 0.649365
0.365967 0.49303 0.525622
0.538734 0.458287 0.646237
0.452474 0.517118 0.47363
0.514903 0.499807 0.618536
0.631863 0.490546 0.493157
0.42198 0.496485 0.394724
0.555258 0.506918 0.567257
0.430997 0.484201 0.622234
0.618042 0.473091 0.536776
0.516473 0.507226 0.409078
0.567185 0.505992 0.565303
0.578093 0.510944 0.502239
0.46009 0.507545 0.471929
0.386745 0.500797 0.559962
0.426969 0.513064 0.531268
0.372581 0.472144 0.453933
0.537154 0.470358 0.363448
0.547239 0.460615 0.602558
0.627638 0.488038 0.464634
0.461343 0.514998 0.446155
0.578138 0.509961 0.477773
0.457519 0.455705 0.638202
0.565907 0.471205 0.393662
0.519787 0.505106 0.594054
0.440302 0.510153 0.495005
0.620265 0.466641 0.529917
0.47723 0.509889 0.600018
0.637682 0.447064 0.500902
0.471252 0.453196 0.650865
0.63258 0.478439 0.491412
0.438976 0.484726 0.626603
0.486837 0.459364 0.356521
0.429921 0.51934 0.439069
0.625285 0.469067 0.522026
0.51703 0.509885 0.491325
0.463211 0.504024 0.382158
0.500675 0.484487 0.633411
0.491318 0.500603 0.379758
0.46803 0.439683 0.63381
0.442541 0.476435 0.388253
0.478701 0.464752 0.35926
0.44938 0.468474 0.393023
0.383937 0.498788 0.495653
0.638758 0.433979 0.478665
0.384897 0.476763 0.534349
0.508633 0.439258 0.615883
0.545481 0.50095 0.578648
0.613248 0.488633 0.508598
0.51924 0.501863 0.588764
0.633895 0.409743 0.49121
0.611675 0.462321 0.450633
0.449981 0.466578 0.621829
0.402145 0.504564 0.554785
0.46789 0.438361 0.61187
0.535127 0.506767 0.452489
0.389708 0.473071 0.539998
0.59338 0.491154 0.42383
0.44298 0.506001 0.473752
0.456314 0.506304 0.530639
0.444608 0.507792 0.581304
0.61262 0.430503 0.517823
0.51318 0.451715 0.628382
0.495635 0.507847 0.439649
0.613107 0.484557 0.531779
0.461973 0.499822 0.47113
0.491187 0.502045 0.600066
0.586492 0.497428 0.424014
0.573924 0.481912 0.399414
0.556815 0.497433 0.581764
0.546785 0.505656 0.552493
0.603105 0.491928 0.547493
0.557472 0.478542 0.384627
0.557374 0.473491 0.386614
0.536307 0.479626 0.372551
0.522745 0.462283 0.372021
0.389844 0.50449 0.441602
0.449723 0.466787 0.621619
0.461368 0.452566 0.596845
0.549603 0.499947 0.426145
0.574812 0.48979 0.567145
0.405855 0.502041 0.536453
0.555641 0.489069 0.584986
0.526313 0.49876 0.57685
0.618485 0.442449 0.51072
0.523872 0.449768 0.38154
0.580572 0.489553 0.418358
0.525465 0.484586 0.612128
0.474162 0.50249 0.535461
0.54653 0.494994 0.405673
0.504628 0.454064 0.380789
0.475605 0.49108 0.47347
0.545706 0.492232 0.399115
0.570657 0.446031 0.541722
0.488647 0.492032 0.605918
0.566026 0.471715 0.406363
0.397546 0.470408 0.533026
0.526018 0.45228 0.380721
0.468219 0.487651 0.37984
0.532089 0.47295 0.619209
0.549231 0.473555 0.602535
0.496665 0.488594 0.609852
0.448535 0.386664 0.561439
0.466495 0.500614 0.522314
0.457927 0.492665 0.389176
0.405972 0.482399 0.428228
0.435875 0.503657 0.521501
0.440431 0.442298 0.553472
0.459363 0.461325 0.393125
0.37025 0.466574 0.473591
0.570513 0.470114 0.414407
0.40414 0.469607 0.437652
0.385686 0.490678 0.504155
0.408888 0.481647 0.567712
0.398046 0.489782 0.524074
0.548288 0.49547 0.450759
0.464176 0.460631 0.394452
0.429834 0.500523 0.540165
0.433189 0.499116 0.56012
0.511062 0.496187 0.567101
0.471691 0.49504 0.398687
0.438231 0.473479 0.577323
0.600918 0.486066 0.467832
0.428741 0.499032 0.558487
0.437902 0.491948 0.586658
0.571135 0.495833 0.50488
0.490529 0.492781 0.587423
0.508868 0.456595 0.605772
0.436966 0.448464 0.418872
0.545929 0.37106 0.556485
0.380814 0.473609 0.486345
0.588187 0.490923 0.520682
0.559471 0.494829 0.448276
0.456031 0.473234 0.397547
0.420912 0.4673 0.549791
0.528725 0.435617 0.392306
0.387933 0.465846 0.501259
0.491826 0.448519 0.610671
0.61471 0.414976 0.501251
0.484565 0.426641 0.614059
0.400088 0.489512 0.530933
0.531262 0.498925 0.496726
0.373766 0.45622 0.483284
0.505437 0.495403 0.573303
0.624536 0.461189 0.471857
0.501182 0.498694 0.52648
0.544291 0.495577 0.453302
0.592292 0.466248 0.537073
0.557226 0.483678 0.575487
0.507494 0.493347 0.456058
0.41926 0.488309 0.431913
0.545599 0.486988 0.467665
0.541862 0.487757 0.457205
0.451817 0.495012 0.539004
0.58176 0.485236 0.51415
0.497524 0.491515 0.556394
0.578183 0.480356 0.542763
0.52324 0.492648 0.549355
0.596746 0.477494 0.498081
0.601401 0.47151 0.505328
0.447127 0.377767 0.560867
0.531718 0.459324 0.581862
0.452394 0.484722 0.491721
0.573916 0.486527 0.481913
0.487263 0.461942 0.603862
0.585347 0.415596 0.452928
0.548132 0.444959 0.41194
0.556398 0.483058 0.418987
0.488247 0.453916 0.604463
0.549591 0.469386 0.406811
0.579075 0.4859 0.491255
0.563339 0.484043 0.426226
0.483651 0.482124 0.39723
0.493533 0.44839 0.390779
0.595119 0.452837 0.454688
0.462523 0.47904 0.467401
0.581838 0.389716 0.451168
0.464343 0.441742 0.582211
0.607351 0.468653 0.464254
0.614815 0.408512 0.495222
0.531239 0.49352 0.502818
0.569228 0.459888 0.543909
0.515139 0.494961 0.532905
0.571451 0.486705 0.479675
0.479091 0.447204 0.39055
0.440259 0.424154 0.54664
0.438015 0.473762 0.559753
0.547572 0.480492 0.482954
0.423073 0.481396 0.539742
0.469092 0.487202 0.533281
0.456208 0.482298 0.504675
0.486959 0.483926 0.547716
0.424366 0.488495 0.457762
0.390386 0.402308 0.482195
0.582704 0.471956 0.528635
0.484672 0.471395 0.480678
0.591099 0.455074 0.455883
0.5944 0.471159 0.463856
0.447756 0.48534 0.426292
0.544808 0.356896 0.559588
0.565953 0.480203 0.537654
0.599629 0.405548 0.466442
0.500924 0.48685 0.534798
0.544133 0.48235 0.54872
0.400805 0.459856 0.49733
0.465227 0.476229 0.408496
0.49828 0.478634 0.411166
0.592807 0.475742 0.475988
0.540876 0.473386 0.56389
0.486227 0.483883 0.420756
0.585095 0.466448 0.528874
0.487328 0.480422 0.564832
0.594826 0.468906 0.498931
0.543651 0.478997 0.458094
0.529995 0.464801 0.401497
0.474509 0.478848 0.452262
0.476322 0.470146 0.596636
0.471741 0.456488 0.401118
0.481732 0.43489 0.603455
0.521603 0.449285 0.398355
0.617368 0.429446 0.48099
0.502613 0.474017 0.477844
0.40144 0.457885 0.48343
0.548001 0.473674 0.49845
0.50327 0.369929 0.594224
0.478994 0.476301 0.525098
0.602942 0.440382 0.492819
0.478234 0.476236 0.547863
0.519505 0.461821 0.568947
0.489491 0.468136 0.453651
0.537575 0.43741 0.555985
0.393303 0.430906 0.474833
0.550629 0.469368 0.466568
0.593975 0.445251 0.508669
0.46038 0.431714 0.565809
0.40167 0.431252 0.490611
0.413878 0.459635 0.507737
0.606038 0.38423 0.476782
0.406549 0.468023 0.469568
0.533391 0.470313 0.445706
0.554216 0.439808 0.426243
0.57438 0.456527 0.447871
0.466837 0.458666 0.579774
0.594947 0.45406 0.500357
0.395077 0.420197 0.483311
0.478703 0.464127 0.461624
0.581445 0.469011 0.467534
0.487441 0.471936 0.415769
0.508232 0.381545 0.592983
0.45449 0.475736 0.556816
0.490034 0.364226 0.60289
0.569529 0.429583 0.442877
0.425045 0.415482 0.443989
0.546267 0.469584 0.459078
0.429944 0.473366 0.443303
0.499138 0.474919 0.543731
0.500879 0.476359 0.513314
0.433817 0.352154 0.431583
0.410198 0.456148 0.473737
0.425398 0.462891 0.478006
0.472564 0.448949 0.475531
0.502719 0.463208 0.502028
0.593597 0.409896 0.469112
0.470378 0.4668 0.54887
0.525835 0.430971 0.569253
0.519306 0.470801 0.521397
0.534793 0.470741 0.514899
0.517308 0.3794 0.586512
0.557579 0.37869 0.436076
0.477909 0.46279 0.423324
0.493014 0.383472 0.594998
0.593513 0.423552 0.496311
0.535512 0.395261 0.41809
0.443129 0.373627 0.424116
0.459409 0.467766 0.541761
0.443929 0.443669 0.542629
0.507113 0.427521 0.407012
0.498167 0.452138 0.47965
0.568494 0.380819 0.444874
0.583198 0.354019 0.455852
0.596194 0.368416 0.506003
0.495081 0.460197 0.553024
0.469897 0.459084 0.497752
0.597104 0.351448 0.496233
0.452388 0.404082 0.416186
0.529372 0.461568 0.423632
0.456908 0.39 0.563524
0.405872 0.436324 0.471857
0.48967 0.397666 0.398091
0.596679 0.37183 0.502555
0.479174 0.455078 0.414219
0.566364 0.414392 0.529734
0.494808 0.447745 0.572919
0.550954 0.385343 0.543804
0.462144 0.374471 0.571047
0.437886 0.446899 0.487507
0.566917 0.427129 0.524926
0.51236 0.456011 0.506353
0.494809 0.443084 0.419941
0.463699 0.453082 0.547035
0.432218 0.446486 0.489199
0.401722 0.375551 0.483692
0.513564 0.442589 0.559042
0.482203 0.425513 0.584446
0.55091 0.4472 0.449008
0.480364 0.441413 0.492049
0.479832 0.450424 0.517193
0.431183 0.361034 0.437821
0.453407 0.40589 0.552475
0.435062 0.410814 0.43775
0.596106 0.38067 0.482217
0.405725 0.412826 0.4734
0.455214 0.45641 0.527194
0.401615 0.372187 0.484757
0.519335 0.455748 0.53809
0.407859 0.367771 0.467175
0.457199 0.450748 0.457957
0.491961 0.37852 0.591809
0.472417 0.442381 0.419239
0.424113 0.306057 0.557802
0.593664 0.3503 0.493819
0.433635 0.445507 0.510473
0.572063 0.392857 0.524703
0.509276 0.428909 0.413584
0.416376 0.444932 0.47235
0.482632 0.435465 0.578744
0.422987 0.443619 0.486918
0.56467 0.447203 0.486077
0.434362 0.421621 0.439949
0.474151 0.436432 0.477904
0.42668 0.425356 0.498517
0.445224 0.434283 0.49721
0.475529 0.388378 0.404404
0.520925 0.447181 0.510812
0.419337 0.321574 0.445685
0.456959 0.430139 0.542285
0.511249 0.347392 0.409223
0.49908 0.430875 0.455441
0.512351 0.345667 0.409087
0.581341 0.336127 0.522605
0.508419 0.422641 0.475217
0.488974 0.38248 0.587011
0.458034 0.430962 0.47185
0.43796 0.432424 0.508618
0.493415 0.441768 0.530184
0.42496 0.41078 0.455623
0.506868 0.327484 0.588722
0.428779 0.328721 0.552045
0.593314 0.368127 0.475105
0.513722 0.435141 0.490404
0.47043 0.422695 0.47841
0.405642 0.371304 0.482696
0.505921 0.35815 0.585483
0.492635 0.38517 0.408249
0.457158 0.43859 0.532277
0.403071 0.34579 0.475209
0.53209 0.337401 0.574648
0.520449 0.349495 0.410714
0.539561 0.444437 0.51495
0.422945 0.314176 0.551772
0.579068 0.408864 0.503042
0.544761 0.405121 0.431435
0.40255 0.344583 0.514344
0.51951 0.415515 0.416832
0.537764 0.429254 0.475039
0.542661 0.292538 0.578196
0.425116 0.410064 0.489421
0.559739 0.41421 0.472489
0.414055 0.378522 0.489329
0.551198 0.421929 0.497155
0.422928 0.339024 0.54095
0.44626 0.397923 0.53876
0.534385 0.378788 0.424632
0.519894 0.436757 0.519081
0.491715 0.424027 0.544054
0.527466 0.415017 0.468635
0.534948 0.393057 0.427083
0.58467 0.345668 0.49233
0.52741 0.413523 0.474929
0.587339 0.315888 0.50757
0.441399 0.41588 0.443015
0.463839 0.337376 0.575975
0.541826 0.413872 0.476562
0.501931 0.407031 0.476213
0.539031 0.420065 0.456711
0.469822 0.403719 0.562263
0.410121 0.361846 0.504557
0.459012 0.341471 0.416047
0.501982 0.395989 0.417824
0.504476 0.417231 0.487986
0.534695 0.301796 0.580558
0.5096 0.431436 0.531431
0.470771 0.332879 0.408143
0.417686 0.39419 0.484505
0.477352 0.418209 0.503303
0.463579 0.417636 0.425574
0.456243 0.418906 0.495819
0.40651 0.346923 0.476506
0.440927 0.416629 0.518145
0.416931 0.334804 0.457174
0.534252 0.433611 0.514957
0.523231 0.390443 0.567156
0.426489 0.394071 0.487266
0.481136 0.398086 0.49527
0.420224 0.309633 0.547069
0.411445 0.327873 0.469174
0.510405 0.405096 0.453311
0.441795 0.377606 0.538952
0.555106 0.405674 0.504541
0.527984 0.409019 0.44553
0.580296 0.340947 0.49011
0.563048 0.394083 0.4977
0.555314 0.400459 0.49393
0.4741 0.382423 0.416117
0.586093 0.305379 0.48795
0.578761 0.32477 0.455922
0.431825 0.307426 0.429528
0.490595 0.361403 0.579246
0.583769 0.299983 0.523459
0.42927 0.40328 0.466859
0.575106 0.369347 0.499556
0.529222 0.423055 0.521058
0.589637 0.304934 0.461704
0.497447 0.396806 0.424296
0.454628 0.408488 0.519704
0.563034 0.391333 0.477798
0.522997 0.34662 0.416367
0.445159 0.405291 0.499616
0.440732 0.383535 0.534518
0.541511 0.411454 0.500292
0.41935 0.331408 0.537151
0.504837 0.39633 0.480573
0.474807 0.397113 0.49064
0.516448 0.397933 0.478641
0.451605 0.407561 0.518304
0.520031 0.401387 0.481238
0.580983 0.337834 0.490285
0.577427 0.291607 0.536782
0.448269 0.340813 0.429064
0.482095 0.391951 0.512694
0.499795 0.387589 0.430999
0.418324 0.343295 0.469593
0.427845 0.360579 0.45778
0.428494 0.341384 0.539051
0.454436 0.383779 0.431948
0.437028 0.31777 0.431761
0.579968 0.325743 0.509201
0.482273 0.369675 0.477004
0.514629 0.403447 0.53454
0.471408 0.378041 0.483156
0.568064 0.338815 0.453835
0.418378 0.353069 0.515383
0.487359 0.344606 0.578691
0.493044 0.288849 0.591508
0.526223 0.383617 0.474711
0.438025 0.336095 0.55008
0.509267 0.371179 0.42359
0.447613 0.388398 0.523899
0.519798 0.360092 0.567356
0.499588 0.383568 0.461969
0.509828 0.386983 0.458881
0.553604 0.383182 0.495097
0.524573 0.409763 0.516029
0.466555 0.302194 0.583465
0.594166 0.289209 0.467326
0.469261 0.295186 0.58743
0.562455 0.372531 0.518713
0.409241 0.294068 0.464718
0.424493 0.343032 0.533967
0.404129 0.3049 0.516629
0.427707 0.280446 0.571333
0.495278 0.354118 0.418529
0.499149 0.397132 0.539334
0.486931 0.371796 0.472628
0.433461 0.364734 0.519811
0.482107 0.379639 0.530207
0.582477 0.296635 0.494265
0.425455 0.353692 0.470605
0.522059 0.365754 0.430747
0.417402 0.296359 0.543936
0.519873 0.390562 0.531292
0.501073 0.332855 0.573379
0.574236 0.294166 0.5345
0.410189 0.299192 0.474457
0.4899 0.316877 0.580803
0.484168 0.357485 0.563887
0.536138 0.332468 0.558134
0.457366 0.38098 0.442065
0.541042 0.371904 0.531102
0.491612 0.318412 0.414788
0.475082 0.293039 0.407063
0.412852 0.311884 0.484101
0.462117 0.376188 0.532814
0.535233 0.378244 0.532193
0.483754 0.368169 0.496881
0.505765 0.375738 0.492639
0.561967 0.250797 0.579357
0.546024 0.379994 0.518661
0.513341 0.374159 0.43684
0.450418 0.373495 0.472058
0.556955 0.358614 0.522794
0.554376 0.361232 0.479618
0.519872 0.384912 0.499437
0.489886 0.293 0.408112
0.540798 0.318906 0.427176
0.488253 0.303114 0.585602
0.574295 0.33582 0.465571
0.477166 0.375558 0.54431
0.436876 0.281526 0.418492
0.574138 0.244484 0.576449
0.432163 0.349216 0.515746
0.522926 0.328644 0.424426
0.564836 0.333908 0.462688
0.523154 0.355379 0.548703
0.518784 0.286774 0.412214
0.412881 0.267696 0.549944
0.525901 0.3654 0.535784
0.510455 0.297049 0.415096
0.562259 0.329547 0.456739
0.476762 0.364404 0.515632
0.499816 0.36216 0.54035
0.441804 0.319797 0.436017
0.49178 0.31623 0.575115
0.435461 0.344513 0.455513
0.513966 0.357015 0.485352
0.414333 0.240757 0.580268
0.567987 0.316177 0.52613
0.469029 0.356187 0.433181
0.521748 0.359099 0.443131
0.510869 0.352219 0.470426
0.46078 0.36547 0.518888
0.433955 0.33044 0.539256
0.475316 0.293397 0.410821
0.462267 0.350924 0.470463
0.474554 0.349585 0.462706
0.497739 0.286232 0.411095
0.509688 0.358556 0.440918
0.404122 0.265159 0.507355
0.587907 0.234482 0.409566
0.415761 0.3138 0.515571
0.403783 0.235117 0.410655
0.502529 0.300427 0.415341
0.590332 0.270512 0.457224
0.506904 0.356392 0.455217
0.515919 0.378011 0.518385
0.482291 0.308261 0.579398
0.43454 0.330565 0.461302
0.525964 0.335466 0.438592
0.464341 0.340655 0.497674
0.531833 0.327857 0.550609
0.454999 0.253447 0.593341
0.586775 0.245906 0.548466
0.427408 0.319069 0.466156
0.423043 0.269977 0.564076
0.564335 0.321761 0.481003
0.586838 0.247542 0.499344
0.47905 0.273331 0.588763
0.436731 0.334956 0.489727
0.474234 0.344173 0.506874
0.469181 0.343258 0.540063
0.589347 0.267377 0.472213
0.409597 0.240262 0.411972
0.508788 0.335004 0.47129
0.460875 0.345342 0.533132
0.474555 0.328508 0.559708
0.42343 0.312666 0.48326
0.593199 0.245873 0.474174
0.445245 0.249161 0.593229
0.522335 0.351151 0.534227
0.460533 0.339323 0.49387
0.47196 0.287442 0.581779
0.50502 0.33544 0.484371
0.481617 0.347955 0.526293
0.502879 0.240425 0.593059
0.534687 0.297971 0.565674
0.504173 0.334051 0.483131
0.534229 0.338913 0.464044
0.590756 0.26125 0.473296
0.550933 0.333049 0.493431
0.485881 0.271735 0.588177
0.454197 0.283447 0.578473
0.564674 0.317314 0.490156
0.437316 0.310604 0.449769
0.451168 0.226902 0.600623
0.423342 0.225399 0.595668
0.56893 0.291729 0.525662
0.459086 0.330845 0.531452
0.574056 0.253623 0.554949
0.446497 0.322967 0.470946
0.441567 0.319826 0.455142
0.523427 0.302505 0.428292
0.523082 0.311674 0.432906
0.502997 0.338108 0.513392
0.5249 0.261067 0.4105
0.531591 0.336854 0.521309
0.427614 0.295229 0.542829
0.513982 0.325051 0.54886
0.432703 0.304993 0.541661
0.521506 0.319445 0.554742
0.542239 0.319576 0.458819
0.424287 0.276932 0.554343
0.548204 0.318675 0.528554
0.528604 0.332774 0.501136
0.462039 0.323159 0.497335
0.507494 0.2888 0.574086
0.477675 0.259185 0.590685
0.570673 0.287422 0.453204
0.430004 0.293206 0.548888
0.566835 0.293747 0.527764
0.584098 0.257203 0.488878
0.487874 0.311068 0.559699
0.542596 0.327725 0.524762
0.427812 0.301288 0.458875
0.44914 0.327434 0.50855
0.588769 0.239319 0.485823
0.549973 0.254542 0.40878
0.449659 0.310002 0.43757
0.540987 0.320575 0.471509
0.439485 0.295917 0.550385
0.44864 0.270698 0.419409
0.506321 0.305284 0.460392
0.581377 0.254403 0.529828
0.552129 0.306491 0.519332
0.563394 0.252815 0.563237
0.523033 0.268957 0.575014
0.518475 0.255051 0.412579
0.527173 0.306351 0.464445
0.46097 0.25359 0.408709
0.478966 0.29913 0.559177
0.536241 0.302895 0.478601
0.517465 0.302363 0.47113
0.452955 0.305916 0.467068
0.586768 0.231985 0.511394
0.436629 0.268949 0.571248
0.468775 0.297009 0.482721
0.529217 0.299226 0.554575
0.544069 0.301906 0.484949
0.470746 0.311639 0.540143
0.483075 0.308047 0.442887
0.471313 0.3138 0.532599
0.572934 0.271411 0.501052
0.47282 0.269559 0.415798
0.555905 0.29209 0.535071
0.427725 0.287492 0.453782
0.534376 0.303524 0.447582
0.495393 0.285262 0.569599
0.448873 0.316222 0.524442
0.445569 0.304887 0.491768
0.559892 0.294982 0.496731
0.519241 0.292159 0.565571
0.553225 0.300011 0.528768
0.526424 0.321366 0.526818
0.55002 0.299954 0.486123
0.455832 0.273393 0.577311
0.43268 0.276493 0.482519
0.445399 0.283818 0.436255
0.404575 0.229081 0.51518
0.59484 0.222864 0.538012
0.469912 0.295798 0.511799
0.553514 0.246849 0.571544
0.420972 0.258643 0.487225
0.423961 0.247983 0.570311
0.52713 0.292903 0.493482
0.575826 0.220648 0.586628
0.444604 0.207874 0.603263
0.544462 0.289622 0.536446
0.497983 0.247711 0.413323
0.483799 0.273145 0.57029
0.466437 0.284779 0.48839
0.431962 0.218096 0.597876
0.397545 0.217216 0.407985
0.524823 0.285835 0.472181
0.488476 0.223084 0.400016
0.569438 0.262579 0.536265
0.432816 0.24371 0.582072
0.47901 0.26043 0.579544
0.448812 0.290393 0.443785
0.468583 0.293335 0.447964
0.546088 0.288501 0.473103
0.427711 0.282221 0.517708
0.505682 0.30634 0.52719
0.403347 0.23343 0.454551
0.404729 0.228852 0.500499
0.530748 0.291716 0.459272
0.50419 0.289975 0.554581
0.407568 0.231238 0.415685
0.520605 0.212144 0.595673
0.505597 0.286997 0.464405
0.477196 0.296414 0.536999
0.533639 0.28679 0.486949
0.432174 0.265386 0.471438
0.542731 0.217161 0.592644
0.553364 0.240177 0.409404
0.423438 0.259421 0.529965
0.478358 0.270254 0.467739
0.542882 0.235665 0.57939
0.441718 0.273729 0.498066
0.444649 0.27821 0.44762
0.495938 0.27716 0.447575
0.507978 0.284691 0.506388
0.478526 0.283564 0.530019
0.454854 0.274942 0.464357
0.572683 0.24917 0.427165
0.448103 0.249267 0.57992
0.604919 0.19687 0.584628
0.452165 0.284525 0.535933
0.424869 0.25558 0.492193
0.434441 0.248949 0.574657
0.442683 0.224794 0.40004
0.504443 0.239933 0.413675
0.563494 0.253235 0.424587
0.502003 0.266053 0.485753
0.424637 0.254713 0.473491
0.480646 0.283902 0.528255
0.467929 0.282398 0.515183
0.533984 0.210744 0.596311
0.405233 0.225471 0.534645
0.486005 0.282158 0.535819
0.532324 0.273689 0.491778
0.580239 0.232634 0.496171
0.592562 0.219093 0.531377
0.464722 0.270651 0.471495
0.558386 0.221221 0.589092
0.586141 0.22201 0.477551
0.478028 0.228178 0.590895
0.515975 0.270758 0.464676
0.431192 0.210137 0.596443
0.545811 0.226476 0.403692
0.452289 0.256974 0.474417
0.432103 0.259838 0.535148
0.589637 0.221301 0.455474
0.535181 0.221991 0.584884
0.52354 0.227369 0.408074
0.529481 0.220483 0.40208
0.49943 0.249389 0.482266
0.435384 0.253557 0.488976
0.447762 0.242046 0.578514
0.463627 0.270427 0.528873
0.54709 0.248072 0.560628
0.475766 0.251969 0.481646
0.470275 0.265468 0.551973
0.45415 0.261048 0.563703
0.558431 0.247023 0.422641
0.419726 0.234514 0.482514
0.579481 0.227203 0.515689
0.411714 0.225234 0.417838
0.50707 0.258898 0.556682
0.507958 0.276066 0.520075
0.486917 0.207113 0.396048
0.478402 0.257345 0.563968
0.456482 0.26105 0.433538
0.53954 0.253935 0.479062
0.575244 0.245934 0.437472
0.604711 0.200535 0.414576
0.496273 0.255044 0.466312
0.475042 0.260259 0.457289
0.529221 0.200766 0.600726
0.538649 0.269679 0.514356
0.524378 0.264665 0.447899
0.562246 0.225478 0.402815
0.599551 0.208307 0.442191
0.415972 0.224165 0.575805
0.43223 0.245599 0.508089
0.546755 0.23886 0.421311
0.537246 0.253412 0.530872
0.440279 0.25367 0.541106
0.493424 0.247461 0.43813
0.527733 0.20792 0.590403
0.412362 0.220641 0.51846
0.422349 0.225559 0.574101
0.49893 0.256796 0.518506
0.560014 0.243989 0.473446
0.400025 0.204835 0.402167
0.466561 0.201506 0.392367
0.529426 0.25109 0.503856
0.501476 0.206027 0.590677
0.533601 0.255738 0.515799
0.452584 0.21934 0.586228
0.493829 0.250037 0.547043
0.396674 0.189419 0.608241
0.516244 0.248369 0.43927
0.521769 0.23838 0.424109
0.457755 0.245837 0.49359
0.51618 0.244076 0.5583
0.551697 0.248614 0.526287
0.472806 0.202322 0.594724
0.4436 0.254033 0.548364
0.541109 0.243588 0.555836
0.535369 0.256191 0.521671
0.50168 0.246541 0.499491
0.455835 0.251552 0.43653
0.570884 0.225134 0.411411
0.475324 0.248456 0.44995
0.427641 0.23102 0.572966
0.493705 0.246626 0.50156
0.52952 0.255373 0.532498
0.510293 0.24646 0.497687
0.511647 0.236158 0.482431
0.428089 0.232167 0.429376
0.548896 0.240757 0.436735
0.4279 0.195125 0.386101
0.449095 0.242201 0.547534
0.38963 0.197827 0.420838
0.519572 0.194977 0.597462
0.49889 0.23002 0.427826
0.51106 0.24096 0.532173
0.499378 0.232393 0.559515
0.480122 0.235244 0.444845
0.583929 0.217051 0.44896
0.47874 0.228235 0.472113
0.513836 0.234678 0.446508
0.533266 0.230289 0.490381
0.403916 0.201586 0.485623
0.447207 0.183562 0.608322
0.427011 0.225929 0.473514
0.392844 0.18982 0.502821
0.457139 0.235982 0.564783
0.426239 0.230489 0.428908
0.613038 0.18431 0.42066
0.526784 0.190492 0.604223
0.414592 0.216807 0.462517
0.468631 0.214262 0.411644
0.42631 0.229153 0.463435
0.551345 0.241662 0.439858
0.508054 0.214906 0.412627
0.396655 0.194495 0.592613
0.400635 0.198849 0.397315
0.457756 0.21724 0.58111
0.414076 0.213259 0.503842
0.50763 0.214571 0.412304
0.460023 0.235486 0.564856
0.507636 0.228481 0.463854
0.428416 0.231464 0.561379
0.390952 0.182591 0.613752
0.425796 0.208886 0.411219
0.44948 0.188366 0.384617
0.598497 0.185219 0.485129
0.47719 0.222604 0.532867
0.398821 0.193176 0.587944
0.509481 0.184065 0.605325
0.523098 0.224333 0.438258
0.542203 0.193662 0.390145
0.466244 0.222693 0.507145
0.40291 0.198884 0.579702
0.397361 0.188099 0.599075
0.587729 0.188005 0.600149
0.59175 0.196441 0.455151
0.496508 0.218537 0.498854
0.542036 0.199619 0.589563
0.473025 0.224283 0.548497
0.448892 0.226036 0.564279
0.496689 0.193588 0.395488
0.392665 0.197723 0.567595
0.570758 0.210488 0.491384
0.540402 0.219473 0.467191
0.556023 0.218516 0.50401
0.388396 0.182599 0.49518
0.486413 0.218389 0.504357
0.541859 0.223012 0.514413
0.463028 0.224836 0.512178
0.385155 0.189862 0.418849
0.492582 0.216589 0.467821
0.554827 0.182669 0.615262
0.50256 0.205887 0.411666
0.500769 0.216667 0.490873
0.567314 0.217526 0.470503
0.494042 0.223019 0.550371
0.592962 0.188991 0.478594
0.420339 0.190101 0.385195
0.59772 0.190834 0.579631
0.427739 0.214463 0.542677
0.448827 0.197327 0.403783
0.482185 0.210318 0.555435
0.485356 0.209326 0.536407
0.521125 0.203425 0.570615
0.498855 0.17497 0.611698
0.391207 0.192531 0.562754
0.418669 0.200999 0.577109
0.464062 0.214337 0.546313
0.536922 0.211906 0.552798
0.59415 0.188522 0.411398
0.596943 0.187346 0.450684
0.576592 0.186368 0.38242
0.529215 0.185238 0.389693
0.39942 0.196682 0.555105
0.472008 0.205271 0.573038
0.595284 0.183816 0.481764
0.490302 0.208914 0.519474
0.548935 0.20646 0.475489
0.474814 0.207037 0.499158
0.478275 0.185492 0.389584
0.567834 0.207309 0.540012
0.461724 0.206747 0.42005
0.481849 0.208669 0.533766
0.536638 0.209937 0.423358
0.457065 0.176966 0.607426
0.579036 0.196645 0.520048
0.618 0.175373 0.560897
0.506323 0.198532 0.577866
0.616747 0.175597 0.594339
0.436834 0.218465 0.551179
0.440845 0.218374 0.522524
0.453287 0.186729 0.387959
0.57095 0.19639 0.397802
0.553914 0.214591 0.454196
0.483573 0.204488 0.480447
0.424164 0.19966 0.457145
0.447328 0.200602 0.420759
0.59243 0.18155 0.395293
0.494247 0.198992 0.541561
0.419555 0.201005 0.55896
0.486879 0.167023 0.617764
0.495413 0.19685 0.459122
0.518495 0.201338 0.532873
0.458602 0.182626 0.593148
0.457831 0.202845 0.532398
0.553426 0.201473 0.455624
0.612412 0.172198 0.533779
0.546349 0.201875 0.546904
0.563296 0.197048 0.510983
0.483688 0.195899 0.519042
0.470122 0.178425 0.597716
0.524059 0.181798 0.394101
0.476738 0.194807 0.418602
0.477497 0.167046 0.615777
0.595775 0.179788 0.505225
0.415954 0.198066 0.548892
0.583109 0.184304 0.5909
0.53188 0.197358 0.568157
0.475534 0.197006 0.570937
0.521176 0.199301 0.551379
0.465874 0.19831 0.471161
0.54685 0.188104 0.397038
0.508586 0.195857 0.421591
0.461984 0.202886 0.546622
0.486449 0.198479 0.540124
0.605904 0.172439 0.375508
0.527533 0.189338 0.583009
0.41464 0.193589 0.456702
0.533649 0.201112 0.54375
0.463894 0.199829 0.517938
0.598136 0.172721 0.617993
0.415552 0.168664 0.619395
0.469519 0.188366 0.528136
0.503357 0.187775 0.453151
0.53585 0.187555 0.501633
0.4201 0.185804 0.471935
0.484462 0.162551 0.622699
0.57684 0.185448 0.45977
0.610254 0.172939 0.553822
0.621901 0.165633 0.375907
0.478227 0.178974 0.397562
0.483854 0.190541 0.441922
0.596399 0.1753 0.390438
0.527608 0.183232 0.472662
0.400591 0.178889 0.514489
0.379581 0.173876 0.584596
0.515657 0.190039 0.429027
0.490589 0.187215 0.527658
0.49436 0.176978 0.393712
0.508596 0.183787 0.577675
0.422703 0.181373 0.394684
0.396915 0.183769 0.561623
0.387329 0.175836 0.534046
0.57157 0.18724 0.5785
0.518214 0.183687 0.468757
0.590678 0.17853 0.404768
0.484812 0.190251 0.443681
0.609666 0.172725 0.43511
0.445634 0.196278 0.437511
0.400614 0.177861 0.591469
0.618133 0.164794 0.515539
0.459329 0.191075 0.459668
0.459617 0.175651 0.596559
0.576908 0.185342 0.530709
0.551813 0.189225 0.510582
0.421131 0.186117 0.489034
0.544555 0.190492 0.524576
0.414594 0.17056 0.60399
0.602623 0.169269 0.484805
0.446876 0.184842 0.561158
0.574354 0.177298 0.484923
0.425273 0.17855 0.407439
0.470503 0.16493 0.373163
0.610377 0.167748 0.474446
0.386599 0.172248 0.386516
0.569286 0.183528 0.567594
0.39437 0.174895 0.550405
0.527413 0.167672 0.61266
0.471718 0.178888 0.532394
0.619428 0.164239 0.487118
0.598183 0.169904 0.52486
0.547025 0.180174 0.448443
0.541775 0.1669 0.618571
0.513864 0.167411 0.383453
0.622866 0.160528 0.523269
0.447235 0.178032 0.582412
0.59049 0.172765 0.469529
0.573077 0.16918 0.619281
0.419752 0.182075 0.425098
0.553622 0.166982 0.369862
0.534151 0.177968 0.578055
0.486284 0.17769 0.469152
0.628109 0.159651 0.533225
0.477666 0.180728 0.447733
0.540555 0.181198 0.54312
0.569444 0.181463 0.576609
0.424724 0.183157 0.571614
0.558348 0.181945 0.440718
0.526632 0.177611 0.418071
0.371815 0.163184 0.521187
0.408697 0.177197 0.531113
0.417394 0.18099 0.54286
0.523652 0.176316 0.496752
0.414796 0.1734 0.430312
0.487049 0.170285 0.415008
0.525882 0.165412 0.598967
0.604781 0.164954 0.461477
0.556589 0.164056 0.620152
0.468566 0.160325 0.369797
0.528021 0.163685 0.608802
0.563389 0.173265 0.523807
0.528004 0.169273 0.455908
0.408349 0.16834 0.478938
0.622793 0.160943 0.474511
0.588849 0.167786 0.593278
0.475749 0.171931 0.573059
0.509789 0.16584 0.39535
0.636935 0.158438 0.617387
0.564491 0.17335 0.52392
0.631358 0.15982 0.589996
0.505 0.168654 0.510758
0.462741 0.173899 0.435629
0.367842 0.160206 0.542369
0.565572 0.171316 0.491568
0.442662 0.172917 0.520674
0.444503 0.172633 0.503522
0.56219 0.170326 0.394244
0.381872 0.16694 0.383601
0.510726 0.168793 0.517114
0.371302 0.161981 0.603858
0.511334 0.171013 0.556414
0.545804 0.166636 0.6033
0.62679 0.160615 0.425341
0.481574 0.161237 0.61319
0.489834 0.171338 0.420759
0.461012 0.174123 0.434196
0.5434 0.165579 0.380417
0.520791 0.169393 0.5278
0.366132 0.160807 0.586447
0.40889 0.16049 0.607838
0.511312 0.162684 0.538219
0.425414 0.162536 0.393603
0.385849 0.162062 0.411185
0.558286 0.164423 0.518361
0.465259 0.15646 0.366249
0.629994 0.157137 0.617341
0.391689 0.161425 0.542552
0.431195 0.165333 0.49047
0.431625 0.16257 0.596099
0.542241 0.162474 0.458074
0.569826 0.164699 0.440322
0.446492 0.164315 0.489465
0.593333 0.161371 0.391282
0.52864 0.16218 0.409916
0.623254 0.158276 0.608809
0.590814 0.161345 0.472682
0.52708 0.160828 0.490224
0.494594 0.160117 0.387085
0.441179 0.165768 0.421003
0.554946 0.163383 0.500995
0.490827 0.162863 0.456583
0.482109 0.162098 0.510669
0.613885 0.159089 0.547605
0.454895 0.163744 0.485678
0.536546 0.161525 0.489696
0.436588 0.159953 0.377487
0.439604 0.164895 0.579417
0.487115 0.158125 0.374175
0.502241 0.160234 0.389849
0.591406 0.162413 0.431648
0.411118 0.16506 0.429812
0.374616 0.158356 0.519759
0.563733 0.161831 0.609933
0.478674 0.162159 0.494601
0.587092 0.161928 0.490279
0.406793 0.156401 0.513418
0.538165 0.155436 0.389376
0.603215 0.15539 0.457311
0.435522 0.152513 0.356081
0.564834 0.156967 0.413306
0.461838 0.152929 0.36206
0.444991 0.154589 0.622417
0.488742 0.156748 0.560916
0.609225 0.154506 0.525636
0.461713 0.157389 0.440915
0.457827 0.157469 0.441562
0.548826 0.157344 0.56014
0.411329 0.156296 0.396107
0.396483 0.15601 0.389231
0.419402 0.157024 0.475548
0.391219 0.156339 0.408036
0.553695 0.153142 0.636755
0.551977 0.155839 0.467291
0.53121 0.153695 0.622964
0.518427 0.156876 0.574749
0.543747 0.155891 0.51128
0.544209 0.155536 0.386317
0.523322 0.155237 0.520345
0.383357 0.156232 0.42632
0.526439 0.155546 0.593862
0.565486 0.156659 0.459208
0.505082 0.156896 0.423349
0.359493 0.153191 0.607842
0.424471 0.157695 0.415265
0.368189 0.152633 0.637462
0.425806 0.157533 0.521443
0.610049 0.15522 0.438987
0.570123 0.155993 0.61475
0.584223 0.15739 0.569669
0.429928 0.157766 0.458832
0.538855 0.15545 0.389111
0.402068 0.15 0.411269
0.567188 0.15 0.524908
0.497285 0.15 0.527783
0.49073 0.15 0.596623
0.570566 0.15 0.59644
0.458191 0.15 0.357352
0.548785 0.15 0.631066
0.594646 0.15 0.582267
0.505489 0.15 0.564139
0.493449 0.15 0.568928
0.364859 0.15 0.422292
0.527197 0.15 0.392097
0.37504 0.15 0.59384
0.482646 0.15 0.386357
0.597703 0.15 0.547659
0.441592 0.15 0.49106
0.510616 0.15 0.512822
0.579484 0.15 0.441958
0.57031 0.15 0.57834
0.603636 0.15 0.443954
0.531436 0.15 0.522381
0.603096 0.15 0.609139
0.569916 0.15 0.53041
0.431823 0.15 0.594792
0.606676 0.15 0.411498
0.597108 0.15 0.425433
0.578797 0.15 0.4723
0.575227 0.15 0.633547
0.355036 0.15 0.458008
0.526043 0.15 0.603096
0.542615 0.15 0.619686
0.528607 0.15 0.450491
0.481922 0.15 0.417284
0.609368 0.15 0.527114
0.376359 0.15 0.417898
0.485218 0.15 0.577973
