2880 0.012625
0.377698 0.405803 0.382957
0.458901 0.329813 0.336336
0.478176 0.243508 0.344118
0.490391 0.243805 0.354601
0.499247 0.276721 0.353004
0.527003 0.349777 0.340835
0.342432 0.348738 0.455353
0.399168 0.321267 0.394677
0.435684 0.275598 0.315918
0.499746 0.237514 0.290037
0.552242 0.290589 0.33798
0.587716 0.354918 0.40383
0.328184 0.305399 0.473702
0.318604 0.261792 0.435152
0.363301 0.46837 0.352397
0.510522 0.489699 0.331813
0.669737 0.439408 0.374876
0.668244 0.242915 0.446078
0.340952 0.271092 0.4823
0.30091 0.250832 0.505718
0.363581 0.509749 0.505662
0.521827 0.518578 0.503963
0.692613 0.452011 0.514292
0.685143 0.203794 0.501308
0.345968 0.306922 0.496153
0.359305 0.288688 0.546406
0.374382 0.38527 0.6765
0.502244 0.431454 0.706373
0.641492 0.383221 0.64646
0.654867 0.227537 0.536893
0.360214 0.374525 0.553588
0.417688 0.371385 0.581204
0.454712 0.265094 0.64693
0.496189 0.22122 0.682158
0.542955 0.240227 0.666255
0.581764 0.325113 0.571954
0.403518 0.377281 0.405197
0.363502 0.378014 0.551716
0.31038 0.220926 0.503072
0.67489 0.467752 0.499452
0.421437 0.300349 0.684866
0.505979 0.249365 0.361336
0.37589 0.359635 0.530436
0.371198 0.395154 0.567919
0.660697 0.283085 0.48913
0.479405 0.200795 0.365328
0.591706 0.372333 0.590391
0.594425 0.293115 0.576766
0.509972 0.255356 0.715981
0.511331 0.515289 0.573836
0.709123 0.429935 0.445839
0.663468 0.296834 0.481482
0.354249 0.248917 0.504268
0.413981 0.398972 0.363336
0.515765 0.221881 0.660817
0.410454 0.380052 0.568881
0.405141 0.305352 0.576916
0.35917 0.366827 0.6655
0.355897 0.279979 0.503382
0.552659 0.391 0.714675
0.407847 0.380271 0.619418
0.633542 0.258822 0.519777
0.575988 0.493036 0.603531
0.447987 0.253239 0.655611
0.612905 0.312236 0.544559
0.433915 0.522226 0.504242
0.487265 0.221134 0.649911
0.631772 0.274588 0.530396
0.650528 0.486423 0.464533
0.624907 0.330697 0.538688
0.505712 0.220045 0.672337
0.348536 0.320159 0.456747
0.379947 0.343981 0.529103
0.332956 0.240891 0.449143
0.609905 0.281981 0.590801
0.656131 0.251394 0.44307
0.41603 0.496173 0.360875
0.506189 0.243021 0.361623
0.475109 0.223094 0.683372
0.482097 0.245941 0.648039
0.635101 0.481482 0.561984
0.541868 0.517251 0.502364
0.513913 0.290302 0.643568
0.603435 0.296838 0.369258
0.463667 0.520831 0.445613
0.69458 0.226995 0.533615
0.334264 0.359338 0.636232
0.35566 0.29594 0.546351
0.634271 0.268711 0.451293
0.420146 0.379757 0.620352
0.63021 0.283319 0.599091
0.450103 0.514331 0.39512
0.411246 0.365132 0.564939
0.521869 0.519505 0.447703
0.380384 0.282624 0.57494
0.62635 0.29333 0.382085
0.414842 0.477582 0.332523
0.349122 0.276535 0.490559
0.616156 0.274904 0.56929
0.3908 0.403309 0.577434
0.511589 0.290327 0.652135
0.65905 0.223173 0.474763
0.615458 0.323942 0.425352
0.531406 0.24444 0.706677
0.428807 0.279903 0.646394
0.355462 0.271205 0.501723
0.431226 0.280812 0.682785
0.587298 0.325047 0.567659
0.338134 0.18526 0.467642
0.328731 0.186165 0.465242
0.458501 0.276387 0.342492
0.659027 0.212637 0.458309
0.647639 0.222504 0.463078
0.50641 0.215486 0.356416
0.673084 0.215533 0.458832
0.626161 0.276662 0.543948
0.570816 0.293136 0.687191
0.307092 0.207339 0.45983
0.506405 0.21762 0.303673
0.690893 0.254829 0.544827
0.442023 0.256519 0.318745
0.595707 0.36549 0.426082
0.659627 0.478101 0.512887
0.395217 0.296057 0.567709
0.516621 0.222282 0.686073
0.323333 0.187594 0.491226
0.457829 0.467288 0.304322
0.663447 0.257562 0.484103
0.663752 0.193527 0.493318
0.559291 0.483869 0.631758
0.531375 0.512963 0.397713
0.721387 0.302822 0.444888
0.464807 0.300188 0.638596
0.386015 0.406011 0.387511
0.585842 0.304134 0.314148
0.600944 0.378938 0.300097
0.484371 0.219858 0.678956
0.451617 0.243984 0.299746
0.560315 0.514771 0.506108
0.592294 0.392633 0.401588
0.456855 0.325031 0.345249
0.654064 0.209913 0.465414
0.582187 0.395198 0.39597
0.350717 0.493323 0.40596
0.404458 0.372464 0.622748
0.324426 0.179254 0.483507
0.711508 0.415037 0.429845
0.656581 0.231807 0.471273
0.482683 0.302238 0.259412
0.504215 0.198461 0.345549
0.457117 0.332218 0.634882
0.300639 0.434155 0.57701
0.508918 0.244956 0.642987
0.653441 0.286167 0.395884
0.390277 0.48134 0.350018
0.526302 0.315207 0.634518
0.432822 0.339699 0.602052
0.342326 0.242129 0.515528
0.662758 0.299539 0.478617
0.422609 0.360517 0.590803
0.259771 0.354391 0.503716
0.405584 0.402493 0.379838
0.413716 0.383325 0.604258
0.513266 0.520409 0.456169
0.539215 0.270162 0.305329
0.531544 0.244732 0.706266
0.530657 0.350251 0.357176
0.727174 0.347662 0.545291
0.258596 0.360595 0.496294
0.344011 0.253124 0.478587
0.488914 0.387123 0.726133
0.364295 0.277037 0.552249
0.351134 0.293377 0.596528
0.534018 0.327123 0.633858
0.406517 0.303196 0.601717
0.426458 0.397905 0.278242
0.661279 0.295787 0.476857
0.527787 0.327798 0.656067
0.557424 0.447605 0.303265
0.527773 0.31815 0.635482
0.330432 0.237548 0.518837
0.322504 0.210444 0.503296
0.369316 0.27482 0.551205
0.663024 0.283688 0.47857
0.347187 0.345161 0.453031
0.497705 0.191509 0.336711
0.730729 0.30233 0.486936
0.708912 0.285916 0.442801
0.521152 0.241388 0.325584
0.438409 0.279799 0.299323
0.301057 0.277383 0.519506
0.648465 0.265988 0.439165
0.323322 0.250832 0.522851
0.411844 0.305677 0.359127
0.433351 0.286934 0.304599
0.431864 0.372584 0.628445
0.606309 0.360216 0.433563
0.351424 0.25168 0.491788
0.69221 0.212559 0.502292
0.346031 0.243745 0.481735
0.453082 0.282888 0.638697
0.507698 0.274799 0.65269
0.368134 0.285764 0.557363
0.637284 0.338642 0.64202
0.459521 0.286967 0.342686
0.372721 0.386393 0.55449
0.44052 0.261678 0.317362
0.518821 0.267546 0.339035
0.355024 0.226899 0.490502
0.40287 0.290934 0.63883
0.588224 0.389025 0.406454
0.693278 0.213047 0.514255
0.673177 0.216322 0.535379
0.637607 0.427401 0.633911
0.331864 0.276242 0.534199
0.282219 0.437009 0.50701
0.366476 0.293516 0.431284
0.335138 0.242229 0.520357
0.501301 0.226394 0.359242
0.339321 0.261871 0.474248
0.506262 0.201444 0.32459
0.488112 0.18867 0.326388
0.456219 0.331877 0.341429
0.376861 0.299121 0.389533
0.607809 0.402276 0.306143
0.606128 0.380869 0.422544
0.349838 0.318379 0.509403
0.647673 0.211678 0.521457
0.344263 0.268231 0.466956
0.424546 0.352296 0.712453
0.506379 0.266587 0.355589
0.463155 0.281132 0.340639
0.559114 0.279426 0.691255
0.625214 0.335508 0.45266
0.496328 0.192116 0.329419
0.573486 0.51271 0.510607
0.355155 0.218431 0.490031
0.542737 0.28717 0.335435
0.511356 0.503316 0.35646
0.543731 0.242905 0.663087
0.341473 0.271717 0.537508
0.347463 0.24674 0.45966
0.333129 0.287127 0.54349
0.267714 0.312873 0.507989
0.692085 0.220425 0.469156
0.702611 0.256755 0.529308
0.679656 0.414294 0.370505
0.406866 0.305198 0.583941
0.515072 0.235451 0.647219
0.504233 0.412358 0.269758
0.529886 0.260194 0.641293
0.516399 0.296299 0.353491
0.40267 0.390604 0.569558
0.448558 0.322347 0.349054
0.355296 0.322362 0.37816
0.386616 0.299756 0.375607
0.54445 0.333707 0.722326
0.486199 0.189532 0.323606
0.492807 0.210913 0.358857
0.54017 0.384573 0.263272
0.269245 0.345167 0.448158
0.325244 0.199428 0.498458
0.663726 0.325727 0.605356
0.526059 0.319197 0.355465
0.567377 0.361631 0.589123
0.636795 0.334889 0.638264
0.368919 0.368164 0.309294
0.422114 0.479124 0.33146
0.481248 0.487262 0.324393
0.394043 0.398871 0.401766
0.509599 0.253603 0.642728
0.532539 0.34391 0.361686
0.653969 0.242767 0.500277
0.547422 0.318194 0.60939
0.648478 0.484181 0.416682
0.683936 0.211204 0.473016
0.482687 0.220477 0.354327
0.403588 0.332111 0.39343
0.463603 0.235379 0.68861
0.649058 0.237694 0.499608
0.620128 0.484829 0.575085
0.293704 0.44824 0.441764
0.344126 0.249815 0.514663
0.617172 0.319869 0.537712
0.412439 0.327375 0.303129
0.52091 0.23067 0.309447
0.535499 0.272593 0.714094
0.566164 0.379494 0.710467
0.317896 0.186837 0.485853
0.402883 0.321607 0.384078
0.709021 0.36315 0.571259
0.380891 0.302037 0.354864
0.34444 0.26271 0.524651
0.474318 0.194172 0.31635
0.639691 0.221546 0.501
0.610581 0.378036 0.425683
0.302732 0.385937 0.59222
0.733955 0.346234 0.452549
0.506175 0.223848 0.677838
0.691125 0.21624 0.477448
0.656752 0.23507 0.544287
0.619811 0.3203 0.427832
0.529225 0.274411 0.332683
0.44309 0.519035 0.434163
0.41583 0.3733 0.622345
0.64741 0.240014 0.504586
0.355573 0.507125 0.52274
0.470951 0.194341 0.337273
0.635405 0.316542 0.355937
0.570851 0.364673 0.404661
0.584109 0.392814 0.397559
0.683453 0.204201 0.516639
0.380621 0.497088 0.600124
0.310864 0.283341 0.528107
0.359461 0.329203 0.357209
0.498286 0.266248 0.654093
0.442049 0.519696 0.44182
0.596506 0.319272 0.386088
0.528591 0.29627 0.630706
0.467205 0.206303 0.34295
0.301416 0.270179 0.5102
0.46503 0.238224 0.699786
0.45313 0.333185 0.345581
0.344882 0.247448 0.458277
0.402047 0.347209 0.405747
0.31726 0.385899 0.614159
0.443935 0.262421 0.647661
0.486138 0.207218 0.356042
0.338142 0.25977 0.440382
0.472347 0.200286 0.312554
0.316293 0.436785 0.602111
0.445449 0.25424 0.309784
0.637735 0.26055 0.525431
0.573822 0.306622 0.589836
0.415336 0.310554 0.596926
0.560115 0.268415 0.623713
0.713099 0.348224 0.411868
0.36201 0.295486 0.411298
0.288304 0.402621 0.402699
0.559113 0.363047 0.718224
0.65829 0.251149 0.497682
0.334521 0.205837 0.501392
0.474798 0.509006 0.364651
0.653188 0.418958 0.623991
0.634436 0.39322 0.326565
0.390768 0.384708 0.557729
0.434679 0.37312 0.363064
0.362315 0.36813 0.438632
0.506348 0.267315 0.654146
0.258085 0.379238 0.471838
0.521681 0.518229 0.442189
0.462808 0.251837 0.338455
0.314809 0.286025 0.542954
0.462167 0.239537 0.328444
0.363272 0.297286 0.390906
0.382719 0.367533 0.42525
0.593393 0.324167 0.565001
0.515878 0.490011 0.640215
0.60348 0.361072 0.558488
0.563035 0.340289 0.589875
0.425314 0.383283 0.371254
0.696392 0.223779 0.480188
0.343238 0.264527 0.435207
0.504915 0.258275 0.654188
0.453891 0.327078 0.342265
0.452094 0.242651 0.310369
0.422959 0.435852 0.688751
0.504104 0.5185 0.501921
0.733615 0.326073 0.49037
0.51557 0.520119 0.477779
0.468868 0.520428 0.489421
0.268288 0.333263 0.456059
0.351938 0.202713 0.47552
0.649953 0.247788 0.463852
0.619206 0.320401 0.539246
0.69284 0.452986 0.47862
0.401554 0.377147 0.608997
0.50366 0.202237 0.339798
0.30015 0.279681 0.43596
0.469132 0.291432 0.645193
0.409598 0.520918 0.493991
0.284874 0.279314 0.446942
0.343906 0.287281 0.461603
0.326244 0.223058 0.507035
0.366661 0.298743 0.396726
0.597614 0.296147 0.575107
0.66132 0.248682 0.491767
0.658558 0.478373 0.510142
0.679591 0.203728 0.506868
0.526131 0.470727 0.31322
0.546351 0.276484 0.298429
0.344566 0.491702 0.411448
0.365454 0.353295 0.531323
0.64268 0.242227 0.524262
0.625738 0.347165 0.446274
0.599588 0.286254 0.5952
0.347252 0.2729 0.528939
0.694596 0.220872 0.509208
0.58312 0.496664 0.582767
0.508967 0.275868 0.656825
0.515821 0.291613 0.653232
0.425101 0.29489 0.324082
0.610772 0.337053 0.408475
0.656651 0.224168 0.4645
0.671897 0.31988 0.591072
0.319677 0.205407 0.460211
0.34202 0.325068 0.605305
0.402713 0.295166 0.631088
0.608464 0.368676 0.428547
0.392517 0.362278 0.548078
0.34254 0.377613 0.647951
0.699239 0.43083 0.54859
0.693501 0.26116 0.540616
0.534914 0.496428 0.623818
0.550259 0.335972 0.610816
0.542229 0.330529 0.626156
0.367924 0.317404 0.435035
0.290143 0.387234 0.574034
0.46544 0.262993 0.653715
0.353608 0.299847 0.518172
0.398562 0.364776 0.554705
0.613685 0.336335 0.415123
0.528706 0.30391 0.634188
0.427946 0.355961 0.606239
0.632124 0.49404 0.428078
0.613683 0.366462 0.432077
0.357219 0.504294 0.458818
0.681623 0.321837 0.581626
0.550358 0.360117 0.381205
0.687968 0.289989 0.43332
0.576997 0.512867 0.446605
0.296987 0.347295 0.404703
0.33932 0.266239 0.436734
0.685888 0.225594 0.533126
0.382528 0.392406 0.579458
0.5147 0.291112 0.660697
0.43469 0.331037 0.610586
0.398926 0.294205 0.348812
0.388229 0.296615 0.610332
0.458192 0.23643 0.301701
0.561192 0.272523 0.629571
0.650915 0.329943 0.356333
0.397004 0.395442 0.580639
0.444359 0.258776 0.31308
0.601195 0.306704 0.567557
0.297997 0.364765 0.390349
0.653322 0.480669 0.51914
0.671762 0.385905 0.607939
0.46988 0.306618 0.260101
0.488325 0.26128 0.280825
0.590833 0.502138 0.550947
0.483483 0.216875 0.346094
0.573526 0.28862 0.603287
0.394095 0.297838 0.642145
0.688409 0.448304 0.542499
0.381071 0.382901 0.557839
0.347133 0.199364 0.4738
0.668371 0.214262 0.528513
0.641814 0.489574 0.441151
0.698922 0.341282 0.394037
0.452326 0.350296 0.260264
0.486905 0.222475 0.657947
0.348728 0.309922 0.511796
0.408768 0.379662 0.593505
0.711078 0.395928 0.4168
0.498327 0.25269 0.346724
0.372995 0.292751 0.559342
0.530307 0.258097 0.646604
0.407755 0.374027 0.604579
0.563226 0.372917 0.390869
0.544214 0.287048 0.32649
0.603209 0.302061 0.569382
0.266863 0.367615 0.526766
0.395922 0.294709 0.355581
0.556204 0.279757 0.692793
0.597807 0.295124 0.361348
0.477589 0.273156 0.654259
0.64614 0.255096 0.551903
0.58586 0.289179 0.599325
0.278125 0.367874 0.558852
0.712562 0.27298 0.50309
0.554102 0.490857 0.349664
0.379853 0.295448 0.611908
0.548924 0.323224 0.611635
0.400806 0.295618 0.635484
0.507548 0.221118 0.315797
0.721328 0.387281 0.434175
0.699359 0.427338 0.551721
0.536834 0.272623 0.638523
0.514571 0.515943 0.521201
0.689398 0.219403 0.522761
0.274726 0.310607 0.452804
0.405295 0.297084 0.661158
0.657567 0.228346 0.495873
0.658888 0.19779 0.509841
0.494246 0.516662 0.407449
0.283397 0.283126 0.448175
0.639051 0.290185 0.528991
0.483453 0.19863 0.347095
0.539832 0.312384 0.62356
0.42338 0.401335 0.701897
0.54868 0.260454 0.650194
0.34356 0.233733 0.495867
0.557967 0.510084 0.54038
0.316075 0.24792 0.508922
0.604639 0.362096 0.41326
0.296679 0.22518 0.483686
0.608378 0.315183 0.557269
0.702693 0.249473 0.487649
0.382659 0.304851 0.38006
0.341432 0.211494 0.467491
0.451214 0.313029 0.338836
0.446316 0.267172 0.299852
0.479216 0.512669 0.592935
0.500752 0.231941 0.345003
0.445171 0.318426 0.62959
0.588369 0.311688 0.316469
0.544772 0.260597 0.646771
0.617644 0.477984 0.593901
0.54183 0.355673 0.361619
0.668068 0.259394 0.485533
0.51643 0.480525 0.652326
0.484903 0.260664 0.651628
0.288295 0.336501 0.565889
0.502061 0.514288 0.572238
0.520555 0.417698 0.712075
0.363557 0.300753 0.404204
0.281502 0.316002 0.548519
0.294859 0.380343 0.393181
0.59336 0.360776 0.571258
0.509663 0.278047 0.343512
0.360935 0.354981 0.541793
0.334876 0.273465 0.465738
0.474319 0.515875 0.56746
0.324 0.27223 0.4356
0.388726 0.298124 0.348166
0.437149 0.351805 0.625083
0.563325 0.513062 0.50259
0.519948 0.229852 0.691449
0.380964 0.370301 0.4219
0.401377 0.383146 0.578305
0.484403 0.231218 0.678129
0.477254 0.515261 0.570814
0.34627 0.329294 0.522232
0.356097 0.381195 0.323124
0.380575 0.306208 0.381295
0.564463 0.284136 0.630802
0.685204 0.21759 0.512925
0.369952 0.296829 0.566763
0.512306 0.478386 0.319658
0.663885 0.238045 0.494583
0.557265 0.31369 0.363672
0.317753 0.253586 0.510408
0.41504 0.507386 0.391561
0.634119 0.293501 0.446248
0.650847 0.240067 0.515967
0.443156 0.301048 0.278688
0.337042 0.24368 0.507046
0.49471 0.517507 0.420024
0.455677 0.250601 0.669507
0.485405 0.206951 0.311777
0.513988 0.240216 0.323571
0.623991 0.309468 0.62801
0.426979 0.297937 0.632186
0.545756 0.360411 0.364105
0.499173 0.232461 0.68583
0.401773 0.48799 0.633234
0.598399 0.304111 0.57556
0.671421 0.234992 0.460257
0.455092 0.292826 0.332646
0.53775 0.315593 0.635765
0.366381 0.299477 0.420369
0.57648 0.480593 0.623911
0.398933 0.37847 0.597
0.366708 0.361848 0.548385
0.478932 0.518843 0.439787
0.301913 0.231882 0.490533
0.489459 0.250385 0.654828
0.580666 0.340324 0.582612
0.367437 0.342601 0.534374
0.618563 0.323093 0.405174
0.371887 0.309381 0.405388
0.297552 0.255841 0.451869
0.348738 0.487968 0.396767
0.417816 0.346169 0.599009
0.363201 0.301911 0.417687
0.655823 0.27264 0.563916
0.703697 0.261634 0.498961
0.334923 0.264668 0.463763
0.499351 0.233041 0.674252
0.454944 0.263864 0.324371
0.641751 0.284873 0.531663
0.389215 0.376305 0.560969
0.342849 0.337744 0.450232
0.419703 0.351403 0.617638
0.582576 0.340079 0.580439
0.391148 0.302708 0.565418
0.61541 0.373391 0.313205
0.330821 0.190426 0.473769
0.456997 0.313205 0.645876
0.685359 0.2313 0.531916
0.524003 0.429814 0.278915
0.430302 0.31574 0.35129
0.441893 0.338755 0.269914
0.598701 0.317349 0.322013
0.561983 0.27778 0.662847
0.538539 0.38008 0.261954
0.532897 0.518097 0.466529
0.480698 0.23013 0.660973
0.656079 0.221189 0.503981
0.516744 0.24164 0.314479
0.561345 0.337291 0.605817
0.297206 0.234293 0.484968
0.371853 0.313472 0.426129
0.638945 0.307003 0.421074
0.398406 0.518024 0.498789
0.394301 0.4708 0.65091
0.366096 0.30692 0.412947
0.414784 0.34738 0.596898
0.467179 0.282641 0.651914
0.63902 0.471549 0.576017
0.315766 0.462226 0.403155
0.568388 0.354627 0.381971
0.397987 0.323211 0.382927
0.396772 0.407353 0.292133
0.502733 0.516847 0.435157
0.421775 0.342427 0.607404
0.343578 0.328277 0.609681
0.423279 0.324128 0.301127
0.505453 0.233173 0.329908
0.397583 0.356369 0.286761
0.379351 0.353669 0.679304
0.320785 0.249676 0.450046
0.674181 0.245543 0.47845
0.530854 0.281399 0.643024
0.512868 0.235507 0.700605
0.679324 0.350927 0.600998
0.404351 0.328526 0.37837
0.390654 0.377288 0.566469
0.329667 0.216631 0.469864
0.417301 0.519309 0.455599
0.612374 0.369616 0.419201
0.599787 0.347991 0.300659
0.314512 0.235665 0.499811
0.486586 0.234 0.67242
0.514478 0.240276 0.704743
0.568918 0.304527 0.60418
0.413295 0.355128 0.605439
0.393725 0.334561 0.397403
0.324473 0.292234 0.554443
0.507793 0.516329 0.497621
0.529064 0.488091 0.335352
0.406235 0.417995 0.288871
0.362464 0.305507 0.417625
0.500865 0.238011 0.672214
0.506233 0.263921 0.330586
0.348605 0.344338 0.637809
0.444333 0.270693 0.690441
0.498557 0.227123 0.319892
0.322059 0.253724 0.507437
0.432042 0.325971 0.617494
0.712989 0.276141 0.464408
0.601971 0.318843 0.383317
0.488919 0.27603 0.659595
0.379669 0.30167 0.576607
0.518964 0.262804 0.657627
0.489019 0.223819 0.307503
0.576565 0.403178 0.289703
0.322615 0.209926 0.467675
0.383138 0.3177 0.395189
0.570086 0.337702 0.600593
0.734101 0.334314 0.463435
0.593723 0.386787 0.390758
0.457931 0.275794 0.321615
0.468376 0.247428 0.315422
0.728616 0.305922 0.462567
0.322985 0.295646 0.53471
0.497566 0.264737 0.66219
0.324764 0.238578 0.502278
0.700412 0.264337 0.525517
0.355482 0.302017 0.405427
0.597792 0.433848 0.661926
0.592593 0.313608 0.671969
0.659186 0.215685 0.508631
0.385119 0.322959 0.548513
0.424332 0.305908 0.32884
0.372767 0.316112 0.542054
0.576513 0.292437 0.336055
0.462405 0.253305 0.670523
0.359697 0.30435 0.421722
0.570064 0.316648 0.603417
0.390209 0.361391 0.408707
0.609416 0.305347 0.573207
0.505503 0.379169 0.258711
0.438177 0.33485 0.631121
0.590296 0.351456 0.592518
0.33031 0.29801 0.538312
0.304522 0.206179 0.474497
0.465784 0.517774 0.445398
0.585962 0.437508 0.310863
0.320345 0.233264 0.461587
0.570215 0.291841 0.618093
0.511213 0.241289 0.679501
0.610197 0.300069 0.584276
0.673483 0.28274 0.48298
0.453287 0.266405 0.654434
0.403389 0.349596 0.609275
0.564983 0.330719 0.611873
0.272336 0.408655 0.454899
0.461061 0.256286 0.665371
0.534954 0.336959 0.258896
0.510887 0.515789 0.497236
0.632967 0.285388 0.554051
0.388315 0.367425 0.566023
0.484029 0.241209 0.687693
0.523592 0.508711 0.593985
0.694507 0.240355 0.516071
0.678355 0.46101 0.5268
0.524672 0.497295 0.622904
0.648431 0.313753 0.368476
0.301904 0.260587 0.451783
0.381098 0.318823 0.345093
0.503397 0.244414 0.315045
0.600148 0.300322 0.361896
0.611962 0.303243 0.579337
0.344531 0.304813 0.443349
0.379803 0.512137 0.487938
0.494337 0.243671 0.686962
0.568051 0.372161 0.371857
0.38539 0.327204 0.395807
0.357882 0.307052 0.432842
0.316829 0.237237 0.462735
0.318457 0.241397 0.462042
0.425636 0.324857 0.616906
0.676561 0.33177 0.378621
0.59893 0.504383 0.428198
0.525769 0.268606 0.658736
0.737015 0.343464 0.469647
0.313447 0.47553 0.508581
0.467476 0.245703 0.694928
0.535124 0.297819 0.332296
0.459117 0.256443 0.297009
0.445396 0.491303 0.640102
0.611711 0.346511 0.399165
0.433216 0.325897 0.340715
0.423564 0.488906 0.347675
0.435648 0.476264 0.659558
0.38726 0.359428 0.575042
0.681542 0.421776 0.579246
0.516886 0.494885 0.628622
0.382357 0.317792 0.381726
0.603989 0.311002 0.578932
0.55353 0.273594 0.669212
0.532224 0.323197 0.261666
0.401551 0.357341 0.592961
0.377795 0.300652 0.606877
0.407962 0.341684 0.612897
0.340975 0.364336 0.342391
0.30883 0.238792 0.464823
0.617168 0.306503 0.377989
0.471575 0.298606 0.727135
0.331473 0.301053 0.453096
0.532078 0.307484 0.33294
0.652342 0.262036 0.53896
0.630269 0.332625 0.429561
0.529488 0.304764 0.330058
0.683462 0.256451 0.474085
0.347761 0.310914 0.532951
0.578391 0.374985 0.376849
0.444286 0.518897 0.487781
0.392422 0.33802 0.390787
0.613733 0.500794 0.488487
0.452713 0.513918 0.577027
0.523761 0.269597 0.668145
0.61377 0.364229 0.400845
0.607237 0.318665 0.574127
0.460882 0.306573 0.723268
0.443211 0.445396 0.293532
0.706034 0.393054 0.407171
0.653413 0.295772 0.44446
0.303234 0.293818 0.532761
0.42217 0.368241 0.709266
0.392607 0.306066 0.339868
0.548255 0.481886 0.3362
0.517624 0.515321 0.48566
0.675623 0.262013 0.489634
0.689214 0.254824 0.481134
0.438387 0.295934 0.303804
0.499568 0.276402 0.280665
0.462048 0.256726 0.700137
0.613173 0.349414 0.312778
0.714569 0.394467 0.426655
0.305887 0.297089 0.537186
0.296741 0.420824 0.388395
0.502615 0.467124 0.669234
0.630746 0.305432 0.393334
0.657402 0.26504 0.534016
0.648276 0.300926 0.452722
0.291891 0.318938 0.555729
0.459958 0.516068 0.521712
0.682416 0.264534 0.477717
0.464752 0.260656 0.666941
0.713568 0.388409 0.55325
0.409072 0.348011 0.37247
0.647054 0.302466 0.598577
0.494319 0.263415 0.308694
0.49173 0.254648 0.669245
0.62975 0.482961 0.554444
0.347619 0.303676 0.433383
0.626896 0.489495 0.535992
0.618028 0.43173 0.645204
0.493496 0.251425 0.684858
0.266354 0.309997 0.47514
0.493566 0.515916 0.468144
0.394056 0.352883 0.598571
0.692728 0.2604 0.480608
0.367725 0.325447 0.421695
0.456967 0.299519 0.273786
0.315316 0.303618 0.52494
0.357848 0.321098 0.547433
0.33582 0.47246 0.386544
0.45055 0.396 0.272694
0.566081 0.4399 0.675062
0.719788 0.383119 0.431559
0.402438 0.512359 0.432921
0.34059 0.496407 0.492619
0.324635 0.485399 0.504059
0.403941 0.319073 0.607845
0.282548 0.293307 0.515329
0.617473 0.30894 0.365246
0.397558 0.324826 0.324117
0.627038 0.346447 0.407415
0.292706 0.26293 0.479923
0.649376 0.309561 0.441636
0.330527 0.442255 0.615279
0.499657 0.251738 0.699279
0.612865 0.317497 0.341338
0.309436 0.28899 0.502633
0.646014 0.314106 0.441579
0.603659 0.480304 0.598144
0.38061 0.310938 0.5872
0.45515 0.272289 0.305125
0.277047 0.300065 0.4575
0.711246 0.384855 0.415748
0.326799 0.320353 0.57134
0.406974 0.336555 0.368159
0.444811 0.450747 0.68337
0.362348 0.328517 0.389381
0.67999 0.272514 0.545718
0.502757 0.275827 0.308431
0.625281 0.342749 0.407294
0.611666 0.313105 0.581685
0.60443 0.503536 0.457447
0.677233 0.262587 0.499094
0.551932 0.491895 0.616213
0.507182 0.325912 0.261497
0.65698 0.29417 0.458124
0.619589 0.498072 0.483063
0.321236 0.312903 0.520034
0.319698 0.311368 0.518751
0.520127 0.510163 0.401522
0.659683 0.470024 0.539514
0.347605 0.371926 0.649424
0.379698 0.325309 0.562229
0.388222 0.330599 0.582874
0.437504 0.280539 0.669884
0.560197 0.411332 0.285552
0.400586 0.36207 0.37707
0.537601 0.447806 0.299212
0.654382 0.308674 0.439782
0.632592 0.334239 0.412096
0.271073 0.38823 0.449857
0.547945 0.441973 0.681592
0.336049 0.310231 0.432737
0.342651 0.354206 0.637786
0.38297 0.334047 0.571864
0.561208 0.316403 0.284461
0.675767 0.264819 0.508777
0.478931 0.267481 0.291943
0.566524 0.310612 0.624137
0.574948 0.509415 0.462395
0.524458 0.293682 0.313009
0.492867 0.300602 0.267787
0.394313 0.515064 0.493911
0.632907 0.306087 0.37593
0.635221 0.490314 0.447663
0.543269 0.493277 0.618521
0.358995 0.340803 0.426131
0.405792 0.32546 0.321821
0.526306 0.512841 0.459406
0.354981 0.329431 0.387669
0.427468 0.359456 0.275039
0.685013 0.289319 0.457248
0.475063 0.257578 0.689074
0.648531 0.471256 0.392997
0.681702 0.277458 0.545881
0.572012 0.327912 0.36496
0.424152 0.321606 0.631615
0.661948 0.431967 0.600972
0.502812 0.287433 0.276083
0.265981 0.329437 0.483584
0.462389 0.269747 0.666426
0.292217 0.300487 0.51417
0.404054 0.340948 0.366595
0.349395 0.31626 0.417498
0.682673 0.30015 0.430077
0.438996 0.451518 0.680417
0.590477 0.404137 0.300247
0.513747 0.265168 0.700294
0.595675 0.340054 0.307898
0.392876 0.341194 0.595549
0.357851 0.320799 0.403026
0.505441 0.272162 0.706045
0.396791 0.341766 0.37659
0.587261 0.303142 0.639616
0.587881 0.319373 0.365168
0.43106 0.314804 0.31352
0.617353 0.487011 0.556162
0.340172 0.327797 0.579434
0.700338 0.281468 0.504543
0.513078 0.275752 0.707396
0.696057 0.434899 0.540905
0.678416 0.298333 0.439622
0.319424 0.300368 0.448964
0.314858 0.352798 0.59629
0.504461 0.275687 0.708975
0.3291 0.315745 0.542188
0.685237 0.259524 0.523139
0.584752 0.384907 0.29433
0.668562 0.284695 0.560009
0.480055 0.511574 0.540866
0.415014 0.306343 0.649229
0.617576 0.484839 0.386423
0.302973 0.30249 0.547332
0.44419 0.278023 0.653548
0.668967 0.25888 0.528186
0.379183 0.348625 0.388333
0.482588 0.512474 0.453526
0.57648 0.316181 0.680515
0.431514 0.295065 0.676863
0.373167 0.327124 0.583724
0.693745 0.303017 0.428815
0.658115 0.383764 0.619574
0.317718 0.307684 0.448189
0.41377 0.332995 0.337234
0.717455 0.306129 0.533278
0.593684 0.306717 0.643516
0.299514 0.305796 0.529123
0.487633 0.510998 0.513958
0.474312 0.300722 0.271437
0.454813 0.331849 0.270847
0.308729 0.292419 0.451907
0.302023 0.335507 0.566347
0.679552 0.457805 0.501665
0.387444 0.513875 0.521492
0.394441 0.347671 0.376876
0.493761 0.269573 0.702928
0.675031 0.29914 0.456881
0.310239 0.29512 0.453105
0.383304 0.320294 0.609974
0.485128 0.285624 0.28292
0.566675 0.391439 0.70161
0.399082 0.317469 0.650766
0.610837 0.451847 0.6297
0.476732 0.514161 0.42581
0.486444 0.510366 0.537395
0.591603 0.307651 0.635353
0.606853 0.341437 0.586495
0.454138 0.511748 0.575396
0.262514 0.370805 0.489003
0.370113 0.32164 0.587854
0.707572 0.322277 0.428182
0.33951 0.334083 0.580308
0.487172 0.510643 0.493146
0.380204 0.343994 0.379057
0.453195 0.27374 0.688768
0.571636 0.362401 0.705177
0.714307 0.346464 0.424868
0.318826 0.350547 0.378217
0.48145 0.32623 0.263867
0.356617 0.345911 0.352501
0.485873 0.510825 0.48818
0.527802 0.288194 0.292358
0.38766 0.348324 0.609152
0.398841 0.439185 0.30847
0.591038 0.48742 0.586969
0.553611 0.300271 0.653988
0.284596 0.287751 0.472213
0.704323 0.333687 0.418721
0.537525 0.294851 0.301025
0.641598 0.323346 0.402674
0.562735 0.309701 0.29291
0.302012 0.455979 0.53389
0.683352 0.285987 0.503333
0.465074 0.280453 0.669074
0.404473 0.337299 0.346743
0.482878 0.508459 0.587423
0.564237 0.335959 0.283247
0.30553 0.327127 0.431044
0.396359 0.323235 0.355149
0.338872 0.353506 0.354194
0.694154 0.294939 0.461046
0.514605 0.363726 0.25824
0.437719 0.389692 0.277437
0.394602 0.322441 0.630476
0.352166 0.345473 0.416538
0.580157 0.318544 0.317658
0.417679 0.310807 0.670042
0.304197 0.347812 0.572518
0.674931 0.313943 0.458071
0.687544 0.28419 0.515105
0.50677 0.31227 0.721052
0.643176 0.481243 0.505573
0.681305 0.449081 0.427963
0.366818 0.488707 0.389069
0.55676 0.507086 0.471658
0.372379 0.356575 0.600572
0.37276 0.357931 0.387021
0.665896 0.344429 0.600636
0.570402 0.50375 0.522541
0.602946 0.48777 0.383174
0.472166 0.508084 0.589967
0.480269 0.510173 0.460479
0.363571 0.341928 0.382904
0.669112 0.288184 0.554755
0.276321 0.394227 0.529123
0.619908 0.358302 0.323353
0.431774 0.512832 0.442216
0.64887 0.311513 0.580233
0.378309 0.370069 0.379212
0.37597 0.335979 0.333534
0.337097 0.490102 0.454986
0.621831 0.337431 0.584106
0.287847 0.440005 0.494431
0.547452 0.50513 0.425498
0.578513 0.504026 0.508073
0.660793 0.31527 0.385985
0.276283 0.345241 0.537044
0.628526 0.321456 0.383138
0.601604 0.501867 0.477755
0.455464 0.284135 0.701081
0.454168 0.415291 0.279263
0.650524 0.479114 0.424527
0.327322 0.350234 0.608525
0.308237 0.352618 0.400169
0.692709 0.312322 0.477061
0.460567 0.277728 0.697024
0.526845 0.318191 0.719046
0.323998 0.48025 0.459282
0.610509 0.496013 0.418228
0.573564 0.306172 0.666709
0.313359 0.32308 0.4399
0.348685 0.340935 0.407695
0.550781 0.306963 0.305939
0.532633 0.287327 0.689676
0.535456 0.295477 0.70012
0.510155 0.306695 0.285077
0.527006 0.383487 0.266814
0.704544 0.40235 0.415389
0.309827 0.356634 0.388763
0.55765 0.496262 0.382433
0.36964 0.35193 0.37866
0.468269 0.427572 0.705899
0.710824 0.299097 0.482623
0.585454 0.505088 0.470667
0.32648 0.339382 0.389927
0.532167 0.334253 0.720764
0.334976 0.488533 0.535984
0.693356 0.298651 0.497262
0.399828 0.326228 0.647259
0.468056 0.291563 0.714675
0.387431 0.337208 0.619255
0.546819 0.302596 0.297321
0.544892 0.504387 0.432086
0.584939 0.502599 0.431326
0.328003 0.325216 0.566849
0.375445 0.337736 0.349062
0.417778 0.326095 0.678459
0.425451 0.513512 0.550795
0.588228 0.487578 0.374458
0.373091 0.340678 0.616555
0.692095 0.309892 0.495724
0.680037 0.348402 0.381202
0.544813 0.323662 0.710356
0.717985 0.411794 0.462535
0.576605 0.500615 0.411528
0.27537 0.407614 0.460984
0.490996 0.336882 0.265714
0.301835 0.319966 0.446946
0.442737 0.293419 0.683442
0.485402 0.362426 0.261865
0.582801 0.444131 0.320707
0.507519 0.464812 0.666057
0.631099 0.427444 0.631011
0.366988 0.35378 0.367771
0.284655 0.394744 0.429488
0.437371 0.297195 0.660943
0.310538 0.326422 0.561031
0.288725 0.364218 0.423752
0.484645 0.507016 0.480159
0.434355 0.359891 0.277202
0.282303 0.420355 0.447404
0.708278 0.302748 0.491181
0.335309 0.423649 0.631372
0.616912 0.331738 0.358712
0.31685 0.448846 0.389948
0.339937 0.461839 0.37398
0.597602 0.498395 0.415014
0.488691 0.284242 0.700818
0.331922 0.33862 0.41534
0.458835 0.508291 0.58119
0.488006 0.28716 0.686457
0.281566 0.304041 0.473969
0.273034 0.400838 0.491104
0.6074 0.326857 0.609027
0.364833 0.341976 0.61979
0.268794 0.384445 0.488138
0.690632 0.308464 0.512611
0.424711 0.513899 0.493877
0.560348 0.323772 0.695801
0.407073 0.500381 0.393966
0.55243 0.50116 0.418693
0.51487 0.307448 0.693095
0.614019 0.339418 0.600511
0.282889 0.313626 0.494196
0.647655 0.33014 0.581827
0.39542 0.498759 0.397579
0.659516 0.457927 0.55561
0.464013 0.507381 0.465112
0.698556 0.343241 0.412201
0.48964 0.293763 0.68843
0.277512 0.418777 0.471046
0.689429 0.302612 0.522235
0.314524 0.341049 0.432268
0.598732 0.335215 0.653773
0.693473 0.311118 0.502924
0.342997 0.350866 0.606279
0.314939 0.467694 0.538114
0.377774 0.344255 0.329775
0.385177 0.342914 0.656193
0.706179 0.33329 0.553887
0.372299 0.459586 0.639775
0.324729 0.356334 0.593819
0.344129 0.427668 0.638679
0.395144 0.425504 0.677459
0.489855 0.297511 0.68789
0.369852 0.35093 0.610516
0.682378 0.337754 0.395339
0.674561 0.319475 0.571686
0.328551 0.345114 0.406706
0.49488 0.40433 0.275421
0.562385 0.501343 0.446526
0.362081 0.361556 0.353121
0.688767 0.306312 0.528204
0.618956 0.356221 0.661732
0.571526 0.33168 0.684009
0.700526 0.34079 0.419434
0.531298 0.501658 0.434572
0.290194 0.320011 0.508434
0.456964 0.438113 0.693331
0.313064 0.331961 0.561239
0.551516 0.473745 0.635809
0.273748 0.390996 0.500704
0.567082 0.317258 0.669597
0.404462 0.376742 0.292987
0.33411 0.349569 0.573395
0.643071 0.348426 0.615737
0.282031 0.419819 0.514093
0.566683 0.414933 0.296966
0.655218 0.325871 0.570775
0.524158 0.502596 0.507206
0.523632 0.502538 0.51571
0.729307 0.358333 0.505301
0.394798 0.406933 0.680032
0.524495 0.397874 0.714313
0.39591 0.357318 0.326171
0.646472 0.4331 0.352848
0.389967 0.366915 0.301233
0.67385 0.318897 0.416481
0.623273 0.38367 0.328288
0.290485 0.321605 0.537236
0.659852 0.321245 0.570982
0.663999 0.409658 0.361802
0.405684 0.510482 0.464448
0.549201 0.315181 0.681511
0.647523 0.344205 0.601936
0.274995 0.324478 0.487398
0.380909 0.353547 0.630298
0.307262 0.389266 0.58173
0.681452 0.314564 0.551413
0.377228 0.376837 0.314427
0.582462 0.34183 0.675867
0.459408 0.433517 0.288691
0.511997 0.501118 0.449645
0.475368 0.366694 0.266263
0.721212 0.340295 0.52089
0.349212 0.361066 0.608622
0.283778 0.418587 0.528021
0.676729 0.315846 0.554511
0.699309 0.425901 0.435647
0.377255 0.356804 0.661803
0.294621 0.413413 0.411204
0.305293 0.440377 0.56078
0.296064 0.42127 0.561992
0.434183 0.328517 0.692078
0.69956 0.315125 0.45267
0.370858 0.355133 0.328841
0.287632 0.322852 0.51572
0.518157 0.412692 0.281195
0.440426 0.305745 0.674226
0.722009 0.324348 0.47819
0.349859 0.374563 0.344588
0.590301 0.394242 0.677884
0.394763 0.510145 0.508171
0.681664 0.37456 0.580101
0.415404 0.512259 0.513691
0.72534 0.34107 0.494968
0.478536 0.50306 0.537091
0.515357 0.501224 0.484281
0.633374 0.445379 0.610643
0.523938 0.494506 0.361785
0.666878 0.462912 0.48167
0.584812 0.418389 0.67046
0.560974 0.499719 0.508448
0.279534 0.386415 0.44763
0.31417 0.366206 0.394144
0.72134 0.330349 0.463025
0.681497 0.328643 0.562054
0.476858 0.330195 0.717927
0.508961 0.499225 0.454461
0.63109 0.370965 0.341512
0.297037 0.439358 0.540443
0.549445 0.326804 0.686778
0.432591 0.357131 0.301283
0.61782 0.467586 0.593004
0.605581 0.432893 0.644402
0.278321 0.34225 0.509335
0.496961 0.504019 0.402657
0.614202 0.355871 0.655484
0.459114 0.300367 0.68651
0.274522 0.39866 0.468434
0.674229 0.331963 0.430262
0.445818 0.30831 0.681238
0.426038 0.380469 0.286833
0.500248 0.454249 0.305518
0.510064 0.468816 0.656306
0.285397 0.333272 0.493594
0.44585 0.453305 0.675884
0.661278 0.332059 0.395943
0.458594 0.504253 0.4756
0.341052 0.370773 0.604972
0.296085 0.331188 0.540706
0.596091 0.481205 0.584785
0.706733 0.322412 0.481006
0.658775 0.353482 0.588318
0.470788 0.425223 0.704144
0.323279 0.474501 0.538074
0.711706 0.38829 0.431494
0.523406 0.499956 0.584572
0.456928 0.418813 0.284923
0.386372 0.363361 0.652517
0.294992 0.363524 0.435027
0.44189 0.486651 0.635156
0.678217 0.332634 0.559587
0.674366 0.337321 0.565694
0.489767 0.497821 0.468074
0.34987 0.482599 0.574465
0.568526 0.498161 0.467243
0.588363 0.404981 0.309314
0.620411 0.352993 0.622244
0.504528 0.32808 0.712824
0.589286 0.358159 0.312142
0.673125 0.332734 0.423479
0.545445 0.355674 0.710796
0.317078 0.421967 0.601244
0.455613 0.357602 0.281064
0.621845 0.357271 0.343352
0.654826 0.357833 0.58107
0.289082 0.344312 0.515439
0.651208 0.368665 0.363959
0.399293 0.352829 0.669966
0.510265 0.324149 0.709204
0.441104 0.396611 0.285478
0.44752 0.322755 0.696983
0.676749 0.350683 0.573154
0.467356 0.318399 0.711595
0.709967 0.340229 0.439116
0.51519 0.349206 0.277413
0.477854 0.499839 0.507019
0.461923 0.476782 0.327516
0.529979 0.352768 0.27583
0.589537 0.361462 0.659496
0.34867 0.373073 0.617472
0.553335 0.328162 0.68982
0.359989 0.36786 0.626342
0.683842 0.352996 0.569495
0.283597 0.39734 0.522307
0.28017 0.355877 0.464463
0.592755 0.355393 0.327201
0.321836 0.370572 0.576066
0.515475 0.481331 0.633708
0.46716 0.498841 0.476765
0.582278 0.436088 0.320096
0.294222 0.386547 0.426652
0.597192 0.494421 0.439506
0.505035 0.359781 0.718144
0.443194 0.373328 0.284767
0.695506 0.435358 0.477714
0.615043 0.363688 0.636549
0.691516 0.434763 0.45092
0.523892 0.498089 0.555937
0.451652 0.420154 0.289505
0.51595 0.475502 0.642597
0.710004 0.326655 0.45667
0.581524 0.376689 0.305296
0.456329 0.443078 0.299261
0.711062 0.340305 0.52021
0.516208 0.366303 0.276211
0.581425 0.411436 0.671937
0.445046 0.366374 0.290076
0.714102 0.367604 0.433604
0.464449 0.498085 0.3708
0.592923 0.404727 0.667145
0.274141 0.378083 0.483974
0.30827 0.448842 0.436416
0.615679 0.365265 0.344419
0.425285 0.504886 0.42709
0.358944 0.46897 0.374048
0.670309 0.357524 0.381412
0.539135 0.496125 0.570151
0.582432 0.418985 0.310093
0.445276 0.500927 0.391933
0.365184 0.375323 0.646897
0.341001 0.472049 0.400014
0.283903 0.367086 0.507963
0.475205 0.495708 0.468271
0.507146 0.340754 0.705601
0.45893 0.499084 0.478582
0.449045 0.49177 0.363087
0.711073 0.404034 0.451303
0.700907 0.338809 0.52724
0.642312 0.451268 0.584908
0.568351 0.357394 0.681481
0.556295 0.491842 0.396071
0.584731 0.491949 0.40285
0.463762 0.498787 0.459161
0.579875 0.360049 0.311995
0.639299 0.445037 0.598766
0.382402 0.387004 0.668835
0.304452 0.393116 0.411407
0.662432 0.368567 0.577079
0.687336 0.340842 0.427999
0.700582 0.390588 0.550383
0.707194 0.341765 0.520067
0.654096 0.374897 0.578952
0.57799 0.401619 0.307112
0.452778 0.389046 0.284372
0.522051 0.360672 0.281431
0.370426 0.423195 0.326777
0.558642 0.492493 0.559257
0.671564 0.43274 0.564337
0.673899 0.361951 0.570982
0.38214 0.380071 0.65414
0.577718 0.494719 0.41889
0.417735 0.378562 0.691862
0.587475 0.488799 0.393426
0.44962 0.332073 0.691203
0.69825 0.34273 0.517194
0.350139 0.400245 0.638037
0.596167 0.376889 0.321406
0.602911 0.377369 0.653564
0.528053 0.494303 0.418324
0.537673 0.477745 0.627494
0.432717 0.503712 0.475932
0.504443 0.498347 0.41254
0.687616 0.364867 0.559936
0.698069 0.421691 0.446303
0.476993 0.501626 0.423328
0.712766 0.361379 0.527654
0.354551 0.392265 0.636817
0.281263 0.376371 0.4738
0.302383 0.439173 0.457594
0.460953 0.497548 0.53031
0.723039 0.383065 0.477553
0.420506 0.495098 0.388196
0.535723 0.453842 0.660353
0.580611 0.400712 0.673263
0.583885 0.489793 0.547365
0.505802 0.368182 0.713739
0.322207 0.409868 0.377119
0.612531 0.387854 0.341448
0.664484 0.454971 0.525521
0.703576 0.343927 0.445494
0.29441 0.423683 0.459807
0.577987 0.421065 0.311687
0.633738 0.394595 0.373151
0.483366 0.498252 0.578621
0.400045 0.382735 0.663
0.511401 0.356062 0.708943
0.711004 0.354645 0.523401
0.479362 0.403581 0.708563
0.279905 0.385887 0.470846
0.440704 0.45209 0.314442
0.722988 0.360046 0.476693
0.299974 0.434223 0.470048
0.623627 0.418569 0.337107
0.415278 0.495431 0.395814
0.545511 0.490858 0.422845
0.294077 0.410414 0.536649
0.394289 0.500575 0.471304
0.644903 0.396615 0.604005
0.451021 0.498067 0.533485
0.690507 0.431721 0.50203
0.310438 0.394353 0.420881
0.594376 0.411219 0.656333
0.317222 0.439463 0.399539
0.636358 0.388711 0.366993
0.445476 0.351129 0.691281
0.655736 0.463676 0.44921
0.713003 0.393017 0.505474
0.642676 0.404763 0.590027
0.519763 0.494291 0.395568
0.471179 0.492136 0.474485
0.302453 0.442753 0.526348
0.360623 0.493333 0.491948
0.300233 0.420084 0.442174
0.32959 0.469504 0.552588
0.61535 0.448001 0.615622
0.620327 0.385601 0.633695
0.354501 0.419502 0.643461
0.509141 0.49207 0.601848
0.523104 0.490159 0.477126
0.357631 0.489554 0.468943
0.548588 0.412419 0.687707
0.390503 0.463026 0.3482
0.436977 0.372831 0.699743
0.434892 0.402145 0.297985
0.625736 0.399678 0.359426
0.714358 0.35445 0.481379
0.468336 0.37824 0.2884
0.311512 0.442144 0.451629
0.438778 0.363812 0.685586
0.308914 0.41191 0.560568
0.611846 0.481044 0.39856
0.316251 0.448349 0.448528
0.341928 0.480127 0.470309
0.351771 0.425548 0.616934
0.501052 0.375461 0.708055
0.556428 0.48761 0.39455
0.572047 0.410838 0.670316
0.713698 0.364172 0.49026
0.556462 0.414872 0.679329
0.420482 0.438437 0.314478
0.388897 0.402175 0.65423
0.465676 0.386607 0.7077
0.696014 0.364042 0.435026
0.302319 0.414117 0.444023
0.325828 0.418297 0.579245
0.314977 0.448985 0.462763
0.607397 0.394985 0.642658
0.679684 0.376718 0.56102
0.415571 0.387663 0.680579
0.342513 0.425535 0.623816
0.657263 0.423371 0.368917
0.486736 0.466422 0.324454
0.599771 0.427386 0.327229
0.686138 0.361814 0.548221
0.64046 0.406541 0.601674
0.716432 0.364931 0.469971
0.607956 0.400394 0.338268
0.558855 0.398736 0.303541
0.534326 0.406601 0.294712
0.489528 0.384109 0.294463
0.450772 0.419495 0.298351
0.698554 0.363957 0.541453
0.413583 0.390167 0.679438
0.393828 0.407489 0.653748
0.451677 0.410452 0.301565
0.505424 0.386329 0.299104
0.651199 0.465283 0.42427
0.591755 0.488437 0.418166
0.322308 0.460115 0.482148
0.487869 0.489096 0.498957
0.684467 0.37307 0.551148
0.556997 0.489518 0.496941
0.423665 0.490452 0.613203
0.647291 0.45201 0.556211
0.575829 0.424023 0.317986
0.369577 0.433807 0.647367
0.409456 0.500701 0.498037
0.654364 0.447717 0.553871
0.708794 0.366419 0.467751
0.573677 0.388734 0.665593
0.70303 0.363508 0.456123
0.593112 0.4058 0.334517
0.464355 0.361127 0.699794
0.572608 0.489233 0.465409
0.446313 0.418063 0.303317
0.480302 0.489534 0.50478
0.67229 0.443663 0.435521
0.457554 0.450283 0.671838
0.646668 0.462221 0.511147
0.65534 0.427646 0.371715
0.505995 0.492912 0.405142
0.595369 0.484908 0.401136
0.429257 0.421046 0.681891
0.459213 0.490707 0.472343
0.701673 0.368428 0.469638
0.417026 0.497839 0.418968
0.355893 0.471265 0.59698
0.508386 0.367975 0.698725
0.623316 0.479267 0.469269
0.318039 0.451023 0.538518
0.457771 0.490324 0.517912
0.335695 0.459671 0.411993
0.658224 0.410245 0.390357
0.558075 0.387324 0.677573
0.326504 0.46142 0.488002
0.683446 0.433399 0.480127
0.432894 0.460524 0.655901
0.366168 0.493693 0.53083
0.482798 0.458446 0.32182
0.477926 0.492517 0.575753
0.556978 0.487335 0.553641
0.309524 0.428805 0.503841
0.544627 0.488969 0.516766
0.461845 0.370008 0.699471
0.323202 0.450448 0.554087
0.556736 0.488852 0.513844
0.311312 0.413229 0.440603
0.651334 0.412445 0.570206
0.57673 0.488975 0.496825
0.551031 0.486676 0.483454
0.491012 0.419293 0.691565
0.542121 0.488727 0.513224
0.638891 0.422533 0.58433
0.55486 0.418606 0.311237
0.700515 0.41142 0.478756
0.305941 0.418578 0.460777
0.358321 0.480504 0.444195
0.506513 0.484923 0.478081
0.684532 0.411302 0.541233
0.644643 0.448359 0.565394
0.604043 0.48406 0.463391
0.691105 0.363402 0.529449
0.380969 0.49745 0.524805
0.447151 0.410928 0.68995
0.514224 0.409159 0.300509
0.335437 0.455718 0.414166
0.450543 0.491392 0.553003
0.565657 0.486188 0.544536
0.662012 0.407695 0.413379
0.417496 0.421872 0.670201
0.320425 0.447175 0.502697
0.435138 0.436347 0.323256
0.648069 0.456126 0.514326
0.415473 0.462392 0.648536
0.364055 0.440153 0.382496
0.42687 0.436635 0.66979
0.538395 0.381928 0.688854
0.679069 0.390038 0.424154
0.567725 0.409015 0.323882
0.590655 0.455703 0.615344
0.355558 0.463689 0.599451
0.435548 0.463615 0.339688
0.65112 0.404698 0.558239
0.564014 0.484797 0.468002
0.347082 0.478465 0.497947
0.453372 0.461807 0.331232
0.500883 0.409025 0.313801
0.667114 0.420194 0.399059
0.636385 0.425786 0.381952
0.53327 0.474922 0.61871
0.615444 0.430425 0.617988
0.656474 0.421586 0.565544
0.605227 0.457567 0.601685
0.416618 0.495142 0.42468
0.422666 0.49486 0.499142
0.497352 0.377327 0.687151
0.327237 0.452741 0.550031
0.587615 0.417879 0.640899
0.33276 0.451487 0.41255
0.658879 0.417395 0.394049
0.318988 0.429635 0.537216
0.335428 0.465093 0.521524
0.694031 0.3855 0.4493
0.680828 0.386527 0.541809
0.388276 0.443792 0.362553
0.629936 0.458876 0.549419
0.325407 0.448546 0.50621
0.696476 0.390508 0.506031
0.487743 0.453501 0.325746
0.314187 0.429708 0.467604
0.345948 0.451496 0.586042
0.558812 0.479385 0.398388
0.347812 0.448132 0.393147
0.46212 0.486014 0.538744
0.455419 0.486784 0.536171
0.315306 0.419752 0.481543
0.387762 0.487941 0.478545
0.557094 0.397488 0.665803
0.510806 0.444518 0.663371
0.564583 0.424728 0.654499
0.445207 0.442034 0.668985
0.419737 0.494357 0.572636
0.551629 0.479334 0.440746
0.491933 0.484667 0.59987
0.31468 0.420528 0.462852
0.373962 0.483599 0.471933
0.465307 0.423999 0.686079
0.520829 0.478344 0.4548
0.53508 0.435849 0.664378
0.343251 0.467377 0.462966
0.373071 0.43167 0.62705
0.34748 0.473845 0.548974
0.67555 0.375953 0.540286
0.338333 0.468393 0.517962
0.577258 0.477755 0.574235
0.470809 0.432025 0.313903
0.485995 0.380237 0.689355
0.34271 0.466802 0.515717
0.38207 0.480845 0.590141
0.676143 0.429619 0.470718
0.568232 0.48294 0.492283
0.642023 0.455932 0.501065
0.327318 0.442149 0.510453
0.684376 0.377632 0.520745
0.508534 0.482916 0.418536
0.664652 0.38737 0.542901
0.481288 0.443233 0.324207
0.579087 0.444872 0.347089
0.683976 0.418316 0.4769
0.331228 0.449522 0.527091
0.412493 0.491065 0.53417
0.641532 0.440957 0.386135
0.64061 0.462657 0.436952
0.398543 0.490224 0.558639
0.649804 0.450781 0.497612
0.322269 0.439876 0.469492
0.352913 0.47286 0.491636
0.368404 0.469407 0.597426
0.360521 0.477022 0.5566
0.661022 0.41003 0.548192
0.511045 0.426567 0.322735
0.674489 0.374744 0.514457
0.57368 0.483138 0.491147
0.428829 0.4127 0.665994
0.584848 0.434398 0.353454
0.501005 0.42005 0.679844
0.5809 0.483573 0.502846
0.454825 0.486695 0.571183
0.368893 0.452616 0.617245
0.385033 0.488661 0.517193
0.659525 0.440236 0.413098
0.676877 0.41558 0.52735
0.603734 0.43918 0.609044
0.37036 0.460438 0.392901
0.400735 0.460746 0.632932
0.431656 0.477199 0.616646
0.584505 0.480483 0.493742
0.431733 0.484531 0.514455
0.334537 0.433158 0.511962
0.470551 0.465223 0.344659
0.649814 0.428434 0.412982
0.616716 0.429208 0.572471
0.400791 0.430379 0.611994
0.523741 0.475202 0.428698
0.645541 0.434223 0.551924
0.676015 0.388439 0.453344
0.482742 0.455208 0.337483
0.434257 0.412294 0.655907
0.652252 0.448165 0.464777
0.676185 0.396351 0.442327
0.575221 0.444738 0.352391
0.566167 0.409761 0.638689
0.581935 0.480281 0.483936
0.684391 0.407701 0.484115
0.415476 0.447013 0.650293
0.408777 0.485776 0.49139
0.521831 0.471365 0.356819
0.648127 0.431292 0.409837
0.551036 0.407455 0.658497
0.331866 0.446543 0.47935
0.451536 0.479901 0.498344
0.428548 0.483938 0.599962
0.347954 0.463336 0.459226
0.380314 0.438848 0.625217
0.498857 0.445411 0.33313
0.363473 0.445447 0.600147
0.563193 0.435074 0.637904
0.490676 0.388989 0.680612
0.450663 0.480456 0.506666
0.381509 0.458495 0.614944
0.429928 0.486908 0.441008
0.585262 0.430522 0.598788
0.68305 0.399158 0.459566
0.450625 0.465606 0.357868
0.342185 0.431413 0.51243
0.583876 0.455317 0.368963
0.441885 0.478645 0.38033
0.517032 0.43932 0.340804
0.355706 0.464799 0.490039
0.407242 0.485819 0.439882
0.634847 0.460918 0.42229
0.578686 0.425189 0.610343
0.576112 0.450007 0.362702
0.642596 0.454293 0.423982
0.663729 0.383474 0.530568
0.579093 0.450795 0.608503
0.577453 0.439918 0.36642
0.643334 0.431138 0.547989
0.619302 0.434531 0.413785
0.660343 0.434557 0.488108
0.464696 0.479148 0.564896
0.473292 0.474019 0.503342
0.575044 0.467928 0.5834
0.377551 0.478382 0.509399
0.58883 0.461582 0.586632
0.439728 0.481156 0.543576
0.342262 0.450382 0.511538
0.376219 0.442837 0.606658
0.569355 0.465909 0.378105
0.497142 0.478728 0.386922
0.421591 0.466768 0.369147
0.599774 0.458143 0.379685
0.622918 0.458242 0.535215
0.434915 0.442799 0.654545
0.399632 0.460021 0.375321
0.360451 0.462927 0.495062
0.425787 0.480678 0.477805
0.464665 0.478377 0.451802
0.681861 0.388273 0.473018
0.604889 0.446367 0.388656
0.663103 0.384924 0.513327
0.378785 0.470925 0.575041
0.544002 0.39834 0.640797
0.537325 0.468918 0.384356
0.615652 0.464779 0.445726
0.346774 0.44624 0.505454
0.656254 0.426911 0.50852
0.60173 0.468548 0.535288
0.665212 0.404993 0.523795
0.420681 0.446706 0.364377
0.641217 0.402099 0.539432
0.493287 0.471588 0.502663
0.607682 0.466095 0.505537
0.541921 0.464008 0.445364
0.492819 0.450729 0.351493
0.501833 0.470357 0.370422
0.490039 0.445919 0.649983
0.568123 0.451979 0.366992
0.554736 0.420636 0.637887
0.409333 0.448568 0.372203
0.625468 0.462094 0.421936
0.433625 0.4375 0.360632
0.530594 0.406708 0.661026
0.64458 0.43575 0.532825
0.434741 0.413229 0.632559
0.384511 0.47678 0.513768
0.558099 0.466798 0.444231
0.54206 0.464826 0.463965
0.561969 0.468246 0.438831
0.627293 0.449612 0.403675
0.546091 0.475849 0.564049
0.365933 0.460884 0.493648
0.661188 0.395463 0.513425
0.440368 0.475846 0.583035
0.429219 0.455403 0.370611
0.461809 0.469601 0.520306
0.657506 0.389421 0.512125
0.395842 0.476004 0.419717
0.613205 0.45918 0.507865
0.402283 0.437799 0.611195
0.667475 0.391091 0.498961
0.403696 0.441376 0.62238
0.402907 0.479264 0.424011
0.369514 0.454475 0.565997
0.622412 0.454008 0.411952
0.408679 0.434692 0.617604
0.42128 0.474515 0.596364
0.561285 0.447655 0.610118
0.470749 0.467888 0.507288
0.606487 0.463301 0.518722
0.605856 0.434329 0.56812
0.488968 0.466022 0.609311
0.554376 0.419095 0.631003
0.481325 0.473939 0.578765
0.637193 0.399346 0.533861
0.381119 0.453254 0.431549
0.47933 0.447354 0.360664
0.373801 0.438177 0.570886
0.444617 0.438168 0.362971
0.503415 0.395904 0.658472
0.488178 0.470772 0.449784
0.436622 0.473523 0.514756
0.389922 0.472822 0.502267
0.558492 0.462583 0.463458
0.411369 0.477882 0.560269
0.411196 0.435405 0.624269
0.65453 0.41595 0.520426
0.4387 0.436351 0.384064
0.650002 0.401886 0.521397
0.549732 0.408697 0.622918
0.441611 0.459483 0.37949
0.662513 0.394699 0.491171
0.652908 0.405241 0.512469
0.533229 0.459295 0.601052
0.405148 0.471066 0.496176
0.399139 0.460378 0.410094
0.521502 0.458607 0.452099
0.611769 0.432176 0.427475
0.414113 0.473406 0.545127
0.363921 0.424799 0.492467
0.632674 0.38594 0.519064
0.488158 0.451252 0.629373
0.436129 0.451311 0.629123
0.48009 0.463828 0.506841
0.47111 0.432776 0.363428
0.4863 0.47186 0.415189
0.494821 0.404625 0.655871
0.385722 0.466595 0.495218
0.575219 0.449087 0.382701
0.624544 0.451651 0.452423
0.59606 0.423685 0.560009
0.639399 0.395371 0.526511
0.493758 0.46323 0.498986
0.643519 0.426154 0.446591
0.623597 0.450116 0.479091
0.454792 0.44188 0.642828
0.613548 0.443751 0.416883
0.374712 0.424733 0.548373
0.530328 0.470628 0.567632
0.487389 0.466176 0.59724
0.374355 0.460366 0.460999
0.565735 0.461581 0.39844
0.457131 0.474824 0.405258
0.378078 0.455319 0.546717
0.633071 0.417115 0.531433
0.418606 0.473058 0.463064
0.454056 0.461955 0.390745
0.494953 0.457782 0.473698
0.636853 0.426596 0.511203
0.368894 0.440612 0.477323
0.552843 0.457904 0.40334
0.372709 0.447685 0.470864
0.389445 0.465483 0.457721
0.616992 0.450903 0.44936
0.463119 0.410611 0.646765
0.611978 0.437824 0.429039
0.395905 0.467637 0.440241
0.617589 0.447133 0.51411
0.453323 0.422986 0.640369
0.406676 0.46231 0.413667
0.432549 0.467502 0.541767
0.410534 0.451715 0.608977
0.428239 0.407125 0.575241
0.602214 0.440685 0.420154
0.629728 0.442412 0.450596
0.434488 0.41558 0.609188
0.593707 0.42992 0.424686
0.645421 0.4134 0.462987
0.493703 0.422842 0.645005
0.567161 0.465892 0.549124
0.45495 0.438721 0.637303
0.378836 0.447047 0.556179
0.473136 0.41863 0.652056
0.534664 0.425145 0.367287
0.421072 0.420138 0.578223
0.469157 0.388104 0.641137
0.583566 0.410934 0.556123
0.435708 0.465944 0.517393
0.612768 0.447769 0.540493
0.397528 0.462808 0.452675
0.608958 0.430485 0.546409
0.562317 0.463259 0.521905
0.466521 0.460382 0.401392
0.37632 0.417487 0.473617
0.609257 0.447688 0.513313
0.496558 0.421973 0.637135
0.433665 0.44239 0.400334
0.375945 0.43465 0.504653
0.573105 0.450982 0.402918
0.540038 0.453907 0.488813
0.455221 0.4642 0.461007
0.578766 0.447458 0.573348
0.44727 0.458412 0.595616
0.386183 0.453129 0.507592
0.469826 0.382942 0.63356
0.576273 0.459429 0.551333
0.444798 0.460607 0.400238
0.641736 0.41859 0.483607
0.498619 0.378268 0.633547
0.530589 0.454297 0.592535
0.639348 0.417575 0.491174
0.483374 0.460851 0.550976
0.618651 0.421353 0.452494
0.581257 0.440237 0.574857
0.495062 0.457698 0.445733
0.509133 0.452971 0.389129
0.620662 0.439754 0.448295
0.634822 0.408885 0.504883
0.613411 0.444668 0.528268
0.484886 0.458484 0.458437
0.4802 0.461794 0.41062
0.385477 0.453276 0.468855
0.630706 0.424813 0.508057
0.610904 0.436123 0.544639
0.447226 0.464398 0.466291
0.406767 0.459799 0.449761
0.496717 0.365727 0.623671
0.513291 0.382907 0.629247
0.524355 0.417759 0.627212
0.50246 0.4529 0.585795
0.595638 0.450371 0.516159
0.498886 0.446257 0.48025
0.39496 0.450109 0.54557
0.497958 0.447961 0.395181
0.628683 0.405224 0.473591
0.525634 0.411174 0.629106
0.531926 0.40557 0.626211
0.424204 0.440323 0.599928
0.435072 0.463491 0.453131
0.382587 0.431697 0.475919
0.501951 0.395495 0.633525
0.409415 0.438018 0.426403
0.53786 0.383395 0.59128
0.381058 0.411273 0.525319
0.597547 0.40547 0.537405
0.510615 0.448208 0.454782
0.388593 0.446181 0.533456
0.420193 0.463513 0.429936
0.449818 0.43343 0.394329
0.53744 0.407543 0.619019
0.419927 0.459748 0.421035
0.487017 0.394446 0.637098
0.481983 0.44859 0.478245
0.512424 0.445593 0.602154
0.454367 0.385767 0.60133
0.506482 0.450129 0.442716
0.62022 0.386294 0.471174
0.402478 0.458028 0.464407
0.487022 0.429798 0.628179
0.387099 0.444208 0.529676
0.504557 0.450842 0.439239
0.396193 0.440729 0.517412
0.398689 0.4273 0.546404
0.587633 0.399933 0.441654
0.554419 0.443272 0.574292
0.38742 0.393692 0.504875
0.587088 0.447985 0.51851
0.44495 0.421526 0.606913
0.584044 0.439305 0.434656
0.465675 0.449368 0.583219
0.576292 0.373722 0.438026
0.378065 0.395576 0.480934
0.430877 0.456553 0.424412
0.51198 0.442206 0.403237
0.603087 0.42079 0.534472
0.480058 0.383506 0.631679
0.541444 0.450377 0.522952
0.490595 0.411109 0.626821
0.484593 0.37284 0.628686
0.424264 0.442547 0.41671
0.424538 0.446021 0.417398
0.500517 0.42463 0.620162
0.467129 0.381009 0.61853
0.562783 0.451071 0.541315
0.443137 0.44985 0.477191
0.472389 0.450373 0.550542
0.521142 0.414109 0.381215
0.386617 0.414081 0.505799
0.449657 0.444925 0.488797
0.488542 0.41848 0.625072
0.6191 0.408415 0.487856
0.462914 0.396672 0.619114
0.608654 0.430535 0.46252
0.495297 0.389544 0.628238
0.6175 0.385642 0.471549
0.514458 0.445461 0.511015
0.61174 0.392356 0.507114
0.402615 0.432944 0.50144
0.534513 0.441559 0.516916
0.567578 0.441341 0.504557
0.600156 0.422361 0.529147
0.39202 0.415311 0.469061
0.559733 0.444687 0.530497
0.474104 0.380039 0.622845
0.611785 0.373946 0.498618
0.409175 0.438855 0.50113
0.544614 0.443892 0.542335
0.455637 0.408841 0.398749
0.539884 0.44117 0.563234
0.606416 0.396649 0.465147
0.542428 0.436959 0.582111
0.383854 0.39188 0.485547
0.561536 0.439021 0.461376
0.505298 0.437527 0.457413
0.609037 0.404805 0.492873
0.567747 0.425368 0.422062
0.586678 0.436077 0.480532
0.462209 0.406387 0.392791
0.470991 0.439753 0.521257
0.519088 0.41781 0.613654
0.47029 0.437331 0.598301
0.570251 0.390009 0.546104
0.425996 0.442233 0.493101
0.512519 0.442196 0.528245
0.538759 0.427596 0.598287
0.421807 0.434472 0.570011
0.400365 0.431556 0.535033
0.520397 0.407534 0.616875
0.398699 0.426907 0.512128
0.526582 0.410571 0.614871
0.464945 0.432903 0.476546
0.509781 0.439347 0.583273
0.601312 0.426812 0.491794
0.438677 0.420476 0.41602
0.536178 0.435929 0.541758
0.448521 0.421692 0.590659
0.594274 0.399195 0.523957
0.512388 0.432718 0.434336
0.545592 0.435704 0.540649
0.557375 0.432963 0.50014
0.471135 0.41697 0.475327
0.416954 0.435747 0.537469
0.447606 0.435449 0.517287
0.395104 0.389042 0.460067
0.526245 0.399863 0.394763
0.53663 0.382353 0.579934
0.597253 0.417997 0.471428
0.470649 0.432266 0.455588
0.558614 0.430896 0.48243
0.467416 0.386226 0.609005
0.550655 0.392374 0.415553
0.512487 0.434144 0.562796
0.456914 0.422935 0.49244
0.596182 0.386586 0.520157
0.482928 0.434788 0.570823
0.6104 0.36554 0.496998
0.478429 0.385448 0.617225
0.601956 0.404856 0.49036
0.454935 0.423212 0.594297
0.484202 0.37756 0.38184
0.44669 0.439773 0.451964
0.599185 0.391116 0.513606
0.510706 0.427159 0.493315
0.472184 0.431939 0.410342
0.500654 0.423948 0.598149
0.493261 0.429095 0.410401
0.472668 0.35597 0.607396
0.45145 0.391699 0.407866
0.478294 0.381124 0.384925
0.454418 0.376248 0.409799
0.413129 0.418909 0.490811
0.612635 0.346611 0.475927
0.408711 0.390992 0.520404
0.50859 0.34673 0.594067
0.529477 0.426544 0.550325
0.587669 0.414251 0.502911
0.511897 0.425668 0.558676
0.615875 0.32239 0.486706
0.589182 0.376207 0.454645
0.460557 0.3917 0.594316
0.428545 0.430416 0.532848
0.4684 0.340426 0.592356
0.526041 0.424104 0.466535
0.410646 0.385146 0.525993
0.570545 0.415186 0.4408
0.459089 0.411409 0.476372
0.467702 0.425008 0.518831
0.459229 0.428507 0.555172
0.595005 0.336274 0.515996
0.51049 0.374837 0.600002
0.49723 0.423673 0.453279
0.589186 0.412098 0.519026
0.472745 0.404539 0.474796
0.49283 0.424534 0.56973
0.564429 0.421841 0.442148
0.555512 0.406109 0.42242
0.537508 0.425179 0.553498
0.529955 0.42773 0.531702
0.579207 0.423751 0.52906
0.541981 0.406058 0.412287
0.542656 0.397306 0.412079
0.525757 0.40734 0.404744
0.515296 0.378634 0.399007
0.416668 0.427694 0.45402
0.460359 0.391929 0.594126
0.461631 0.351027 0.579442
0.536007 0.418076 0.446045
0.55361 0.413157 0.54321
0.430637 0.419101 0.519838
0.537531 0.413075 0.557441
0.516214 0.417022 0.54916
0.596292 0.350375 0.506794
0.517979 0.357062 0.40305
0.560519 0.408373 0.436481
0.517295 0.411463 0.578141
0.47874 0.417154 0.523469
0.533516 0.416602 0.431231
0.500291 0.359656 0.401857
0.482139 0.391762 0.477831
0.532972 0.415166 0.426298
0.56215 0.344385 0.539073
0.490836 0.411152 0.575073
0.551535 0.383627 0.423871
0.414972 0.372881 0.521924
0.519568 0.36094 0.403277
0.474334 0.404208 0.407346
0.522574 0.402795 0.587037
0.535353 0.39972 0.575066
0.49695 0.410294 0.577906
0.434255 0.286654 0.569254
0.473848 0.41287 0.514289
0.466932 0.410223 0.413819
0.422298 0.388909 0.437985
0.453244 0.415891 0.511281
0.438062 0.333356 0.552346
0.460896 0.363959 0.408971
0.393953 0.373379 0.472847
0.556528 0.377553 0.428036
0.417147 0.372187 0.442889
0.412993 0.405533 0.496491
0.427175 0.394021 0.545638
0.422152 0.398917 0.511603
0.536048 0.405285 0.463068
0.464825 0.360519 0.410366
0.447753 0.411864 0.523743
0.449814 0.41231 0.537906
0.505105 0.406619 0.544028
0.477932 0.406754 0.421589
0.44539 0.375688 0.5593
0.576068 0.398168 0.471972
0.446531 0.412361 0.536347
0.451693 0.405742 0.560427
0.552292 0.405108 0.501833
0.491163 0.401331 0.561369
0.507254 0.361468 0.582218
0.434622 0.340347 0.422261
0.560766 0.277113 0.568163
0.404308 0.379216 0.482999
0.566916 0.402839 0.511402
0.544321 0.406161 0.460278
0.460763 0.377187 0.415117
0.429827 0.361939 0.538591
0.525539 0.334898 0.407889
0.407452 0.367399 0.494848
0.492712 0.35111 0.587614
0.599099 0.318857 0.499395
0.484842 0.326509 0.595587
0.423544 0.398345 0.516634
0.521231 0.405371 0.499167
0.394776 0.358759 0.480069
0.501395 0.40523 0.549152
0.595579 0.370656 0.472299
0.496436 0.40641 0.517732
0.533157 0.404535 0.465288
0.573613 0.373405 0.527136
0.539955 0.400747 0.55189
0.505608 0.397357 0.465964
0.434386 0.389263 0.44135
0.53438 0.387956 0.475043
0.531475 0.390054 0.46729
0.462443 0.400505 0.525326
0.562037 0.390063 0.507278
0.494684 0.393991 0.538716
0.559354 0.388211 0.528569
0.513561 0.396207 0.533066
0.574072 0.382901 0.494411
0.578548 0.377431 0.500214
0.432137 0.279495 0.56987
0.527871 0.354417 0.567059
0.464022 0.378846 0.492227
0.555793 0.388797 0.483308
0.487954 0.362968 0.579672
0.579702 0.311636 0.443888
0.542306 0.340029 0.421278
0.541984 0.39065 0.436549
0.488799 0.352617 0.582099
0.538567 0.373677 0.424821
0.55973 0.388945 0.490167
0.547557 0.392108 0.441353
0.48606 0.38697 0.419543
0.490558 0.345449 0.407524
0.57788 0.352458 0.453197
0.471886 0.37179 0.471417
0.581596 0.289523 0.438409
0.459704 0.329888 0.57227
0.582492 0.375582 0.466229
0.599962 0.31175 0.492831
0.521 0.394498 0.503671
0.556973 0.359936 0.536598
0.506794 0.397144 0.522524
0.55396 0.388805 0.481811
0.476381 0.342415 0.406081
0.434772 0.314905 0.551755
0.445711 0.370192 0.54487
0.535456 0.376289 0.486429
0.437065 0.37622 0.526088
0.473258 0.383895 0.524038
0.465281 0.3749 0.503361
0.486374 0.378015 0.535049
0.441516 0.383567 0.461753
0.399561 0.297821 0.48604
0.564693 0.372101 0.519817
0.486611 0.360149 0.484723
0.574059 0.352125 0.454321
0.572548 0.372368 0.46523
0.45641 0.383521 0.437444
0.560949 0.266325 0.572272
0.548979 0.381209 0.526211
0.589848 0.303408 0.458877
0.496339 0.381703 0.525572
0.530958 0.381865 0.534878
0.416295 0.351756 0.49286
0.468756 0.372804 0.424296
0.498994 0.375662 0.429503
0.569896 0.375022 0.475939
0.530721 0.372814 0.549118
0.489064 0.380802 0.435971
0.567454 0.36571 0.521069
0.486858 0.373878 0.548434
0.573142 0.368912 0.494792
0.532925 0.375856 0.46638
0.523371 0.362943 0.421827
0.479626 0.37215 0.458293
0.477875 0.367028 0.573226
0.470561 0.349251 0.415323
0.481325 0.328085 0.586074
0.517208 0.344192 0.415476
0.59584 0.32937 0.477119
0.50006 0.364896 0.482794
0.417666 0.346706 0.48054
0.536031 0.364554 0.498731
0.50851 0.269519 0.590254
0.480218 0.363006 0.52051
0.58308 0.335682 0.49008
0.479219 0.364275 0.53706
0.516485 0.349443 0.557636
0.489888 0.356398 0.460129
0.539013 0.324442 0.554758
0.406849 0.319345 0.473005
0.538544 0.360683 0.471059
0.57672 0.33978 0.506255
0.45419 0.318525 0.562748
0.411872 0.319364 0.490907
0.425547 0.34502 0.503241
0.594462 0.282995 0.470221
0.423637 0.357722 0.468739
0.525441 0.361363 0.45607
0.549008 0.3296 0.429824
0.561386 0.350087 0.448205
0.465754 0.345545 0.565445
0.575169 0.348903 0.496886
0.405941 0.310238 0.484541
0.481017 0.350353 0.466507
0.562655 0.363074 0.467799
0.488139 0.362909 0.430466
0.515003 0.278217 0.588625
0.459675 0.368436 0.542797
0.48909 0.267869 0.59541
0.564131 0.321173 0.438528
0.419916 0.300493 0.436895
0.535306 0.361376 0.465346
0.440274 0.364949 0.447621
0.496418 0.36213 0.534781
0.497739 0.363605 0.511988
0.41847 0.251721 0.417403
0.424461 0.340028 0.471473
0.438801 0.345222 0.476677
0.47434 0.329307 0.478334
0.500367 0.344831 0.503661
0.583312 0.302601 0.462567
0.471864 0.35001 0.539758
0.530968 0.312928 0.565138
0.513616 0.352989 0.518996
0.526052 0.355322 0.513294
0.527483 0.273846 0.584847
0.564027 0.275064 0.424446
0.477787 0.348623 0.433875
0.494297 0.278987 0.58772
0.58018 0.314548 0.495729
0.540155 0.285417 0.416546
0.4291 0.267585 0.415577
0.462762 0.352599 0.533845
0.443326 0.329039 0.54145
0.505213 0.314283 0.417106
0.495699 0.333052 0.483256
0.572301 0.278608 0.431421
0.586743 0.259787 0.438488
0.589956 0.270594 0.510108
0.494606 0.34148 0.545558
0.473013 0.339755 0.500092
0.591596 0.255595 0.497012
0.441247 0.294854 0.415288
0.523638 0.347281 0.437447
0.443413 0.284928 0.567821
0.416552 0.320565 0.469182
0.487263 0.290798 0.406205
0.58979 0.27282 0.505176
0.477368 0.340602 0.425776
0.565038 0.303599 0.535735
0.494948 0.328843 0.562771
0.560715 0.282987 0.554834
0.446944 0.271577 0.57387
0.444292 0.325949 0.486982
0.561532 0.312158 0.528059
0.509241 0.334333 0.507335
0.492189 0.324533 0.42941
0.464039 0.333914 0.541482
0.439362 0.325605 0.488233
0.405627 0.271634 0.487699
0.514806 0.321885 0.554761
0.479992 0.307778 0.574055
0.542401 0.332681 0.4521
0.480338 0.318458 0.494215
0.480864 0.326169 0.516534
0.417607 0.256211 0.424879
0.443851 0.29566 0.557298
0.427219 0.294709 0.431814
0.586864 0.275326 0.477346
0.413617 0.297152 0.471818
0.458327 0.33535 0.524269
0.40508 0.269395 0.489242
0.517038 0.333631 0.535317
0.406636 0.265323 0.461422
0.459959 0.332766 0.459728
0.492746 0.273469 0.585472
0.468444 0.325327 0.427045
0.407446 0.227238 0.575633
0.589138 0.252135 0.493271
0.438477 0.325646 0.509981
0.571499 0.283992 0.534445
0.507181 0.31134 0.422647
0.426497 0.324799 0.469614
0.480748 0.315355 0.568458
0.431355 0.322325 0.485312
0.552473 0.330471 0.485685
0.429023 0.305132 0.435251
0.474283 0.314301 0.479739
0.430506 0.304274 0.500509
0.447415 0.311947 0.49816
0.468975 0.27874 0.410541
0.517761 0.32246 0.511816
0.406799 0.233325 0.428331
0.453801 0.31165 0.542701
0.518752 0.248157 0.406461
0.496368 0.308701 0.458644
0.520359 0.247185 0.406055
0.584425 0.241956 0.535984
0.505754 0.298255 0.477881
0.488462 0.27387 0.580803
0.459028 0.30837 0.471972
0.440245 0.311337 0.510225
0.494168 0.315378 0.528728
0.422743 0.291822 0.44829
0.513264 0.235228 0.590548
0.413731 0.240576 0.569141
0.586749 0.263972 0.466607
0.510525 0.310579 0.493174
0.470341 0.299115 0.47931
0.408526 0.265746 0.485186
0.512533 0.256026 0.58481
0.491448 0.274395 0.412661
0.456913 0.31687 0.531699
0.403532 0.249049 0.471174
0.54775 0.246334 0.583115
0.530105 0.249563 0.407309
0.534555 0.322145 0.51559
0.408005 0.232343 0.569763
0.572199 0.294969 0.505698
0.546792 0.291249 0.428645
0.401497 0.251415 0.526846
0.519177 0.29569 0.422912
0.531487 0.306401 0.477774
0.561471 0.22108 0.59163
0.42837 0.288172 0.491087
0.553754 0.294442 0.470683
0.415814 0.267027 0.49372
0.546827 0.3003 0.49927
0.411948 0.247062 0.557289
0.439081 0.285527 0.545968
0.540844 0.266422 0.420179
0.518274 0.308908 0.519972
0.491781 0.298523 0.542151
0.524412 0.28984 0.471566
0.538798 0.27666 0.424912
0.583246 0.242704 0.490582
0.524404 0.287849 0.477776
0.590198 0.225281 0.515345
0.435771 0.297713 0.438611
0.446687 0.24268 0.581691
0.53769 0.290479 0.47771
0.501171 0.282017 0.47807
0.53551 0.298726 0.457991
0.462787 0.287365 0.560665
0.409872 0.258629 0.514089
0.445594 0.245859 0.40733
0.50135 0.277321 0.421514
0.50303 0.291198 0.4903
0.551668 0.223382 0.590645
0.50975 0.303683 0.531164
0.461555 0.24035 0.402467
0.420924 0.276367 0.486115
0.476529 0.291764 0.504518
0.456015 0.298742 0.42757
0.45601 0.295035 0.497579
0.406962 0.247009 0.472911
0.440393 0.29608 0.522354
0.408354 0.240371 0.442689
0.531328 0.307873 0.516563
0.533847 0.275722 0.567841
0.428096 0.273335 0.489029
0.480277 0.272154 0.497662
0.406439 0.22766 0.565245
0.407116 0.233703 0.459131
0.509542 0.281009 0.454627
0.432781 0.269314 0.54889
0.553465 0.285378 0.507512
0.527348 0.285419 0.447377
0.58069 0.235768 0.487103
0.56084 0.276653 0.499206
0.553481 0.280262 0.49518
0.467426 0.266823 0.419156
0.590217 0.213388 0.48518
0.587124 0.234738 0.435523
0.415946 0.219776 0.410585
0.490531 0.254085 0.577226
0.591391 0.216385 0.539784
0.42956 0.281572 0.46277
0.573552 0.258535 0.50042
0.528091 0.293838 0.522728
0.596867 0.223573 0.442586
0.495473 0.274748 0.427487
0.452238 0.285082 0.522998
0.559564 0.272622 0.474386
0.532402 0.243447 0.4119
0.444276 0.282997 0.503134
0.433556 0.272532 0.543691
0.539651 0.287088 0.503027
0.409342 0.240643 0.553645
0.504842 0.270938 0.482464
0.473884 0.272132 0.492836
0.515985 0.27208 0.480528
0.44913 0.28488 0.522069
0.519168 0.274963 0.483415
0.581643 0.233831 0.487513
0.589912 0.216 0.559347
0.434105 0.238713 0.41697
0.480708 0.263942 0.515047
0.498964 0.265887 0.432533
0.414754 0.238995 0.461288
0.4209 0.250004 0.446824
0.417624 0.242684 0.55436
0.444827 0.267698 0.428013
0.421706 0.223665 0.414313
0.583573 0.227864 0.516887
0.48177 0.24847 0.479546
0.51628 0.275162 0.535495
0.470059 0.255684 0.486151
0.576439 0.240128 0.434989
0.415448 0.246351 0.525368
0.484818 0.241126 0.578507
0.492725 0.209138 0.595816
0.526808 0.258359 0.475533
0.423239 0.239767 0.565147
0.511264 0.253 0.423162
0.443067 0.268572 0.53018
0.530577 0.249587 0.570682
0.499849 0.260669 0.462731
0.510358 0.263529 0.45934
0.554819 0.264164 0.495894
0.524287 0.279302 0.518057
0.451688 0.21766 0.590085
0.601053 0.212115 0.450966
0.456047 0.21363 0.593216
0.565179 0.260017 0.526764
0.401469 0.212583 0.449533
0.415612 0.243501 0.548404
0.398996 0.221158 0.527869
0.408289 0.206699 0.587366
0.495578 0.243649 0.41697
0.499972 0.271114 0.539896
0.486744 0.250422 0.474512
0.428913 0.249578 0.528706
0.48011 0.252743 0.532977
0.589391 0.206099 0.495836
0.42246 0.240664 0.463508
0.526881 0.24781 0.428787
0.40369 0.216427 0.562153
0.52281 0.261834 0.533401
0.506231 0.229668 0.576619
0.586623 0.213682 0.556406
0.405318 0.212604 0.464817
0.488277 0.221979 0.583545
0.480729 0.245562 0.565098
0.551362 0.235777 0.568812
0.450068 0.263395 0.438341
0.549199 0.255819 0.538594
0.492012 0.222321 0.408818
0.467054 0.211229 0.398654
0.409425 0.218326 0.48009
0.45544 0.256137 0.538163
0.541878 0.258144 0.537912
0.48296 0.24404 0.501747
0.507027 0.250086 0.495524
0.58256 0.193236 0.599502
0.550925 0.259735 0.524143
0.515509 0.253813 0.436164
0.447644 0.253944 0.471019
0.563576 0.247801 0.532158
0.557564 0.243859 0.475161
0.521392 0.257075 0.502158
0.49019 0.210255 0.399655
0.556431 0.226141 0.412445
0.485476 0.215057 0.588886
0.579604 0.233753 0.449014
0.472821 0.254073 0.546575
0.4198 0.203273 0.398499
0.594401 0.19162 0.598136
0.426817 0.235476 0.524073
0.532404 0.223671 0.417472
0.572484 0.230275 0.446723
0.532576 0.239863 0.554371
0.531315 0.204507 0.399302
0.394 0.198427 0.568433
0.533403 0.24378 0.540678
0.519272 0.208401 0.404856
0.571935 0.229014 0.43902
0.474336 0.238284 0.520947
0.502871 0.241101 0.544809
0.42757 0.220757 0.420194
0.491427 0.218147 0.579062
0.427203 0.236544 0.443595
0.516641 0.234301 0.486875
0.390139 0.185851 0.597262
0.57747 0.219997 0.541511
0.461629 0.241062 0.429606
0.526336 0.240753 0.440596
0.512851 0.232318 0.469985
0.455155 0.242649 0.525162
0.421902 0.229748 0.554641
0.467527 0.208283 0.40197
0.459343 0.235258 0.469413
0.471893 0.233583 0.462018
0.502373 0.203642 0.400253
0.512088 0.240563 0.438755
0.392081 0.194637 0.514742
0.606327 0.184079 0.385808
0.409907 0.217768 0.525156
0.38404 0.185504 0.389152
0.508308 0.210107 0.40621
0.603007 0.19951 0.435368
0.508597 0.237482 0.453346
0.518746 0.248881 0.521406
0.47633 0.214955 0.583037
0.42725 0.224465 0.4491
0.534156 0.22493 0.431792
0.46009 0.224022 0.503055
0.545007 0.224786 0.560139
0.436755 0.18929 0.60476
0.605791 0.188157 0.573554
0.420852 0.216026 0.453401
0.402192 0.195452 0.580849
0.571159 0.213856 0.473795
0.603614 0.179643 0.503048
0.471575 0.196033 0.595427
0.432595 0.223525 0.489664
0.47133 0.223914 0.513402
0.461158 0.22922 0.548367
0.600756 0.192058 0.45818
0.389641 0.186111 0.390256
0.510977 0.219552 0.469495
0.451108 0.23065 0.542111
0.465979 0.223141 0.566004
0.419159 0.210757 0.477928
0.609123 0.181817 0.463139
0.425709 0.187408 0.605966
0.530323 0.230489 0.539169
0.456044 0.223973 0.497904
0.460666 0.202939 0.588674
0.507032 0.218723 0.48547
0.479782 0.225388 0.532727
0.507825 0.179697 0.609003
0.551343 0.20954 0.577209
0.505944 0.217933 0.483933
0.541703 0.22501 0.457797
0.603109 0.189018 0.46037
0.559978 0.221393 0.493468
0.481916 0.194976 0.595539
0.435857 0.202808 0.589747
0.572448 0.211559 0.488211
0.425803 0.21066 0.433058
0.432699 0.176271 0.616587
0.400442 0.176898 0.613186
0.581531 0.200747 0.543399
0.448521 0.219001 0.541382
0.593852 0.188813 0.57995
0.441477 0.215664 0.463908
0.432025 0.216463 0.441052
0.53541 0.203028 0.415861
0.533548 0.207374 0.422424
0.50688 0.217334 0.518372
0.539492 0.188643 0.391296
0.541124 0.218872 0.52699
0.413089 0.204498 0.560062
0.522135 0.215007 0.55529
0.419048 0.20914 0.558255
0.532221 0.213379 0.561284
0.55434 0.214481 0.445488
0.405673 0.19636 0.571742
0.561442 0.214838 0.54019
0.536568 0.215501 0.504033
0.457005 0.211532 0.501549
0.513718 0.197759 0.581912
0.469742 0.187716 0.599757
0.585068 0.199926 0.428984
0.414146 0.203722 0.5661
0.579689 0.202586 0.545908
0.598664 0.182501 0.485351
0.486167 0.209022 0.566496
0.554903 0.217316 0.53354
0.417828 0.204282 0.441725
0.441315 0.215265 0.514543
0.607552 0.175737 0.481567
0.570068 0.188594 0.386162
0.435363 0.209864 0.422584
0.551535 0.211468 0.46349
0.423567 0.202226 0.566293
0.431866 0.189318 0.400309
0.510353 0.200111 0.451218
0.598751 0.184373 0.551364
0.565023 0.202455 0.52988
0.584445 0.184446 0.586666
0.536075 0.186455 0.588277
0.530312 0.182221 0.392283
0.536596 0.200831 0.454786
0.44726 0.183641 0.390373
0.472857 0.200489 0.567223
0.547133 0.198108 0.472551
0.523985 0.197327 0.464689
0.445594 0.203306 0.457517
0.607782 0.17115 0.521741
0.416207 0.188224 0.586427
0.464827 0.195075 0.480054
0.542899 0.201812 0.565223
0.556725 0.197741 0.481004
0.463188 0.2049 0.549921
0.479973 0.203231 0.433464
0.465006 0.203789 0.541295
0.587134 0.184274 0.504476
0.464576 0.187892 0.4018
0.571242 0.200767 0.553501
0.415127 0.194202 0.434785
0.547752 0.202848 0.432213
0.496228 0.193184 0.578231
0.43838 0.206927 0.534111
0.438566 0.201029 0.491519
0.571907 0.195081 0.49903
0.530059 0.196253 0.5741
0.567458 0.202098 0.54336
0.536399 0.205807 0.532981
0.562567 0.197061 0.482262
0.438118 0.192503 0.589008
0.421888 0.184485 0.476672
0.429728 0.188726 0.417969
0.380156 0.170858 0.525093
0.617252 0.171946 0.560708
0.463966 0.189877 0.516907
0.575647 0.178684 0.593705
0.405665 0.17886 0.484479
0.39896 0.177204 0.587895
0.537365 0.188837 0.494249
0.599453 0.171336 0.610981
0.426702 0.1656 0.625261
0.56114 0.194259 0.552474
0.502064 0.175981 0.393301
0.478815 0.185079 0.580378
0.460107 0.186685 0.486423
0.410572 0.169518 0.617574
0.375751 0.172153 0.384601
0.534386 0.187671 0.463599
0.488279 0.168446 0.377557
0.587551 0.184694 0.561111
0.41034 0.176577 0.598562
0.471656 0.181419 0.590454
0.434745 0.192852 0.427021
0.460621 0.193432 0.435169
0.560005 0.190459 0.461242
0.414607 0.185977 0.527072
0.511335 0.193404 0.5339
0.383219 0.172706 0.438296
0.381831 0.171014 0.504599
0.542958 0.192178 0.444223
0.509172 0.19137 0.564309
0.385915 0.176059 0.392577
0.533065 0.164293 0.621969
0.510278 0.188378 0.454182
0.472187 0.192034 0.545968
0.545638 0.187202 0.484092
0.418284 0.177333 0.46006
0.56386 0.165892 0.618085
0.572915 0.174252 0.383934
0.403333 0.176081 0.544747
0.473841 0.178763 0.458143
0.564914 0.17142 0.602331
0.428409 0.179703 0.499799
0.430163 0.183534 0.429541
0.49849 0.181892 0.433209
0.513687 0.180947 0.510746
0.473452 0.181694 0.538333
0.442984 0.181904 0.451721
0.592248 0.174398 0.401601
0.428416 0.175848 0.595101
0.630359 0.16228 0.609788
0.437726 0.186338 0.548609
0.40745 0.173798 0.49189
0.411675 0.174079 0.591475
0.425147 0.16836 0.375126
0.510467 0.170778 0.391157
0.583048 0.175896 0.398828
0.505123 0.175427 0.482715
0.408404 0.174174 0.463514
0.476494 0.181294 0.536253
0.459429 0.181102 0.520682
0.551872 0.16335 0.622829
0.377786 0.16737 0.552271
0.483655 0.181692 0.545632
0.545342 0.178653 0.491193
0.602633 0.166957 0.496313
0.616471 0.167131 0.551723
0.455871 0.179426 0.462438
0.5812 0.16753 0.614067
0.612127 0.164702 0.469582
0.47078 0.169068 0.608862
0.524116 0.178716 0.453297
0.409367 0.162304 0.619958
0.56445 0.166712 0.376999
0.436979 0.171563 0.465297
0.411542 0.171747 0.551423
0.614708 0.163562 0.437461
0.554527 0.164068 0.610931
0.53567 0.165951 0.382138
0.543348 0.164463 0.375395
0.501013 0.167439 0.477404
0.417436 0.169038 0.48654
0.427484 0.169273 0.595565
0.450637 0.17423 0.538953
0.569382 0.171739 0.583825
0.467407 0.168707 0.47506
0.459331 0.175343 0.56565
0.435995 0.174895 0.578691
0.578282 0.170198 0.396408
0.397054 0.165593 0.477631
0.603383 0.164142 0.527953
0.387941 0.166828 0.392839
0.512776 0.171477 0.572918
0.514058 0.17295 0.528142
0.485967 0.159352 0.369646
0.470625 0.17214 0.577503
0.440751 0.171779 0.414583
0.554562 0.17015 0.470903
0.595359 0.168788 0.41283
0.629059 0.16185 0.39082
0.497492 0.17006 0.455431
0.467823 0.172203 0.443937
0.544645 0.158547 0.629408
0.556338 0.173771 0.523433
0.536508 0.173747 0.429723
0.581955 0.165943 0.375253
0.626134 0.161154 0.423052
0.387734 0.165143 0.597245
0.409762 0.162382 0.514509
0.566247 0.163842 0.394831
0.557011 0.165693 0.54866
0.418962 0.165973 0.558929
0.493695 0.163566 0.419942
0.543438 0.157823 0.619916
0.382172 0.159655 0.529714
0.394088 0.161064 0.596235
0.500354 0.164209 0.526778
0.578523 0.163345 0.459268
0.375099 0.160125 0.376351
0.457176 0.156233 0.364616
0.544556 0.163677 0.509525
0.50559 0.157178 0.619934
0.551806 0.164751 0.52616
0.433943 0.160003 0.609375
0.492945 0.164678 0.564255
0.373322 0.156467 0.633168
0.525429 0.163762 0.419956
0.533136 0.162441 0.399944
0.439601 0.163321 0.491597
0.526326 0.162974 0.579166
0.573843 0.165536 0.544158
0.464427 0.157103 0.623141
0.422733 0.167031 0.566522
0.562744 0.165274 0.579637
0.554465 0.165106 0.534761
0.503927 0.162588 0.501322
0.439383 0.164733 0.416726
0.591896 0.161911 0.382597
0.466949 0.164759 0.434533
0.400695 0.161601 0.594132
0.492101 0.162778 0.502836
0.54582 0.165183 0.549395
0.51636 0.162411 0.50019
0.517283 0.160738 0.479038
0.404822 0.156171 0.403692
0.568511 0.157708 0.412577
0.406424 0.153293 0.355754
0.42728 0.158633 0.567024
0.361175 0.15384 0.39582
0.531175 0.152967 0.629557
0.500662 0.15589 0.404682
0.518592 0.156587 0.548835
0.501113 0.156362 0.58154
0.472834 0.157086 0.427237
0.611286 0.155503 0.429671
0.46855 0.155874 0.461858
0.520887 0.156806 0.428793
0.549554 0.15595 0.490287
0.371709 0.153964 0.483139
0.432613 0.151911 0.642234
0.401476 0.155694 0.463678
0.357713 0.152361 0.508099
0.438114 0.157369 0.584786
0.402414 0.1561 0.403137
0.643769 0.152683 0.399081
0.540592 0.152606 0.635937
0.386542 0.155352 0.448767
0.458154 0.154745 0.383171
0.401789 0.156077 0.448775
0.571045 0.157929 0.41601
0.513923 0.155228 0.383917
0.370361 0.15445 0.619625
0.374517 0.155033 0.370587
0.440519 0.155246 0.606477
0.382336 0.154788 0.508786
0.513367 0.155203 0.383545
0.442243 0.157265 0.584839
0.511384 0.15591 0.452842
0.39998 0.156533 0.583261
0.367272 0.152526 0.640096
0.400786 0.15 0.379875
0.434478 0.15 0.35174
0.636679 0.15 0.481922
0.465433 0.15 0.549023
0.370325 0.15 0.616793
0.51642 0.15 0.64002
0.53323 0.15 0.417156
0.558106 0.15 0.356656
0.447873 0.15 0.510561
0.372733 0.15 0.607811
0.370838 0.15 0.627816
0.616207 0.15 0.630618
0.626196 0.15 0.440255
0.493962 0.15 0.500261
0.5637 0.15 0.622533
0.460196 0.15 0.570017
0.426293 0.15 0.587806
0.499556 0.15 0.363349
0.361005 0.15 0.592366
0.600981 0.15 0.490217
0.557923 0.15 0.456369
0.582771 0.15 0.509087
0.351328 0.15 0.497798
0.478535 0.15 0.506844
0.567655 0.15 0.526199
0.443103 0.15 0.518279
0.354358 0.15 0.393416
0.488102 0.15 0.457184
0.574375 0.15 0.647977
0.506221 0.15 0.380744
0.500224 0.15 0.489998
0.593867 0.15 0.459272
0.492415 0.15 0.573698
0.63135 0.15 0.473069
0.3963 0.15 0.354093
0.630105 0.15 0.608306
