3132 0.012625
0.370144 0.427879 0.378287
0.459372 0.377861 0.331225
0.481465 0.280325 0.341465
0.489798 0.284501 0.352778
0.495246 0.328344 0.348886
0.529435 0.393032 0.331663
0.333711 0.398141 0.454652
0.411915 0.37753 0.405103
0.443212 0.296729 0.32963
0.498973 0.23742 0.30112
0.541479 0.319221 0.348131
0.587799 0.416158 0.404457
0.320087 0.355714 0.475566
0.329668 0.27455 0.444654
0.343609 0.463428 0.332323
0.513843 0.504732 0.300381
0.684688 0.425334 0.360484
0.659967 0.262581 0.45533
0.33626 0.316073 0.481489
0.310144 0.256843 0.501679
0.335627 0.533462 0.508929
0.527346 0.554268 0.506648
0.719971 0.453315 0.518329
0.672872 0.200797 0.498373
0.340162 0.363022 0.492958
0.367355 0.334023 0.531427
0.370973 0.364923 0.669321
0.502338 0.423926 0.730713
0.642787 0.365953 0.647043
0.648877 0.245587 0.52547
0.358257 0.411175 0.557394
0.415522 0.437404 0.587955
0.463005 0.306696 0.643339
0.494367 0.22612 0.673662
0.532832 0.253257 0.656914
0.569779 0.390104 0.561987
0.399636 0.436484 0.401553
0.359036 0.416856 0.556565
0.319808 0.222351 0.499108
0.703815 0.474822 0.500796
0.425177 0.304119 0.665368
0.49937 0.295027 0.362105
0.367282 0.421628 0.531295
0.365123 0.427775 0.574756
0.664896 0.331032 0.491448
0.481662 0.236748 0.37142
0.591888 0.410727 0.591577
0.579005 0.346044 0.559509
0.507871 0.249905 0.703994
0.51676 0.548439 0.591282
0.72995 0.418126 0.434618
0.670544 0.348522 0.484395
0.354654 0.289528 0.497412
0.405985 0.430511 0.356833
0.510105 0.238663 0.65426
0.40491 0.445042 0.578244
0.420793 0.372346 0.562819
0.361504 0.351193 0.65404
0.353275 0.333912 0.494928
0.558557 0.373687 0.724927
0.400189 0.412536 0.621507
0.634551 0.306971 0.512139
0.594507 0.508973 0.627478
0.457659 0.282188 0.647802
0.611779 0.374507 0.537962
0.423483 0.559087 0.507289
0.488263 0.248863 0.647465
0.632912 0.327608 0.522159
0.678194 0.501909 0.458627
0.62955 0.387477 0.537046
0.502013 0.229271 0.664695
0.343379 0.374662 0.459092
0.374063 0.413056 0.525675
0.337973 0.260499 0.458577
0.592588 0.316535 0.572438
0.649005 0.280726 0.454952
0.398162 0.508234 0.334811
0.499787 0.286218 0.363121
0.477449 0.231241 0.675935
0.484758 0.286459 0.648652
0.661233 0.490021 0.577503
0.550169 0.553385 0.50448
0.511843 0.344007 0.64752
0.581983 0.322348 0.390603
0.458868 0.557955 0.435426
0.684011 0.224455 0.52729
0.341736 0.341355 0.62775
0.364151 0.339705 0.532906
0.634071 0.321367 0.462958
0.41133 0.41897 0.625529
0.612464 0.302594 0.580378
0.439485 0.544392 0.372837
0.410796 0.436955 0.569652
0.528436 0.555121 0.437582
0.394285 0.326291 0.556778
0.606934 0.315944 0.402076
0.397123 0.477755 0.306345
0.344176 0.326862 0.486978
0.605397 0.318591 0.552083
0.378137 0.442716 0.588544
0.510453 0.33846 0.655422
0.657984 0.245701 0.477223
0.612482 0.388576 0.433776
0.52659 0.240072 0.693793
0.441072 0.312287 0.631663
0.353071 0.321918 0.493884
0.436532 0.289054 0.666099
0.57667 0.389016 0.557942
0.349815 0.196572 0.471995
0.34122 0.190743 0.46954
0.464133 0.320265 0.342497
0.652765 0.229875 0.464758
0.646178 0.251585 0.46945
0.501459 0.246379 0.361096
0.664615 0.224175 0.463956
0.623772 0.32695 0.53234
0.562993 0.292397 0.672257
0.317415 0.204064 0.464207
0.50469 0.2172 0.314874
0.67925 0.257433 0.536233
0.451134 0.275329 0.329426
0.603226 0.434619 0.422974
0.688283 0.488035 0.517772
0.407202 0.358057 0.552422
0.51203 0.223101 0.676039
0.336948 0.187869 0.490227
0.447939 0.466222 0.274921
0.664419 0.292936 0.486396
0.651756 0.20213 0.491279
0.574286 0.494455 0.658455
0.538767 0.54253 0.376742
0.710361 0.292655 0.44486
0.467772 0.359744 0.645971
0.376829 0.435473 0.381284
0.574916 0.297918 0.332789
0.602013 0.359521 0.301984
0.485042 0.227553 0.671465
0.457226 0.250115 0.310491
0.573098 0.551634 0.508833
0.602798 0.438588 0.388534
0.459574 0.377409 0.340573
0.649301 0.230276 0.470137
0.593459 0.442123 0.381352
0.324597 0.499801 0.387325
0.399703 0.402411 0.620596
0.339214 0.180238 0.484057
0.725184 0.397639 0.41931
0.657216 0.259849 0.475265
0.481962 0.295849 0.266599
0.500659 0.217986 0.354514
0.456278 0.389482 0.643569
0.283019 0.419437 0.58533
0.505256 0.284909 0.640641
0.633618 0.302724 0.41219
0.370229 0.482165 0.326413
0.524087 0.374749 0.642338
0.437729 0.407465 0.602089
0.346796 0.270533 0.507415
0.670885 0.352638 0.481378
0.423282 0.426935 0.593769
0.260329 0.341572 0.506649
0.397151 0.438991 0.371934
0.405565 0.428008 0.610803
0.518277 0.556922 0.448033
0.531753 0.280723 0.318304
0.526683 0.240564 0.693379
0.532634 0.40169 0.345541
0.726912 0.330154 0.545892
0.256997 0.348952 0.49854
0.34006 0.291207 0.479615
0.486565 0.370953 0.739206
0.373157 0.320373 0.534736
0.369318 0.303836 0.578703
0.532625 0.380778 0.640853
0.422744 0.355998 0.586007
0.417936 0.379743 0.27473
0.669269 0.349341 0.479894
0.52927 0.370155 0.664359
0.567779 0.438022 0.279604
0.525854 0.376086 0.643366
0.337698 0.254744 0.510861
0.332358 0.213543 0.499145
0.377325 0.322302 0.53305
0.668176 0.332789 0.482034
0.339672 0.39692 0.453242
0.495885 0.20397 0.348005
0.723569 0.288035 0.485722
0.695522 0.285232 0.445784
0.515727 0.258967 0.333574
0.443069 0.291443 0.314158
0.311849 0.288052 0.514322
0.640842 0.303919 0.452564
0.331777 0.267436 0.514221
0.426667 0.339931 0.374758
0.438351 0.302217 0.320163
0.424011 0.414758 0.634097
0.61494 0.426779 0.43298
0.348847 0.292181 0.488843
0.68083 0.209939 0.499393
0.343671 0.278003 0.482401
0.460996 0.333907 0.637345
0.506273 0.319201 0.653734
0.378019 0.330153 0.539173
0.626233 0.32884 0.629894
0.463721 0.333916 0.341541
0.365117 0.428158 0.560738
0.449335 0.280994 0.329007
0.51226 0.306404 0.341759
0.356137 0.259681 0.489091
0.418878 0.315213 0.619232
0.598922 0.441513 0.393906
0.681524 0.209438 0.510095
0.663762 0.220987 0.526551
0.649228 0.413664 0.645107
0.340659 0.305554 0.524003
0.26105 0.426019 0.510382
0.377058 0.341639 0.444222
0.341652 0.264778 0.5117
0.49714 0.262361 0.361681
0.334403 0.302584 0.475809
0.503753 0.204761 0.336167
0.488392 0.194356 0.338621
0.457812 0.381924 0.336588
0.395808 0.333108 0.407672
0.612312 0.380917 0.300992
0.616441 0.436562 0.415028
0.345222 0.374829 0.505075
0.641921 0.233777 0.511375
0.340314 0.311624 0.47039
0.420564 0.338464 0.702906
0.500098 0.315684 0.354192
0.466885 0.327324 0.338637
0.54989 0.281559 0.676661
0.635759 0.401945 0.45703
0.495094 0.199276 0.341372
0.590149 0.548562 0.514615
0.357681 0.24849 0.488989
0.534144 0.319237 0.342538
0.514718 0.526003 0.327781
0.533103 0.258675 0.653943
0.349475 0.305388 0.525222
0.347075 0.280175 0.467256
0.343691 0.314463 0.533187
0.275731 0.303442 0.510587
0.682308 0.22193 0.471134
0.690542 0.257701 0.524433
0.685081 0.394009 0.361933
0.423841 0.369835 0.569615
0.509587 0.267237 0.643095
0.505517 0.400051 0.253704
0.521846 0.304652 0.638466
0.510709 0.349478 0.34905
0.393112 0.446027 0.580395
0.45383 0.373282 0.348305
0.374022 0.33606 0.396046
0.406269 0.329901 0.393139
0.545803 0.317462 0.717513
0.486897 0.193414 0.335749
0.491506 0.243363 0.36277
0.544229 0.368042 0.257169
0.273826 0.338247 0.445083
0.336811 0.201171 0.495683
0.6492 0.320005 0.594801
0.522281 0.372978 0.348351
0.567733 0.418548 0.591526
0.624259 0.327102 0.625179
0.3704 0.35393 0.317868
0.405681 0.480468 0.304513
0.477269 0.499971 0.291475
0.384172 0.444237 0.394909
0.506208 0.297282 0.64152
0.532716 0.397985 0.351953
0.653878 0.273126 0.497801
0.539312 0.382278 0.609412
0.673424 0.493142 0.401747
0.674234 0.213124 0.474772
0.484753 0.252689 0.353788
0.413791 0.389834 0.401375
0.467216 0.24323 0.679464
0.649572 0.269006 0.496653
0.644485 0.494442 0.594094
0.273523 0.438255 0.432348
0.347533 0.282744 0.506313
0.620435 0.38312 0.534152
0.413889 0.33379 0.320107
0.516641 0.234948 0.32038
0.531383 0.267012 0.700325
0.571171 0.361355 0.715552
0.331386 0.184017 0.485816
0.416408 0.371266 0.395138
0.706276 0.345233 0.574648
0.399117 0.315576 0.373981
0.349228 0.299788 0.514014
0.477255 0.1953 0.32714
0.637667 0.253738 0.49568
0.620474 0.434091 0.419413
0.30496 0.371137 0.595156
0.731502 0.329595 0.448561
0.50257 0.230512 0.669686
0.68129 0.216919 0.478237
0.649202 0.252025 0.531685
0.616942 0.383521 0.43711
0.522095 0.310135 0.337524
0.432979 0.555505 0.420205
0.409465 0.41034 0.623831
0.647467 0.272648 0.500503
0.326598 0.528237 0.528997
0.475188 0.209408 0.344762
0.615526 0.315797 0.374009
0.576213 0.432477 0.39914
0.594747 0.440511 0.383851
0.670983 0.20122 0.511706
0.357345 0.509801 0.620208
0.321804 0.301135 0.521958
0.376019 0.333161 0.375297
0.49822 0.308195 0.654471
0.431976 0.556233 0.429523
0.583349 0.363451 0.401623
0.523345 0.357487 0.633611
0.473134 0.227972 0.345946
0.310493 0.281345 0.505486
0.467517 0.241126 0.688986
0.455824 0.384416 0.341492
0.345326 0.279243 0.466084
0.407057 0.412425 0.409517
0.318915 0.368137 0.615378
0.455185 0.29767 0.639126
0.486885 0.237349 0.359704
0.345226 0.286336 0.45202
0.475798 0.200974 0.322574
0.299468 0.422826 0.611479
0.452696 0.267759 0.320681
0.637721 0.305937 0.516881
0.557088 0.365556 0.576938
0.430414 0.373921 0.583753
0.544227 0.311957 0.612895
0.70442 0.333414 0.410641
0.379637 0.331336 0.4276
0.285876 0.38619 0.395162
0.562443 0.343659 0.719855
0.658213 0.283633 0.496692
0.343391 0.216751 0.497519
0.469278 0.533936 0.337645
0.662336 0.402098 0.633322
0.632712 0.370086 0.327906
0.382693 0.438289 0.565323
0.433322 0.421636 0.358387
0.356502 0.420278 0.437872
0.504721 0.308375 0.653795
0.251076 0.370087 0.469628
0.528445 0.553738 0.43083
0.469564 0.286968 0.338767
0.32734 0.300613 0.534409
0.469019 0.264407 0.331526
0.382163 0.322195 0.410122
0.381119 0.42879 0.426174
0.583293 0.385991 0.555563
0.521948 0.506669 0.668823
0.606772 0.414489 0.559419
0.556352 0.40486 0.588491
0.421849 0.430263 0.366264
0.686768 0.22425 0.480383
0.351876 0.293875 0.448045
0.502956 0.295848 0.652696
0.456366 0.376493 0.339209
0.459049 0.254696 0.319188
0.408999 0.428081 0.707763
0.507241 0.554715 0.504333
0.729115 0.312726 0.488256
0.520465 0.558099 0.474641
0.465986 0.557787 0.489436
0.27336 0.328947 0.454353
0.357173 0.226026 0.4786
0.652243 0.285327 0.470963
0.621684 0.381369 0.535557
0.720689 0.455101 0.47454
0.397114 0.412687 0.609615
0.500714 0.218228 0.348215
0.312913 0.286672 0.442193
0.471834 0.347227 0.65302
0.391993 0.553707 0.4952
0.295614 0.280745 0.450012
0.340783 0.335129 0.465236
0.333468 0.232994 0.501696
0.385197 0.329593 0.415293
0.582551 0.348535 0.5587
0.661017 0.279003 0.492049
0.68727 0.488941 0.514546
0.667705 0.20288 0.50288
0.532861 0.475508 0.280499
0.538568 0.2809 0.312546
0.318008 0.497152 0.393498
0.359147 0.409048 0.53132
0.640305 0.27567 0.515154
0.635709 0.409113 0.44849
0.582314 0.323608 0.576569
0.352484 0.31474 0.517568
0.68403 0.219094 0.505576
0.604018 0.517428 0.604465
0.507469 0.317633 0.656916
0.514208 0.338718 0.655945
0.432191 0.319879 0.341075
0.604794 0.391229 0.414959
0.654441 0.247717 0.469802
0.658158 0.314576 0.582611
0.329176 0.205799 0.465441
0.361011 0.329492 0.588771
0.419193 0.325185 0.611991
0.616803 0.430207 0.425193
0.389523 0.427793 0.549699
0.343733 0.360859 0.640891
0.720121 0.42251 0.559029
0.681733 0.265479 0.53299
0.545021 0.515499 0.650371
0.546354 0.393943 0.613276
0.539507 0.383712 0.630351
0.373701 0.373153 0.444066
0.291972 0.370211 0.577844
0.470522 0.304468 0.653457
0.353796 0.355093 0.509416
0.396533 0.431317 0.557547
0.609222 0.394532 0.421146
0.524651 0.363025 0.638445
0.427985 0.415459 0.608073
0.657145 0.511484 0.414789
0.622646 0.426678 0.429798
0.328643 0.523825 0.451221
0.668909 0.313707 0.57561
0.553137 0.417662 0.372526
0.674223 0.300587 0.439417
0.593656 0.545201 0.435576
0.309883 0.343176 0.406996
0.347798 0.294116 0.448638
0.676422 0.226014 0.52599
0.37694 0.427966 0.584769
0.51367 0.333415 0.661878
0.440903 0.395215 0.608585
0.415489 0.314791 0.367182
0.40552 0.328566 0.59136
0.463567 0.242992 0.310952
0.545444 0.311997 0.618392
0.631976 0.323423 0.371171
0.386842 0.439573 0.59026
0.451991 0.275632 0.324059
0.588548 0.362465 0.554219
0.308309 0.353256 0.390379
0.681953 0.491774 0.52578
0.671297 0.366684 0.613529
0.468516 0.300719 0.267191
0.487967 0.261387 0.290309
0.613634 0.527961 0.565568
0.485653 0.242897 0.346589
0.557407 0.337814 0.587847
0.40998 0.315461 0.621655
0.712515 0.445683 0.552647
0.375085 0.429919 0.5628
0.353407 0.218062 0.477166
0.659956 0.222332 0.52001
0.668154 0.505954 0.430502
0.686196 0.329762 0.397301
0.447371 0.339969 0.262274
0.487723 0.245167 0.65442
0.34645 0.364655 0.506262
0.403526 0.428965 0.598851
0.717258 0.378198 0.407445
0.495626 0.292124 0.345854
0.383041 0.341052 0.541671
0.522195 0.297109 0.643025
0.404115 0.417239 0.606415
0.569223 0.430561 0.381162
0.537024 0.312406 0.335264
0.59006 0.355236 0.555112
0.266934 0.350055 0.529776
0.41405 0.316562 0.373692
0.547495 0.28215 0.678547
0.576106 0.317756 0.383173
0.480173 0.320525 0.65805
0.637805 0.282783 0.536358
0.56901 0.331757 0.580542
0.282594 0.348976 0.561514
0.701429 0.272545 0.502457
0.567802 0.504241 0.321202
0.397366 0.319548 0.592186
0.541779 0.383957 0.611843
0.417104 0.32148 0.615919
0.505892 0.22664 0.324774
0.727429 0.366483 0.42541
0.719127 0.417754 0.562158
0.527825 0.319659 0.63504
0.518965 0.550808 0.527523
0.67896 0.218124 0.517262
0.282749 0.309512 0.452384
0.416054 0.309051 0.640348
0.655679 0.251036 0.493271
0.648325 0.210128 0.503701
0.495248 0.549558 0.388399
0.293723 0.28453 0.450642
0.641278 0.343667 0.524411
0.484951 0.220599 0.352772
0.533483 0.371669 0.625155
0.413631 0.388358 0.709897
0.536029 0.289397 0.641542
0.345318 0.260958 0.492592
0.571641 0.545521 0.551838
0.323465 0.261185 0.503244
0.606729 0.418932 0.41163
0.305361 0.224534 0.483537
0.600813 0.372776 0.547879
0.692601 0.25271 0.487749
0.401652 0.336379 0.397505
0.345028 0.229932 0.472437
0.454373 0.358386 0.339706
0.451012 0.278266 0.312636
0.477341 0.544341 0.614122
0.498094 0.260839 0.346675
0.450628 0.376024 0.629086
0.577547 0.306398 0.335151
0.532983 0.293913 0.639422
0.640943 0.482746 0.616089
0.544308 0.403889 0.353043
0.667759 0.292836 0.487642
0.522762 0.492847 0.681037
0.486877 0.304364 0.653263
0.302894 0.326119 0.564568
0.505857 0.54864 0.589218
0.523896 0.407735 0.73342
0.381587 0.334191 0.421386
0.295211 0.306868 0.547293
0.301233 0.367086 0.389237
0.591118 0.413371 0.571069
0.504899 0.323847 0.342279
0.359398 0.402143 0.541631
0.332825 0.313556 0.468857
0.470822 0.551733 0.582343
0.33472 0.291542 0.445134
0.405675 0.312928 0.367067
0.435438 0.403878 0.628125
0.577079 0.550621 0.504442
0.515265 0.230127 0.680929
0.379526 0.427836 0.42272
0.396429 0.435437 0.585233
0.485012 0.244487 0.671578
0.474484 0.551029 0.586569
0.343962 0.380258 0.520242
0.358259 0.366686 0.330018
0.399399 0.337358 0.398924
0.549721 0.321801 0.618709
0.675423 0.218178 0.508285
0.382655 0.338411 0.548769
0.515975 0.488257 0.286383
0.661585 0.260881 0.493301
0.544076 0.358411 0.371235
0.324778 0.27 0.504253
0.395784 0.52996 0.368156
0.634428 0.351509 0.456805
0.649095 0.268351 0.509332
0.442699 0.301136 0.291093
0.340793 0.269688 0.500757
0.496545 0.552366 0.403868
0.461589 0.272797 0.66199
0.487023 0.208573 0.321547
0.510404 0.257385 0.330971
0.607416 0.314239 0.610674
0.439621 0.343069 0.619254
0.549191 0.407843 0.355508
0.49704 0.239221 0.677118
0.382179 0.496567 0.657485
0.582457 0.356078 0.560329
0.665808 0.252534 0.465784
0.458024 0.334118 0.334854
0.533814 0.367175 0.638213
0.381661 0.343823 0.434643
0.59506 0.489416 0.649812
0.395587 0.419325 0.59894
0.365825 0.408458 0.54832
0.477449 0.556825 0.428616
0.31006 0.234836 0.489142
0.490246 0.286912 0.653876
0.569309 0.397683 0.575478
0.364624 0.400549 0.530551
0.608747 0.371243 0.41615
0.38865 0.351192 0.421271
0.306837 0.261061 0.456331
0.323033 0.491803 0.377259
0.423785 0.407422 0.594877
0.379348 0.343066 0.43215
0.643643 0.292816 0.548715
0.693065 0.266494 0.498504
0.334221 0.299891 0.467935
0.497166 0.246704 0.667445
0.460949 0.293829 0.329869
0.642128 0.334175 0.525688
0.386003 0.429937 0.565038
0.338894 0.385753 0.451232
0.421399 0.400009 0.613352
0.570935 0.397661 0.573289
0.402585 0.36338 0.5504
0.612345 0.353642 0.318661
0.341574 0.196307 0.47645
0.458182 0.364097 0.649663
0.675974 0.233602 0.52492
0.527857 0.417201 0.257095
0.439252 0.358636 0.360562
0.43842 0.33022 0.277381
0.585629 0.312437 0.340749
0.549631 0.295486 0.650136
0.542256 0.364171 0.256545
0.540589 0.55506 0.460469
0.48291 0.255124 0.657994
0.65304 0.241337 0.498534
0.51303 0.253474 0.323807
0.554884 0.391327 0.603223
0.305163 0.236503 0.484517
0.382462 0.367362 0.437619
0.628517 0.353713 0.432776
0.378195 0.549406 0.501639
0.374935 0.467853 0.673471
0.38275 0.348401 0.427874
0.421213 0.407613 0.59265
0.470503 0.331089 0.655532
0.66518 0.475212 0.593257
0.293454 0.456405 0.388405
0.566397 0.407062 0.38211
0.4118 0.368459 0.395025
0.388514 0.390299 0.287093
0.506706 0.553591 0.422405
0.427247 0.40132 0.602308
0.361685 0.331451 0.593283
0.423905 0.334965 0.318789
0.503224 0.252726 0.335293
0.396573 0.34317 0.296407
0.380737 0.339619 0.664876
0.327276 0.264986 0.457609
0.671589 0.26849 0.480967
0.524669 0.330265 0.642413
0.509456 0.234255 0.689122
0.670513 0.335013 0.59816
0.417114 0.373917 0.389056
0.388765 0.429394 0.570469
0.333927 0.228957 0.473726
0.401003 0.552602 0.446141
0.617759 0.423637 0.415396
0.593988 0.332006 0.311426
0.321601 0.24472 0.496052
0.486989 0.251887 0.666938
0.511167 0.23793 0.692693
0.55416 0.35725 0.591952
0.416223 0.406634 0.602297
0.4039 0.388403 0.406713
0.338046 0.307769 0.544136
0.511529 0.553548 0.499094
0.537365 0.502675 0.304619
0.396142 0.400922 0.279541
0.378364 0.346716 0.431687
0.49858 0.254734 0.665849
0.503306 0.298622 0.333426
0.360453 0.336423 0.622845
0.447886 0.279083 0.67706
0.498736 0.239049 0.326675
0.32777 0.273592 0.501471
0.439433 0.385089 0.612315
0.702102 0.275846 0.466056
0.58727 0.357377 0.399562
0.490169 0.319008 0.66122
0.395171 0.346479 0.559271
0.514209 0.297447 0.65444
0.490579 0.2297 0.315725
0.583134 0.380745 0.282116
0.329999 0.214352 0.47158
0.398375 0.362336 0.409807
0.561246 0.389585 0.594135
0.729384 0.31975 0.460736
0.599602 0.42708 0.381242
0.461287 0.309494 0.325786
0.472612 0.269578 0.319357
0.720513 0.291659 0.461144
0.333391 0.322172 0.528923
0.497445 0.300622 0.660391
0.330306 0.254179 0.497488
0.688677 0.26978 0.521131
0.373452 0.331162 0.421641
0.612529 0.421531 0.677502
0.58478 0.309959 0.656455
0.654142 0.231834 0.501981
0.390152 0.388582 0.537697
0.430489 0.33365 0.345746
0.376235 0.37685 0.52906
0.561239 0.306752 0.355603
0.466687 0.278655 0.664658
0.374377 0.345677 0.434835
0.556549 0.368944 0.592452
0.392365 0.418256 0.411329
0.594427 0.352341 0.559397
0.50748 0.366945 0.250507
0.440599 0.38643 0.629722
0.58136 0.393695 0.586357
0.340476 0.328128 0.531187
0.314034 0.202606 0.47613
0.461369 0.556057 0.434986
0.597302 0.423443 0.290731
0.325264 0.245199 0.466804
0.555268 0.334033 0.603908
0.507423 0.251976 0.671238
0.592394 0.339112 0.568259
0.675266 0.32539 0.48607
0.460634 0.302382 0.649205
0.409877 0.392845 0.60126
0.556263 0.378795 0.605514
0.260196 0.398234 0.447848
0.466071 0.285418 0.660242
0.53605 0.324153 0.262176
0.515067 0.55315 0.498572
0.626718 0.327606 0.542171
0.39066 0.42081 0.566315
0.484371 0.25295 0.679815
0.531408 0.537517 0.617092
0.684536 0.242963 0.512153
0.706307 0.464786 0.533918
0.532656 0.518988 0.650123
0.62725 0.314334 0.384595
0.31048 0.269473 0.456625
0.394917 0.32865 0.364357
0.502218 0.260609 0.322347
0.578725 0.322125 0.38344
0.594941 0.344679 0.564496
0.348762 0.347783 0.449963
0.355085 0.540563 0.488193
0.493248 0.254675 0.678632
0.570356 0.41417 0.36675
0.398393 0.373976 0.408428
0.366868 0.353311 0.442829
0.321827 0.24928 0.467269
0.323011 0.25579 0.466718
0.434541 0.381578 0.608156
0.658418 0.324108 0.388162
0.619955 0.530425 0.413255
0.5201 0.303831 0.65538
0.736069 0.329521 0.466804
0.280538 0.481198 0.511236
0.469581 0.25424 0.685423
0.530614 0.332888 0.335619
0.462416 0.265777 0.306688
0.434772 0.507502 0.667985
0.604561 0.390942 0.403936
0.437996 0.365182 0.348897
0.40667 0.496463 0.320636
0.422307 0.482606 0.686758
0.396544 0.410063 0.571294
0.695583 0.408972 0.590848
0.523262 0.515804 0.656735
0.399148 0.351188 0.398038
0.586177 0.357488 0.564758
0.542167 0.290692 0.657759
0.532447 0.311647 0.266996
0.407647 0.40828 0.589218
0.395396 0.326392 0.586984
0.415707 0.387329 0.603378
0.349865 0.353318 0.352492
0.314665 0.247806 0.468279
0.598106 0.33136 0.397511
0.470184 0.28778 0.718913
0.333063 0.340986 0.457054
0.529432 0.344508 0.333429
0.647116 0.293657 0.527956
0.628791 0.388831 0.435392
0.527319 0.341718 0.330322
0.67956 0.278756 0.477256
0.352317 0.359154 0.525708
0.579798 0.415979 0.372638
0.436101 0.556647 0.487079
0.402863 0.385295 0.400712
0.63833 0.52812 0.489458
0.443041 0.546856 0.594796
0.518819 0.298535 0.662917
0.611461 0.406188 0.399468
0.591209 0.366222 0.562439
0.458923 0.298068 0.714228
0.432585 0.436095 0.272436
0.710256 0.376437 0.398257
0.649979 0.339037 0.452466
0.31594 0.305585 0.528286
0.416287 0.353736 0.705511
0.406114 0.319757 0.358716
0.561496 0.491507 0.306303
0.522885 0.553886 0.484091
0.672998 0.291719 0.491281
0.68299 0.270555 0.482895
0.440955 0.313281 0.317093
0.49889 0.277678 0.290736
0.463914 0.262754 0.689138
0.604878 0.332731 0.324467
0.721396 0.375674 0.417218
0.318791 0.309428 0.532482
0.28924 0.404239 0.380083
0.506269 0.474904 0.698611
0.614388 0.335487 0.410657
0.652799 0.297307 0.525016
0.650541 0.352554 0.458899
0.307579 0.31495 0.553192
0.455294 0.552855 0.527809
0.679365 0.291355 0.480675
0.468579 0.291906 0.662914
0.722737 0.37213 0.561528
0.417884 0.390324 0.379944
0.630495 0.311296 0.584128
0.49416 0.284258 0.314628
0.491612 0.282687 0.665134
0.656081 0.49509 0.569629
0.356942 0.34317 0.442696
0.653344 0.505931 0.547991
0.631322 0.418968 0.658703
0.492665 0.266865 0.6772
0.270104 0.310619 0.476206
0.49535 0.555278 0.462975
0.402894 0.395575 0.590713
0.685877 0.275617 0.482462
0.378637 0.375475 0.432557
0.455055 0.297691 0.282932
0.324987 0.330705 0.522954
0.364892 0.367877 0.53805
0.311383 0.4689 0.366924
0.441508 0.382714 0.264273
0.579988 0.43212 0.695443
0.724153 0.362297 0.423087
0.381655 0.541955 0.417965
0.310035 0.51404 0.492887
0.292216 0.497048 0.50663
0.418634 0.367349 0.592792
0.293119 0.292321 0.514348
0.596207 0.323363 0.385181
0.402795 0.334155 0.341692
0.620533 0.388706 0.411405
0.298011 0.272189 0.479868
0.646807 0.356252 0.448077
0.313839 0.427168 0.626376
0.498137 0.256804 0.688551
0.595197 0.319542 0.361361
0.314661 0.313395 0.501343
0.64462 0.363555 0.447584
0.626412 0.488223 0.62178
0.398661 0.351512 0.569752
0.458306 0.290795 0.313893
0.284374 0.302194 0.457982
0.714101 0.367668 0.407369
0.344917 0.330513 0.562731
0.41836 0.374941 0.378784
0.433027 0.449995 0.707644
0.378183 0.353395 0.405818
0.669505 0.286618 0.535796
0.501731 0.299155 0.313774
0.618248 0.386587 0.412397
0.593246 0.353076 0.568024
0.627054 0.532479 0.448887
0.673108 0.28963 0.499377
0.565921 0.509816 0.642104
0.508079 0.318036 0.265208
0.659217 0.341643 0.463472
0.645061 0.524574 0.482717
0.327259 0.348104 0.520288
0.325932 0.345279 0.518933
0.525732 0.542563 0.380746
0.687708 0.47541 0.550511
0.350106 0.357261 0.640159
0.390393 0.379637 0.549851
0.405545 0.380993 0.570268
0.443541 0.300432 0.656276
0.567396 0.389853 0.273758
0.405864 0.401787 0.382251
0.545676 0.440722 0.273758
0.649849 0.350497 0.446091
0.624469 0.378543 0.418852
0.265073 0.378033 0.443475
0.560482 0.437756 0.704741
0.346216 0.343568 0.440325
0.351557 0.341267 0.62635
0.396772 0.385637 0.560572
0.55836 0.306258 0.295597
0.671142 0.292321 0.507004
0.479315 0.278173 0.298524
0.554537 0.351178 0.612883
0.591838 0.545082 0.454843
0.52239 0.320541 0.316835
0.492804 0.295682 0.274384
0.372788 0.546441 0.495838
0.612548 0.319835 0.394563
0.661835 0.509894 0.437986
0.55556 0.512433 0.644798
0.366051 0.388007 0.4324
0.409325 0.338775 0.338705
0.533535 0.551067 0.451081
0.371476 0.348755 0.403193
0.422872 0.346953 0.282326
0.679814 0.314755 0.460877
0.476083 0.275595 0.682241
0.672918 0.472347 0.374677
0.671584 0.291436 0.537033
0.55921 0.36639 0.376578
0.432819 0.368235 0.619551
0.676828 0.419197 0.614534
0.502382 0.285454 0.284861
0.268623 0.326135 0.486231
0.46589 0.302837 0.662442
0.302379 0.308915 0.513851
0.414612 0.376311 0.377341
0.364941 0.350722 0.428985
0.668853 0.313021 0.436157
0.426201 0.450576 0.703894
0.596798 0.384492 0.292473
0.510842 0.270726 0.688367
0.588181 0.328374 0.321661
0.406119 0.386683 0.584677
0.373976 0.351868 0.41793
0.503899 0.275974 0.693965
0.407754 0.380006 0.387105
0.573431 0.320981 0.621444
0.570619 0.350588 0.384033
0.432184 0.337348 0.328208
0.64238 0.502392 0.572537
0.35915 0.342924 0.56823
0.692188 0.29365 0.504135
0.510861 0.27825 0.694812
0.719315 0.429984 0.550685
0.66867 0.320138 0.444848
0.324767 0.330302 0.452647
0.326472 0.342558 0.592651
0.503213 0.277748 0.696983
0.339529 0.344834 0.538551
0.676456 0.274367 0.518191
0.58877 0.365906 0.293341
0.657457 0.299285 0.548915
0.47838 0.548737 0.55023
0.425784 0.332658 0.629586
0.64007 0.492959 0.36391
0.317465 0.308681 0.542309
0.452317 0.312715 0.645021
0.662764 0.283217 0.520943
0.389363 0.384121 0.39959
0.482053 0.552861 0.445045
0.571869 0.313713 0.66604
0.435293 0.308364 0.66047
0.390888 0.364108 0.568119
0.678986 0.307727 0.43357
0.658052 0.366435 0.622425
0.323088 0.336949 0.451253
0.41878 0.359569 0.351399
0.710339 0.29962 0.530992
0.580343 0.31889 0.625679
0.312273 0.317168 0.527423
0.487777 0.548372 0.51881
0.473183 0.299642 0.276599
0.451299 0.327067 0.276279
0.314851 0.314362 0.455206
0.317048 0.333103 0.564487
0.708568 0.463667 0.503545
0.364571 0.543625 0.528188
0.404269 0.384342 0.386834
0.493097 0.276734 0.692113
0.673086 0.334867 0.460005
0.315549 0.319203 0.456173
0.399907 0.351198 0.591334
0.484761 0.291191 0.28892
0.573666 0.375735 0.71
0.410452 0.334373 0.629808
0.628206 0.446253 0.64817
0.474395 0.552479 0.410598
0.486208 0.547603 0.546531
0.577572 0.325383 0.617278
0.591496 0.378543 0.5782
0.444478 0.545877 0.59314
0.257336 0.361916 0.489777
0.388579 0.353625 0.570289
0.693542 0.317636 0.429883
0.357763 0.348104 0.570713
0.487488 0.550439 0.493882
0.39237 0.373133 0.392148
0.455118 0.287252 0.677841
0.574829 0.345653 0.704455
0.70595 0.333346 0.422748
0.333482 0.341282 0.385071
0.481046 0.322332 0.266613
0.369424 0.345811 0.367642
0.485987 0.551136 0.487745
0.524716 0.29655 0.302432
0.397345 0.380252 0.597126
0.385418 0.4279 0.292915
0.613404 0.504399 0.610069
0.545941 0.329559 0.646193
0.288369 0.298267 0.473162
0.69108 0.327487 0.420301
0.534087 0.306256 0.310009
0.627987 0.354232 0.413341
0.558401 0.303746 0.305566
0.275866 0.451716 0.541119
0.680892 0.316272 0.504279
0.466853 0.315509 0.666624
0.41173 0.362704 0.360767
0.481712 0.542475 0.608651
0.563374 0.322788 0.292749
0.31768 0.34113 0.434155
0.409137 0.347192 0.371488
0.351472 0.345449 0.365424
0.688582 0.31384 0.463177
0.516573 0.352692 0.254056
0.428815 0.37503 0.274205
0.408652 0.350038 0.611934
0.362372 0.38184 0.422649
0.571575 0.317045 0.336664
0.422808 0.323242 0.649984
0.317454 0.342951 0.571986
0.675976 0.351217 0.457899
0.682546 0.308106 0.513854
0.506364 0.303013 0.714677
0.672479 0.497939 0.510211
0.704046 0.447249 0.414884
0.341697 0.495535 0.368463
0.569476 0.546845 0.466011
0.382859 0.380721 0.588523
0.381794 0.387613 0.397742
0.655005 0.337227 0.595274
0.587473 0.543208 0.529791
0.624415 0.498862 0.359226
0.467873 0.541657 0.611579
0.479229 0.551672 0.453541
0.377507 0.362502 0.397375
0.659735 0.3061 0.54551
0.268972 0.377795 0.532711
0.611767 0.341166 0.333872
0.418514 0.551073 0.428728
0.634383 0.327704 0.569907
0.384114 0.397188 0.386746
0.384971 0.336966 0.351152
0.306995 0.501729 0.44581
0.606175 0.367156 0.575716
0.265207 0.432043 0.496084
0.559366 0.540038 0.407594
0.597847 0.541175 0.51186
0.641326 0.321132 0.399174
0.28388 0.331052 0.539882
0.61151 0.343993 0.398871
0.624849 0.534169 0.47491
0.455692 0.291298 0.689548
0.444879 0.402937 0.265042
0.676688 0.489463 0.410612
0.339407 0.340572 0.600916
0.320257 0.351268 0.401934
0.694842 0.338837 0.477652
0.461289 0.288755 0.686885
0.526794 0.308479 0.713323
0.292051 0.488546 0.451277
0.633028 0.516793 0.401032
0.565604 0.314813 0.651741
0.321067 0.346654 0.442518
0.361255 0.369346 0.415874
0.547941 0.314488 0.316099
0.529007 0.301804 0.681262
0.532757 0.301163 0.690698
0.510254 0.311782 0.28921
0.530723 0.370967 0.259538
0.713114 0.387259 0.405242
0.322147 0.349583 0.391496
0.571225 0.520034 0.356402
0.381528 0.373335 0.392069
0.461065 0.418759 0.728944
0.705504 0.303811 0.482576
0.60573 0.540299 0.46527
0.342059 0.342519 0.398825
0.533172 0.320943 0.717475
0.304227 0.500285 0.54624
0.691142 0.321085 0.498464
0.40963 0.345864 0.628241
0.467193 0.291149 0.705423
0.398813 0.364652 0.603753
0.543537 0.306725 0.307429
0.556619 0.541022 0.415881
0.604211 0.533543 0.415698
0.344442 0.339141 0.56028
0.387293 0.345834 0.366781
0.418438 0.332705 0.659589
0.40947 0.548015 0.562948
0.608091 0.500554 0.348351
0.385326 0.35841 0.599302
0.692718 0.334119 0.497288
0.665659 0.3379 0.385887
0.545266 0.316922 0.703986
0.736869 0.399503 0.454314
0.5941 0.528161 0.3897
0.261939 0.399848 0.455007
0.491545 0.332712 0.266008
0.308813 0.337333 0.448182
0.443671 0.308171 0.670732
0.4847 0.355352 0.256504
0.595587 0.433989 0.298927
0.512183 0.473406 0.69532
0.64348 0.415431 0.642847
0.379381 0.365808 0.381923
0.281669 0.383112 0.422291
0.442644 0.325619 0.648971
0.326279 0.33223 0.558222
0.295551 0.359932 0.420565
0.484516 0.5495 0.477789
0.428973 0.350623 0.282511
0.268242 0.409298 0.43843
0.703728 0.309815 0.491153
0.323747 0.407034 0.639814
0.599002 0.340949 0.375374
0.299832 0.439597 0.376955
0.320049 0.455698 0.356222
0.618804 0.521482 0.396055
0.488489 0.295998 0.692716
0.3447 0.361212 0.420478
0.450235 0.542654 0.601072
0.488334 0.312437 0.68276
0.28344 0.314145 0.475393
0.259499 0.393557 0.492057
0.592452 0.351488 0.594685
0.377076 0.352063 0.602442
0.259495 0.377408 0.488421
0.690214 0.331675 0.5135
0.410403 0.552329 0.495092
0.559608 0.320931 0.686843
0.385943 0.521358 0.370754
0.565369 0.534944 0.397777
0.515144 0.324443 0.689736
0.600361 0.364068 0.590317
0.28787 0.318627 0.497639
0.633844 0.345302 0.574719
0.373031 0.516431 0.375324
0.6848 0.45892 0.568389
0.45928 0.549851 0.458785
0.688137 0.337229 0.412594
0.48997 0.317761 0.68506
0.25924 0.412155 0.467038
0.687189 0.325616 0.521874
0.322347 0.361523 0.432819
0.591622 0.336646 0.640219
0.693592 0.332814 0.504256
0.355407 0.35263 0.59623
0.283907 0.469844 0.547816
0.384288 0.344246 0.345666
0.39113 0.34672 0.637533
0.701639 0.326926 0.553443
0.353166 0.454585 0.657874
0.336223 0.351663 0.590506
0.331274 0.412667 0.648445
0.379468 0.410225 0.689097
0.490246 0.322287 0.685211
0.380289 0.36826 0.595775
0.668045 0.334169 0.400698
0.663135 0.321139 0.56646
0.341166 0.359524 0.411082
0.495341 0.394773 0.260495
0.577381 0.539748 0.433651
0.371548 0.364006 0.366508
0.686459 0.327736 0.527706
0.615852 0.341677 0.653967
0.570707 0.328028 0.673201
0.689931 0.336142 0.419374
0.540894 0.540388 0.41875
0.29808 0.328203 0.511613
0.446734 0.435397 0.717882
0.327368 0.339021 0.559721
0.566225 0.484907 0.664367
0.26374 0.381781 0.503244
0.562626 0.32671 0.657451
0.399847 0.366749 0.297623
0.348719 0.362877 0.570499
0.632857 0.34695 0.608435
0.264703 0.408457 0.518028
0.575019 0.397259 0.282514
0.644581 0.342118 0.565713
0.530775 0.542749 0.510884
0.530118 0.54188 0.521688
0.736918 0.346111 0.505333
0.383531 0.391358 0.684657
0.527607 0.386437 0.731937
0.396424 0.364998 0.337651
0.658179 0.419793 0.339512
0.388553 0.357089 0.308988
0.658294 0.332672 0.423384
0.619785 0.364484 0.332699
0.304165 0.32263 0.537488
0.648889 0.334211 0.565218
0.66689 0.392189 0.355218
0.385116 0.544824 0.457762
0.548451 0.327698 0.674593
0.635934 0.348025 0.594944
0.278282 0.323946 0.491483
0.386539 0.367602 0.615602
0.308049 0.378418 0.586644
0.674996 0.326515 0.54963
0.376719 0.365452 0.322037
0.581855 0.335864 0.666018
0.450394 0.425446 0.268535
0.517692 0.543022 0.437785
0.472554 0.361411 0.25882
0.723291 0.330061 0.520025
0.358158 0.364809 0.600015
0.267896 0.405128 0.532643
0.669766 0.328507 0.552514
0.71956 0.416533 0.42342
0.38022 0.351041 0.644906
0.287078 0.400849 0.40221
0.284154 0.430994 0.570275
0.281681 0.407049 0.569237
0.431192 0.334451 0.677516
0.692577 0.326015 0.452858
0.376366 0.35062 0.342959
0.29738 0.326875 0.518571
0.521656 0.401824 0.263943
0.441164 0.326369 0.661913
0.71872 0.317431 0.47612
0.357005 0.367757 0.354388
0.598523 0.378818 0.683178
0.372427 0.542876 0.513269
0.677695 0.363502 0.587392
0.39834 0.549366 0.51921
0.726629 0.329906 0.492974
0.475941 0.542986 0.546442
0.520826 0.544266 0.48185
0.650714 0.439154 0.626033
0.530502 0.519619 0.331687
0.697099 0.474573 0.478398
0.597724 0.405672 0.683757
0.5757 0.542229 0.511897
0.27414 0.378452 0.440759
0.324134 0.362657 0.393258
0.716751 0.322111 0.460561
0.674076 0.332403 0.561381
0.474802 0.324816 0.714792
0.514041 0.542298 0.443688
0.622248 0.359523 0.34972
0.275585 0.430684 0.54794
0.5509 0.334303 0.681896
0.4289 0.36732 0.308366
0.641558 0.472397 0.615293
0.620375 0.424306 0.660136
0.281846 0.33614 0.513547
0.498111 0.539588 0.380589
0.610684 0.346648 0.647602
0.457737 0.321427 0.679461
0.261459 0.393903 0.464494
0.666052 0.351972 0.43058
0.444092 0.327131 0.670287
0.419281 0.372432 0.289653
0.501633 0.456161 0.27536
0.515239 0.480971 0.686213
0.286432 0.339402 0.49765
0.433436 0.455632 0.701242
0.645361 0.343046 0.40409
0.452683 0.548079 0.47189
0.347666 0.370079 0.600939
0.308022 0.335303 0.541878
0.619555 0.497143 0.608202
0.706848 0.332653 0.48029
0.648704 0.355536 0.58695
0.463954 0.417635 0.727881
0.290732 0.480684 0.548621
0.718176 0.372485 0.422043
0.531635 0.53319 0.607931
0.447545 0.409259 0.268605
0.386959 0.366715 0.638698
0.298343 0.367135 0.431292
0.429741 0.504994 0.663689
0.672309 0.339659 0.56086
0.66682 0.342266 0.56649
0.490665 0.543299 0.46204
0.32069 0.48854 0.591063
0.585102 0.53948 0.459896
0.595103 0.389152 0.300344
0.612271 0.359228 0.614687
0.504723 0.325948 0.709992
0.586575 0.348738 0.320565
0.662279 0.350098 0.425251
0.549064 0.344354 0.71385
0.304633 0.40818 0.608932
0.448853 0.35667 0.279616
0.610751 0.351776 0.354997
0.644138 0.365381 0.5814
0.29192 0.347222 0.518983
0.636958 0.36257 0.368841
0.398788 0.353541 0.656913
0.510686 0.325487 0.705953
0.432038 0.386823 0.278576
0.443946 0.331325 0.685507
0.668001 0.348034 0.575836
0.465159 0.319861 0.704713
0.703958 0.335092 0.436468
0.517974 0.347761 0.275448
0.475389 0.541499 0.511319
0.451765 0.487712 0.294551
0.532882 0.346511 0.275173
0.590168 0.359022 0.65422
0.352241 0.370693 0.611371
0.554336 0.331562 0.683925
0.363098 0.368471 0.616116
0.67759 0.348552 0.573335
0.273189 0.385352 0.526281
0.276294 0.357953 0.462107
0.587358 0.353071 0.337712
0.3312 0.370911 0.580473
0.521553 0.501764 0.663607
0.462736 0.544721 0.473588
0.594685 0.425436 0.298963
0.294096 0.381685 0.420173
0.619719 0.525271 0.425845
0.504819 0.346324 0.724952
0.435582 0.369097 0.28407
0.724195 0.436519 0.472727
0.611235 0.362425 0.631508
0.716422 0.43273 0.438959
0.532129 0.537304 0.572996
0.441467 0.411798 0.272833
0.522231 0.492602 0.672762
0.704803 0.328565 0.454986
0.584056 0.364402 0.306948
0.446279 0.439447 0.275712
0.716388 0.339507 0.520797
0.519755 0.361256 0.271772
0.593334 0.398835 0.683485
0.438523 0.368531 0.290042
0.71497 0.353125 0.426881
0.454992 0.525277 0.342384
0.603191 0.390354 0.675187
0.264872 0.374862 0.483549
0.285854 0.445978 0.42564
0.606891 0.363349 0.353748
0.409098 0.542044 0.409058
0.335145 0.468999 0.35296
0.656326 0.350595 0.384591
0.551321 0.532195 0.590715
0.591891 0.404245 0.294253
0.431796 0.532833 0.366546
0.364922 0.369074 0.635662
0.313524 0.473171 0.379095
0.279336 0.36325 0.511392
0.472441 0.542635 0.462893
0.507606 0.343237 0.709345
0.452611 0.54481 0.475764
0.435667 0.513008 0.333666
0.727183 0.391098 0.440708
0.707717 0.345892 0.529333
0.664413 0.451305 0.600832
0.572707 0.352415 0.678989
0.570145 0.520597 0.370258
0.604939 0.515327 0.379658
0.45829 0.54433 0.450803
0.579376 0.353613 0.319362
0.658317 0.44158 0.614371
0.377542 0.373076 0.661799
0.303769 0.388212 0.404219
0.653848 0.371154 0.58182
0.679256 0.348274 0.42641
0.712598 0.380536 0.560407
0.714423 0.344352 0.521345
0.646263 0.381292 0.58354
0.584907 0.387554 0.298045
0.443354 0.382651 0.276466
0.525498 0.359623 0.278583
0.360359 0.40915 0.319467
0.575839 0.530205 0.577855
0.692281 0.426284 0.576968
0.666618 0.360184 0.57691
0.378831 0.3768 0.643505
0.596397 0.525543 0.397826
0.409876 0.371753 0.691453
0.608363 0.508179 0.369246
0.443911 0.344492 0.68467
0.709054 0.353798 0.519626
0.344013 0.388678 0.638376
0.595451 0.366724 0.325327
0.604903 0.370285 0.652591
0.536637 0.532492 0.397064
0.549706 0.496203 0.656649
0.419069 0.547301 0.471714
0.507829 0.536904 0.391421
0.688169 0.361196 0.567863
0.719893 0.4152 0.434161
0.474325 0.54393 0.405743
0.72443 0.354113 0.530991
0.350081 0.383644 0.634131
0.270432 0.379084 0.471448
0.280159 0.438396 0.448893
0.453368 0.540055 0.539473
0.740226 0.372727 0.473936
0.401344 0.520207 0.362936
0.547653 0.459266 0.687255
0.590927 0.388157 0.681409
0.606628 0.522195 0.563269
0.505807 0.357408 0.724664
0.319057 0.399794 0.370588
0.611119 0.382234 0.342788
0.694033 0.463045 0.533239
0.701973 0.345313 0.441098
0.275992 0.421563 0.451491
0.588084 0.407872 0.294019
0.633454 0.400115 0.368279
0.481472 0.537789 0.599709
0.393119 0.382617 0.659016
0.512157 0.351924 0.717258
0.722061 0.351093 0.52578
0.474661 0.393343 0.728185
0.268268 0.385763 0.467607
0.428251 0.452046 0.289231
0.732347 0.350926 0.473324
0.277033 0.435571 0.465215
0.63042 0.400006 0.328281
0.394924 0.521077 0.371617
0.558209 0.529091 0.401369
0.280104 0.402001 0.543071
0.369805 0.535985 0.467366
0.649045 0.391014 0.610318
0.440738 0.540913 0.543582
0.719712 0.434638 0.503961
0.307672 0.395455 0.413408
0.605679 0.401421 0.666976
0.301299 0.43298 0.387199
0.631844 0.389813 0.365572
0.437459 0.358405 0.689269
0.684434 0.476642 0.437459
0.733924 0.386264 0.507764
0.6517 0.405442 0.599325
0.525167 0.529838 0.370435
0.467171 0.5405 0.470753
0.277717 0.440377 0.533039
0.329807 0.518975 0.492868
0.285347 0.4177 0.432172
0.298042 0.473264 0.566442
0.633436 0.444161 0.633209
0.621983 0.378537 0.634915
0.343102 0.406477 0.650476
0.514371 0.523787 0.628761
0.530263 0.536963 0.471604
0.326525 0.5133 0.463655
0.559997 0.406491 0.706946
0.371075 0.462471 0.32673
0.428178 0.367065 0.701416
0.425863 0.399128 0.289236
0.627736 0.399254 0.355211
0.724456 0.351404 0.478719
0.462963 0.381568 0.277201
0.288058 0.445454 0.441512
0.429228 0.37042 0.685603
0.296018 0.405067 0.569386
0.635504 0.495436 0.375983
0.290858 0.452816 0.438008
0.309068 0.498946 0.46499
0.336313 0.419699 0.62701
0.500668 0.368499 0.723048
0.570687 0.516656 0.367893
0.584594 0.401156 0.683162
0.727628 0.358968 0.489153
0.569081 0.408763 0.697341
0.406717 0.43463 0.295126
0.378225 0.39663 0.655219
0.458128 0.377626 0.721288
0.697869 0.363606 0.427551
0.288489 0.414944 0.434456
0.313093 0.412974 0.589008
0.287518 0.455734 0.455447
0.61299 0.388266 0.647269
0.680085 0.373525 0.572545
0.405379 0.384657 0.682792
0.328733 0.413303 0.633201
0.668196 0.41049 0.356761
0.483759 0.480673 0.287704
0.611113 0.41258 0.311471
0.691699 0.364874 0.557698
0.649048 0.402631 0.610404
0.727683 0.356828 0.46507
0.611511 0.391669 0.333952
0.566635 0.390215 0.293126
0.540896 0.400626 0.278923
0.489488 0.392338 0.280507
0.440428 0.417316 0.28025
0.708557 0.36177 0.548944
0.403033 0.386388 0.682118
0.380664 0.403939 0.65848
0.441978 0.412944 0.285275
0.508172 0.39644 0.286056
0.678206 0.475469 0.409228
0.613839 0.515957 0.397882
0.28856 0.472948 0.480135
0.487537 0.535122 0.502059
0.690714 0.372799 0.562845
0.571711 0.535936 0.497115
0.405942 0.513489 0.639456
0.67362 0.457923 0.570151
0.587183 0.413898 0.298245
0.353876 0.423459 0.659565
0.388164 0.540087 0.501906
0.679911 0.451005 0.567096
0.722176 0.363535 0.461879
0.582806 0.383357 0.670475
0.712434 0.363542 0.447777
0.600441 0.399351 0.325687
0.456969 0.364292 0.707326
0.591106 0.532488 0.456994
0.435799 0.418406 0.285372
0.477724 0.534763 0.509284
0.696089 0.447033 0.421649
0.446476 0.457106 0.699668
0.678415 0.47929 0.51669
0.668937 0.416391 0.357863
0.509044 0.531517 0.381523
0.617847 0.505032 0.37778
0.414041 0.418354 0.699714
0.452037 0.539775 0.46767
0.71867 0.371236 0.463511
0.397455 0.53182 0.397887
0.32859 0.472868 0.616524
0.509363 0.370279 0.7143
0.65146 0.508801 0.464573
0.289951 0.454877 0.549242
0.448538 0.535989 0.525522
0.310312 0.462912 0.394189
0.666696 0.404956 0.378245
0.568099 0.384045 0.687495
0.291696 0.476476 0.487725
0.714336 0.440616 0.475771
0.41695 0.467974 0.682318
0.335791 0.518606 0.540326
0.478893 0.472653 0.286172
0.473657 0.535446 0.596767
0.574214 0.528061 0.57193
0.285497 0.436653 0.509833
0.556674 0.53444 0.523692
0.452982 0.3706 0.709179
0.297049 0.451162 0.566793
0.571828 0.535376 0.519453
0.297894 0.418924 0.430717
0.666572 0.414594 0.582426
0.596911 0.532221 0.49754
0.564134 0.534339 0.479757
0.488937 0.421012 0.719184
0.553496 0.534241 0.519073
0.657755 0.424599 0.597803
0.565602 0.41349 0.290476
0.727162 0.410697 0.473918
0.287369 0.426642 0.452656
0.326867 0.500327 0.432047
0.510808 0.534465 0.473571
0.706347 0.409608 0.552274
0.669501 0.452688 0.579959
0.628866 0.518895 0.455679
0.707932 0.370552 0.536559
0.353097 0.528447 0.533141
0.434648 0.409438 0.708472
0.518373 0.41288 0.280185
0.310861 0.459915 0.397172
0.437428 0.535395 0.568745
0.584597 0.528052 0.560625
0.674644 0.412386 0.39809
0.398654 0.418841 0.685597
0.290139 0.459807 0.507581
0.421625 0.441011 0.301994
0.679861 0.472934 0.520484
0.395808 0.467447 0.673544
0.346321 0.447299 0.367979
0.409383 0.436742 0.689927
0.545905 0.382658 0.705048
0.686527 0.393181 0.412463
0.578102 0.406594 0.308985
0.611599 0.462635 0.638645
0.330379 0.464325 0.617471
0.418947 0.471589 0.311265
0.666832 0.413906 0.5701
0.580689 0.5316 0.459834
0.313502 0.500986 0.500951
0.439971 0.473228 0.29976
0.503693 0.426448 0.290681
0.681146 0.412782 0.383303
0.653901 0.427388 0.366189
0.54446 0.498626 0.648588
0.630886 0.425875 0.632223
0.676559 0.420649 0.579038
0.627206 0.463554 0.623875
0.396782 0.531679 0.40509
0.404308 0.539734 0.503412
0.496989 0.38882 0.70778
0.299541 0.45684 0.563427
0.601671 0.417319 0.656208
0.310082 0.454315 0.396479
0.671775 0.412372 0.379308
0.295437 0.435727 0.548575
0.30005 0.483098 0.530072
0.708521 0.38615 0.437946
0.695989 0.389209 0.55403
0.370929 0.451042 0.345862
0.658613 0.474809 0.565329
0.293788 0.464304 0.512065
0.721151 0.393095 0.508998
0.485386 0.471064 0.290723
0.290585 0.442727 0.461923
0.322963 0.451515 0.600923
0.574528 0.51071 0.37069
0.327414 0.45108 0.376807
0.452553 0.532712 0.550904
0.443985 0.533409 0.54807
0.292251 0.438999 0.4817
0.360021 0.525658 0.477027
0.569458 0.397682 0.678819
0.516499 0.455292 0.692774
0.580582 0.423954 0.674924
0.430696 0.447694 0.693633
0.397105 0.528816 0.592439
0.566828 0.525062 0.422931
0.492277 0.521188 0.627429
0.294202 0.435371 0.455313
0.343565 0.516485 0.467978
0.455554 0.427476 0.713203
0.528454 0.527305 0.440143
0.547734 0.441306 0.6905
0.309227 0.487468 0.455123
0.355598 0.431604 0.639752
0.314891 0.486606 0.563625
0.688095 0.384434 0.553338
0.303089 0.487918 0.52565
0.599539 0.50711 0.59785
0.464252 0.444747 0.287198
0.482389 0.390495 0.71004
0.307455 0.488805 0.523418
0.355132 0.497713 0.611324
0.706762 0.439752 0.462993
0.586458 0.531201 0.491076
0.674458 0.47809 0.50442
0.296871 0.460158 0.517949
0.708912 0.388604 0.527572
0.512876 0.526926 0.396039
0.678968 0.397991 0.556058
0.477321 0.462834 0.291644
0.594927 0.447746 0.322731
0.715499 0.426836 0.471036
0.299478 0.465626 0.537668
0.389284 0.53138 0.545848
0.66166 0.442032 0.368676
0.669226 0.48172 0.423074
0.371169 0.522544 0.574633
0.681866 0.469878 0.499503
0.294711 0.45609 0.464304
0.318529 0.499209 0.493337
0.340515 0.476921 0.618535
0.32846 0.493695 0.572229
0.681335 0.415711 0.561196
0.516463 0.444825 0.293461
0.699001 0.394496 0.520482
0.593349 0.529756 0.489914
0.411018 0.419272 0.681151
0.600325 0.440445 0.331517
0.502817 0.428235 0.709444
0.602702 0.52681 0.505811
0.441677 0.530374 0.592636
0.347228 0.453574 0.634312
0.35649 0.523596 0.525115
0.680743 0.443059 0.395717
0.70506 0.421691 0.535719
0.622491 0.443484 0.627205
0.344487 0.471722 0.372013
0.378901 0.467966 0.656728
0.41466 0.502864 0.645936
0.607078 0.523796 0.49429
0.414261 0.534615 0.522761
0.305242 0.457885 0.521413
0.46122 0.489223 0.309852
0.670243 0.437441 0.395179
0.638617 0.447372 0.588112
0.380108 0.451604 0.629577
0.532397 0.521419 0.4064
0.671514 0.443945 0.565508
0.694101 0.403067 0.44025
0.477952 0.48061 0.301111
0.416178 0.427269 0.673126
0.682705 0.467105 0.455696
0.692091 0.4064 0.428977
0.591398 0.452898 0.326701
0.580396 0.419913 0.655184
0.603844 0.525192 0.481177
0.714345 0.417452 0.480804
0.395552 0.451313 0.671786
0.384524 0.530148 0.49411
0.528597 0.499354 0.321866
0.668785 0.439664 0.391968
0.565436 0.413107 0.676942
0.300112 0.469496 0.477626
0.439523 0.532026 0.50281
0.40995 0.514354 0.627271
0.314264 0.485812 0.450071
0.361022 0.442352 0.640438
0.500383 0.468941 0.299172
0.341727 0.450772 0.615784
0.579789 0.443821 0.661195
0.488635 0.404695 0.705049
0.438067 0.531688 0.513027
0.357866 0.466015 0.635497
0.413534 0.534303 0.425249
0.604639 0.451147 0.618925
0.705985 0.40783 0.447965
0.434976 0.488239 0.32611
0.312395 0.461293 0.522807
0.603686 0.469425 0.340398
0.425341 0.509444 0.351262
0.524109 0.467289 0.307175
0.320942 0.494635 0.49194
0.383939 0.526708 0.425053
0.66243 0.478776 0.405218
0.596634 0.443082 0.629902
0.593763 0.464244 0.334749
0.668934 0.469724 0.407839
0.683868 0.401626 0.541007
0.599856 0.466338 0.633504
0.594605 0.457743 0.340659
0.67001 0.44411 0.561455
0.642108 0.461145 0.394964
0.692439 0.451903 0.486503
0.4541 0.528443 0.585267
0.467165 0.525842 0.508655
0.597224 0.495225 0.610365
0.346208 0.513196 0.516189
0.612852 0.481658 0.612713
0.422148 0.529429 0.559278
0.30811 0.475859 0.520084
0.354668 0.452566 0.623189
0.588139 0.488776 0.346994
0.496287 0.518033 0.357977
0.401053 0.486282 0.340703
0.622345 0.471029 0.352723
0.652175 0.482294 0.549655
0.41778 0.452655 0.67835
0.377178 0.475031 0.351337
0.325897 0.495095 0.499031
0.405971 0.532854 0.475232
0.457904 0.532012 0.440547
0.708082 0.40348 0.466122
0.626953 0.463963 0.365175
0.689074 0.409042 0.519255
0.348051 0.492051 0.594734
0.557865 0.421124 0.660507
0.548231 0.504123 0.352744
0.643365 0.497631 0.433008
0.313314 0.475769 0.513552
0.688129 0.445178 0.51305
0.62754 0.500224 0.550656
0.693125 0.41942 0.532112
0.402414 0.467786 0.341046
0.664895 0.427862 0.550514
0.494051 0.523803 0.507173
0.634745 0.50232 0.512114
0.555869 0.516587 0.426927
0.491072 0.484537 0.315973
0.501989 0.50575 0.337033
0.489059 0.467235 0.682177
0.585655 0.471859 0.336878
0.571292 0.434318 0.660474
0.389644 0.468997 0.350023
0.652944 0.484046 0.403861
0.418083 0.463724 0.338099
0.542044 0.421359 0.685595
0.674328 0.45294 0.543624
0.417636 0.442751 0.651541
0.354077 0.514415 0.52193
0.575579 0.517567 0.426479
0.554861 0.519552 0.452112
0.580389 0.517128 0.419534
0.651443 0.464767 0.383524
0.562685 0.518802 0.586944
0.331871 0.496207 0.497402
0.689107 0.417639 0.519333
0.422533 0.517211 0.610453
0.41016 0.481166 0.342727
0.450151 0.522561 0.530454
0.684545 0.416413 0.517691
0.370347 0.508779 0.399244
0.641547 0.494953 0.515175
0.380279 0.459166 0.63112
0.695492 0.413209 0.501186
0.38217 0.456912 0.642718
0.37866 0.51593 0.404416
0.338829 0.475713 0.584351
0.648311 0.474397 0.391464
0.387475 0.456287 0.637696
0.398844 0.505094 0.624027
0.579949 0.470472 0.637398
0.462942 0.521959 0.51391
0.633196 0.498858 0.529185
0.628697 0.459786 0.586276
0.487004 0.504488 0.640197
0.571109 0.43737 0.653506
0.47677 0.522838 0.603671
0.66226 0.431973 0.543569
0.352252 0.49207 0.415376
0.472803 0.487949 0.326447
0.349181 0.463573 0.587791
0.429872 0.469939 0.33744
0.506844 0.423738 0.686103
0.487484 0.526402 0.436814
0.418365 0.528015 0.524323
0.360115 0.514266 0.508579
0.575481 0.517722 0.45231
0.383926 0.516923 0.579325
0.390326 0.45434 0.64458
0.68569 0.435595 0.527942
0.422926 0.480772 0.359934
0.679074 0.428566 0.529035
0.566063 0.436567 0.644143
0.423975 0.493853 0.350188
0.691999 0.420783 0.4906
0.683223 0.430649 0.518069
0.545904 0.49345 0.632246
0.377994 0.518879 0.501433
0.374092 0.49319 0.387829
0.529273 0.515085 0.434218
0.635792 0.470279 0.410383
0.387446 0.517247 0.562034
0.334505 0.471742 0.499096
0.658982 0.433534 0.525178
0.485676 0.483313 0.662371
0.418809 0.475575 0.658325
0.475615 0.518834 0.513087
0.463012 0.477687 0.33268
0.483972 0.521825 0.391595
0.495394 0.433045 0.685899
0.354682 0.508659 0.499819
0.5953 0.475767 0.353712
0.65401 0.484852 0.440772
0.617382 0.461207 0.57819
0.666112 0.431088 0.534658
0.494546 0.519558 0.502533
0.669557 0.451295 0.43283
0.655279 0.488779 0.476233
0.441105 0.464366 0.671978
0.638404 0.47265 0.396816
0.350407 0.461134 0.564582
0.542424 0.516367 0.592805
0.484762 0.509851 0.626949
0.342454 0.498266 0.453027
0.584705 0.495458 0.369035
0.445197 0.519768 0.379504
0.345669 0.487459 0.563746
0.661766 0.447804 0.54187
0.395902 0.524983 0.45539
0.439124 0.504887 0.362257
0.495468 0.519405 0.46805
0.668894 0.457548 0.516587
0.337436 0.48623 0.475763
0.568909 0.498191 0.373732
0.341066 0.491343 0.466428
0.360219 0.509027 0.448872
0.645329 0.487721 0.436915
0.449874 0.440888 0.674316
0.637175 0.475002 0.411736
0.36878 0.511767 0.425842
0.646967 0.483674 0.522688
0.437962 0.450667 0.666731
0.382635 0.500067 0.391261
0.410802 0.519842 0.55975
0.38632 0.475699 0.634636
0.412383 0.47094 0.596765
0.627044 0.477026 0.399474
0.658595 0.474384 0.438255
0.417597 0.459054 0.630914
0.617143 0.475931 0.405511
0.674508 0.444217 0.452301
0.493493 0.452096 0.676779
0.588493 0.512341 0.569503
0.441129 0.465273 0.666483
0.348293 0.478631 0.574425
0.464482 0.446471 0.683413
0.546968 0.464994 0.336455
0.400762 0.473866 0.601174
0.459483 0.431305 0.668108
0.602455 0.461215 0.573883
0.415961 0.522825 0.528545
0.639564 0.478025 0.557398
0.369855 0.510483 0.44189
0.633058 0.465693 0.563276
0.581887 0.519973 0.532286
0.456238 0.510278 0.374474
0.349217 0.475934 0.47111
0.636552 0.488844 0.522164
0.496901 0.455726 0.668763
0.416391 0.49251 0.376406
0.344762 0.482123 0.514072
0.594365 0.487541 0.374868
0.552905 0.514955 0.486147
0.444277 0.524509 0.452545
0.601767 0.482427 0.598459
0.43112 0.500771 0.626349
0.354511 0.498641 0.51621
0.461191 0.432736 0.660308
0.599348 0.502521 0.572617
0.428822 0.506879 0.373325
0.674955 0.452628 0.480286
0.498927 0.428649 0.660562
0.542771 0.494497 0.623765
0.672148 0.452533 0.490551
0.479079 0.519381 0.569255
0.645136 0.466652 0.440807
0.603669 0.474814 0.598692
0.495181 0.51772 0.430228
0.512056 0.500373 0.35694
0.648547 0.477523 0.43548
0.666087 0.44818 0.508494
0.640836 0.480371 0.541531
0.482347 0.520044 0.448915
0.475166 0.515137 0.385689
0.355026 0.500591 0.463849
0.662255 0.461621 0.51272
0.635999 0.469296 0.561532
0.433365 0.525199 0.45954
0.380946 0.511774 0.437781
0.495707 0.426695 0.648661
0.517692 0.431928 0.655232
0.534317 0.452597 0.655769
0.504304 0.502939 0.615688
0.619817 0.497181 0.525856
0.500497 0.51271 0.4763
0.364495 0.492364 0.563969
0.497695 0.500189 0.364942
0.659755 0.454152 0.468032
0.535979 0.446512 0.656738
0.544299 0.441532 0.651629
0.402296 0.478237 0.627049
0.417831 0.523163 0.441111
0.353398 0.487398 0.473848
0.503617 0.439503 0.662566
0.38647 0.493887 0.409275
0.547469 0.445502 0.610978
0.355424 0.463781 0.53869
0.617826 0.460585 0.551256
0.514693 0.510935 0.439429
0.357536 0.489787 0.549313
0.399301 0.514922 0.411017
0.435951 0.487573 0.369766
0.552077 0.444363 0.643258
0.398836 0.508351 0.399592
0.483647 0.439404 0.667659
0.477855 0.51507 0.475748
0.517397 0.488725 0.634113
0.444919 0.449114 0.622208
0.509165 0.511408 0.424301
0.648113 0.448122 0.467538
0.374897 0.510452 0.457671
0.483512 0.468607 0.660705
0.355882 0.488722 0.54459
0.506618 0.511684 0.420046
0.366214 0.493454 0.529663
0.372259 0.477501 0.565632
0.607059 0.466048 0.43104
0.573944 0.489317 0.601743
0.36499 0.461432 0.513918
0.609625 0.499956 0.528944
0.429032 0.468042 0.632691
0.608262 0.49068 0.416304
0.454603 0.503962 0.611676
0.589775 0.454245 0.433286
0.354014 0.463175 0.483153
0.41313 0.512301 0.403513
0.516098 0.49683 0.372859
0.626009 0.468818 0.549231
0.47455 0.436744 0.661718
0.558839 0.511403 0.535701
0.488 0.45592 0.658189
0.480944 0.43042 0.656636
0.404839 0.497689 0.395933
0.404998 0.500261 0.396209
0.501082 0.467194 0.65137
0.458811 0.439937 0.643532
0.583615 0.506085 0.561409
0.426071 0.518574 0.474933
0.463572 0.513518 0.569663
0.530002 0.469448 0.350095
0.359662 0.473796 0.516042
0.433768 0.513893 0.49078
0.485215 0.462385 0.656936
0.649315 0.463311 0.486815
0.451717 0.448723 0.644815
0.636419 0.481419 0.453413
0.494302 0.440172 0.657269
0.645268 0.449803 0.468236
0.522707 0.508881 0.518473
0.637472 0.456034 0.511623
0.374377 0.493314 0.509558
0.549869 0.507221 0.527086
0.587514 0.505872 0.508451
0.622793 0.474062 0.5428
0.366457 0.480767 0.464242
0.579873 0.506212 0.54658
0.467235 0.438988 0.650973
0.636529 0.444079 0.501822
0.381654 0.499538 0.508797
0.563305 0.503293 0.564149
0.446305 0.475218 0.377786
0.557228 0.496678 0.589767
0.632152 0.461969 0.459563
0.559482 0.484056 0.611138
0.3608 0.462533 0.489638
0.579675 0.503338 0.450064
0.507232 0.505947 0.444482
0.63656 0.467124 0.49388
0.587481 0.483247 0.400353
0.610387 0.496495 0.476998
0.455012 0.472726 0.370423
0.462106 0.505066 0.532301
0.526676 0.462242 0.643142
0.46098 0.490008 0.628538
0.585483 0.459717 0.560126
0.402691 0.509248 0.49754
0.520834 0.505914 0.544244
0.554007 0.46978 0.626144
0.39777 0.488085 0.595066
0.372238 0.484558 0.552941
0.528323 0.453476 0.645103
0.370391 0.486576 0.5236
0.537046 0.45406 0.642196
0.454188 0.507719 0.474199
0.514143 0.493962 0.613807
0.627659 0.484091 0.492635
0.424569 0.48853 0.398131
0.552767 0.49944 0.564026
0.433495 0.478207 0.618053
0.614357 0.465959 0.534112
0.515848 0.499296 0.412657
0.564411 0.498487 0.562123
0.575278 0.502694 0.501933
0.46175 0.497449 0.47263
0.390832 0.494505 0.556995
0.429862 0.504768 0.529299
0.37613 0.463544 0.455448
0.535389 0.46378 0.368044
0.545153 0.45266 0.598943
0.623612 0.480859 0.465537
0.462577 0.505913 0.447804
0.575404 0.501344 0.478329
0.459127 0.449135 0.634557
0.563494 0.463472 0.397205
0.518701 0.498344 0.589762
0.442726 0.500544 0.494617
0.616647 0.458559 0.527779
0.477875 0.502295 0.596069
0.634009 0.438643 0.500255
0.472394 0.446971 0.646586
0.62822 0.471082 0.490904
0.44124 0.478817 0.622395
0.486953 0.450689 0.36067
0.432291 0.510458 0.441186
0.621394 0.461074 0.520122
0.516133 0.500829 0.491717
0.464599 0.496871 0.38617
0.500718 0.478578 0.628579
0.491468 0.493599 0.384012
0.469172 0.431255 0.630348
0.444704 0.467612 0.391646
0.47925 0.456004 0.363479
0.45107 0.458598 0.396089
0.387979 0.490812 0.494917
0.635091 0.424513 0.478786
0.388844 0.468315 0.531752
0.50838 0.429465 0.612823
0.543251 0.493445 0.57499
0.60952 0.481198 0.507357
0.518122 0.49455 0.58464
0.631032 0.399403 0.49092
0.608435 0.453284 0.451687
0.451779 0.459183 0.61812
0.405918 0.497339 0.551875
0.46864 0.427865 0.609042
0.533848 0.497807 0.454347
0.393346 0.464337 0.537349
0.590259 0.483464 0.426327
0.445432 0.495216 0.474283
0.458011 0.497839 0.529158
0.446569 0.499509 0.577895
0.609746 0.419862 0.517033
0.512684 0.444113 0.624515
0.495804 0.498648 0.44176
0.609484 0.477618 0.529355
0.463762 0.489202 0.471898
0.491264 0.494371 0.595864
0.583541 0.489617 0.426574
0.571191 0.474538 0.40314
0.554196 0.490103 0.578066
0.544501 0.497534 0.549718
0.599686 0.485518 0.544545
0.55499 0.471738 0.388822
0.555005 0.466204 0.390534
0.534519 0.472916 0.377274
0.521563 0.453756 0.376257
0.393616 0.496736 0.443602
0.451529 0.459393 0.617906
0.462127 0.441557 0.594017
0.547671 0.491019 0.428923
0.571749 0.481758 0.563754
0.409471 0.494037 0.534116
0.552938 0.481516 0.581123
0.524803 0.4907 0.573133
0.61528 0.432258 0.509779
0.522755 0.439741 0.385112
0.577762 0.481225 0.421132
0.52417 0.477628 0.60688
0.474911 0.493691 0.534065
0.544633 0.487043 0.409372
0.504068 0.443726 0.384345
0.476956 0.480125 0.47436
0.543796 0.484574 0.403109
0.568823 0.434514 0.540304
0.488903 0.484008 0.601531
0.563655 0.462659 0.409444
0.400944 0.460464 0.530826
0.524827 0.442476 0.384409
0.469502 0.479399 0.383933
0.530551 0.466253 0.614328
0.546773 0.466388 0.598165
0.496645 0.480893 0.605246
0.447515 0.3733 0.561521
0.467671 0.491675 0.52133
0.459583 0.484367 0.392966
0.409079 0.472428 0.430379
0.43844 0.494595 0.520007
0.441069 0.429286 0.552228
0.460454 0.45064 0.396064
0.373937 0.456641 0.473838
0.568142 0.460242 0.416965
0.406839 0.458815 0.439142
0.389689 0.482185 0.502951
0.412276 0.473064 0.5641
0.401928 0.480916 0.522072
0.546439 0.485789 0.452449
0.465076 0.449616 0.397429
0.432538 0.491419 0.537734
0.43569 0.490073 0.557009
0.51012 0.486997 0.563963
0.472733 0.486157 0.402401
0.440104 0.462848 0.573935
0.597142 0.477049 0.468436
0.431425 0.490043 0.555345
0.440151 0.483226 0.582842
0.568437 0.486321 0.50428
0.490552 0.483462 0.583618
0.508472 0.446677 0.601977
0.437736 0.43545 0.420183
0.547173 0.358246 0.557126
0.384556 0.463764 0.485995
0.585166 0.482211 0.519031
0.557235 0.485283 0.449873
0.457585 0.463096 0.400834
0.423225 0.455942 0.547133
0.527592 0.424434 0.395128
0.391323 0.455331 0.500263
0.492079 0.438322 0.607281
0.612041 0.403599 0.500772
0.484948 0.415496 0.611293
0.403896 0.480726 0.528627
0.529844 0.489019 0.497149
0.377138 0.445372 0.482939
0.504729 0.486057 0.569938
0.620675 0.451626 0.472129
0.500529 0.489116 0.525406
0.542609 0.485822 0.454974
0.589439 0.456787 0.534828
0.554353 0.475107 0.571861
0.50729 0.482989 0.457718
0.422031 0.477426 0.433883
0.543814 0.476417 0.468844
0.54023 0.477306 0.458775
0.453632 0.485326 0.536933
0.578827 0.475519 0.512759
0.49708 0.48139 0.553769
0.575235 0.471015 0.539824
0.52178 0.48279 0.547009
0.593305 0.467844 0.49732
0.598005 0.461826 0.504256
0.44594 0.364508 0.561201
0.530372 0.447853 0.57878
0.454855 0.473198 0.491936
0.571077 0.476086 0.481985
0.48757 0.451705 0.600093
0.583696 0.402723 0.452748
0.546556 0.433145 0.414083
0.554121 0.47327 0.42193
0.488522 0.44326 0.601001
0.547572 0.459454 0.410018
0.576097 0.475716 0.490927
0.560922 0.474038 0.428723
0.484311 0.472412 0.401089
0.49329 0.436864 0.393813
0.59232 0.441759 0.45526
0.464678 0.46704 0.4683
0.580926 0.376546 0.45037
0.464443 0.428957 0.580181
0.603718 0.458983 0.46484
0.612241 0.396733 0.494829
0.529754 0.483126 0.503091
0.567019 0.448957 0.541876
0.513977 0.484854 0.531501
0.568696 0.476232 0.479883
0.479216 0.435343 0.393395
0.440506 0.410574 0.546201
0.439992 0.462633 0.556673
0.545597 0.469361 0.483652
0.425958 0.470594 0.53693
0.47 0.476659 0.531712
0.458209 0.470841 0.50453
0.486962 0.472878 0.545391
0.427384 0.476659 0.458684
0.392049 0.388863 0.482532
0.579947 0.461643 0.526623
0.485447 0.459031 0.481514
0.588317 0.443712 0.456426
0.591019 0.46085 0.4644
0.449543 0.474093 0.428543
0.54615 0.344424 0.560307
0.563255 0.47009 0.535235
0.597501 0.392564 0.466069
0.500224 0.476036 0.533322
0.541841 0.47207 0.546161
0.403732 0.447924 0.496662
0.466468 0.465372 0.411532
0.49852 0.467934 0.414517
0.589261 0.465302 0.47611
0.538796 0.462796 0.560942
0.486916 0.472912 0.423569
0.582378 0.455914 0.527004
0.48733 0.469043 0.561734
0.59157 0.458497 0.498183
0.541896 0.467864 0.459569
0.528754 0.454166 0.40507
0.475856 0.467078 0.453498
0.476942 0.459502 0.592947
0.472257 0.444461 0.403894
0.482053 0.42319 0.600753
0.520641 0.437683 0.401578
0.614138 0.418017 0.48073
0.502591 0.462044 0.478967
0.404331 0.445556 0.483212
0.546026 0.461957 0.498658
0.503632 0.35698 0.593053
0.479333 0.464439 0.524144
0.599811 0.428767 0.492316
0.478613 0.464327 0.545551
0.518507 0.449197 0.566297
0.489979 0.455636 0.454978
0.536732 0.424141 0.554671
0.39565 0.417787 0.474511
0.548655 0.457506 0.467535
0.591145 0.433565 0.507822
0.460176 0.418132 0.564691
0.403613 0.418109 0.490184
0.416426 0.446864 0.506881
0.603927 0.371188 0.476268
0.40961 0.456029 0.469924
0.532133 0.458343 0.447683
0.552693 0.426777 0.427685
0.572076 0.444204 0.448582
0.467287 0.445945 0.577082
0.591907 0.442593 0.49963
0.397042 0.406861 0.483181
0.47955 0.451215 0.4626
0.578478 0.45763 0.467844
0.487906 0.460296 0.41861
0.508701 0.368416 0.591651
0.455923 0.46425 0.553889
0.48992 0.351671 0.60147
0.567938 0.416531 0.443293
0.425158 0.400842 0.443927
0.544472 0.457735 0.460356
0.432305 0.460929 0.444522
0.498549 0.462922 0.541827
0.500342 0.464318 0.513207
0.432312 0.338951 0.430387
0.412851 0.443173 0.473809
0.427998 0.449537 0.478062
0.473277 0.435049 0.475978
0.502298 0.449988 0.50244
0.591401 0.396477 0.468782
0.470977 0.453984 0.54676
0.525459 0.416898 0.567801
0.518142 0.457954 0.52095
0.533231 0.458271 0.514629
0.518096 0.365926 0.585463
0.557501 0.364978 0.435433
0.478389 0.449934 0.425503
0.49307 0.370292 0.593407
0.590974 0.410818 0.495823
0.535276 0.38116 0.418827
0.441906 0.359759 0.423816
0.460495 0.455196 0.539845
0.444813 0.43007 0.541509
0.506467 0.414264 0.409194
0.498077 0.438532 0.480389
0.568107 0.367261 0.443987
0.583059 0.34093 0.45431
0.594879 0.355823 0.506211
0.494791 0.446761 0.551077
0.470815 0.44542 0.49793
0.595955 0.338738 0.49631
0.45186 0.390155 0.416886
0.528307 0.448595 0.426335
0.45605 0.376186 0.563196
0.407917 0.422852 0.471714
0.489416 0.384121 0.39983
0.595257 0.359121 0.502618
0.479435 0.442178 0.41657
0.565282 0.400571 0.529575
0.494695 0.434069 0.570734
0.551528 0.371768 0.544413
0.461043 0.360814 0.570645
0.439479 0.43281 0.487405
0.565416 0.413414 0.524399
0.511639 0.442066 0.506568
0.494523 0.429389 0.422013
0.464285 0.439268 0.545472
0.433925 0.432391 0.489017
0.402656 0.361862 0.48432
0.513076 0.428543 0.557465
0.482155 0.411921 0.582543
0.549199 0.434052 0.450145
0.480583 0.426999 0.492153
0.480073 0.435982 0.51673
0.429983 0.347392 0.43682
0.453061 0.391672 0.55217
0.434841 0.396126 0.437836
0.594301 0.36716 0.481775
0.407265 0.398352 0.473357
0.456378 0.44233 0.526159
0.402504 0.35859 0.485379
0.51839 0.441657 0.53697
0.408175 0.353998 0.466913
0.458219 0.436986 0.45861
0.491967 0.365177 0.590367
0.472451 0.428758 0.420991
0.422436 0.295185 0.559762
0.592622 0.337263 0.493779
0.435197 0.431371 0.509907
0.571109 0.378756 0.525196
0.508586 0.415193 0.415675
0.418439 0.431194 0.472351
0.482563 0.421675 0.576825
0.424823 0.429487 0.486696
0.562535 0.434006 0.486023
0.434461 0.40717 0.44018
0.474414 0.42201 0.478136
0.427835 0.410629 0.498299
0.44614 0.419693 0.49693
0.474991 0.374278 0.406026
0.520045 0.432755 0.510861
0.418225 0.309516 0.443816
0.457281 0.415813 0.541623
0.511859 0.333742 0.409387
0.498679 0.416407 0.456469
0.513017 0.332102 0.409207
0.58114 0.323448 0.523673
0.507928 0.407779 0.475859
0.488871 0.368766 0.585577
0.458396 0.416325 0.472026
0.439012 0.41787 0.50822
0.493149 0.426929 0.52947
0.425328 0.395649 0.455477
0.507475 0.315146 0.588543
0.427112 0.316582 0.553979
0.591767 0.354205 0.474432
0.513058 0.42061 0.490865
0.470586 0.407712 0.478577
0.406456 0.357324 0.483139
0.506462 0.344829 0.584763
0.492428 0.370994 0.409551
0.457864 0.424115 0.531515
0.403696 0.332498 0.474941
0.533433 0.324945 0.574995
0.521184 0.335674 0.410892
0.538348 0.43033 0.514654
0.421424 0.302752 0.553763
0.577342 0.39467 0.50271
0.544094 0.390696 0.432025
0.402869 0.332157 0.515562
0.518909 0.401078 0.418593
0.536476 0.414909 0.475702
0.544352 0.282608 0.579404
0.426073 0.394651 0.489458
0.558169 0.399442 0.472521
0.414736 0.363949 0.489935
0.549971 0.407328 0.497092
0.421893 0.326192 0.542592
0.446166 0.383316 0.538867
0.53439 0.363923 0.424864
0.51915 0.421695 0.518835
0.491585 0.408877 0.543282
0.526621 0.399827 0.469449
0.534626 0.378158 0.427679
0.583995 0.331965 0.492169
0.526565 0.398224 0.475608
0.587107 0.303465 0.508271
0.441392 0.401147 0.443242
0.462315 0.324583 0.576185
0.540675 0.39877 0.476923
0.501678 0.391421 0.476661
0.537935 0.405461 0.457549
0.46942 0.388958 0.561347
0.410578 0.348107 0.505524
0.457627 0.328287 0.415394
0.501701 0.381089 0.419057
0.504111 0.401889 0.488316
0.536113 0.290838 0.581301
0.509112 0.416213 0.530858
0.469869 0.320005 0.407728
0.418568 0.379087 0.48476
0.477436 0.402665 0.503162
0.463255 0.402977 0.42657
0.456664 0.403674 0.49575
0.407087 0.333285 0.476279
0.441675 0.401652 0.51801
0.416365 0.321794 0.455842
0.533321 0.418841 0.514765
0.523956 0.375599 0.566342
0.427157 0.378531 0.487476
0.481112 0.382134 0.495439
0.418922 0.29817 0.548998
0.411493 0.314815 0.468281
0.509978 0.389566 0.454098
0.441319 0.363169 0.539588
0.554133 0.390542 0.504455
0.527302 0.393665 0.446582
0.579854 0.326881 0.489814
0.561982 0.379135 0.497561
0.554292 0.38526 0.493856
0.473515 0.367522 0.417333
0.585958 0.292407 0.487637
0.579361 0.31209 0.453761
0.430129 0.295836 0.427608
0.490577 0.347473 0.578428
0.583874 0.28805 0.524993
0.429785 0.387719 0.466784
0.574274 0.35497 0.499484
0.528543 0.407546 0.52082
0.589938 0.293207 0.45976
0.497075 0.381387 0.425418
0.455026 0.3929 0.519604
0.561778 0.376093 0.477542
0.523689 0.332282 0.416478
0.445594 0.389776 0.499748
0.440533 0.368867 0.535082
0.540649 0.396094 0.500339
0.418425 0.318769 0.538798
0.504594 0.380502 0.480925
0.474824 0.381265 0.490836
0.515993 0.382092 0.479062
0.452026 0.392036 0.518259
0.519494 0.385552 0.481677
0.580586 0.32388 0.490006
0.578304 0.280822 0.539089
0.446702 0.327143 0.428022
0.482066 0.375579 0.512677
0.49951 0.372025 0.431816
0.418432 0.329004 0.46891
0.427462 0.345917 0.457002
0.427504 0.327893 0.540513
0.453795 0.368963 0.432184
0.435376 0.305412 0.430052
0.579887 0.312582 0.509834
0.48217 0.353876 0.477276
0.514453 0.387347 0.534132
0.471357 0.362239 0.48346
0.56866 0.325284 0.452096
0.418471 0.338837 0.516329
0.48722 0.330994 0.578188
0.492942 0.277777 0.591352
0.525731 0.367517 0.474987
0.436432 0.323126 0.551656
0.509188 0.355624 0.424166
0.44774 0.372823 0.524224
0.52072 0.34571 0.566984
0.499436 0.36779 0.462318
0.509557 0.371196 0.4593
0.552929 0.367842 0.495055
0.524073 0.393616 0.515955
0.465189 0.290621 0.583554
0.594323 0.278107 0.46566
0.468029 0.283882 0.587351
0.562084 0.358003 0.51923
0.409085 0.282698 0.463283
0.423802 0.329318 0.53534
0.403966 0.293369 0.517795
0.42594 0.270245 0.572919
0.495195 0.339065 0.418836
0.499081 0.381157 0.538869
0.486805 0.355999 0.472893
0.433402 0.34952 0.52059
0.482028 0.363039 0.530024
0.58257 0.283855 0.494358
0.425608 0.338398 0.470077
0.522146 0.350022 0.431128
0.416278 0.285137 0.545768
0.519799 0.374215 0.531044
0.501808 0.319294 0.573319
0.575092 0.282767 0.536655
0.410424 0.286955 0.473606
0.489824 0.30415 0.580612
0.483927 0.342623 0.5635
0.537329 0.319259 0.558727
0.456865 0.365884 0.442168
0.541287 0.356581 0.531408
0.491633 0.305025 0.414375
0.474245 0.281342 0.406557
0.413025 0.29884 0.483817
0.461834 0.360297 0.532956
0.535392 0.362578 0.532307
0.483671 0.351831 0.497224
0.50565 0.359418 0.49288
0.564232 0.243653 0.581365
0.545811 0.36449 0.518911
0.513209 0.358408 0.4373
0.450363 0.357881 0.472105
0.557064 0.343909 0.5234
0.554162 0.345526 0.479312
0.519596 0.368551 0.499619
0.489875 0.281227 0.407477
0.542207 0.305865 0.425918
0.487985 0.291084 0.585385
0.574464 0.321668 0.464048
0.476899 0.359599 0.543972
0.435006 0.270734 0.416741
0.576222 0.237805 0.578849
0.431915 0.3341 0.51651
0.523696 0.314011 0.424219
0.565388 0.319679 0.461328
0.52386 0.339885 0.548585
0.520081 0.27483 0.41117
0.411407 0.257944 0.551988
0.526286 0.349169 0.535698
0.511333 0.284428 0.414272
0.563089 0.315756 0.45517
0.476642 0.347529 0.51587
0.500059 0.345982 0.54029
0.440321 0.306872 0.434501
0.49187 0.303149 0.575061
0.434841 0.330168 0.454536
0.513901 0.340482 0.48555
0.411813 0.232777 0.581674
0.568532 0.302938 0.527415
0.468271 0.34064 0.433184
0.521847 0.343104 0.443372
0.510745 0.336051 0.470585
0.460523 0.349113 0.519274
0.432722 0.31687 0.54073
0.474524 0.28122 0.410268
0.462091 0.335428 0.470418
0.474255 0.333996 0.462723
0.49815 0.274349 0.410263
0.509661 0.342606 0.441131
0.403521 0.25503 0.508144
0.589315 0.227029 0.407101
0.415501 0.300582 0.516535
0.401959 0.22781 0.408565
0.503095 0.287637 0.414622
0.591041 0.260282 0.454883
0.506799 0.340347 0.455353
0.515854 0.361296 0.518369
0.48177 0.295653 0.579216
0.434064 0.316301 0.460269
0.526556 0.320316 0.438542
0.464023 0.324864 0.498152
0.532889 0.313635 0.551055
0.452981 0.244543 0.593818
0.58815 0.237844 0.551693
0.427164 0.304966 0.465046
0.421278 0.25967 0.565809
0.564689 0.306885 0.480337
0.587554 0.237339 0.499722
0.478286 0.262449 0.588663
0.43659 0.319835 0.489745
0.473999 0.327855 0.507402
0.468546 0.327671 0.540605
0.589713 0.25649 0.470908
0.407762 0.23228 0.409815
0.508686 0.319233 0.471369
0.460121 0.329673 0.533791
0.473829 0.31423 0.560016
0.423482 0.298351 0.482823
0.593776 0.236369 0.473217
0.44298 0.240743 0.593894
0.52285 0.334752 0.534225
0.460215 0.323697 0.494239
0.470893 0.275765 0.58174
0.504938 0.319473 0.484558
0.481513 0.331094 0.526637
0.503386 0.231467 0.593602
0.536027 0.285861 0.566506
0.504059 0.318146 0.483309
0.534677 0.323339 0.463837
0.591157 0.250771 0.472124
0.551722 0.317804 0.493384
0.48544 0.260921 0.588178
0.452356 0.272563 0.579124
0.565094 0.30274 0.489914
0.436361 0.297436 0.448116
0.448795 0.219631 0.601201
0.420846 0.218171 0.596616
0.569713 0.27884 0.527259
0.458122 0.315514 0.53231
0.575791 0.245215 0.558136
0.446284 0.308196 0.470371
0.440799 0.305968 0.453892
0.524538 0.288548 0.427394
0.523992 0.29733 0.43224
0.503271 0.321546 0.513698
0.52636 0.250114 0.409192
0.532242 0.320514 0.521525
0.426458 0.282742 0.544475
0.514741 0.310026 0.549109
0.431504 0.292079 0.543168
0.522433 0.304887 0.554955
0.543178 0.305026 0.457875
0.422856 0.265746 0.556178
0.549336 0.304118 0.52937
0.529139 0.31651 0.501257
0.461661 0.307792 0.497712
0.507984 0.276356 0.574298
0.476841 0.248934 0.590732
0.571781 0.27522 0.450487
0.428672 0.281156 0.550652
0.567722 0.280932 0.529366
0.584649 0.246198 0.488603
0.487769 0.297175 0.559962
0.543498 0.312274 0.525289
0.427259 0.288117 0.457257
0.448417 0.312168 0.509117
0.589513 0.229657 0.485482
0.552333 0.24503 0.406847
0.44825 0.29686 0.436186
0.541691 0.305328 0.470946
0.438045 0.283556 0.551883
0.446733 0.259255 0.417899
0.506616 0.290471 0.459665
0.582385 0.243843 0.531979
0.553264 0.291923 0.520119
0.565446 0.244345 0.565745
0.524139 0.257148 0.575571
0.519621 0.243953 0.411297
0.527816 0.29137 0.463747
0.45947 0.243416 0.407546
0.478429 0.285574 0.559451
0.536902 0.287837 0.478062
0.517894 0.287348 0.470557
0.452538 0.291591 0.46624
0.587849 0.222528 0.512438
0.434693 0.258287 0.572533
0.468662 0.28246 0.482418
0.530337 0.285569 0.555184
0.544905 0.287029 0.484561
0.470111 0.296873 0.540744
0.482795 0.293508 0.442091
0.470798 0.298494 0.533155
0.57361 0.25875 0.501516
0.471937 0.257619 0.41497
0.557287 0.279302 0.536607
0.426998 0.27487 0.451736
0.535482 0.289563 0.446238
0.495405 0.272635 0.569799
0.447908 0.301091 0.525259
0.445191 0.290282 0.491749
0.560674 0.280956 0.49689
0.520117 0.27903 0.565918
0.554506 0.286167 0.52992
0.527206 0.304884 0.527021
0.550941 0.285327 0.485741
0.45406 0.262429 0.577949
0.43237 0.263182 0.481922
0.443984 0.271293 0.434518
0.403016 0.219794 0.51614
0.59633 0.215132 0.540536
0.4696 0.280791 0.512072
0.555891 0.238063 0.573474
0.420298 0.246615 0.486896
0.421689 0.237749 0.57184
0.527845 0.277742 0.493372
0.578025 0.213205 0.588669
0.442513 0.201531 0.60531
0.545937 0.276101 0.537616
0.498269 0.236708 0.412251
0.483295 0.260882 0.570521
0.466276 0.270635 0.48809
0.4296 0.21089 0.599263
0.395365 0.210494 0.405722
0.525485 0.271444 0.471262
0.488386 0.21452 0.398726
0.570797 0.251447 0.53864
0.430484 0.234253 0.583154
0.478251 0.249155 0.579758
0.447601 0.277414 0.442115
0.468029 0.279454 0.446708
0.546934 0.274419 0.472032
0.427129 0.268528 0.518556
0.506149 0.290266 0.527487
0.402104 0.224628 0.452773
0.403382 0.219715 0.5009
0.53168 0.277565 0.457942
0.504581 0.276243 0.554996
0.405729 0.222962 0.413574
0.521978 0.204654 0.597305
0.506092 0.272813 0.463339
0.476827 0.281685 0.537385
0.534427 0.272239 0.486563
0.431567 0.252674 0.470299
0.545127 0.209465 0.594299
0.555492 0.230652 0.407363
0.422121 0.246951 0.531294
0.478217 0.25686 0.466867
0.545243 0.226579 0.58083
0.441038 0.260209 0.498171
0.443532 0.26548 0.445717
0.496282 0.263554 0.446089
0.508465 0.26963 0.506498
0.478274 0.268788 0.530271
0.454179 0.261727 0.463141
0.574346 0.237842 0.424689
0.445939 0.239126 0.58078
0.607874 0.191452 0.587446
0.451137 0.27083 0.53677
0.423987 0.243071 0.492091
0.4322 0.238469 0.575893
0.440914 0.216391 0.398011
0.504949 0.229109 0.412486
0.565421 0.241914 0.422268
0.502322 0.25234 0.485364
0.423924 0.242499 0.472411
0.480462 0.268989 0.528499
0.467584 0.267797 0.515391
0.535968 0.203433 0.598104
0.403149 0.216381 0.536359
0.48588 0.267664 0.536138
0.533153 0.259539 0.491629
0.58124 0.222324 0.496073
0.594254 0.211031 0.533551
0.464323 0.257374 0.470636
0.56089 0.213513 0.590819
0.587445 0.212812 0.476768
0.477218 0.219317 0.591453
0.516607 0.257144 0.463472
0.428891 0.202764 0.598475
0.547821 0.21755 0.401686
0.451302 0.244344 0.473578
0.430643 0.24718 0.536485
0.591103 0.21237 0.453656
0.537267 0.213217 0.586402
0.524731 0.217536 0.40655
0.530919 0.21165 0.40018
0.499583 0.236591 0.481811
0.434342 0.240963 0.48867
0.445557 0.231815 0.579416
0.462784 0.256323 0.529364
0.549307 0.237839 0.562593
0.47526 0.239183 0.481101
0.469333 0.252585 0.552654
0.45239 0.249386 0.564662
0.560426 0.235792 0.42045
0.418535 0.223444 0.481949
0.580896 0.217168 0.516859
0.409708 0.216236 0.415604
0.507532 0.246206 0.557472
0.508416 0.260955 0.520374
0.486765 0.199499 0.394092
0.477658 0.245151 0.564447
0.45504 0.248486 0.432096
0.540278 0.241183 0.478373
0.576636 0.234683 0.435013
0.607427 0.194617 0.411995
0.496418 0.242163 0.465358
0.474566 0.247266 0.456282
0.530973 0.194205 0.602852
0.539877 0.255452 0.51499
0.525382 0.251404 0.446086
0.564175 0.216906 0.400399
0.601886 0.201009 0.440109
0.41322 0.215012 0.577436
0.430778 0.232983 0.508564
0.548799 0.227522 0.419354
0.538677 0.239973 0.532082
0.438548 0.241268 0.542465
0.493421 0.234902 0.436909
0.529484 0.199984 0.592332
0.410293 0.210425 0.51951
0.419696 0.215381 0.575672
0.499021 0.242519 0.518876
0.560814 0.232248 0.472298
0.397358 0.198173 0.399468
0.465553 0.194374 0.390235
0.530294 0.237517 0.504372
0.501935 0.198216 0.592757
0.534724 0.24174 0.516534
0.450529 0.210394 0.587638
0.493719 0.237236 0.547902
0.394176 0.184839 0.610966
0.51702 0.23573 0.43766
0.522836 0.226194 0.422561
0.456455 0.233226 0.493322
0.517072 0.232068 0.559385
0.553453 0.235849 0.527731
0.471945 0.195164 0.597244
0.44178 0.241932 0.549853
0.543062 0.232583 0.557724
0.536623 0.242096 0.522568
0.501826 0.233393 0.499621
0.454329 0.239206 0.435076
0.572675 0.215492 0.408858
0.474655 0.235922 0.448955
0.425092 0.22035 0.574289
0.49359 0.233484 0.5016
0.530686 0.241502 0.533498
0.51064 0.233301 0.497892
0.511918 0.224083 0.482095
0.426223 0.220559 0.427134
0.550723 0.228851 0.434669
0.425696 0.188239 0.383343
0.447053 0.230268 0.548942
0.386765 0.190817 0.418414
0.520915 0.188318 0.59988
0.498997 0.218036 0.426569
0.511541 0.227681 0.53308
0.499541 0.221015 0.560587
0.479477 0.223245 0.443902
0.585719 0.207331 0.446896
0.477938 0.216639 0.471467
0.514369 0.222631 0.444855
0.534046 0.218466 0.490465
0.401041 0.193575 0.48528
0.445616 0.178151 0.611909
0.425428 0.214452 0.47244
0.389604 0.183318 0.503397
0.455268 0.224854 0.565814
0.424351 0.218903 0.4266
0.616489 0.179299 0.418318
0.528407 0.184635 0.606699
0.412572 0.206945 0.460997
0.467514 0.204659 0.409941
0.424774 0.217582 0.46187
0.553064 0.229799 0.437744
0.508604 0.204935 0.410781
0.393877 0.188672 0.595362
0.397786 0.192511 0.394524
0.456016 0.207702 0.582693
0.411796 0.203225 0.504258
0.508166 0.204655 0.410448
0.458289 0.224356 0.565836
0.507839 0.216927 0.462814
0.426018 0.220366 0.563022
0.388601 0.178411 0.616483
0.423496 0.199095 0.408462
0.447837 0.182125 0.381945
0.602155 0.17899 0.484716
0.476121 0.210986 0.533725
0.3959 0.186831 0.590757
0.510343 0.17856 0.608328
0.524005 0.212534 0.436472
0.544047 0.186913 0.387018
0.464701 0.210972 0.507261
0.399848 0.191305 0.582306
0.394657 0.182783 0.602177
0.590836 0.182181 0.603586
0.594778 0.188689 0.453488
0.496226 0.207058 0.499095
0.544559 0.191739 0.592111
0.471848 0.213043 0.549777
0.446686 0.215102 0.56571
0.496943 0.186532 0.392777
0.389644 0.190653 0.570068
0.572829 0.200456 0.491116
0.541538 0.208621 0.466095
0.557965 0.207693 0.50449
0.384928 0.176784 0.495497
0.485704 0.206897 0.504603
0.543591 0.21122 0.515461
0.461338 0.212923 0.512445
0.382154 0.183434 0.416249
0.492111 0.205603 0.467023
0.557216 0.177605 0.618204
0.50287 0.196363 0.409509
0.500622 0.20547 0.490912
0.568849 0.206933 0.469316
0.493879 0.211738 0.551874
0.596376 0.182107 0.477948
0.41785 0.183681 0.382326
0.601339 0.184315 0.58269
0.425315 0.202846 0.544759
0.44693 0.18893 0.400999
0.481508 0.199939 0.557408
0.484674 0.198472 0.538008
0.522636 0.193712 0.572939
0.499295 0.170254 0.61531
0.388124 0.185785 0.565258
0.415986 0.191539 0.579805
0.462469 0.203414 0.548098
0.53918 0.201253 0.555305
0.597648 0.181722 0.408326
0.600683 0.180523 0.448899
0.579321 0.180114 0.379176
0.530617 0.179035 0.386312
0.396272 0.188944 0.5576
0.471047 0.195431 0.575334
0.599042 0.177334 0.481221
0.489734 0.197717 0.520536
0.550744 0.196536 0.474815
0.473466 0.196313 0.499357
0.477798 0.179266 0.386865
0.570607 0.197434 0.542821
0.460173 0.196374 0.41801
0.480982 0.197864 0.535266
0.538321 0.198543 0.421123
0.455908 0.171609 0.611551
0.58201 0.188148 0.521541
0.621771 0.170673 0.563355
0.506983 0.189647 0.580411
0.620064 0.171304 0.597682
0.434513 0.207156 0.553291
0.43854 0.206412 0.523535
0.451744 0.180285 0.385175
0.573478 0.188378 0.39416
0.555721 0.203618 0.452428
0.482488 0.194064 0.4801
0.421342 0.189212 0.455219
0.445193 0.190296 0.418319
0.595998 0.175577 0.391892
0.494005 0.188921 0.543837
0.416832 0.190833 0.561604
0.486918 0.162887 0.622143
0.494818 0.187126 0.457933
0.51973 0.190374 0.534889
0.457381 0.175786 0.597237
0.455823 0.192141 0.534078
0.555641 0.191194 0.45406
0.616291 0.16726 0.535303
0.54944 0.191703 0.549811
0.566338 0.187709 0.511984
0.482752 0.186034 0.520431
0.46941 0.172332 0.602226
0.525279 0.17542 0.39054
0.475791 0.185455 0.416303
0.477154 0.162722 0.620409
0.59952 0.17341 0.505622
0.413096 0.188379 0.551505
0.586577 0.177335 0.594626
0.5341 0.187851 0.570862
0.474757 0.187697 0.573721
0.522671 0.189164 0.554057
0.46395 0.188264 0.470321
0.548889 0.180802 0.393439
0.509006 0.185878 0.419249
0.460327 0.19251 0.548902
0.485839 0.188535 0.542315
0.60949 0.167949 0.372553
0.52943 0.181403 0.585818
0.411386 0.184517 0.454872
0.535931 0.190685 0.54634
0.462045 0.189456 0.519062
0.601373 0.16825 0.621318
0.413135 0.164031 0.62333
0.467975 0.179172 0.530116
0.503108 0.178851 0.451689
0.538208 0.178815 0.502432
0.416473 0.17691 0.470701
0.484462 0.158799 0.62744
0.580209 0.176717 0.458374
0.614413 0.167612 0.556277
0.625548 0.161617 0.372862
0.477612 0.172298 0.394272
0.482886 0.180986 0.440008
0.600319 0.169811 0.387128
0.528829 0.175762 0.472259
0.396574 0.171891 0.515485
0.376285 0.168873 0.587573
0.516348 0.180161 0.426765
0.490035 0.178111 0.529744
0.49451 0.170739 0.390234
0.509408 0.175685 0.580937
0.419948 0.174277 0.391386
0.393557 0.176767 0.564333
0.383668 0.170026 0.535844
0.575144 0.178176 0.582145
0.518778 0.175945 0.468161
0.594505 0.171994 0.401136
0.48386 0.180754 0.44181
0.613951 0.16734 0.43299
0.44325 0.185809 0.435261
0.39763 0.171889 0.595076
0.62245 0.160598 0.516078
0.457111 0.181444 0.458183
0.458487 0.169367 0.601227
0.580532 0.177037 0.532874
0.555299 0.180255 0.511702
0.417627 0.176993 0.488546
0.548073 0.181048 0.526484
0.411918 0.164877 0.608387
0.606998 0.163786 0.484297
0.444927 0.175559 0.564477
0.578079 0.169285 0.484659
0.422333 0.170386 0.404065
0.469852 0.16051 0.36915
0.614684 0.162824 0.473553
0.383367 0.166763 0.383081
0.573106 0.174252 0.571188
0.390631 0.168452 0.552932
0.528936 0.163146 0.616282
0.470323 0.170587 0.534941
0.623773 0.15999 0.486577
0.602304 0.164018 0.526217
0.549609 0.17167 0.446816
0.543686 0.162392 0.622366
0.51484 0.162335 0.379217
0.62754 0.156869 0.524062
0.445604 0.170126 0.586586
0.594746 0.166188 0.468517
0.575801 0.163747 0.62322
0.416383 0.172691 0.42227
0.555713 0.16225 0.365781
0.536587 0.170005 0.581463
0.484913 0.169876 0.468334
0.632886 0.156353 0.534408
0.476241 0.17203 0.445702
0.543881 0.172563 0.546185
0.57324 0.172486 0.580414
0.42219 0.173723 0.575181
0.561273 0.172842 0.438565
0.527947 0.169427 0.415006
0.367351 0.159044 0.52253
0.404968 0.16945 0.532944
0.414202 0.172231 0.545403
0.525098 0.169088 0.497423
0.410942 0.164814 0.42745
0.486615 0.162758 0.411523
0.5275 0.159908 0.602835
0.609465 0.159543 0.460171
0.558885 0.159124 0.624346
0.467841 0.156377 0.365264
0.529606 0.158926 0.612771
0.567433 0.165342 0.525649
0.529411 0.16256 0.454676
0.403571 0.161406 0.478156
0.627379 0.156785 0.473635
0.59302 0.161447 0.597619
0.475017 0.164078 0.577238
0.51056 0.160019 0.390983
0.640717 0.15536 0.620856
0.568535 0.165414 0.525763
0.635765 0.156189 0.593355
0.505144 0.161756 0.512079
0.460905 0.16522 0.433
0.363072 0.156438 0.544227
0.569216 0.16375 0.491647
0.439794 0.164407 0.52219
0.441533 0.164309 0.503987
0.56494 0.163553 0.389846
0.378494 0.161398 0.379938
0.511415 0.161797 0.518761
0.367525 0.15793 0.607345
0.512256 0.163354 0.559863
0.548247 0.160835 0.607473
0.631554 0.156533 0.423203
0.481368 0.156795 0.618292
0.489437 0.16335 0.417571
0.459119 0.165366 0.431515
0.545316 0.160183 0.376011
0.522421 0.162162 0.530006
0.361736 0.157052 0.589499
0.405618 0.15513 0.612673
0.512134 0.156018 0.540931
0.422539 0.156084 0.389004
0.381496 0.155858 0.407583
0.562091 0.157213 0.519856
0.464419 0.152985 0.361228
0.633925 0.153422 0.621201
0.387107 0.155639 0.544868
0.42748 0.157348 0.489993
0.429165 0.156049 0.60167
0.544556 0.156098 0.456728
0.573492 0.156896 0.437796
0.443467 0.156827 0.489181
0.597759 0.155612 0.387221
0.53018 0.155712 0.40576
0.627366 0.15398 0.612913
0.595401 0.155279 0.471777
0.528619 0.155549 0.490339
0.494847 0.154897 0.382392
0.43861 0.157409 0.417431
0.558394 0.156601 0.501529
0.490139 0.156183 0.454998
0.481008 0.155605 0.511989
0.618987 0.154341 0.549642
0.452251 0.15655 0.485323
0.538737 0.155805 0.489761
0.43445 0.154815 0.37263
0.4373 0.157229 0.584131
0.487131 0.153814 0.369338
0.502787 0.154907 0.385138
0.596237 0.155816 0.428949
0.406864 0.157086 0.42673
0.369696 0.153906 0.521125
0.566594 0.155912 0.614621
0.477291 0.155703 0.495053
0.591507 0.155607 0.490114
0.402013 0.15 0.51447
0.540088 0.15 0.384297
0.608425 0.15 0.455884
0.433737 0.15 0.35022
0.568232 0.15 0.409008
0.460901 0.15 0.356546
0.443405 0.15 0.6281
0.488295 0.15 0.564789
0.61444 0.15 0.526766
0.459922 0.15 0.438168
0.455838 0.15 0.438827
0.552265 0.15 0.563663
0.407653 0.15 0.391346
0.392473 0.15 0.384681
0.414721 0.15 0.474397
0.386641 0.15 0.404027
0.555533 0.15 0.641897
0.554828 0.15 0.466211
0.532672 0.15 0.627825
0.51979 0.15 0.578669
0.546625 0.15 0.512337
0.546341 0.15 0.38123
0.524871 0.15 0.521914
0.378181 0.15 0.423254
0.528112 0.15 0.598235
0.569019 0.15 0.45766
0.505562 0.15 0.419793
0.354889 0.15 0.611391
0.421056 0.15 0.411031
0.364649 0.15 0.641595
0.422036 0.15 0.522958
0.615365 0.15 0.436941
0.573112 0.15 0.619915
0.589464 0.15 0.573441
0.426119 0.15 0.45679
0.540802 0.15 0.384031
