3636 0.012625
0.373517 0.464913 0.380037
0.454319 0.469878 0.319362
0.484857 0.387288 0.334591
0.489573 0.398196 0.343841
0.494811 0.451847 0.338077
0.548293 0.460779 0.315549
0.321475 0.477843 0.437697
0.421242 0.513881 0.406542
0.457023 0.378325 0.340705
0.495738 0.24361 0.313083
0.52785 0.422266 0.359969
0.60445 0.502586 0.382165
0.30034 0.454446 0.474541
0.340236 0.332657 0.46186
0.332117 0.421636 0.325468
0.521303 0.502214 0.246991
0.675689 0.384957 0.359323
0.654273 0.334897 0.469994
0.325318 0.437565 0.482255
0.322304 0.285346 0.495241
0.275436 0.548668 0.517352
0.542461 0.627367 0.515619
0.750592 0.435088 0.523663
0.659246 0.204782 0.495135
0.318781 0.476876 0.495267
0.365616 0.464418 0.519229
0.390357 0.361701 0.630734
0.500287 0.398224 0.745928
0.621813 0.340878 0.622658
0.644649 0.305569 0.509172
0.356645 0.483505 0.566283
0.384683 0.518829 0.616492
0.468958 0.432713 0.652878
0.492002 0.242917 0.66716
0.51679 0.312889 0.645661
0.581028 0.521513 0.57672
0.38173 0.514207 0.379588
0.353753 0.485777 0.568218
0.3246 0.228256 0.494957
0.745499 0.463599 0.50001
0.444474 0.36667 0.63529
0.492692 0.420419 0.355939
0.33467 0.507139 0.550173
0.3611 0.483354 0.584083
0.68578 0.439589 0.495818
0.486956 0.323932 0.365804
0.593633 0.478445 0.597869
0.576766 0.493951 0.544458
0.503187 0.256665 0.684513
0.530299 0.604057 0.637353
0.726463 0.380484 0.423029
0.695632 0.442148 0.483405
0.350146 0.398199 0.494941
0.397093 0.473732 0.356118
0.501352 0.289628 0.649115
0.371321 0.518332 0.608706
0.416856 0.527675 0.568255
0.387529 0.357424 0.615683
0.337109 0.464305 0.491972
0.556008 0.34615 0.711158
0.39024 0.464772 0.617989
0.648462 0.436956 0.508397
0.628767 0.497797 0.667198
0.470412 0.387111 0.647763
0.62835 0.491721 0.546962
0.390899 0.627601 0.517543
0.488512 0.323931 0.646362
0.648724 0.456626 0.520582
0.726997 0.502802 0.441333
0.646367 0.480142 0.551258
0.496819 0.25889 0.659121
0.327987 0.480018 0.448844
0.337897 0.517351 0.539705
0.3393 0.32593 0.470257
0.578057 0.436619 0.546933
0.652115 0.383519 0.469843
0.366476 0.486911 0.299273
0.49328 0.407102 0.358174
0.479878 0.251171 0.670481
0.488647 0.402825 0.655672
0.689774 0.472237 0.602642
0.574321 0.624378 0.511521
0.514639 0.457896 0.666047
0.557078 0.452781 0.421075
0.446051 0.631095 0.407804
0.674979 0.223041 0.518024
0.374304 0.349378 0.595332
0.363235 0.466127 0.522507
0.65561 0.455418 0.466494
0.391513 0.473171 0.62915
0.594176 0.393937 0.552759
0.409592 0.577969 0.318783
0.379098 0.529726 0.601339
0.544935 0.624186 0.407471
0.402561 0.469759 0.54096
0.581998 0.436262 0.435489
0.37653 0.444536 0.28722
0.329245 0.453441 0.486025
0.605289 0.447313 0.536258
0.360222 0.484605 0.601748
0.513248 0.447202 0.670676
0.659012 0.308679 0.48176
0.628733 0.507233 0.423738
0.517234 0.246954 0.67608
0.460131 0.435707 0.626364
0.339942 0.450751 0.490814
0.454027 0.353594 0.643491
0.588559 0.517716 0.57019
0.351545 0.234529 0.475221
0.349695 0.217907 0.473916
0.467144 0.436788 0.33428
0.655548 0.276952 0.472735
0.650953 0.337382 0.478178
0.498133 0.329688 0.358963
0.662406 0.250245 0.470941
0.635839 0.457643 0.527049
0.539927 0.331404 0.648404
0.330226 0.201798 0.470049
0.497039 0.215148 0.324971
0.662687 0.288291 0.520664
0.466233 0.352281 0.335456
0.633763 0.51373 0.391639
0.734903 0.483406 0.527576
0.402124 0.512355 0.550003
0.505202 0.233353 0.667179
0.350437 0.208555 0.488259
0.431125 0.441113 0.249917
0.67041 0.399181 0.491293
0.64867 0.234612 0.487877
0.602293 0.477196 0.692788
0.56098 0.578591 0.32147
0.683389 0.306909 0.453815
0.454631 0.467553 0.670879
0.375429 0.476484 0.377132
0.546352 0.336358 0.3644
0.583283 0.341523 0.334873
0.485523 0.248829 0.666529
0.468926 0.279921 0.320287
0.608575 0.617265 0.516754
0.615204 0.475978 0.364622
0.455458 0.478276 0.327222
0.654868 0.284181 0.476003
0.610152 0.477872 0.35511
0.293622 0.471961 0.363315
0.396097 0.464259 0.613204
0.356472 0.20647 0.484096
0.707467 0.365407 0.414437
0.658805 0.34298 0.482167
0.48202 0.297751 0.286023
0.495014 0.272181 0.352134
0.434842 0.476837 0.663299
0.290465 0.385195 0.584445
0.503596 0.40488 0.643732
0.609514 0.404929 0.445331
0.347579 0.448962 0.307607
0.533443 0.474693 0.665011
0.4194 0.518443 0.624669
0.351114 0.348634 0.500478
0.696947 0.444183 0.477715
0.396737 0.519723 0.619121
0.283084 0.33458 0.507582
0.388108 0.484611 0.36319
0.384143 0.485304 0.620168
0.530017 0.630571 0.42511
0.521115 0.339761 0.334433
0.517234 0.248118 0.675672
0.554566 0.474502 0.322202
0.703036 0.322008 0.534027
0.276517 0.341582 0.500153
0.333774 0.397255 0.48632
0.482982 0.347117 0.729373
0.374207 0.452029 0.517829
0.395258 0.385497 0.546348
0.544531 0.469914 0.657986
0.435029 0.502954 0.584251
0.419683 0.373811 0.302697
0.695223 0.445173 0.475801
0.542837 0.441206 0.675767
0.57246 0.397759 0.277825
0.535951 0.472203 0.664601
0.3448 0.307232 0.500595
0.334654 0.229538 0.494143
0.375683 0.461183 0.517499
0.690052 0.43779 0.481844
0.327272 0.482871 0.437735
0.49077 0.243542 0.347599
0.700311 0.290735 0.486066
0.672614 0.318502 0.457871
0.508788 0.320033 0.340086
0.455398 0.355092 0.331102
0.330485 0.340561 0.509791
0.650233 0.424873 0.46492
0.343219 0.324193 0.504946
0.447211 0.455687 0.391613
0.450767 0.372563 0.338219
0.401413 0.476857 0.640298
0.6443 0.514163 0.408201
0.342292 0.401395 0.4909
0.668467 0.207065 0.496209
0.339096 0.3712 0.488145
0.460524 0.459926 0.651992
0.507378 0.434154 0.664035
0.377439 0.467426 0.523975
0.597345 0.350314 0.596128
0.466161 0.449928 0.333511
0.353981 0.491494 0.57599
0.46394 0.360145 0.336262
0.507429 0.417089 0.34274
0.352867 0.342812 0.488941
0.444741 0.427501 0.598285
0.616906 0.484766 0.365202
0.66807 0.205067 0.504567
0.658405 0.243088 0.513291
0.643266 0.377214 0.638805
0.348823 0.404277 0.514817
0.256741 0.40479 0.516012
0.374985 0.48692 0.458248
0.349409 0.330379 0.502389
0.49549 0.361827 0.358182
0.325912 0.41788 0.48093
0.495594 0.227128 0.341779
0.485783 0.219651 0.347138
0.451701 0.475551 0.324234
0.418192 0.46691 0.433184
0.596754 0.352649 0.327733
0.637795 0.492303 0.386269
0.325191 0.482818 0.50959
0.640836 0.296225 0.498122
0.327451 0.43546 0.473967
0.428967 0.351767 0.664043
0.496102 0.441247 0.34604
0.468641 0.443659 0.328726
0.530851 0.324771 0.65596
0.665508 0.497363 0.440812
0.489927 0.228675 0.345649
0.633664 0.607422 0.525821
0.355281 0.322542 0.48732
0.525857 0.423299 0.351393
0.521962 0.542324 0.268241
0.51684 0.328403 0.643276
0.35536 0.412271 0.513839
0.338424 0.380553 0.479268
0.353772 0.414996 0.521926
0.300157 0.308689 0.508509
0.675448 0.226721 0.474765
0.672305 0.281062 0.514438
0.655576 0.364191 0.376631
0.424891 0.5244 0.575251
0.502708 0.367972 0.640753
0.50695 0.385664 0.2596
0.51873 0.430588 0.643858
0.512695 0.466739 0.335878
0.363792 0.506535 0.604196
0.453131 0.480329 0.340579
0.396527 0.435 0.42641
0.429063 0.453778 0.420082
0.536695 0.316537 0.692446
0.484901 0.214394 0.346733
0.492652 0.326296 0.358031
0.542112 0.350971 0.275862
0.297393 0.35001 0.449886
0.343137 0.220232 0.491711
0.619995 0.357567 0.565416
0.532515 0.476633 0.328137
0.585654 0.501685 0.610532
0.596111 0.356302 0.591844
0.392602 0.353642 0.350694
0.384061 0.450507 0.282518
0.467362 0.491314 0.242049
0.370829 0.497413 0.378006
0.505803 0.421809 0.64783
0.552324 0.480018 0.327537
0.655108 0.369282 0.496372
0.55153 0.499887 0.632375
0.703772 0.471925 0.373922
0.667887 0.221201 0.477764
0.489593 0.335771 0.346019
0.416833 0.517315 0.397197
0.472069 0.268955 0.671078
0.652357 0.365435 0.494547
0.67728 0.474376 0.623506
0.277288 0.414265 0.422276
0.349427 0.374527 0.501184
0.640884 0.489906 0.547682
0.42861 0.388297 0.35329
0.507266 0.249489 0.32891
0.52047 0.285575 0.67649
0.564492 0.338015 0.694083
0.349128 0.199092 0.485517
0.4299 0.500204 0.403414
0.675928 0.337682 0.558878
0.426986 0.406581 0.402357
0.350972 0.406436 0.505834
0.478667 0.20236 0.34126
0.640039 0.347787 0.49048
0.642023 0.493989 0.391724
0.334925 0.365665 0.582549
0.703218 0.322155 0.450703
0.497456 0.255213 0.662611
0.67325 0.218929 0.480241
0.643579 0.316885 0.513294
0.632743 0.503181 0.429624
0.516754 0.415427 0.343802
0.403823 0.615796 0.381989
0.395224 0.471892 0.623564
0.650692 0.374344 0.496656
0.269151 0.533417 0.545661
0.478258 0.246585 0.340205
0.580982 0.386811 0.413052
0.602245 0.508923 0.366634
0.610358 0.479052 0.358003
0.657845 0.208393 0.504695
0.320202 0.490673 0.650262
0.338202 0.376871 0.516353
0.403239 0.403654 0.407187
0.499577 0.424447 0.662321
0.402424 0.62182 0.395005
0.579541 0.488987 0.412825
0.528386 0.478443 0.654401
0.47973 0.280424 0.339001
0.326231 0.330089 0.502338
0.471888 0.255426 0.678181
0.449566 0.479813 0.329446
0.337828 0.376705 0.478456
0.397006 0.525836 0.39291
0.347812 0.358758 0.595647
0.468093 0.420763 0.642103
0.489443 0.311974 0.353279
0.345359 0.377479 0.470111
0.477633 0.200598 0.335564
0.303752 0.387801 0.609223
0.467492 0.330563 0.329392
0.648968 0.4322 0.51256
0.553873 0.514188 0.587953
0.431504 0.519374 0.593957
0.533544 0.446014 0.612452
0.66541 0.339086 0.426465
0.390667 0.469015 0.450609
0.313693 0.370204 0.404464
0.553349 0.327477 0.695613
0.660679 0.386023 0.497757
0.341896 0.248206 0.491683
0.451095 0.554514 0.279986
0.650823 0.363836 0.624461
0.604884 0.35759 0.361886
0.358625 0.507504 0.586578
0.421042 0.494669 0.349141
0.346098 0.500925 0.423004
0.505372 0.423437 0.66044
0.265174 0.363901 0.469175
0.545268 0.620142 0.395853
0.474772 0.399483 0.329146
0.346516 0.372059 0.522692
0.478373 0.350412 0.329677
0.400652 0.44583 0.438717
0.364237 0.519908 0.408791
0.593773 0.512022 0.565574
0.534621 0.50914 0.725117
0.614983 0.49254 0.578598
0.572598 0.512354 0.611577
0.409235 0.496412 0.354905
0.678558 0.227556 0.481661
0.352972 0.394516 0.468135
0.503136 0.408809 0.655985
0.452696 0.474838 0.329548
0.472153 0.304554 0.325329
0.397034 0.396933 0.703585
0.514772 0.62855 0.511573
0.707375 0.3118 0.486511
0.532262 0.632724 0.467311
0.458904 0.630976 0.488711
0.294393 0.34414 0.458429
0.352637 0.283621 0.479391
0.665654 0.3988 0.478629
0.640191 0.486878 0.547751
0.75202 0.434972 0.462527
0.389264 0.475979 0.608447
0.495068 0.262485 0.34571
0.330507 0.331702 0.457223
0.460415 0.457052 0.676561
0.342252 0.610392 0.503508
0.314312 0.305999 0.458906
0.32677 0.455718 0.46431
0.336311 0.263542 0.49443
0.403525 0.46251 0.441123
0.580781 0.493008 0.544489
0.66164 0.375496 0.49453
0.734684 0.485216 0.522896
0.65752 0.214837 0.497414
0.544151 0.452776 0.244701
0.525705 0.324452 0.331584
0.287311 0.46914 0.370278
0.335799 0.496515 0.545295
0.641804 0.383097 0.504329
0.66056 0.496545 0.429848
0.565537 0.450042 0.552586
0.352668 0.431522 0.508642
0.674209 0.217347 0.501111
0.643941 0.513235 0.648643
0.5085 0.429679 0.66508
0.517632 0.446019 0.669947
0.448515 0.406583 0.357285
0.612285 0.494531 0.405841
0.656959 0.318042 0.477757
0.630082 0.353461 0.555149
0.335861 0.219206 0.470973
0.392407 0.39592 0.556786
0.44358 0.447273 0.59267
0.641956 0.504301 0.398217
0.359588 0.522028 0.572529
0.371231 0.358797 0.609176
0.725672 0.38497 0.566716
0.664657 0.306584 0.519238
0.57009 0.519061 0.704716
0.561708 0.491599 0.631611
0.551863 0.476152 0.645657
0.368469 0.507115 0.446538
0.323276 0.364632 0.569843
0.472714 0.426697 0.664703
0.339701 0.477929 0.507196
0.367515 0.525295 0.582775
0.620509 0.499148 0.409059
0.531445 0.474554 0.658344
0.405671 0.508432 0.626698
0.700458 0.507784 0.383037
0.646787 0.503422 0.405225
0.274255 0.530759 0.431419
0.641153 0.347819 0.549558
0.573893 0.493307 0.345454
0.656036 0.366287 0.45532
0.638196 0.591631 0.403181
0.34582 0.365447 0.426658
0.34899 0.390858 0.468159
0.668691 0.233805 0.515455
0.369327 0.486597 0.59081
0.516756 0.437109 0.672518
0.427062 0.510844 0.628158
0.44375 0.410543 0.390173
0.433654 0.455456 0.570196
0.47243 0.268823 0.318565
0.534609 0.439738 0.616281
0.59511 0.374929 0.410698
0.367083 0.491546 0.603107
0.465799 0.349234 0.332089
0.592128 0.499457 0.54958
0.343466 0.360663 0.410986
0.727569 0.487728 0.541085
0.647389 0.346924 0.595761
0.470145 0.303659 0.287518
0.489189 0.278509 0.30606
0.660119 0.551893 0.604347
0.489372 0.308082 0.341357
0.543437 0.481435 0.586102
0.437284 0.413549 0.595234
0.73244 0.414786 0.56545
0.359101 0.50166 0.578971
0.348263 0.265915 0.478364
0.655933 0.250455 0.507444
0.713417 0.505731 0.404579
0.646387 0.346736 0.422093
0.448863 0.340803 0.286891
0.487764 0.306134 0.652381
0.330118 0.47803 0.508215
0.382605 0.497135 0.612206
0.690295 0.357851 0.409864
0.49361 0.404841 0.340262
0.379471 0.482133 0.529369
0.517693 0.416339 0.644638
0.389703 0.487545 0.612119
0.590147 0.495757 0.353175
0.527283 0.403869 0.349293
0.590821 0.492819 0.546125
0.292998 0.341404 0.527734
0.440319 0.420513 0.397483
0.529698 0.325786 0.658031
0.548351 0.442666 0.4114
0.47746 0.439989 0.673991
0.635091 0.387144 0.519108
0.550881 0.469858 0.568348
0.314863 0.347296 0.552898
0.6808 0.302359 0.501533
0.593387 0.49173 0.275552
0.42805 0.433069 0.565895
0.554267 0.49537 0.632111
0.442587 0.436325 0.594163
0.49867 0.242684 0.329985
0.699213 0.346787 0.425901
0.720247 0.379456 0.568424
0.5256 0.448517 0.643996
0.532386 0.622545 0.545854
0.669915 0.219789 0.509548
0.304322 0.332984 0.459054
0.441352 0.393517 0.613142
0.655008 0.318717 0.491482
0.646878 0.249912 0.493971
0.495055 0.601802 0.336428
0.312849 0.310106 0.459149
0.659698 0.461428 0.528572
0.485959 0.27384 0.346114
0.541986 0.484762 0.644529
0.41325 0.375042 0.683724
0.524577 0.399863 0.636125
0.34541 0.333685 0.490931
0.61087 0.600752 0.58463
0.333093 0.308703 0.497027
0.621896 0.49424 0.38945
0.313062 0.226534 0.483722
0.609451 0.495426 0.55178
0.678345 0.276549 0.488688
0.424674 0.461514 0.423822
0.340825 0.278064 0.475694
0.455693 0.463422 0.336985
0.463681 0.337851 0.325952
0.470645 0.591485 0.666658
0.497246 0.34362 0.344338
0.439999 0.487139 0.645128
0.547377 0.350218 0.369418
0.524189 0.411428 0.637111
0.669523 0.451952 0.641941
0.563703 0.473383 0.334672
0.671422 0.395941 0.492774
0.533217 0.486738 0.730213
0.488724 0.424356 0.663107
0.337828 0.34669 0.548326
0.515495 0.606399 0.633945
0.524598 0.383775 0.738754
0.397635 0.469606 0.444836
0.326835 0.325211 0.534503
0.334242 0.364645 0.405796
0.597531 0.500721 0.588061
0.504 0.439927 0.337386
0.34854 0.490284 0.55208
0.323719 0.430882 0.472439
0.461128 0.612202 0.622613
0.343076 0.369013 0.464603
0.435635 0.399742 0.393989
0.415627 0.490686 0.640288
0.614124 0.615479 0.510005
0.50777 0.240905 0.669493
0.365597 0.515706 0.406883
0.373624 0.505297 0.603345
0.485253 0.283332 0.665052
0.466902 0.610546 0.628523
0.331804 0.477196 0.527633
0.382209 0.365248 0.361773
0.42252 0.462519 0.425059
0.538971 0.444114 0.615109
0.668658 0.224948 0.501969
0.385456 0.473119 0.534689
0.524353 0.474575 0.240026
0.658282 0.334811 0.493494
0.538496 0.47805 0.363787
0.335347 0.326865 0.499528
0.355544 0.534087 0.321749
0.653625 0.475163 0.454128
0.648451 0.361006 0.501302
0.452669 0.334312 0.316169
0.34487 0.343677 0.496991
0.497725 0.611879 0.358156
0.47167 0.352744 0.654199
0.485021 0.210203 0.331149
0.505758 0.315325 0.337161
0.581298 0.377061 0.578492
0.450379 0.475203 0.619636
0.567842 0.473901 0.337771
0.493771 0.263774 0.66781
0.352389 0.470191 0.682374
0.580993 0.497525 0.548904
0.662613 0.313855 0.475205
0.459733 0.441019 0.332922
0.541837 0.467329 0.651244
0.389017 0.488088 0.450998
0.624428 0.46434 0.681628
0.384839 0.488518 0.603498
0.354318 0.495634 0.559356
0.471791 0.628898 0.400012
0.317885 0.247157 0.487444
0.492802 0.396531 0.656948
0.576789 0.514545 0.591306
0.341383 0.502047 0.540168
0.60894 0.486218 0.418244
0.409154 0.492971 0.436943
0.319567 0.289206 0.46401
0.296633 0.461119 0.356281
0.408179 0.51677 0.611207
0.388375 0.483562 0.45001
0.634651 0.383736 0.529262
0.676173 0.303722 0.498886
0.327464 0.410017 0.476715
0.493591 0.291663 0.659876
0.466512 0.39448 0.329333
0.657337 0.454273 0.52726
0.366127 0.512031 0.583276
0.331241 0.475344 0.439197
0.408893 0.494544 0.619979
0.578124 0.515178 0.588627
0.394454 0.512212 0.548652
0.585743 0.347464 0.355757
0.346329 0.223082 0.478494
0.443814 0.461427 0.662174
0.666747 0.247471 0.514081
0.530557 0.392506 0.256024
0.449861 0.470513 0.367725
0.444196 0.348972 0.305808
0.551925 0.360101 0.378459
0.532682 0.381996 0.636855
0.539772 0.348834 0.275634
0.560522 0.626068 0.442804
0.485455 0.325169 0.654172
0.653265 0.29845 0.492854
0.50758 0.296028 0.332449
0.564998 0.494599 0.616955
0.313936 0.247214 0.484079
0.385915 0.509066 0.442426
0.629967 0.472922 0.439111
0.322584 0.596481 0.51223
0.354666 0.430111 0.684337
0.396855 0.489189 0.444125
0.406424 0.516752 0.608431
0.463632 0.445481 0.672036
0.688928 0.445849 0.615841
0.285327 0.417844 0.377626
0.575946 0.494856 0.366306
0.428339 0.493973 0.407529
0.395295 0.368999 0.309129
0.513471 0.620208 0.384345
0.413384 0.510834 0.616256
0.393993 0.394607 0.560621
0.433503 0.400804 0.348766
0.50097 0.312472 0.338257
0.413295 0.353618 0.330576
0.404128 0.356018 0.625315
0.332711 0.323102 0.468715
0.666325 0.34465 0.487174
0.525694 0.450871 0.653838
0.503778 0.241943 0.675716
0.638353 0.34129 0.572191
0.430547 0.495125 0.399164
0.370508 0.511577 0.587922
0.333037 0.264327 0.476453
0.354814 0.607862 0.419081
0.633512 0.489658 0.392
0.568081 0.332126 0.351437
0.328235 0.275868 0.491011
0.487297 0.305659 0.660206
0.50527 0.245488 0.67757
0.5486 0.495196 0.598641
0.4029 0.502183 0.612305
0.410982 0.51474 0.404677
0.355951 0.385718 0.527672
0.520737 0.62859 0.504462
0.554275 0.495308 0.255371
0.399087 0.374828 0.297314
0.387987 0.485698 0.448406
0.495258 0.311265 0.657436
0.50158 0.403443 0.334757
0.39195 0.37093 0.586221
0.459614 0.331543 0.656259
0.496518 0.273014 0.330931
0.336651 0.338544 0.498714
0.430478 0.503542 0.626764
0.68326 0.308349 0.472658
0.578692 0.481327 0.416043
0.489953 0.432802 0.672387
0.400278 0.48642 0.548424
0.511762 0.406476 0.654657
0.489235 0.243808 0.321736
0.576315 0.353224 0.308475
0.331034 0.233536 0.475173
0.419947 0.498003 0.422347
0.566999 0.499027 0.605248
0.704381 0.317374 0.461876
0.602971 0.471797 0.365681
0.462306 0.411965 0.325382
0.479443 0.348913 0.322357
0.695907 0.297288 0.465061
0.344516 0.418663 0.523049
0.498879 0.40977 0.662911
0.336011 0.303929 0.492322
0.670789 0.313106 0.513348
0.388157 0.458497 0.446952
0.61528 0.380448 0.673514
0.558015 0.348729 0.62545
0.653699 0.276859 0.493889
0.366732 0.522167 0.542751
0.445111 0.424324 0.363757
0.353195 0.509922 0.526991
0.531829 0.399413 0.378457
0.474736 0.367345 0.659492
0.380373 0.482721 0.451703
0.554808 0.498545 0.601154
0.384483 0.516195 0.39794
0.589866 0.482937 0.546665
0.507503 0.358289 0.266621
0.428198 0.486903 0.639333
0.577376 0.491126 0.586966
0.349247 0.429966 0.5248
0.327346 0.197197 0.478707
0.449345 0.630072 0.407154
0.596461 0.38564 0.29644
0.328733 0.285836 0.472004
0.543359 0.463124 0.600363
0.500935 0.296839 0.66023
0.580162 0.465055 0.547356
0.690402 0.42368 0.488149
0.4679 0.419211 0.654167
0.407709 0.49386 0.602527
0.559766 0.487462 0.613257
0.270287 0.387203 0.443822
0.474097 0.386174 0.659694
0.529308 0.32145 0.28638
0.525572 0.628613 0.503958
0.630878 0.445526 0.534693
0.375743 0.515805 0.58183
0.484767 0.292522 0.669473
0.550466 0.573887 0.673338
0.672464 0.257615 0.505956
0.738423 0.446825 0.547549
0.553555 0.529973 0.709106
0.5943 0.389149 0.422761
0.322081 0.310154 0.465728
0.422854 0.401827 0.394092
0.501552 0.316729 0.330209
0.551796 0.445364 0.412992
0.585322 0.471527 0.546852
0.343074 0.460392 0.452674
0.293506 0.574106 0.488236
0.491459 0.296165 0.667117
0.579663 0.476389 0.355541
0.41548 0.504556 0.415413
0.365574 0.484312 0.452642
0.326338 0.291358 0.472321
0.327041 0.306962 0.472912
0.429053 0.503202 0.618731
0.620492 0.369557 0.423115
0.667427 0.5506 0.375098
0.517314 0.4125 0.655961
0.71287 0.321416 0.465875
0.240714 0.46248 0.51653
0.473321 0.287567 0.673825
0.530478 0.431493 0.342819
0.472308 0.311239 0.317818
0.409135 0.505969 0.714075
0.604479 0.482862 0.399148
0.444698 0.46493 0.359534
0.378849 0.473835 0.290239
0.39653 0.462683 0.717551
0.389258 0.516337 0.583187
0.689347 0.381824 0.592551
0.538582 0.526399 0.718181
0.422306 0.473439 0.420717
0.579972 0.490872 0.551472
0.527456 0.374713 0.645453
0.525559 0.314367 0.291248
0.397712 0.508461 0.599739
0.424362 0.444299 0.562616
0.413978 0.495779 0.604901
0.382859 0.370288 0.385144
0.321058 0.27979 0.472355
0.575698 0.453543 0.428312
0.472409 0.301135 0.693394
0.328333 0.444637 0.455913
0.534367 0.43906 0.337454
0.647069 0.404912 0.518687
0.639791 0.491927 0.42496
0.53286 0.436388 0.335335
0.67285 0.357619 0.484745
0.34784 0.473941 0.524498
0.585057 0.477004 0.361703
0.412356 0.633477 0.485164
0.41428 0.505163 0.404106
0.695363 0.562696 0.489063
0.416463 0.59413 0.642336
0.515262 0.397764 0.658706
0.612059 0.474847 0.389327
0.587084 0.492822 0.555143
0.462959 0.318215 0.68512
0.42172 0.408524 0.264943
0.681388 0.358215 0.404518
0.660019 0.446375 0.449621
0.336954 0.372721 0.521553
0.422278 0.356865 0.670074
0.435781 0.39609 0.386477
0.582546 0.470447 0.267164
0.535766 0.62993 0.481486
0.672141 0.388728 0.496676
0.672225 0.333615 0.488918
0.447493 0.387483 0.335248
0.498215 0.306458 0.308856
0.469118 0.297121 0.673233
0.573105 0.342978 0.36626
0.694594 0.356215 0.417702
0.339623 0.37922 0.524529
0.309246 0.37289 0.387247
0.50743 0.459246 0.740964
0.597584 0.456437 0.434013
0.653074 0.407724 0.518356
0.667053 0.458718 0.449632
0.338698 0.348268 0.538182
0.438046 0.625475 0.545124
0.676579 0.380922 0.487163
0.474384 0.398076 0.6641
0.705443 0.346331 0.557827
0.426155 0.494979 0.387131
0.608041 0.382263 0.557456
0.494639 0.362001 0.322659
0.493738 0.375459 0.660452
0.687685 0.483984 0.597297
0.356449 0.462454 0.453304
0.696931 0.509829 0.576781
0.63012 0.381066 0.65343
0.493003 0.32532 0.664251
0.287425 0.32345 0.47857
0.498631 0.630519 0.450217
0.403055 0.499136 0.593183
0.674341 0.33922 0.488534
0.385217 0.507855 0.436456
0.461156 0.320996 0.305217
0.335253 0.42392 0.522818
0.359359 0.485912 0.534009
0.296574 0.432426 0.354396
0.436947 0.374833 0.28216
0.590677 0.400979 0.700664
0.693901 0.34662 0.4253
0.331838 0.569693 0.378674
0.2526 0.514292 0.493809
0.245047 0.485294 0.512282
0.427145 0.500144 0.590734
0.316403 0.318589 0.509618
0.566948 0.432135 0.421806
0.426463 0.392265 0.373126
0.619881 0.476381 0.406507
0.309867 0.305683 0.481353
0.654994 0.459614 0.441804
0.316012 0.389605 0.623943
0.495046 0.287567 0.673205
0.560084 0.393472 0.399908
0.323355 0.398689 0.503121
0.653864 0.466536 0.439837
0.657213 0.461467 0.651389
0.411003 0.487577 0.558802
0.464984 0.368139 0.322669
0.303409 0.328406 0.463846
0.683869 0.353613 0.412999
0.368315 0.402663 0.542566
0.432647 0.48405 0.393104
0.414236 0.421831 0.71805
0.401527 0.468805 0.42899
0.656615 0.366548 0.522375
0.501638 0.382066 0.322594
0.618114 0.479017 0.408122
0.581665 0.477282 0.551527
0.680083 0.566788 0.42447
0.669192 0.383372 0.503067
0.595745 0.506698 0.688011
0.505851 0.324828 0.287343
0.675632 0.446422 0.455104
0.702861 0.555674 0.478541
0.332004 0.441671 0.525282
0.330925 0.439109 0.52352
0.541465 0.584993 0.324332
0.717893 0.457807 0.57109
0.37783 0.363151 0.605695
0.380112 0.510811 0.550881
0.407855 0.513816 0.573132
0.458467 0.391712 0.644075
0.565302 0.361418 0.295219
0.413025 0.493052 0.386111
0.553098 0.413058 0.263497
0.654945 0.451228 0.441898
0.623353 0.479247 0.417103
0.283504 0.374427 0.443507
0.573916 0.407206 0.714916
0.349646 0.446715 0.449472
0.38315 0.361629 0.591172
0.391883 0.513273 0.56396
0.543167 0.319203 0.323302
0.667552 0.388814 0.507745
0.483102 0.324851 0.311235
0.548615 0.467859 0.611958
0.635293 0.600824 0.432045
0.524412 0.408606 0.330565
0.492333 0.307634 0.293887
0.314684 0.591137 0.503539
0.584314 0.425177 0.429824
0.712877 0.517135 0.413255
0.583183 0.512841 0.695175
0.370356 0.500708 0.433235
0.428508 0.401944 0.369608
0.551774 0.62432 0.427222
0.393911 0.45538 0.429694
0.429329 0.366222 0.317432
0.678796 0.401269 0.463646
0.480868 0.342293 0.668177
0.690572 0.438865 0.352644
0.658163 0.371973 0.524314
0.551227 0.47851 0.376655
0.43457 0.486752 0.620562
0.672414 0.377171 0.615633
0.500772 0.309121 0.304586
0.287907 0.336519 0.489264
0.469557 0.411573 0.664299
0.323248 0.362752 0.512787
0.429708 0.479602 0.394352
0.375558 0.473857 0.446565
0.653389 0.388511 0.451536
0.406974 0.423994 0.714146
0.586527 0.358782 0.318427
0.506122 0.313382 0.669893
0.560669 0.346472 0.362012
0.410175 0.505377 0.586996
0.393886 0.476757 0.437939
0.502111 0.316529 0.674076
0.422498 0.488856 0.399771
0.554285 0.411321 0.599542
0.555964 0.472369 0.398689
0.439559 0.418235 0.349445
0.679679 0.49959 0.60546
0.381397 0.428565 0.546207
0.677929 0.359017 0.50539
0.507148 0.317492 0.674245
0.733013 0.39688 0.560844
0.661749 0.404574 0.452035
0.329039 0.420745 0.458003
0.36213 0.36225 0.569318
0.501627 0.315154 0.676136
0.351126 0.436087 0.535544
0.66383 0.342989 0.511632
0.576855 0.346577 0.324463
0.644204 0.379818 0.531549
0.47185 0.622918 0.575848
0.44517 0.444235 0.611727
0.66637 0.468559 0.332384
0.342524 0.363313 0.529878
0.461472 0.42862 0.644762
0.656155 0.37566 0.513028
0.406966 0.491925 0.409328
0.478908 0.629923 0.424055
0.54971 0.355126 0.639485
0.451176 0.388883 0.639957
0.400117 0.48949 0.559286
0.655296 0.363936 0.45009
0.634998 0.349735 0.602173
0.328303 0.42335 0.454284
0.433319 0.442085 0.377986
0.686577 0.327124 0.521331
0.558801 0.396855 0.598951
0.332862 0.388409 0.523799
0.485862 0.623372 0.530852
0.475289 0.317811 0.293844
0.454154 0.348576 0.299173
0.323 0.39297 0.466823
0.348078 0.369403 0.549708
0.746215 0.451207 0.503989
0.305724 0.574727 0.547449
0.418515 0.488447 0.398365
0.494103 0.323841 0.673262
0.679228 0.425207 0.452779
0.322186 0.401201 0.465734
0.423985 0.470033 0.574026
0.486446 0.327746 0.304967
0.570091 0.349905 0.691923
0.434221 0.427855 0.601518
0.639078 0.409699 0.658246
0.464907 0.61825 0.370532
0.483593 0.621543 0.571367
0.55781 0.414243 0.592912
0.575895 0.485912 0.570335
0.418222 0.59482 0.640693
0.271875 0.358392 0.490872
0.402741 0.476944 0.556603
0.662741 0.353181 0.443986
0.381424 0.429979 0.549175
0.487468 0.625989 0.494508
0.412976 0.478346 0.409993
0.464396 0.353837 0.660015
0.562549 0.33306 0.676966
0.669485 0.34681 0.434488
0.369652 0.374263 0.413489
0.481921 0.336033 0.285586
0.39779 0.399641 0.40038
0.485804 0.626644 0.485727
0.518402 0.351245 0.322243
0.408942 0.4808 0.588227
0.381429 0.394184 0.30184
0.649503 0.488498 0.64701
0.541482 0.423596 0.641399
0.300818 0.336861 0.477507
0.656149 0.358639 0.436709
0.527499 0.367387 0.330611
0.614189 0.45957 0.427353
0.541916 0.326223 0.332697
0.261418 0.424478 0.549808
0.684314 0.407514 0.507687
0.465044 0.421833 0.669318
0.428863 0.445712 0.387731
0.477694 0.593856 0.66122
0.54906 0.330072 0.323172
0.337972 0.400166 0.44667
0.430508 0.441493 0.398157
0.385814 0.377741 0.398354
0.682315 0.386748 0.46691
0.51529 0.348745 0.273084
0.427997 0.378358 0.303493
0.429336 0.460023 0.59079
0.3782 0.489709 0.430378
0.544322 0.373793 0.369188
0.442504 0.408376 0.622787
0.350579 0.371664 0.557291
0.680561 0.428106 0.443826
0.678614 0.397602 0.514577
0.505377 0.321387 0.689831
0.726504 0.504961 0.51945
0.713243 0.418252 0.397009
0.315664 0.468464 0.346226
0.602835 0.615113 0.44896
0.40107 0.474219 0.576562
0.399231 0.484868 0.409125
0.627067 0.364728 0.571801
0.632132 0.600661 0.55104
0.653685 0.477613 0.324026
0.45413 0.588586 0.664301
0.475475 0.62884 0.43714
0.400204 0.465466 0.420773
0.648694 0.391141 0.532434
0.287995 0.364859 0.531913
0.578746 0.357852 0.374235
0.379288 0.610033 0.392062
0.618537 0.410326 0.553977
0.398256 0.478166 0.397715
0.413231 0.385609 0.383571
0.268262 0.492045 0.426751
0.585357 0.467891 0.563233
0.254285 0.416699 0.503597
0.592201 0.586994 0.357681
0.64572 0.599048 0.521702
0.610805 0.402968 0.433517
0.315711 0.345413 0.533522
0.590389 0.451852 0.424511
0.679889 0.579607 0.464544
0.463486 0.34511 0.666634
0.437237 0.390444 0.271178
0.708589 0.472942 0.383189
0.374166 0.368798 0.571494
0.355025 0.381866 0.423072
0.702401 0.402018 0.475082
0.46841 0.350598 0.66745
0.521352 0.324434 0.690345
0.260234 0.47192 0.433814
0.678586 0.516796 0.363014
0.547201 0.382384 0.631004
0.332854 0.419171 0.446974
0.38159 0.475539 0.431479
0.537734 0.365495 0.340389
0.522892 0.37693 0.66837
0.524742 0.355019 0.67273
0.507978 0.354747 0.30855
0.530485 0.362837 0.27735
0.688329 0.366832 0.406475
0.357861 0.373773 0.415243
0.603931 0.528716 0.300334
0.402605 0.469797 0.41244
0.448712 0.390668 0.735305
0.6882 0.349469 0.485111
0.654383 0.594109 0.448017
0.372983 0.402073 0.426331
0.527237 0.328385 0.694618
0.260039 0.481057 0.566715
0.690165 0.393327 0.500703
0.430948 0.440962 0.601157
0.471534 0.328858 0.679503
0.417556 0.467574 0.586464
0.53327 0.35127 0.330961
0.588368 0.593939 0.368819
0.650606 0.563784 0.374967
0.366546 0.413834 0.544579
0.411197 0.414749 0.397161
0.435038 0.40153 0.626089
0.365112 0.592805 0.597899
0.638658 0.478365 0.310807
0.412051 0.450184 0.57571
0.697495 0.398137 0.498722
0.627169 0.36955 0.41666
0.534662 0.338202 0.680477
0.734409 0.374434 0.444706
0.635206 0.546092 0.342614
0.267862 0.393508 0.449799
0.491832 0.346181 0.283945
0.321663 0.401227 0.455612
0.454246 0.383812 0.652103
0.484251 0.36042 0.271438
0.599104 0.399224 0.297663
0.51575 0.460231 0.737929
0.639121 0.382267 0.637525
0.400561 0.449149 0.408938
0.311464 0.382777 0.426984
0.451654 0.428862 0.638975
0.352405 0.386399 0.544719
0.329082 0.378221 0.432567
0.484231 0.626392 0.471293
0.432349 0.373692 0.314451
0.279072 0.396322 0.433279
0.688669 0.360706 0.492632
0.335802 0.374017 0.62791
0.569558 0.430481 0.411284
0.300326 0.402844 0.372676
0.313494 0.419389 0.350459
0.663835 0.528685 0.354772
0.491737 0.360293 0.675471
0.363925 0.448131 0.434696
0.426102 0.589899 0.651482
0.489133 0.402774 0.678891
0.295912 0.350658 0.479817
0.264089 0.387526 0.494479
0.568797 0.447627 0.572234
0.407723 0.429728 0.573186
0.269601 0.376465 0.489259
0.693458 0.398982 0.514901
0.367483 0.620509 0.502236
0.543813 0.35178 0.663218
0.343806 0.519444 0.325486
0.600478 0.574453 0.345325
0.514763 0.392554 0.682347
0.575903 0.455074 0.572693
0.306829 0.356401 0.500835
0.613721 0.42172 0.561582
0.331473 0.509539 0.335205
0.706205 0.435253 0.586683
0.44765 0.629722 0.441697
0.652182 0.363809 0.429379
0.490409 0.402898 0.68139
0.255849 0.403249 0.463318
0.687865 0.401447 0.522359
0.339553 0.423795 0.437389
0.571608 0.383393 0.609845
0.696115 0.394897 0.505523
0.387803 0.406605 0.566709
0.257371 0.44028 0.561331
0.410034 0.387154 0.378534
0.416029 0.408088 0.603399
0.678674 0.354936 0.539467
0.340383 0.417082 0.662383
0.370259 0.385642 0.566696
0.339827 0.378515 0.636167
0.37922 0.373825 0.668804
0.490082 0.405984 0.683385
0.405071 0.455487 0.574947
0.632296 0.37963 0.427493
0.642502 0.375271 0.548018
0.365394 0.431465 0.429759
0.496975 0.393075 0.264678
0.61888 0.594621 0.396741
0.395237 0.419793 0.39801
0.68637 0.401664 0.527914
0.590863 0.345391 0.622244
0.553574 0.359892 0.64718
0.655955 0.366987 0.433504
0.565898 0.600608 0.371816
0.316545 0.383927 0.513008
0.42986 0.404299 0.724954
0.35337 0.392874 0.547977
0.592249 0.46858 0.697048
0.274616 0.37644 0.505016
0.549829 0.388677 0.638465
0.408838 0.377327 0.328101
0.373612 0.433537 0.555591
0.609153 0.382465 0.584705
0.268788 0.389947 0.521646
0.572864 0.369282 0.304378
0.630535 0.414944 0.556336
0.549871 0.620579 0.521792
0.550482 0.617903 0.538509
0.723328 0.332591 0.500193
0.390034 0.373056 0.654191
0.525844 0.366047 0.728228
0.410531 0.412442 0.368849
0.644041 0.384286 0.347593
0.404137 0.368133 0.340606
0.638927 0.414752 0.440389
0.590807 0.369471 0.368858
0.330934 0.371254 0.531415
0.634178 0.40411 0.55365
0.634268 0.375377 0.37637
0.331963 0.594775 0.436334
0.542142 0.385984 0.66065
0.611786 0.396977 0.576239
0.296895 0.347604 0.495093
0.408935 0.443173 0.589506
0.337005 0.38112 0.578897
0.662561 0.391619 0.542263
0.394926 0.373332 0.353855
0.563746 0.361305 0.636113
0.439319 0.410803 0.261751
0.529736 0.620523 0.403602
0.470526 0.368974 0.271198
0.704626 0.336637 0.513326
0.388432 0.418785 0.571861
0.27576 0.383354 0.534305
0.657217 0.393724 0.54456
0.711447 0.382349 0.412964
0.404917 0.390107 0.607627
0.308681 0.38456 0.405379
0.285257 0.398134 0.5743
0.295014 0.382769 0.568259
0.437784 0.391408 0.647689
0.679227 0.383771 0.454919
0.40223 0.383177 0.376708
0.319565 0.378845 0.518466
0.524588 0.391002 0.268735
0.447789 0.412592 0.645552
0.698862 0.339834 0.476656
0.385133 0.393966 0.386318
0.590975 0.355094 0.662639
0.312599 0.584766 0.527997
0.652553 0.363532 0.575891
0.350205 0.606018 0.538228
0.707328 0.334347 0.489833
0.46681 0.620071 0.571441
0.533773 0.625656 0.476505
0.655561 0.40322 0.632951
0.546416 0.533589 0.27131
0.742013 0.468131 0.46752
0.597923 0.375294 0.67371
0.615781 0.610682 0.521813
0.293952 0.382697 0.441681
0.357149 0.390199 0.414674
0.692976 0.343643 0.463285
0.655382 0.37949 0.549779
0.476001 0.355824 0.69088
0.524355 0.623107 0.41393
0.588032 0.387633 0.386238
0.273257 0.402779 0.552432
0.545586 0.378104 0.665981
0.426966 0.427899 0.332928
0.665925 0.440425 0.637942
0.622946 0.387145 0.657863
0.305039 0.359573 0.514285
0.498792 0.589069 0.322856
0.588228 0.36057 0.617769
0.455572 0.403517 0.66804
0.265314 0.393638 0.461741
0.652255 0.424254 0.432744
0.447167 0.405386 0.65282
0.420139 0.394715 0.320192
0.506039 0.443962 0.246385
0.520929 0.474074 0.733567
0.300511 0.377095 0.50131
0.412955 0.432006 0.716993
0.618993 0.423223 0.429151
0.438392 0.629872 0.460784
0.377356 0.409353 0.575679
0.332504 0.386188 0.53863
0.65487 0.478826 0.64241
0.700998 0.375736 0.479108
0.625627 0.396085 0.573615
0.45215 0.390941 0.735321
0.256141 0.452966 0.56577
0.689844 0.36037 0.422541
0.551554 0.576164 0.664789
0.438148 0.399127 0.270289
0.408258 0.420211 0.606385
0.323622 0.397369 0.436934
0.400814 0.503686 0.70882
0.655614 0.386808 0.553055
0.648228 0.387486 0.556905
0.491707 0.624527 0.447114
0.286359 0.461683 0.615658
0.627542 0.602444 0.438567
0.586249 0.369262 0.325986
0.591499 0.40742 0.592742
0.505013 0.358485 0.690854
0.565989 0.362822 0.358714
0.645187 0.42478 0.432399
0.543068 0.344105 0.69414
0.316898 0.383211 0.602548
0.444801 0.38087 0.298338
0.577325 0.398447 0.392088
0.621545 0.415709 0.57274
0.311893 0.388664 0.520612
0.601123 0.404318 0.401104
0.41696 0.402326 0.620859
0.509977 0.364695 0.689071
0.427813 0.392469 0.299935
0.444571 0.389472 0.662404
0.644085 0.378271 0.563382
0.46729 0.367684 0.681991
0.676322 0.361695 0.442242
0.518209 0.371003 0.295684
0.466115 0.620734 0.518641
0.42916 0.472188 0.25802
0.530701 0.36079 0.298765
0.577677 0.383296 0.627122
0.380187 0.405441 0.581945
0.545819 0.369858 0.66535
0.390274 0.412869 0.58367
0.652889 0.369244 0.561509
0.288947 0.377671 0.527001
0.287118 0.38047 0.46348
0.563119 0.393921 0.374777
0.362411 0.40782 0.568244
0.534687 0.508791 0.721089
0.452717 0.62677 0.463953
0.596074 0.393398 0.302536
0.323217 0.392656 0.425006
0.670546 0.554018 0.389696
0.503701 0.342159 0.707987
0.432711 0.393745 0.308996
0.748907 0.417503 0.458298
0.593234 0.389425 0.607356
0.720879 0.398902 0.420932
0.556799 0.597527 0.618992
0.432148 0.399734 0.275583
0.53385 0.492856 0.725017
0.686292 0.367474 0.45707
0.572334 0.360615 0.341176
0.432592 0.421516 0.262926
0.706014 0.354491 0.51618
0.521059 0.375565 0.291135
0.592769 0.372866 0.670612
0.434594 0.404403 0.310844
0.682806 0.353861 0.431087
0.42679 0.542922 0.284434
0.597742 0.365914 0.656951
0.272096 0.383042 0.484409
0.28592 0.42507 0.413218
0.576788 0.410372 0.388203
0.365543 0.583115 0.363834
0.321549 0.43409 0.341634
0.620123 0.391909 0.415193
0.582385 0.574604 0.644532
0.587641 0.376952 0.311457
0.396521 0.558087 0.311954
0.389678 0.39631 0.599407
0.294147 0.439626 0.362921
0.295227 0.379004 0.513561
0.465248 0.624597 0.449032
0.506388 0.370433 0.697767
0.437594 0.628727 0.46658
0.403087 0.51324 0.282429
0.713804 0.366918 0.43347
0.702794 0.369931 0.527047
0.676478 0.417425 0.617852
0.563934 0.363644 0.654287
0.604237 0.538924 0.314109
0.644866 0.518186 0.333592
0.444198 0.627565 0.428481
0.563548 0.371342 0.355733
0.664306 0.40403 0.624315
0.39556 0.385746 0.6235
0.32947 0.39324 0.410489
0.633532 0.406415 0.575703
0.655525 0.400032 0.432983
0.697797 0.364327 0.560964
0.707619 0.359883 0.517646
0.628292 0.41906 0.579466
0.579438 0.372295 0.325087
0.436812 0.390873 0.29204
0.527372 0.382857 0.300357
0.36788 0.382824 0.337153
0.619089 0.568746 0.626703
0.700043 0.402038 0.587983
0.644268 0.387334 0.568804
0.397689 0.41102 0.61035
0.639968 0.547465 0.351361
0.413323 0.381708 0.658903
0.643301 0.501254 0.326805
0.43898 0.400562 0.663495
0.709942 0.371954 0.518217
0.363683 0.382457 0.613142
0.575648 0.379736 0.3611
0.591347 0.377665 0.627711
0.560895 0.583039 0.339948
0.574993 0.491051 0.700042
0.378124 0.623884 0.460358
0.513674 0.591997 0.334291
0.666881 0.373252 0.563124
0.712744 0.383369 0.421965
0.462351 0.610397 0.360288
0.714905 0.344233 0.526278
0.37131 0.389562 0.605695
0.272317 0.396851 0.470771
0.274373 0.427159 0.436064
0.429981 0.617242 0.565456
0.73397 0.359011 0.468832
0.36025 0.520253 0.314041
0.566262 0.44378 0.714432
0.58838 0.367885 0.663949
0.65421 0.552593 0.604342
0.503633 0.348936 0.712103
0.342707 0.385301 0.382957
0.587777 0.403786 0.37175
0.729192 0.452094 0.549002
0.679855 0.376156 0.442016
0.275174 0.416355 0.441125
0.585962 0.381113 0.308953
0.612464 0.421925 0.380528
0.476742 0.596462 0.651619
0.40217 0.41119 0.628925
0.510191 0.359935 0.705893
0.714204 0.34789 0.521176
0.467778 0.372379 0.72804
0.270775 0.397409 0.465838
0.413084 0.427876 0.27732
0.719775 0.34403 0.469333
0.261538 0.43112 0.457399
0.611542 0.376236 0.352341
0.352547 0.52525 0.32414
0.592013 0.5746 0.346481
0.290166 0.389665 0.54562
0.310284 0.58004 0.452482
0.635579 0.388754 0.601228
0.410536 0.614221 0.572922
0.747371 0.418491 0.504608
0.32838 0.409544 0.41285
0.60302 0.378863 0.653591
0.305264 0.404346 0.382295
0.605662 0.418561 0.384651
0.431777 0.399134 0.664227
0.719544 0.468681 0.413016
0.738115 0.368519 0.504809
0.643482 0.406978 0.599126
0.540756 0.567678 0.310092
0.457755 0.624221 0.45956
0.267913 0.419926 0.54144
0.26719 0.533006 0.494305
0.298291 0.413261 0.424121
0.27064 0.438139 0.58371
0.642918 0.413505 0.642788
0.607099 0.381629 0.61462
0.353801 0.382212 0.632238
0.526699 0.55845 0.6914
0.547166 0.620801 0.457652
0.268162 0.52309 0.448039
0.566374 0.383283 0.705019
0.355152 0.431598 0.319875
0.427012 0.382191 0.669682
0.419794 0.410173 0.304376
0.607287 0.412899 0.372966
0.716201 0.354108 0.474472
0.455176 0.401694 0.28009
0.282444 0.434865 0.42741
0.423112 0.407168 0.657149
0.309204 0.397235 0.571811
0.664461 0.479221 0.342291
0.283263 0.439711 0.422973
0.261155 0.496963 0.450949
0.341826 0.399407 0.619667
0.497243 0.357575 0.715175
0.60523 0.532767 0.310961
0.587325 0.380032 0.672335
0.72154 0.353224 0.484178
0.575701 0.385062 0.692923
0.395462 0.414557 0.29704
0.386497 0.402737 0.62692
0.45173 0.364863 0.708466
0.670436 0.386825 0.428122
0.300865 0.416883 0.425866
0.322756 0.407003 0.589866
0.268125 0.44556 0.440365
0.603856 0.38457 0.629436
0.65872 0.384859 0.571326
0.405199 0.393429 0.654818
0.33775 0.385094 0.623829
0.647267 0.382501 0.3666
0.478331 0.474304 0.239389
0.605125 0.381348 0.324722
0.677475 0.382473 0.558801
0.63969 0.395358 0.605862
0.714971 0.351156 0.460848
0.593891 0.395185 0.359591
0.568114 0.382775 0.316302
0.545784 0.391858 0.288254
0.491563 0.418772 0.274754
0.429482 0.408387 0.280295
0.696058 0.364656 0.548169
0.403237 0.392461 0.654376
0.384046 0.40276 0.633752
0.431081 0.41505 0.285124
0.514309 0.419435 0.281865
0.705651 0.457295 0.382615
0.659712 0.526496 0.354647
0.247253 0.46475 0.474477
0.48529 0.618217 0.504232
0.674579 0.383632 0.564634
0.609691 0.610849 0.497716
0.366789 0.511393 0.686279
0.692989 0.439031 0.590572
0.587532 0.389021 0.308868
0.354307 0.392188 0.648057
0.331534 0.596673 0.514365
0.698876 0.431942 0.585753
0.711914 0.363122 0.456671
0.58136 0.38271 0.651058
0.695503 0.37463 0.443205
0.591907 0.395889 0.34627
0.450089 0.382375 0.69291
0.637924 0.593917 0.432945
0.425183 0.413262 0.286273
0.468457 0.617762 0.514659
0.708247 0.428496 0.40051
0.425366 0.436821 0.722182
0.727465 0.484231 0.527744
0.652156 0.385319 0.363677
0.515493 0.581102 0.320896
0.652729 0.499216 0.33806
0.401172 0.399746 0.691502
0.434192 0.626879 0.453157
0.713287 0.37413 0.456916
0.351605 0.558861 0.352705
0.307433 0.436726 0.633495
0.506272 0.374908 0.710932
0.709836 0.534349 0.44855
0.271697 0.42899 0.562032
0.420488 0.61804 0.545639
0.295159 0.435771 0.378337
0.642046 0.394477 0.384719
0.570925 0.376401 0.672675
0.248081 0.469034 0.485906
0.74396 0.427786 0.461433
0.389837 0.449077 0.705094
0.27637 0.522963 0.564428
0.470262 0.467451 0.240562
0.462692 0.595602 0.648162
0.618388 0.572917 0.620158
0.268942 0.434643 0.521078
0.592189 0.609936 0.542712
0.445699 0.381633 0.693525
0.284038 0.422357 0.57892
0.61324 0.607257 0.534731
0.309379 0.427369 0.419628
0.664164 0.411484 0.592803
0.646131 0.596596 0.498314
0.59608 0.614322 0.469698
0.4821 0.401889 0.738336
0.586988 0.61209 0.535022
0.657774 0.410443 0.606327
0.570167 0.393746 0.299666
0.741373 0.399426 0.462733
0.282323 0.431673 0.439445
0.286456 0.500568 0.405919
0.520744 0.621351 0.461539
0.712873 0.390471 0.56131
0.685067 0.431385 0.599993
0.684774 0.556478 0.432322
0.707345 0.374256 0.539816
0.292365 0.548896 0.55553
0.42206 0.398146 0.697294
0.524445 0.414542 0.274244
0.297324 0.435964 0.381296
0.403586 0.598489 0.612143
0.631879 0.575393 0.602892
0.662628 0.403627 0.38699
0.386356 0.396306 0.674598
0.256992 0.454645 0.516533
0.406451 0.433298 0.295622
0.726095 0.477079 0.533437
0.369932 0.437524 0.687766
0.342312 0.437867 0.362886
0.389265 0.414778 0.691635
0.550514 0.380089 0.700127
0.669577 0.402534 0.404457
0.582224 0.400351 0.322482
0.632685 0.433245 0.66038
0.314134 0.428549 0.630691
0.395905 0.455587 0.289316
0.666002 0.421 0.584215
0.62361 0.600083 0.436876
0.258141 0.503622 0.507763
0.417789 0.456899 0.27254
0.511488 0.443155 0.26908
0.663015 0.385752 0.382166
0.64638 0.407494 0.362691
0.5704 0.502312 0.69801
0.632985 0.402377 0.633309
0.678855 0.408246 0.591955
0.647863 0.435152 0.644008
0.349258 0.562638 0.360341
0.353496 0.607027 0.516753
0.492485 0.395169 0.717528
0.281265 0.428853 0.577853
0.606349 0.401182 0.653228
0.300177 0.431145 0.382255
0.651335 0.390345 0.380889
0.286291 0.423639 0.560418
0.25594 0.470667 0.546699
0.692413 0.389191 0.429423
0.693988 0.392073 0.561568
0.359744 0.440781 0.343457
0.685004 0.4645 0.591439
0.256646 0.459509 0.522218
0.732618 0.381611 0.506949
0.481438 0.470282 0.243247
0.270786 0.445703 0.449537
0.311424 0.42641 0.611609
0.611255 0.525915 0.314204
0.322197 0.4271 0.367058
0.426493 0.611048 0.584646
0.412871 0.609849 0.581639
0.263403 0.451984 0.482729
0.29628 0.567274 0.468873
0.57666 0.390434 0.668196
0.522385 0.447524 0.730295
0.592062 0.404178 0.675698
0.407999 0.432979 0.706478
0.348862 0.551124 0.636012
0.607038 0.582722 0.375301
0.492663 0.560571 0.688005
0.281296 0.444388 0.440633
0.282114 0.542225 0.453687
0.437399 0.403383 0.722407
0.546279 0.610543 0.401397
0.565784 0.427505 0.710205
0.270101 0.48549 0.436127
0.35271 0.413581 0.634237
0.275351 0.464077 0.587658
0.686156 0.400776 0.562134
0.255995 0.479333 0.541043
0.640223 0.507806 0.642637
0.448715 0.449274 0.262127
0.474566 0.391709 0.720146
0.258469 0.483714 0.539008
0.319436 0.4788 0.639626
0.730161 0.425725 0.440046
0.63133 0.602583 0.487761
0.725492 0.488923 0.50957
0.261531 0.45809 0.530645
0.721527 0.382392 0.531079
0.521643 0.586739 0.335964
0.681994 0.414622 0.569253
0.467929 0.468301 0.248333
0.608237 0.423008 0.311321
0.737697 0.414245 0.45289
0.266664 0.450804 0.555318
0.33203 0.571512 0.577144
0.662378 0.412655 0.356249
0.703483 0.478151 0.393346
0.315402 0.535382 0.610228
0.729779 0.476944 0.499723
0.266225 0.456956 0.451448
0.261443 0.507472 0.497114
0.316156 0.445336 0.638783
0.286101 0.478156 0.599199
0.688492 0.413951 0.575668
0.526591 0.449164 0.263332
0.723173 0.400966 0.524981
0.641288 0.598516 0.485851
0.391888 0.410692 0.673382
0.61117 0.418734 0.326048
0.501221 0.413268 0.734032
0.655839 0.58789 0.512704
0.409146 0.581449 0.645148
0.335418 0.424672 0.640663
0.293009 0.549903 0.544924
0.686324 0.417252 0.375176
0.727687 0.404421 0.545435
0.633727 0.420915 0.637973
0.327286 0.451837 0.355417
0.355191 0.439031 0.669002
0.377247 0.502151 0.689133
0.661598 0.585309 0.493858
0.366655 0.603567 0.545803
0.268231 0.460935 0.537436
0.438467 0.488839 0.264399
0.672004 0.416274 0.373367
0.652107 0.445293 0.606521
0.360739 0.449246 0.636269
0.555771 0.582753 0.347352
0.686454 0.433162 0.585568
0.690859 0.417898 0.421465
0.467644 0.485668 0.249945
0.389826 0.424838 0.671299
0.721674 0.468693 0.431826
0.685818 0.415848 0.411187
0.608596 0.431079 0.31026
0.591996 0.421038 0.655754
0.656436 0.591102 0.472017
0.738968 0.414858 0.468966
0.372119 0.422236 0.676461
0.323285 0.588518 0.50267
0.545213 0.508244 0.26467
0.67108 0.416606 0.370825
0.578452 0.405682 0.675075
0.255423 0.473132 0.471077
0.406517 0.620619 0.511072
0.367038 0.522799 0.679717
0.276839 0.487451 0.429248
0.351904 0.423153 0.64009
0.508156 0.472458 0.250666
0.331056 0.426529 0.623868
0.598678 0.428564 0.673545
0.481191 0.405159 0.724335
0.402825 0.617391 0.527708
0.33813 0.441037 0.648203
0.36756 0.591168 0.382487
0.625389 0.442829 0.638088
0.70715 0.404472 0.430264
0.406441 0.487528 0.289899
0.270867 0.466994 0.541558
0.626649 0.440206 0.31408
0.386789 0.516602 0.29926
0.540574 0.470201 0.260774
0.263992 0.506351 0.49572
0.331354 0.561312 0.385257
0.689247 0.464359 0.374216
0.614866 0.439705 0.644822
0.616587 0.441417 0.309853
0.692929 0.455864 0.37873
0.703001 0.418096 0.555141
0.625938 0.446306 0.660159
0.616449 0.439807 0.319175
0.686002 0.436616 0.582197
0.659129 0.457541 0.366238
0.73421 0.455498 0.477896
0.427819 0.590686 0.636315
0.448851 0.616042 0.515358
0.63371 0.487468 0.649148
0.280887 0.536467 0.531861
0.645627 0.463151 0.644689
0.376217 0.5883 0.600022
0.260496 0.474691 0.535895
0.34137 0.434788 0.630759
0.620791 0.476407 0.306914
0.493235 0.557042 0.293476
0.370095 0.472486 0.314083
0.642684 0.441785 0.326669
0.686764 0.487841 0.579167
0.390062 0.44013 0.692231
0.353008 0.460928 0.33284
0.26765 0.509632 0.507786
0.352558 0.609845 0.466218
0.440175 0.620734 0.410556
0.720809 0.406572 0.448589
0.643665 0.446223 0.340916
0.724088 0.424239 0.526631
0.310549 0.476447 0.623977
0.577374 0.43377 0.667187
0.577068 0.522222 0.28932
0.692965 0.517334 0.400658
0.263418 0.48139 0.52838
0.729513 0.452655 0.518894
0.674496 0.522857 0.588325
0.72276 0.417746 0.543146
0.374577 0.462024 0.323248
0.680872 0.441558 0.572374
0.494369 0.613874 0.512218
0.697505 0.5417 0.527215
0.591695 0.586487 0.378085
0.490451 0.499807 0.259897
0.503781 0.532443 0.27201
0.481417 0.466399 0.732897
0.613868 0.454751 0.303462
0.589745 0.430073 0.668917
0.365159 0.463472 0.332899
0.681329 0.472747 0.370728
0.389542 0.47134 0.318021
0.560755 0.422478 0.70191
0.70408 0.452716 0.565463
0.386574 0.457995 0.663247
0.288888 0.54136 0.541431
0.620842 0.575198 0.380765
0.587365 0.603948 0.420873
0.626219 0.565611 0.372166
0.667493 0.445068 0.357688
0.601636 0.558854 0.642069
0.271352 0.516303 0.505728
0.726065 0.429027 0.526752
0.38021 0.546537 0.664077
0.378181 0.477242 0.315333
0.417699 0.610861 0.557005
0.723012 0.436886 0.525378
0.322739 0.513931 0.358611
0.704681 0.5295 0.532405
0.357579 0.453048 0.641792
0.728376 0.424747 0.501824
0.360765 0.443274 0.65032
0.327314 0.530776 0.361155
0.30518 0.461428 0.612286
0.670619 0.459083 0.360361
0.364052 0.450804 0.646209
0.356367 0.509164 0.667806
0.611028 0.463088 0.668564
0.439319 0.614794 0.525469
0.689969 0.530999 0.557467
0.652221 0.460264 0.611588
0.481903 0.538156 0.702407
0.590857 0.43918 0.664977
0.466096 0.584165 0.660867
0.684368 0.452314 0.567017
0.313107 0.498384 0.381419
0.454962 0.509442 0.269793
0.32304 0.459671 0.612243
0.399966 0.482989 0.309505
0.509539 0.437792 0.719501
0.483621 0.616001 0.40347
0.36985 0.60094 0.549647
0.293587 0.55109 0.521883
0.620476 0.592786 0.422437
0.328545 0.535939 0.619621
0.367015 0.445256 0.651677
0.722026 0.441858 0.540748
0.386939 0.503112 0.321377
0.714679 0.445105 0.543716
0.587582 0.452568 0.658227
0.387834 0.502396 0.30809
0.727883 0.436901 0.483507
0.724104 0.448577 0.526666
0.575239 0.508784 0.684587
0.312786 0.572956 0.51377
0.338164 0.500362 0.353945
0.548795 0.600773 0.38722
0.663844 0.481976 0.375361
0.328933 0.547685 0.599329
0.279089 0.504441 0.51298
0.696405 0.475055 0.545458
0.477332 0.501816 0.720264
0.382087 0.471013 0.687452
0.460636 0.612383 0.520507
0.43828 0.50309 0.282726
0.472589 0.588757 0.331326
0.491642 0.441342 0.724161
0.288455 0.545052 0.508701
0.626851 0.460505 0.317676
0.699037 0.503928 0.41176
0.645258 0.476198 0.60908
0.696101 0.456961 0.556288
0.495483 0.612396 0.504013
0.69335 0.464487 0.403472
0.714145 0.520357 0.466284
0.410395 0.467584 0.705209
0.661907 0.469096 0.363662
0.318547 0.4741 0.593962
0.572263 0.564743 0.651456
0.478462 0.553435 0.688363
0.288761 0.522423 0.428043
0.621127 0.502691 0.321546
0.410688 0.563222 0.321286
0.300119 0.487254 0.594063
0.689616 0.462387 0.566885
0.339919 0.587548 0.427114
0.400292 0.531521 0.304416
0.498478 0.613974 0.450925
0.716598 0.480326 0.529374
0.277387 0.521273 0.467612
0.605863 0.520755 0.316869
0.283547 0.523516 0.449114
0.303127 0.542107 0.4198
0.69196 0.511163 0.405662
0.420531 0.456876 0.698627
0.667793 0.485302 0.376251
0.314377 0.534973 0.386829
0.702903 0.512974 0.544716
0.404654 0.463298 0.691057
0.339377 0.51435 0.350834
0.357429 0.570291 0.601114
0.3557 0.466518 0.654202
0.368399 0.514689 0.638388
0.655673 0.483032 0.363727
0.69752 0.491238 0.408001
0.380913 0.485245 0.656819
0.650473 0.494751 0.367213
0.704713 0.465376 0.425961
0.488266 0.463086 0.725244
0.635803 0.54991 0.618088
0.408112 0.47292 0.701596
0.309533 0.476437 0.605158
0.441771 0.450665 0.71855
0.577391 0.477091 0.292596
0.359144 0.503283 0.636036
0.429954 0.46268 0.697883
0.634767 0.492138 0.610893
0.364049 0.593778 0.557803
0.672294 0.489281 0.589885
0.313879 0.546756 0.408352
0.660647 0.480894 0.594988
0.631408 0.58752 0.560774
0.423743 0.556076 0.313549
0.29121 0.527379 0.456779
0.695957 0.526134 0.545902
0.493884 0.475111 0.721339
0.374674 0.521249 0.328389
0.285671 0.514367 0.534348
0.629161 0.492769 0.332127
0.584296 0.609067 0.47832
0.414841 0.620907 0.426473
0.638274 0.480488 0.635402
0.39212 0.527098 0.681958
0.288829 0.532396 0.535873
0.430463 0.472464 0.694886
0.645971 0.528001 0.621619
0.387073 0.536586 0.317664
0.722545 0.477124 0.468198
0.499336 0.474809 0.708035
0.572705 0.519625 0.681721
0.720138 0.479632 0.485461
0.468972 0.60375 0.612249
0.685094 0.501051 0.409723
0.638731 0.472411 0.633043
0.493467 0.608217 0.387592
0.520051 0.541162 0.28969
0.689308 0.50021 0.403541
0.713536 0.481129 0.516558
0.68242 0.502645 0.573985
0.475653 0.615288 0.423376
0.455588 0.578115 0.323743
0.294407 0.540132 0.442687
0.713743 0.490591 0.525025
0.664939 0.482086 0.593457
0.395034 0.618182 0.43664
0.325711 0.554475 0.401074
0.49409 0.489116 0.69961
0.529642 0.478694 0.699262
0.556077 0.473819 0.694891
0.511764 0.555419 0.680891
0.676771 0.543891 0.55448
0.507047 0.611233 0.462147
0.312469 0.50575 0.597922
0.494775 0.550118 0.297824
0.707275 0.492194 0.447368
0.558397 0.468622 0.691723
0.569436 0.463901 0.67881
0.364978 0.486213 0.655839
0.369123 0.597919 0.404529
0.291147 0.537432 0.461779
0.506229 0.475516 0.711296
0.337477 0.525418 0.366856
0.578526 0.5012 0.648818
0.310513 0.495021 0.570036
0.651014 0.502185 0.589467
0.524909 0.606507 0.395933
0.304036 0.505655 0.581453
0.349044 0.552768 0.365582
0.396005 0.525657 0.317027
0.57796 0.466881 0.66767
0.350415 0.539333 0.353171
0.471311 0.469833 0.719039
0.468298 0.610806 0.462693
0.532043 0.526397 0.700612
0.411642 0.512168 0.662391
0.515084 0.598571 0.372111
0.696898 0.502756 0.447583
0.315718 0.560166 0.430511
0.471509 0.493851 0.718682
0.301609 0.506651 0.576208
0.510541 0.596647 0.366122
0.30263 0.530124 0.55961
0.326168 0.501335 0.599747
0.653606 0.527749 0.393483
0.612827 0.511122 0.649156
0.307326 0.52436 0.537563
0.664436 0.553749 0.560248
0.390298 0.498181 0.670603
0.656553 0.523455 0.372981
0.424486 0.554434 0.669748
0.635373 0.540348 0.396402
0.294736 0.529841 0.482685
0.366918 0.556539 0.355018
0.527586 0.548894 0.305787
0.661465 0.501632 0.586279
0.453861 0.475407 0.710376
0.603498 0.591947 0.569001
0.478528 0.489377 0.715371
0.465621 0.481142 0.70932
0.358372 0.533804 0.34921
0.35823 0.535785 0.34913
0.502461 0.500839 0.710139
0.426152 0.491688 0.683284
0.631931 0.556019 0.609556
0.379237 0.616042 0.464293
0.440689 0.595873 0.617077
0.556727 0.505895 0.292166
0.299665 0.522892 0.54005
0.390259 0.614755 0.4927
0.473809 0.494619 0.715316
0.706763 0.511479 0.483671
0.416901 0.491038 0.682736
0.690388 0.524513 0.427045
0.490437 0.483217 0.710389
0.695741 0.506961 0.449376
0.545215 0.606598 0.53555
0.693983 0.514468 0.529166
0.308041 0.550434 0.528119
0.591961 0.597091 0.553531
0.64125 0.585809 0.518757
0.664509 0.513741 0.581502
0.308489 0.541231 0.439715
0.629461 0.571322 0.588425
0.43892 0.486657 0.695971
0.690794 0.514245 0.512503
0.315507 0.561113 0.526901
0.608938 0.565512 0.616356
0.409249 0.533974 0.32421
0.595977 0.540715 0.648361
0.684418 0.521904 0.436554
0.594761 0.510867 0.660047
0.3007 0.533494 0.496367
0.629004 0.58158 0.418456
0.513228 0.607816 0.40625
0.697254 0.524917 0.498229
0.629749 0.518749 0.352652
0.668473 0.568523 0.465673
0.420772 0.530417 0.315709
0.433562 0.605093 0.561154
0.546288 0.495835 0.695228
0.433566 0.533631 0.686499
0.625425 0.523141 0.605735
0.341052 0.58947 0.50977
0.546192 0.598687 0.581244
0.586035 0.491029 0.666223
0.350411 0.513963 0.636902
0.3182 0.51279 0.588324
0.548507 0.488796 0.692385
0.306751 0.534018 0.551867
0.562389 0.483552 0.683078
0.426053 0.616873 0.461516
0.527828 0.5492 0.681245
0.689353 0.542801 0.495469
0.381162 0.545927 0.348427
0.595785 0.568569 0.618094
0.393607 0.520716 0.667935
0.660772 0.524787 0.573684
0.52695 0.582342 0.351128
0.610684 0.563199 0.614037
0.624422 0.592676 0.505812
0.435474 0.611148 0.457934
0.331268 0.534845 0.597325
0.379877 0.592195 0.56301
0.32639 0.53794 0.425605
0.566516 0.514781 0.31009
0.578222 0.517724 0.647296
0.681822 0.542229 0.446677
0.440931 0.612674 0.419576
0.62089 0.59427 0.465382
0.42746 0.504781 0.679672
0.60221 0.525025 0.346387
0.536388 0.570139 0.653631
0.401121 0.611415 0.497251
0.665698 0.525329 0.563426
0.465171 0.57814 0.655924
0.687259 0.515641 0.510267
0.448421 0.496181 0.698535
0.689684 0.536076 0.493197
0.404327 0.52286 0.673897
0.480608 0.527577 0.299732
0.389455 0.603864 0.406028
0.676855 0.528228 0.548713
0.530904 0.607139 0.486507
0.434683 0.562665 0.325117
0.503943 0.530009 0.693526
0.482667 0.56453 0.318472
0.444051 0.507125 0.677986
0.408222 0.543765 0.340198
0.463993 0.532125 0.301557
0.417603 0.548783 0.345321
0.322779 0.568596 0.50529
0.686432 0.51374 0.471659
0.330558 0.535802 0.56662
0.517006 0.528149 0.668065
0.580441 0.561778 0.633366
0.669666 0.555043 0.522746
0.53594 0.572628 0.647136
0.673676 0.50749 0.495386
0.658941 0.537957 0.427765
0.419066 0.523176 0.666518
0.34824 0.553237 0.593755
0.447952 0.530532 0.658067
0.555871 0.602064 0.420018
0.33791 0.534835 0.573965
0.640053 0.543675 0.382428
0.406468 0.613752 0.46208
0.424968 0.602904 0.558435
0.410372 0.573524 0.632409
0.657441 0.527641 0.542263
0.524283 0.518445 0.682651
0.493943 0.60535 0.403538
0.662122 0.539855 0.566206
0.436326 0.607847 0.456047
0.489581 0.572246 0.658714
0.632591 0.552493 0.381627
0.613779 0.529845 0.351306
0.594645 0.549093 0.635937
0.587311 0.581761 0.596578
0.648317 0.541117 0.588974
0.592158 0.526085 0.332374
0.592047 0.525292 0.336011
0.565022 0.528383 0.314168
0.54388 0.528754 0.314301
0.339528 0.560399 0.406722
0.418723 0.523354 0.666319
0.437673 0.545691 0.643785
0.582421 0.579581 0.378548
0.61793 0.544489 0.616035
0.350852 0.566153 0.570691
0.592308 0.541658 0.639135
0.549275 0.575243 0.630795
0.669078 0.5307 0.530233
0.54633 0.532176 0.327417
0.624808 0.546782 0.373788
0.546602 0.539155 0.672755
0.455875 0.602605 0.561611
0.579392 0.559447 0.350916
0.51072 0.541821 0.324167
0.458456 0.599967 0.455906
0.578312 0.552742 0.343083
0.609857 0.547569 0.57827
0.484115 0.562122 0.665187
0.605437 0.536645 0.359004
0.345265 0.545854 0.565738
0.550267 0.530774 0.326598
0.441832 0.554095 0.322438
0.557625 0.520818 0.673313
0.581684 0.521717 0.652205
0.498088 0.554542 0.670221
0.442467 0.543212 0.579127
0.441089 0.604001 0.539818
0.426726 0.560489 0.334829
0.36226 0.554467 0.390655
0.391124 0.597208 0.546822
0.412296 0.564942 0.588259
0.431688 0.55137 0.344158
0.315034 0.548207 0.460962
0.61141 0.54096 0.369704
0.362507 0.5559 0.405439
0.325118 0.562684 0.519271
0.361496 0.539268 0.610583
0.340562 0.561314 0.552065
0.578429 0.593879 0.418217
0.438674 0.554802 0.344218
0.383201 0.58332 0.579108
0.390647 0.575308 0.60637
0.52396 0.588512 0.613741
0.448235 0.576216 0.343611
0.401494 0.554586 0.623606
0.653209 0.564871 0.451789
0.384048 0.572418 0.603722
0.399507 0.555539 0.636904
0.618098 0.588631 0.511827
0.48818 0.577815 0.643554
0.518286 0.542696 0.663056
0.406131 0.561453 0.38257
0.555119 0.530769 0.570507
0.322356 0.559999 0.487177
0.63967 0.5716 0.544999
0.596824 0.588625 0.416003
0.42531 0.558279 0.347734
0.377567 0.555911 0.59
0.554045 0.534493 0.34452
0.331373 0.556255 0.514619
0.488379 0.538568 0.665619
0.657744 0.525239 0.514999
0.476784 0.529677 0.663433
0.344002 0.557997 0.562874
0.555321 0.601724 0.495646
0.318693 0.549204 0.481397
0.513883 0.585428 0.623546
0.677974 0.535508 0.460896
0.502163 0.602224 0.54533
0.57184 0.59554 0.421776
0.63648 0.54251 0.577439
0.59548 0.546339 0.627797
0.514287 0.601907 0.425603
0.3746 0.573774 0.393883
0.574663 0.594346 0.445807
0.568864 0.593811 0.427893
0.417941 0.594837 0.575706
0.633383 0.576027 0.532574
0.497978 0.594076 0.596001
0.62361 0.557409 0.58428
0.549839 0.59047 0.586957
0.650296 0.565638 0.504235
0.655938 0.55786 0.51942
0.443366 0.53855 0.57542
0.558338 0.551367 0.633721
0.41619 0.604288 0.48923
0.61894 0.586024 0.473501
0.480722 0.550488 0.661092
0.618864 0.541925 0.436407
0.582786 0.543748 0.369634
0.594014 0.561555 0.37151
0.482477 0.547045 0.660295
0.585714 0.546429 0.356832
0.627581 0.581817 0.489675
0.603354 0.565694 0.382547
0.469311 0.573205 0.340149
0.490921 0.552368 0.336762
0.640546 0.549306 0.434528
0.433123 0.600163 0.44954
0.607296 0.532521 0.441535
0.446032 0.556533 0.62611
0.659123 0.550121 0.448089
0.656252 0.523522 0.505813
0.557324 0.59965 0.50638
0.61086 0.55254 0.584097
0.530958 0.59874 0.558018
0.615044 0.587192 0.469528
0.466032 0.554693 0.337841
0.416059 0.563477 0.573084
0.400396 0.56754 0.604813
0.579388 0.593874 0.472615
0.375373 0.568878 0.578739
0.446388 0.597423 0.561087
0.422471 0.601592 0.510018
0.478681 0.595331 0.582322
0.37603 0.593674 0.434578
0.349571 0.545867 0.476546
0.630708 0.560199 0.563098
0.474217 0.591106 0.463731
0.636839 0.553465 0.435785
0.644691 0.560643 0.446787
0.413714 0.587746 0.387358
0.547681 0.521901 0.569613
0.611199 0.56884 0.575416
0.637085 0.535268 0.460965
0.501242 0.597549 0.560703
0.584016 0.57483 0.590812
0.346727 0.567189 0.507271
0.438251 0.573152 0.359087
0.494704 0.578065 0.356909
0.644424 0.569343 0.466496
0.575855 0.564005 0.612751
0.474382 0.589691 0.372733
0.632545 0.555481 0.564156
0.481459 0.587413 0.610034
0.647961 0.562839 0.507343
0.572759 0.590235 0.429899
0.557238 0.551303 0.347354
0.455899 0.597551 0.424518
0.4615 0.559934 0.652574
0.451506 0.562853 0.350525
0.472456 0.543546 0.654497
0.542369 0.54842 0.344937
0.665575 0.532104 0.480648
0.509273 0.593611 0.460524
0.347879 0.573616 0.481507
0.585073 0.590024 0.500002
0.507304 0.520796 0.626311
0.462116 0.597062 0.54198
0.653321 0.546105 0.5009
0.464028 0.592134 0.583654
0.538755 0.572833 0.616345
0.483259 0.592738 0.422947
0.567121 0.561189 0.593586
0.345328 0.559801 0.466711
0.584407 0.586327 0.445641
0.645312 0.551966 0.528222
0.444434 0.563335 0.602172
0.355252 0.562395 0.492832
0.362321 0.572988 0.524377
0.642931 0.524093 0.479482
0.354399 0.577885 0.454279
0.55793 0.586584 0.407884
0.589481 0.553878 0.389979
0.616615 0.563435 0.421771
0.446831 0.564633 0.628278
0.647008 0.556184 0.512253
0.35007 0.556562 0.479959
0.462804 0.59103 0.4366
0.629087 0.570165 0.452446
0.476383 0.581875 0.365304
0.514484 0.527704 0.627739
0.425223 0.580133 0.601403
0.490848 0.512335 0.635034
0.604596 0.554257 0.417867
0.399445 0.563467 0.425454
0.577867 0.586258 0.432499
0.386729 0.585993 0.414048
0.498679 0.59249 0.575863
0.499774 0.597406 0.520667
0.439035 0.521983 0.431428
0.359617 0.579196 0.463447
0.376068 0.591821 0.471469
0.449872 0.586332 0.459883
0.505627 0.592273 0.500802
0.632787 0.541907 0.464051
0.451681 0.586296 0.586951
0.546196 0.560231 0.610913
0.537683 0.594339 0.538019
0.568412 0.59131 0.528879
0.525472 0.530488 0.619384
0.575647 0.532527 0.423935
0.461185 0.582313 0.378211
0.495109 0.529472 0.631668
0.639873 0.545643 0.508833
0.557765 0.538307 0.387369
0.440467 0.538669 0.409818
0.432875 0.586127 0.578811
0.414324 0.573048 0.576467
0.5176 0.554221 0.359135
0.501689 0.58602 0.464026
0.589159 0.533035 0.436229
0.602306 0.51816 0.460466
0.625945 0.514415 0.515006
0.493986 0.585401 0.590287
0.44538 0.591785 0.493099
0.623163 0.505966 0.500853
0.439774 0.549718 0.387829
0.555322 0.569614 0.375372
0.451813 0.547462 0.586036
0.360088 0.568871 0.461759
0.492551 0.539655 0.358117
0.627955 0.517089 0.512484
0.464247 0.574798 0.365958
0.602547 0.547619 0.554146
0.496631 0.570838 0.619348
0.570189 0.539985 0.560762
0.46309 0.538828 0.594942
0.396111 0.588396 0.487944
0.608248 0.555082 0.550482
0.523239 0.591212 0.511351
0.493368 0.571654 0.373243
0.442791 0.580442 0.583246
0.388374 0.58579 0.491349
0.370815 0.539449 0.479707
0.528354 0.576606 0.5972
0.476857 0.557622 0.629465
0.585473 0.574156 0.420041
0.466113 0.58328 0.483528
0.464722 0.590421 0.526474
0.43041 0.531349 0.43467
0.439803 0.558071 0.575085
0.414383 0.565603 0.417496
0.631458 0.528443 0.488064
0.365283 0.560718 0.465803
0.426137 0.587748 0.554405
0.37195 0.536814 0.481051
0.539671 0.585944 0.565572
0.386689 0.535783 0.464664
0.425879 0.589465 0.437099
0.494459 0.529335 0.627059
0.455895 0.571515 0.375981
0.437994 0.473536 0.545903
0.619624 0.508771 0.498887
0.391821 0.582235 0.527686
0.606881 0.538627 0.542598
0.521344 0.559053 0.366394
0.369868 0.578654 0.46217
0.476925 0.564727 0.624619
0.377152 0.580982 0.487747
0.606539 0.574138 0.484318
0.408435 0.570294 0.417763
0.454069 0.581405 0.464612
0.387013 0.573631 0.506893
0.410077 0.584595 0.503256
0.474242 0.542571 0.367509
0.540277 0.588164 0.519975
0.419955 0.49546 0.462776
0.436395 0.572915 0.570764
0.515794 0.516936 0.38798
0.503564 0.579759 0.426958
0.516476 0.51532 0.388572
0.596942 0.498074 0.519226
0.517556 0.576623 0.459447
0.491232 0.535308 0.622584
0.427581 0.582337 0.460425
0.40114 0.580818 0.522922
0.489219 0.585527 0.5511
0.396248 0.564026 0.441256
0.505491 0.493442 0.606256
0.435384 0.501958 0.546708
0.625774 0.525989 0.47908
0.526345 0.582591 0.484847
0.448834 0.577006 0.468289
0.376506 0.539305 0.479557
0.509976 0.520012 0.612926
0.497683 0.540858 0.372526
0.432948 0.58014 0.559064
0.381057 0.519761 0.475963
0.528199 0.507315 0.589987
0.525438 0.518263 0.388246
0.575386 0.581648 0.529784
0.4318 0.486051 0.541884
0.621022 0.547913 0.518249
0.572556 0.548553 0.403917
0.384235 0.50706 0.509015
0.539316 0.553132 0.373685
0.563731 0.575764 0.460962
0.528637 0.444881 0.575658
0.388782 0.568065 0.491927
0.593176 0.563888 0.46329
0.38448 0.54659 0.488585
0.585733 0.570419 0.502989
0.418942 0.513251 0.538088
0.428047 0.558681 0.555424
0.552864 0.538004 0.399022
0.539143 0.585293 0.533366
0.491199 0.575758 0.571038
0.547777 0.571535 0.449327
0.558285 0.545217 0.397862
0.60815 0.513654 0.497956
0.547006 0.571696 0.460222
0.602797 0.480604 0.502071
0.417992 0.571378 0.422233
0.471753 0.517254 0.593062
0.568401 0.569737 0.465975
0.507082 0.570598 0.46279
0.566685 0.568411 0.432202
0.464616 0.559046 0.592248
0.385907 0.529765 0.503321
0.468302 0.519011 0.405606
0.511186 0.551044 0.379713
0.511296 0.575648 0.481167
0.524249 0.461939 0.585841
0.520181 0.58204 0.552694
0.479184 0.510723 0.394769
0.383912 0.558039 0.483231
0.464523 0.577357 0.504352
0.449375 0.565135 0.391577
0.428607 0.578365 0.499312
0.384578 0.522994 0.477082
0.410197 0.574582 0.534664
0.409106 0.512978 0.466047
0.565295 0.579969 0.528587
0.53587 0.549736 0.598168
0.394537 0.561777 0.488671
0.473013 0.568487 0.490997
0.426916 0.483763 0.53672
0.396124 0.508288 0.475677
0.522601 0.569843 0.426397
0.428613 0.546928 0.549156
0.58921 0.561704 0.515614
0.550734 0.565278 0.415518
0.601694 0.51487 0.49573
0.596565 0.553312 0.507777
0.587108 0.560606 0.499901
0.473312 0.547328 0.382697
0.601869 0.479782 0.488181
0.589558 0.503503 0.466891
0.445957 0.47938 0.446236
0.4954 0.528963 0.607738
0.594463 0.461316 0.511541
0.398455 0.56605 0.458576
0.604232 0.533393 0.509694
0.556522 0.576989 0.537342
0.602272 0.477533 0.471984
0.504813 0.556483 0.38772
0.431192 0.573485 0.533989
0.593587 0.555186 0.476084
0.529022 0.521086 0.39464
0.416705 0.571981 0.507074
0.423451 0.552017 0.545965
0.570769 0.569669 0.506203
0.41441 0.506954 0.532664
0.511081 0.566852 0.470342
0.462148 0.567575 0.485405
0.528706 0.567731 0.467283
0.426833 0.573114 0.532224
0.534446 0.568994 0.47113
0.601733 0.511994 0.495308
0.581662 0.452436 0.519349
0.456651 0.520788 0.425349
0.476311 0.568918 0.517267
0.508933 0.556552 0.398466
0.400641 0.527667 0.472653
0.41511 0.539766 0.456252
0.423985 0.519526 0.538323
0.4462 0.552719 0.410552
0.449688 0.494357 0.443511
0.594828 0.495983 0.50689
0.477703 0.553448 0.464223
0.529502 0.571115 0.555031
0.459406 0.558173 0.474182
0.578844 0.518071 0.460835
0.398636 0.527689 0.516285
0.491871 0.519708 0.602309
0.495266 0.449179 0.601582
0.542011 0.560214 0.463559
0.442677 0.51475 0.549439
0.520658 0.543345 0.393324
0.426666 0.56181 0.535506
0.525911 0.534757 0.590262
0.505582 0.560553 0.443139
0.520591 0.562208 0.437813
0.580694 0.554104 0.50163
0.546483 0.575173 0.527714
0.477626 0.477295 0.594349
0.607325 0.4576 0.476704
0.479712 0.465093 0.598968
0.590106 0.540305 0.52949
0.401686 0.462212 0.47722
0.415143 0.521093 0.5337
0.398495 0.468616 0.509114
0.450176 0.432576 0.557487
0.502889 0.531558 0.394472
0.505136 0.56686 0.560132
0.485362 0.554738 0.458712
0.414761 0.54476 0.525711
0.479275 0.562173 0.542134
0.594308 0.472618 0.49144
0.405603 0.539922 0.471529
0.536212 0.543037 0.404336
0.424634 0.470438 0.531861
0.536653 0.565857 0.548848
0.50334 0.513287 0.591317
0.578487 0.459305 0.517905
0.400143 0.471418 0.482471
0.492315 0.494368 0.596105
0.489611 0.5381 0.585626
0.534542 0.511552 0.567905
0.44808 0.555063 0.423013
0.560769 0.54705 0.54439
0.497852 0.501857 0.406066
0.481896 0.466049 0.404254
0.401265 0.490074 0.487857
0.452007 0.556004 0.543887
0.555377 0.55268 0.547816
0.480079 0.555674 0.490997
0.512224 0.559868 0.48939
0.539575 0.383094 0.56103
0.571668 0.553713 0.53078
0.526844 0.552432 0.409303
0.431749 0.555188 0.465167
0.577963 0.535467 0.530327
0.574115 0.544676 0.480623
0.534392 0.564882 0.501782
0.491269 0.466422 0.406689
0.537293 0.501895 0.427195
0.49123 0.474172 0.597858
0.591259 0.52034 0.472869
0.47557 0.555391 0.561319
0.455272 0.44843 0.432449
0.553473 0.370274 0.550175
0.417392 0.535233 0.519299
0.527124 0.516712 0.410342
0.576533 0.521502 0.468649
0.531593 0.541632 0.565087
0.510429 0.464304 0.415771
0.426098 0.426432 0.53205
0.539416 0.550812 0.550943
0.508018 0.479151 0.414871
0.569484 0.515635 0.46326
0.471056 0.556871 0.516814
0.505 0.550546 0.554352
0.451791 0.501284 0.44483
0.493998 0.498775 0.589486
0.428484 0.528575 0.45695
0.521905 0.550061 0.480789
0.439057 0.36779 0.561487
0.576233 0.490881 0.518168
0.471961 0.542502 0.4127
0.534542 0.544731 0.422329
0.518423 0.545398 0.46011
0.449516 0.554356 0.523257
0.434116 0.514865 0.537653
0.482897 0.471586 0.408457
0.452899 0.541558 0.462036
0.472494 0.541558 0.448929
0.495756 0.462401 0.412163
0.520698 0.545521 0.419323
0.404721 0.418483 0.501952
0.573707 0.353188 0.435876
0.407849 0.494018 0.511541
0.423374 0.359308 0.433296
0.503372 0.483502 0.413503
0.592792 0.434618 0.474377
0.515699 0.545998 0.43864
0.529 0.564553 0.528504
0.487304 0.48787 0.592637
0.426323 0.520689 0.46721
0.533113 0.527341 0.424885
0.457527 0.538434 0.49377
0.53266 0.516409 0.561256
0.472162 0.39481 0.598315
0.583116 0.386254 0.524153
0.416263 0.51166 0.475439
0.442705 0.425662 0.546814
0.575873 0.515243 0.486424
0.58907 0.404895 0.496356
0.486957 0.433853 0.599011
0.423622 0.529362 0.492649
0.470043 0.543825 0.502483
0.469068 0.539563 0.546784
0.596082 0.435759 0.481782
0.428465 0.375347 0.434118
0.514279 0.534752 0.464623
0.457919 0.540221 0.537614
0.480201 0.523721 0.57257
0.412416 0.502804 0.48862
0.595717 0.398032 0.48247
0.466502 0.382687 0.592922
0.532051 0.545602 0.546856
0.452562 0.536596 0.490669
0.482002 0.460434 0.591892
0.509221 0.536567 0.480351
0.47984 0.549023 0.53058
0.498824 0.378917 0.59775
0.525465 0.472927 0.570679
0.508174 0.535443 0.478944
0.542867 0.533257 0.458548
0.596242 0.424949 0.48279
0.561076 0.527042 0.497863
0.491173 0.431103 0.597023
0.472133 0.449452 0.58062
0.574758 0.508723 0.493625
0.439638 0.49634 0.462494
0.469203 0.340988 0.60113
0.448796 0.33543 0.58374
0.572837 0.468127 0.513591
0.45902 0.531114 0.533723
0.563994 0.404418 0.531268
0.436244 0.52095 0.474275
0.439886 0.509582 0.462932
0.521441 0.496369 0.427885
0.523831 0.507059 0.428873
0.506069 0.542344 0.516324
0.510586 0.434356 0.420975
0.542309 0.537628 0.529138
0.435741 0.477931 0.534084
0.516103 0.521397 0.5605
0.439505 0.491155 0.53594
0.520785 0.511327 0.56734
0.544544 0.515974 0.460794
0.439863 0.445371 0.539121
0.554516 0.511146 0.530001
0.536978 0.535845 0.505374
0.457743 0.525463 0.495744
0.504059 0.462694 0.580967
0.485849 0.413027 0.600846
0.568179 0.47244 0.469164
0.441868 0.471828 0.539234
0.570201 0.471218 0.516304
0.587525 0.424585 0.491346
0.491407 0.506128 0.570199
0.552273 0.523939 0.529629
0.424486 0.487715 0.47327
0.444765 0.526488 0.508807
0.589808 0.392616 0.488361
0.528827 0.41527 0.426671
0.460059 0.497348 0.445262
0.545757 0.522254 0.47305
0.45281 0.479091 0.544577
0.463884 0.44384 0.428318
0.507339 0.509579 0.461966
0.582993 0.415412 0.515147
0.55571 0.50065 0.5184
0.546393 0.403999 0.541991
0.514693 0.434771 0.575175
0.506158 0.429376 0.422325
0.527894 0.512034 0.466494
0.471815 0.410047 0.409916
0.484958 0.494338 0.567613
0.537401 0.509534 0.48261
0.517415 0.510232 0.473931
0.448904 0.504752 0.472775
0.586278 0.381285 0.501304
0.458704 0.426207 0.562075
0.466138 0.502715 0.485164
0.524163 0.489656 0.563343
0.545318 0.505939 0.488839
0.474948 0.517506 0.544798
0.488606 0.508225 0.442024
0.473981 0.522336 0.535956
0.575318 0.453053 0.495893
0.478868 0.447538 0.415787
0.553678 0.477445 0.527995
0.429256 0.468709 0.470504
0.531754 0.501689 0.453451
0.496341 0.465114 0.57618
0.450408 0.518487 0.524699
0.44195 0.504771 0.494465
0.562313 0.489205 0.496123
0.513428 0.473217 0.572661
0.555065 0.491549 0.525186
0.532879 0.52927 0.535891
0.55069 0.501665 0.489769
0.47309 0.439423 0.579562
0.432464 0.466816 0.489002
0.457901 0.466016 0.449291
0.412564 0.37649 0.505683
0.592928 0.349911 0.51584
0.471344 0.506393 0.513884
0.534748 0.395325 0.55546
0.422711 0.438307 0.492374
0.446286 0.395423 0.554365
0.527619 0.50592 0.498292
0.551007 0.336093 0.563586
0.46392 0.309957 0.598229
0.541588 0.484044 0.535046
0.492684 0.417174 0.41822
0.489654 0.45087 0.575651
0.466087 0.490323 0.491698
0.455832 0.327131 0.589654
0.417418 0.329557 0.429888
0.521947 0.494563 0.479248
0.49041 0.356369 0.401133
0.565497 0.435352 0.521114
0.457641 0.383351 0.573015
0.487085 0.426981 0.586478
0.457923 0.478417 0.455817
0.473288 0.492756 0.452788
0.543693 0.492482 0.480168
0.429799 0.474793 0.513818
0.50792 0.519357 0.533678
0.407805 0.373196 0.470802
0.410324 0.374425 0.49622
0.527357 0.496176 0.466926
0.503058 0.484009 0.561207
0.425554 0.366499 0.438333
0.507205 0.333931 0.59515
0.502615 0.492709 0.470546
0.4814 0.504773 0.542244
0.532136 0.495773 0.492255
0.433299 0.451973 0.481588
0.522218 0.342408 0.588166
0.534442 0.394763 0.427488
0.43211 0.446402 0.520949
0.47729 0.472859 0.472732
0.525225 0.380951 0.570256
0.446102 0.469731 0.49965
0.453569 0.463836 0.461153
0.494146 0.47671 0.456174
0.508024 0.498927 0.511042
0.482412 0.49502 0.534573
0.457803 0.470343 0.472656
0.557844 0.407872 0.453222
0.4685 0.402972 0.578424
0.581771 0.289808 0.556654
0.460857 0.483982 0.534861
0.428739 0.439668 0.495672
0.457735 0.398874 0.565037
0.461937 0.355851 0.408467
0.49721 0.408496 0.420101
0.545245 0.418425 0.448297
0.498619 0.473252 0.490951
0.425881 0.436768 0.483771
0.484129 0.496547 0.53289
0.471009 0.492727 0.517806
0.51592 0.330633 0.594351
0.417237 0.375377 0.518572
0.48923 0.490411 0.540611
0.528947 0.483305 0.497168
0.578788 0.395436 0.495043
0.59038 0.351583 0.51186
0.465218 0.470551 0.477288
0.533382 0.344379 0.576481
0.584318 0.373039 0.482385
0.48443 0.368227 0.596472
0.510672 0.475271 0.474077
0.454416 0.321856 0.586238
0.530551 0.368919 0.416989
0.457847 0.449713 0.480843
0.444414 0.448258 0.526624
0.585874 0.361183 0.46997
0.518624 0.362016 0.580409
0.51323 0.384073 0.41675
0.518376 0.362977 0.409706
0.497275 0.449665 0.486983
0.442087 0.441387 0.493009
0.468413 0.396373 0.576239
0.470295 0.477977 0.529984
0.532972 0.414741 0.545782
0.477868 0.451214 0.484993
0.47945 0.458783 0.552939
0.47047 0.435892 0.561005
0.539875 0.414156 0.444364
0.424556 0.409269 0.488539
0.576546 0.38736 0.505196
0.428976 0.368546 0.440129
0.505139 0.445361 0.554743
0.508634 0.493006 0.524913
0.488735 0.329674 0.399149
0.486273 0.437999 0.566622
0.4664 0.443179 0.442576
0.534507 0.452738 0.486638
0.565138 0.408767 0.462676
0.590491 0.295121 0.437551
0.493279 0.453571 0.473635
0.476841 0.456891 0.463077
0.512367 0.311901 0.597167
0.535381 0.477641 0.515207
0.516653 0.463108 0.462307
0.545139 0.35625 0.421199
0.591929 0.322076 0.461418
0.439989 0.36007 0.556289
0.442393 0.433089 0.506372
0.530283 0.411536 0.439143
0.531482 0.459248 0.527691
0.456517 0.43967 0.533256
0.491026 0.435413 0.44721
0.511952 0.33876 0.587198
0.423041 0.384632 0.509016
0.446153 0.368199 0.557169
0.499122 0.468858 0.520571
0.55618 0.428469 0.483315
0.421236 0.317422 0.42383
0.47557 0.316595 0.395968
0.525045 0.460009 0.505971
0.495018 0.337509 0.588532
0.529184 0.465729 0.516458
0.470292 0.359558 0.584192
0.49604 0.443482 0.544884
0.422082 0.26801 0.591529
0.508487 0.438583 0.45349
0.510844 0.421181 0.436414
0.465792 0.440651 0.495608
0.511383 0.424527 0.552167
0.542803 0.442549 0.51901
0.479044 0.326822 0.5925
0.46084 0.435715 0.54017
0.529436 0.419225 0.543003
0.530839 0.465934 0.521183
0.500213 0.450252 0.501049
0.465463 0.432198 0.44622
0.556098 0.364428 0.433431
0.478322 0.438965 0.456568
0.451383 0.3777 0.558827
0.494063 0.450151 0.502912
0.52504 0.465495 0.532486
0.507794 0.450524 0.499686
0.510087 0.431343 0.48678
0.442112 0.396388 0.447784
0.535963 0.418224 0.456461
0.448341 0.303335 0.401576
0.465731 0.424683 0.540911
0.408073 0.308327 0.442719
0.505647 0.313163 0.591563
0.495041 0.409683 0.435002
0.509219 0.445887 0.529667
0.499419 0.408683 0.555101
0.482853 0.420088 0.452028
0.577906 0.363149 0.466178
0.483634 0.416656 0.475976
0.508916 0.421485 0.458655
0.529107 0.422579 0.49246
0.412705 0.338924 0.487114
0.463574 0.282801 0.593796
0.433582 0.403596 0.482105
0.405227 0.303861 0.495137
0.47301 0.406842 0.562779
0.440341 0.393636 0.448011
0.593124 0.276505 0.444033
0.510513 0.296029 0.596698
0.420585 0.377033 0.475183
0.477476 0.367321 0.413282
0.432877 0.405752 0.475778
0.538906 0.419219 0.459806
0.503116 0.373181 0.418069
0.421888 0.292666 0.572224
0.422738 0.308564 0.419151
0.473463 0.36815 0.579989
0.423852 0.377196 0.499099
0.502847 0.372094 0.417634
0.474873 0.407724 0.564067
0.507013 0.415731 0.470944
0.449495 0.390541 0.54558
0.418194 0.254178 0.594863
0.444287 0.356819 0.429457
0.464006 0.291768 0.395644
0.585209 0.309074 0.487815
0.484265 0.415049 0.531417
0.42389 0.300359 0.565613
0.499061 0.289831 0.594041
0.516289 0.405399 0.449733
0.524121 0.307708 0.403569
0.475396 0.414659 0.507051
0.426847 0.318755 0.555519
0.422841 0.281553 0.57936
0.55892 0.291674 0.575784
0.582395 0.328172 0.468816
0.498583 0.408762 0.498279
0.520699 0.331867 0.581487
0.482072 0.407308 0.546579
0.467578 0.391196 0.557829
0.493756 0.316129 0.403121
0.413252 0.308008 0.540916
0.563748 0.373983 0.490096
0.535785 0.397663 0.474012
0.546566 0.395029 0.499793
0.40238 0.287875 0.490111
0.490632 0.409437 0.503675
0.534324 0.412328 0.509146
0.4732 0.417685 0.511584
0.405452 0.294473 0.440433
0.496601 0.399563 0.471963
0.529555 0.270476 0.599669
0.499442 0.359876 0.416688
0.502636 0.404121 0.491297
0.562263 0.385626 0.478372
0.495625 0.40436 0.54496
0.582061 0.322055 0.483306
0.44168 0.298425 0.403831
0.573749 0.302325 0.549036
0.445364 0.387158 0.528617
0.464851 0.335921 0.414298
0.487122 0.383375 0.549905
0.489098 0.394644 0.532102
0.509756 0.360589 0.561542
0.493153 0.272343 0.594519
0.410473 0.30226 0.536024
0.441794 0.340326 0.555943
0.475602 0.394192 0.542329
0.524606 0.386036 0.538456
0.575058 0.303277 0.43509
0.583019 0.310736 0.466734
0.550422 0.281337 0.404355
0.514255 0.299968 0.403896
0.417505 0.324464 0.530158
0.480517 0.364783 0.570728
0.581833 0.313102 0.48597
0.49294 0.398617 0.516334
0.541814 0.37595 0.478205
0.482092 0.392093 0.498715
0.481561 0.295433 0.398045
0.553721 0.371256 0.520627
0.471846 0.37388 0.425759
0.486691 0.395041 0.530085
0.526712 0.379634 0.433799
0.468818 0.281988 0.589797
0.567636 0.351723 0.506432
0.595405 0.263529 0.533976
0.498513 0.349773 0.571163
0.586115 0.260454 0.565014
0.456461 0.388464 0.538376
0.456921 0.403938 0.517142
0.466604 0.296465 0.39897
0.549837 0.314182 0.41852
0.544981 0.382619 0.465297
0.489901 0.385442 0.481946
0.435494 0.366063 0.471032
0.46232 0.363743 0.432149
0.56771 0.288419 0.421086
0.494185 0.377334 0.533722
0.439099 0.357175 0.536275
0.48676 0.257167 0.595014
0.498805 0.370542 0.463325
0.512471 0.389753 0.524234
0.468824 0.310817 0.578926
0.470045 0.384955 0.526644
0.543407 0.364096 0.464017
0.59364 0.269977 0.517458
0.530801 0.37376 0.530701
0.548736 0.362305 0.502081
0.487909 0.378125 0.514635
0.475412 0.301287 0.58251
0.510891 0.304861 0.408615
0.482502 0.358969 0.423901
0.481183 0.261344 0.592988
0.580269 0.308455 0.500901
0.433591 0.358103 0.527798
0.553992 0.304868 0.564927
0.516614 0.355537 0.555652
0.481315 0.354912 0.565058
0.512021 0.372572 0.538908
0.475428 0.377474 0.474741
0.527868 0.314671 0.41245
0.504662 0.363975 0.428082
0.47347 0.377599 0.53966
0.489064 0.376827 0.533258
0.575276 0.250494 0.402738
0.510552 0.33352 0.573293
0.426544 0.35085 0.471751
0.522214 0.380801 0.531015
0.473926 0.382624 0.514645
0.567785 0.253799 0.589136
0.441714 0.253447 0.594842
0.477567 0.365521 0.522147
0.503784 0.355736 0.45865
0.526492 0.35824 0.495835
0.433548 0.346809 0.480076
0.485789 0.246231 0.596543
0.564458 0.334285 0.470491
0.587795 0.27653 0.528854
0.588291 0.233111 0.40574
0.482046 0.305053 0.408713
0.488569 0.360528 0.449309
0.568779 0.277018 0.417628
0.522804 0.343997 0.473605
0.416843 0.309891 0.503249
0.408692 0.269218 0.558737
0.510583 0.356854 0.436244
0.492019 0.365023 0.520112
0.491211 0.2976 0.407623
0.498318 0.332461 0.565809
0.444639 0.307821 0.415623
0.416843 0.305249 0.534211
0.40421 0.280552 0.514893
0.543976 0.324759 0.553913
0.515707 0.346855 0.470858
0.566445 0.298103 0.429826
0.489384 0.360332 0.451108
0.585463 0.279325 0.457759
0.460188 0.363332 0.451322
0.42635 0.289872 0.566334
0.594272 0.254651 0.507811
0.470581 0.364169 0.466608
0.469056 0.300246 0.578507
0.559883 0.340399 0.513701
0.536847 0.357174 0.502385
0.43541 0.348883 0.490077
0.530493 0.366227 0.513454
0.439215 0.279628 0.57863
0.581324 0.287156 0.490273
0.462207 0.341703 0.543181
0.55875 0.326209 0.487068
0.446924 0.323829 0.427979
0.475697 0.251484 0.394216
0.586851 0.273626 0.483628
0.414218 0.264826 0.414209
0.543229 0.32995 0.541509
0.413533 0.294574 0.525519
0.510648 0.266026 0.590737
0.478721 0.348664 0.523222
0.593817 0.254241 0.491183
0.578136 0.294316 0.51289
0.533976 0.335441 0.458187
0.520508 0.257113 0.594676
0.502436 0.273463 0.405704
0.595492 0.243549 0.512526
0.461503 0.318689 0.563665
0.573293 0.308922 0.479692
0.543189 0.258223 0.592906
0.438942 0.336308 0.447508
0.529774 0.251566 0.395873
0.514611 0.325625 0.563373
0.492204 0.343157 0.472776
0.59897 0.235187 0.518385
0.484541 0.347456 0.456174
0.52406 0.350393 0.527972
0.541184 0.322338 0.551948
0.444683 0.329235 0.547121
0.542087 0.333785 0.454094
0.515498 0.33653 0.429497
0.397438 0.243997 0.507111
0.425686 0.325112 0.514247
0.434788 0.339661 0.522836
0.516948 0.338513 0.49193
0.43547 0.324224 0.454033
0.488083 0.323484 0.427995
0.508177 0.287847 0.5779
0.580401 0.281465 0.475998
0.5301 0.254747 0.592607
0.474589 0.244644 0.395596
0.510368 0.270834 0.5847
0.541232 0.329969 0.511545
0.51962 0.319457 0.464473
0.428903 0.312478 0.483583
0.594439 0.247186 0.483522
0.555916 0.289825 0.563315
0.478366 0.319457 0.554936
0.500048 0.291619 0.415707
0.601739 0.216361 0.582521
0.542232 0.329626 0.511567
0.594441 0.237567 0.557892
0.502362 0.328077 0.502665
0.474192 0.335574 0.447911
0.399174 0.240634 0.522371
0.546759 0.320243 0.491129
0.459514 0.334601 0.51074
0.461563 0.334323 0.498835
0.53523 0.29332 0.418005
0.410984 0.254309 0.413444
0.505595 0.329527 0.507561
0.408665 0.245512 0.575399
0.501886 0.327206 0.538828
0.521173 0.284236 0.581472
0.593455 0.247124 0.45064
0.483156 0.26361 0.586172
0.490374 0.328054 0.432993
0.472997 0.33546 0.446768
0.522112 0.269048 0.406253
0.511242 0.333432 0.515955
0.404178 0.24851 0.558693
0.437556 0.268684 0.576913
0.503234 0.31951 0.522692
0.449329 0.290451 0.419029
0.414666 0.275919 0.437162
0.536163 0.315491 0.508185
0.47277 0.238658 0.396876
0.593155 0.223873 0.580877
0.415174 0.278394 0.518979
0.453152 0.319061 0.489868
0.452112 0.288601 0.567651
0.528931 0.304196 0.468149
0.546815 0.305945 0.458246
0.465474 0.319435 0.488728
0.560958 0.274373 0.422068
0.512915 0.307459 0.429538
0.585535 0.239177 0.573035
0.568769 0.2926 0.483246
0.518261 0.30309 0.487696
0.490662 0.272345 0.41152
0.46087 0.319084 0.439497
0.535704 0.310273 0.496657
0.494609 0.312786 0.465966
0.487304 0.315053 0.501946
0.584739 0.260874 0.525874
0.471467 0.319194 0.485929
0.524612 0.30497 0.487675
0.456394 0.262925 0.405227
0.455991 0.304413 0.552347
0.485864 0.25043 0.40247
0.495088 0.277391 0.414098
0.564988 0.293653 0.455065
0.434363 0.311876 0.454329
0.403311 0.246604 0.505501
0.533414 0.271268 0.58184
0.486463 0.314198 0.491017
0.565024 0.297036 0.494109
0.430303 0.293969 0.501208
0.517815 0.275072 0.418414
0.574876 0.274696 0.474671
0.45457 0.229625 0.395587
0.536512 0.295205 0.437317
0.470946 0.232359 0.397971
0.463512 0.245573 0.588994
0.486978 0.300636 0.536281
0.579461 0.261249 0.514663
0.475611 0.306548 0.456556
0.473301 0.306835 0.457352
0.524678 0.304931 0.537166
0.438557 0.28809 0.425666
0.42658 0.271594 0.421833
0.445449 0.302269 0.480832
0.42153 0.278976 0.436161
0.530112 0.226123 0.595587
0.535991 0.287761 0.476045
0.513456 0.244134 0.587221
0.503777 0.297678 0.5501
0.526122 0.299761 0.502343
0.521812 0.271177 0.416424
0.512159 0.301324 0.508066
0.412848 0.267444 0.450161
0.50799 0.284601 0.567807
0.544539 0.291673 0.471929
0.499327 0.302126 0.442205
0.404691 0.230811 0.574846
0.449145 0.305418 0.439193
0.408754 0.210531 0.597989
0.447636 0.304323 0.507302
0.577851 0.267704 0.462515
0.538175 0.261639 0.581586
0.552082 0.29451 0.538782
0.455319 0.306413 0.4706
0.518266 0.274772 0.418244
0.431792 0.286244 0.440399
0.539181 0.287695 0.512344
0.495208 0.28911 0.511597
0.487141 0.275419 0.564482
0.53641 0.278721 0.564203
0.469027 0.226003 0.398592
0.525678 0.233885 0.589652
0.557307 0.277878 0.547254
0.496505 0.288164 0.537141
0.489414 0.286642 0.539731
0.401088 0.235 0.446363
0.510478 0.272257 0.422957
0.418551 0.252869 0.559793
0.484151 0.261568 0.417421
0.565081 0.275249 0.525425
0.465676 0.288931 0.488262
0.504894 0.285437 0.501653
0.551779 0.280857 0.463086
0.536932 0.287671 0.547486
0.571403 0.269664 0.466476
0.516503 0.290491 0.509075
0.563864 0.257064 0.569705
0.540798 0.288378 0.515685
0.454426 0.277581 0.559107
0.569587 0.268807 0.442094
0.563889 0.275706 0.452982
0.554496 0.278145 0.482644
0.544693 0.233089 0.590791
0.396167 0.21642 0.468486
0.507923 0.269182 0.571148
0.520011 0.249696 0.582602
0.518446 0.276056 0.46536
0.485664 0.288524 0.439076
0.576125 0.257415 0.515638
0.410061 0.253413 0.444223
0.484292 0.284476 0.546598
0.4349 0.263145 0.558727
0.537667 0.27792 0.527395
0.598194 0.206631 0.585531
0.495072 0.260268 0.570376
0.454539 0.27443 0.543268
0.459365 0.226395 0.401213
0.412016 0.237667 0.491609
0.452956 0.276103 0.509496
0.497845 0.237082 0.583606
0.413481 0.24011 0.518301
0.582732 0.239044 0.489199
0.524992 0.268439 0.493974
0.60256 0.200816 0.503843
0.512618 0.281092 0.526399
0.431234 0.269299 0.492581
0.464087 0.274416 0.504587
0.439754 0.276398 0.431696
0.535166 0.256974 0.57419
0.487752 0.268678 0.467167
0.479522 0.272545 0.465179
0.466571 0.279685 0.448581
0.576072 0.219771 0.402814
0.403403 0.229275 0.448757
0.452257 0.212649 0.594706
0.554122 0.269155 0.551742
0.569267 0.258984 0.52697
0.51333 0.250247 0.577037
0.461857 0.277712 0.46734
0.560065 0.268366 0.444377
0.404723 0.224229 0.523532
0.4695 0.270392 0.427377
0.394677 0.205844 0.513844
0.455608 0.275905 0.494301
0.541398 0.272875 0.447046
0.532644 0.270736 0.498949
0.592323 0.226623 0.463662
0.429217 0.255481 0.487083
0.56119 0.245792 0.423152
0.51097 0.251779 0.424305
0.535164 0.265923 0.528536
0.460067 0.262773 0.472245
0.456992 0.219465 0.401485
0.490715 0.25378 0.493705
0.518316 0.269498 0.527685
0.427583 0.214552 0.396565
0.436763 0.230861 0.40672
0.519278 0.244555 0.473894
0.505029 0.218147 0.588363
0.577658 0.241971 0.438473
0.583642 0.227403 0.528139
0.555865 0.259565 0.543928
0.492911 0.244005 0.575443
0.410788 0.231144 0.548263
0.557354 0.257277 0.552766
0.504574 0.259114 0.43155
0.527231 0.233387 0.581821
0.455737 0.267314 0.456351
0.414781 0.234233 0.561923
0.437165 0.267161 0.456027
0.48775 0.254573 0.499313
0.404957 0.219476 0.427636
0.592444 0.211168 0.509418
0.569811 0.219174 0.40318
0.396548 0.203303 0.480921
0.520633 0.244839 0.473057
0.516392 0.257033 0.496539
0.55251 0.256448 0.499258
0.538061 0.26506 0.52231
0.599787 0.209327 0.568732
0.557615 0.235255 0.413163
0.505767 0.248377 0.473405
0.548416 0.210243 0.594372
0.430158 0.224474 0.40909
0.563835 0.247087 0.439306
0.399795 0.203071 0.489972
0.547371 0.250616 0.532343
0.572605 0.239716 0.464773
0.446235 0.218569 0.404374
0.578459 0.20884 0.40324
0.405618 0.210243 0.490436
0.425313 0.246223 0.438262
0.567777 0.201899 0.595511
0.481905 0.240555 0.508884
0.517123 0.246293 0.452404
0.556268 0.219876 0.583563
0.403224 0.208731 0.431767
0.422643 0.236014 0.511746
0.498023 0.198269 0.595986
0.553974 0.242348 0.476265
0.555138 0.245596 0.467707
0.446857 0.250369 0.554435
0.438582 0.210717 0.588098
0.619596 0.179778 0.612091
0.416306 0.191432 0.606365
0.504215 0.20248 0.593258
0.480931 0.245228 0.529234
0.610978 0.19338 0.550026
0.603828 0.187474 0.605754
0.538437 0.245463 0.499619
0.506538 0.241174 0.570918
0.473721 0.250109 0.442285
0.400359 0.203622 0.455565
0.487743 0.248384 0.553948
0.424513 0.220395 0.578825
0.558634 0.2349 0.419839
0.527188 0.253857 0.546919
0.415292 0.227059 0.531604
0.441646 0.250424 0.495418
0.430875 0.236336 0.533253
0.567727 0.234371 0.456262
0.49556 0.236784 0.561446
0.561319 0.234797 0.536347
0.472661 0.237504 0.445965
0.434766 0.215132 0.406629
0.460521 0.235769 0.516016
0.504501 0.233331 0.455346
0.424312 0.22694 0.47506
0.48296 0.219707 0.577398
0.446751 0.238976 0.555625
0.522435 0.242731 0.525717
0.533052 0.240782 0.523726
0.436867 0.23908 0.54053
0.503973 0.225559 0.48279
0.499447 0.201081 0.39925
0.479095 0.191869 0.391161
0.539551 0.215672 0.581812
0.597367 0.197117 0.471807
0.54989 0.196832 0.596798
0.541419 0.239573 0.530639
0.425002 0.22973 0.42653
0.578248 0.216383 0.518242
0.476803 0.229401 0.569746
0.598502 0.198755 0.458223
0.605689 0.189129 0.470438
0.505935 0.185655 0.60238
0.414183 0.216995 0.442789
0.427387 0.219833 0.413634
0.497003 0.213952 0.412399
0.428648 0.205251 0.397681
0.503678 0.221404 0.418515
0.529452 0.22275 0.478824
0.51001 0.22487 0.474631
0.538308 0.194159 0.598221
0.540991 0.213358 0.407188
0.428392 0.224224 0.521521
0.46502 0.206348 0.410781
0.453 0.230976 0.438889
0.598216 0.191623 0.525752
0.47924 0.183963 0.385894
0.422093 0.205074 0.407598
0.480313 0.221208 0.530659
0.527171 0.229428 0.529151
0.614035 0.181999 0.415623
0.410736 0.202718 0.490784
0.486388 0.216565 0.484833
0.418943 0.214871 0.433833
0.391983 0.194704 0.539339
0.386784 0.195388 0.557902
0.426044 0.20033 0.586622
0.518703 0.228303 0.563729
0.507404 0.21447 0.483429
0.431169 0.221272 0.477655
0.543463 0.216883 0.475031
0.481138 0.223951 0.447158
0.479677 0.20684 0.57922
0.455153 0.226327 0.541953
0.554335 0.227911 0.554437
0.493761 0.224374 0.445205
0.501056 0.221942 0.513007
0.500467 0.227296 0.54712
0.620682 0.173889 0.381276
0.498404 0.225808 0.535782
0.576102 0.194713 0.394456
0.552201 0.222554 0.463451
0.518772 0.179149 0.607126
0.570714 0.217059 0.4783
0.569175 0.219921 0.46899
0.597441 0.190465 0.490403
0.537992 0.224871 0.42967
0.520361 0.185656 0.600472
0.42728 0.21376 0.451228
0.485884 0.207872 0.510226
0.597309 0.185583 0.490825
0.413365 0.197172 0.485268
0.482012 0.209145 0.523316
0.417802 0.195782 0.405062
0.557698 0.213747 0.536121
0.381211 0.184179 0.547979
0.526693 0.212731 0.448089
0.435538 0.190924 0.590595
0.412695 0.19628 0.473616
0.391834 0.187799 0.529558
0.598966 0.186528 0.46425
0.457845 0.213651 0.554862
0.558914 0.209088 0.420927
0.565464 0.197961 0.404376
0.466838 0.179234 0.38246
0.450622 0.215611 0.461634
0.569327 0.213889 0.437425
0.539488 0.213183 0.568293
0.468663 0.189181 0.588225
0.497419 0.206454 0.492088
0.594672 0.194865 0.56638
0.530693 0.211163 0.571953
0.563223 0.184218 0.603653
0.522401 0.217429 0.52565
0.442167 0.21991 0.432022
0.444544 0.214492 0.553903
0.525739 0.213525 0.431916
0.447731 0.219014 0.432729
0.617169 0.175386 0.450299
0.505319 0.204724 0.485462
0.49533 0.213587 0.535966
0.61746 0.174869 0.452327
0.503683 0.187883 0.394768
0.479704 0.207445 0.516519
0.425227 0.187199 0.588855
0.483096 0.198986 0.528694
0.47126 0.199735 0.562994
0.42189 0.195468 0.489154
0.614102 0.172348 0.514883
0.401212 0.185073 0.403327
0.431199 0.207931 0.439445
0.489123 0.197121 0.501687
0.529803 0.195153 0.488839
0.575746 0.197115 0.567744
0.609507 0.175379 0.520359
0.393419 0.17304 0.622563
0.575461 0.185811 0.3952
0.491582 0.200262 0.452417
0.405543 0.172797 0.621416
0.568693 0.200647 0.42513
0.388778 0.182023 0.532362
0.437243 0.187562 0.586606
0.496127 0.198555 0.571393
0.438748 0.19416 0.576811
0.400688 0.185937 0.517414
0.501617 0.202789 0.533258
0.438731 0.201708 0.48675
0.532974 0.172215 0.61245
0.546926 0.200188 0.506425
0.530604 0.17915 0.385357
0.401856 0.189388 0.536662
0.564793 0.200358 0.422752
0.478479 0.182571 0.393919
0.555614 0.170501 0.619403
0.54244 0.201822 0.515223
0.600453 0.184068 0.543814
0.455551 0.171442 0.610206
0.58732 0.175798 0.611663
0.409408 0.188852 0.460365
0.592312 0.185773 0.417642
0.424696 0.187232 0.575943
0.620052 0.165653 0.488011
0.419782 0.190163 0.432469
0.455036 0.189402 0.473708
0.377526 0.169992 0.450104
0.380785 0.174312 0.402027
0.454639 0.19317 0.452192
0.517174 0.181057 0.588064
0.486469 0.189944 0.428337
0.502599 0.185303 0.480697
0.413943 0.18633 0.440345
0.51793 0.190961 0.512555
0.419962 0.183595 0.405638
0.4437 0.193051 0.459026
0.569872 0.187616 0.487474
0.602228 0.173647 0.603664
0.411575 0.177928 0.38696
0.555729 0.187548 0.475272
0.441592 0.187317 0.57511
0.599873 0.17706 0.412818
0.566499 0.1925 0.563838
0.535244 0.192384 0.431843
0.412513 0.185617 0.527587
0.552467 0.187056 0.476131
0.449545 0.189513 0.56904
0.426418 0.188399 0.47212
0.508861 0.193493 0.548162
0.424584 0.191118 0.522589
0.393443 0.166989 0.62917
0.613179 0.173036 0.429672
0.404394 0.180881 0.500129
0.419649 0.171475 0.615928
0.49826 0.173003 0.598715
0.437339 0.174876 0.382969
0.405876 0.181754 0.513026
0.569391 0.177042 0.382842
0.420075 0.177974 0.48152
0.622456 0.162435 0.508512
0.527496 0.180748 0.50976
0.46441 0.179487 0.47673
0.514093 0.181409 0.438016
0.627485 0.16329 0.403332
0.559737 0.178035 0.584286
0.377556 0.170323 0.550054
0.488295 0.178918 0.47138
0.403916 0.17509 0.452343
0.62067 0.162835 0.487045
0.530808 0.170159 0.602352
0.389785 0.175828 0.582386
0.477805 0.171752 0.58668
0.410682 0.177355 0.447189
0.607065 0.164414 0.368449
0.579667 0.17918 0.544916
0.545349 0.16631 0.615439
0.614686 0.164926 0.476971
0.485553 0.179207 0.42034
0.501837 0.178129 0.490825
0.549494 0.17833 0.47311
0.491733 0.181077 0.445292
0.545749 0.18062 0.510453
0.431039 0.181041 0.4688
0.428977 0.181317 0.571641
0.472732 0.179257 0.418568
0.559696 0.167579 0.372097
0.599524 0.172094 0.59083
0.475861 0.165982 0.375541
0.580089 0.180624 0.568285
0.522277 0.180913 0.427906
0.456409 0.182755 0.424768
0.404409 0.177419 0.54528
0.550228 0.1779 0.584172
0.439964 0.182865 0.519519
0.417707 0.171169 0.464606
0.504531 0.17088 0.460498
0.470726 0.155894 0.627404
0.498681 0.171303 0.457639
0.528764 0.156188 0.632778
0.615372 0.164073 0.406544
0.593052 0.165211 0.608391
0.406867 0.164871 0.375618
0.438567 0.170629 0.404772
0.576892 0.164546 0.614309
0.406473 0.168227 0.39959
0.399823 0.168033 0.492943
0.478 0.163611 0.596573
0.425116 0.167277 0.601298
0.576867 0.173884 0.565775
0.367691 0.163744 0.567339
0.613518 0.164501 0.393443
0.412915 0.169971 0.490383
0.550538 0.16996 0.480516
0.399696 0.167973 0.494848
0.421933 0.172841 0.541165
0.58936 0.162948 0.620679
0.465786 0.171147 0.485312
0.572351 0.160716 0.627111
0.575546 0.171678 0.534746
0.570381 0.171961 0.410027
0.591872 0.169282 0.42657
0.404411 0.16877 0.486775
0.515263 0.172478 0.576746
0.535022 0.173111 0.43495
0.431003 0.1741 0.553501
0.594065 0.165786 0.493972
0.499883 0.169173 0.406915
0.502358 0.173761 0.565304
0.555376 0.167759 0.38523
0.408548 0.169322 0.490326
0.410893 0.15714 0.632362
0.503728 0.162812 0.479481
0.596765 0.161552 0.443296
0.510283 0.163285 0.460013
0.401494 0.159548 0.620499
0.604502 0.160872 0.408178
0.440026 0.164264 0.489045
0.528168 0.161278 0.597191
0.437875 0.165803 0.450574
0.472025 0.161049 0.588524
0.632895 0.155351 0.448478
0.407431 0.162979 0.590138
0.451309 0.163174 0.522107
0.465945 0.163862 0.477276
0.404478 0.162226 0.527164
0.363404 0.158006 0.595718
0.526106 0.166112 0.564852
0.392726 0.158549 0.365916
0.466997 0.156643 0.366338
0.541883 0.163795 0.503964
0.61672 0.158209 0.45738
0.601546 0.160982 0.397022
0.552804 0.162346 0.390848
0.568077 0.163449 0.396692
0.562731 0.16573 0.42335
0.577393 0.163276 0.515181
0.553152 0.165796 0.54904
0.548073 0.162036 0.59667
0.459903 0.163396 0.54157
0.386969 0.160028 0.371479
0.626864 0.15578 0.637977
0.437051 0.165305 0.560489
0.454451 0.163995 0.479875
0.468453 0.163952 0.474289
0.444851 0.165063 0.460764
0.53704 0.157701 0.367013
0.409898 0.156345 0.522993
0.502466 0.156174 0.50064
0.448339 0.156448 0.531522
0.523289 0.156095 0.462963
0.554827 0.155593 0.605076
0.594476 0.156068 0.408955
0.561113 0.153927 0.360293
0.371542 0.155307 0.552324
0.435363 0.156952 0.500135
0.36003 0.154212 0.565424
0.588025 0.15572 0.504422
0.414738 0.156805 0.410421
0.421383 0.157625 0.442627
0.507265 0.152575 0.62896
0.501839 0.156179 0.484222
0.360107 0.152919 0.627962
0.436515 0.157265 0.464061
0.376591 0.154392 0.52223
0.377602 0.154921 0.53184
0.412775 0.156522 0.512296
0.541676 0.154068 0.365474
0.618182 0.154159 0.443704
0.360899 0.154701 0.574486
0.565719 0.157532 0.43316
0.549672 0.157384 0.582883
0.587615 0.153391 0.635035
0.511879 0.155818 0.398906
0.418849 0.157678 0.433114
0.397992 0.155796 0.50558
0.516079 0.155653 0.595492
0.543328 0.157069 0.431964
0.551752 0.152497 0.637231
0.402702 0.157061 0.560595
0.426687 0.15462 0.372699
0.60981 0.154866 0.540796
0.389027 0.155147 0.522085
0.405657 0.15 0.519826
0.393352 0.15 0.561658
0.429214 0.15 0.641824
0.610173 0.15 0.380616
0.410738 0.15 0.441968
0.595708 0.15 0.405748
0.571281 0.15 0.509407
0.375681 0.15 0.43045
0.568625 0.15 0.406691
0.404732 0.15 0.6139
0.60631 0.15 0.630169
0.522976 0.15 0.598564
0.518352 0.15 0.443377
0.492918 0.15 0.487086
0.476292 0.15 0.443359
0.438534 0.15 0.612581
0.515706 0.15 0.568671
0.558325 0.15 0.486921
0.42882 0.15 0.608965
0.534283 0.15 0.46135
0.520312 0.15 0.525191
0.40865 0.15 0.483699
0.572956 0.15 0.440027
0.350311 0.15 0.386732
0.520229 0.15 0.607692
0.482682 0.15 0.591926
0.472556 0.15 0.62268
0.595094 0.15 0.462925
0.594124 0.15 0.576737
0.609276 0.15 0.393379
0.577195 0.15 0.423464
0.423217 0.15 0.363184
0.410784 0.15 0.559873
0.603847 0.15 0.447699
0.390458 0.15 0.484339
0.450684 0.15 0.514232
