3528 0.012625
0.371148 0.456288 0.377421
0.457281 0.451853 0.322086
0.484125 0.360648 0.336044
0.489246 0.370222 0.345955
0.493976 0.424078 0.341062
0.543169 0.449249 0.317608
0.322915 0.463325 0.442596
0.422286 0.485343 0.408702
0.454515 0.356217 0.339605
0.496524 0.242727 0.311783
0.529467 0.395146 0.358761
0.600894 0.489573 0.387676
0.304475 0.434445 0.475372
0.339165 0.316493 0.458921
0.331406 0.430963 0.323348
0.519722 0.506607 0.256416
0.68137 0.392735 0.356073
0.653795 0.315561 0.467286
0.328353 0.408811 0.482792
0.320652 0.277918 0.496531
0.287608 0.5498 0.515362
0.538569 0.611289 0.513496
0.747724 0.440329 0.522924
0.660812 0.203598 0.495434
0.324229 0.454584 0.494348
0.367992 0.434854 0.519846
0.384518 0.356849 0.638933
0.500726 0.403715 0.746581
0.627965 0.344152 0.629694
0.645242 0.290397 0.511855
0.355861 0.468209 0.564517
0.392707 0.508509 0.60931
0.469324 0.403614 0.649364
0.492214 0.239412 0.66761
0.519254 0.297237 0.647509
0.575201 0.498363 0.570291
0.385775 0.502629 0.383954
0.353268 0.471789 0.566017
0.324555 0.22763 0.495501
0.739466 0.467576 0.500466
0.440207 0.347293 0.639243
0.493231 0.389882 0.358248
0.341791 0.494393 0.545216
0.36027 0.471584 0.582935
0.680438 0.419184 0.494997
0.485545 0.303036 0.367747
0.593249 0.464434 0.596677
0.574142 0.460912 0.544715
0.503895 0.254423 0.687399
0.527068 0.593573 0.62631
0.731936 0.387267 0.42352
0.690126 0.426288 0.484434
0.351796 0.371452 0.494336
0.397658 0.464628 0.353694
0.502676 0.277236 0.649811
0.379167 0.509323 0.601414
0.421867 0.498475 0.563412
0.380902 0.35079 0.623534
0.34171 0.435902 0.492012
0.557951 0.349117 0.716576
0.3914 0.454776 0.619903
0.644339 0.408169 0.508039
0.623106 0.504872 0.6611
0.46861 0.360258 0.645835
0.62425 0.47041 0.542373
0.399323 0.613614 0.514745
0.488029 0.305619 0.64722
0.644605 0.428938 0.519455
0.718908 0.507053 0.445144
0.64343 0.46349 0.546533
0.49756 0.252228 0.659538
0.330987 0.459764 0.453388
0.34726 0.501438 0.535292
0.339768 0.308922 0.468491
0.579047 0.405776 0.550899
0.648634 0.357095 0.467768
0.371147 0.494857 0.303106
0.493842 0.377243 0.360104
0.479214 0.246916 0.670856
0.488186 0.374657 0.653264
0.687222 0.477991 0.59936
0.567931 0.609157 0.509761
0.51337 0.435331 0.660747
0.560405 0.418284 0.417764
0.449197 0.616231 0.41468
0.675377 0.223833 0.519251
0.367079 0.342778 0.602674
0.365527 0.437537 0.522856
0.649336 0.428282 0.467822
0.395077 0.4648 0.62998
0.595358 0.368873 0.557166
0.417848 0.575027 0.330514
0.387964 0.517371 0.592762
0.540989 0.610492 0.414719
0.402931 0.435656 0.541718
0.584942 0.403964 0.430143
0.378145 0.453749 0.286183
0.333317 0.424887 0.48653
0.603455 0.417183 0.537715
0.361833 0.477771 0.600375
0.512082 0.425197 0.666334
0.657989 0.293177 0.480817
0.624306 0.485455 0.42808
0.518802 0.245136 0.6785
0.457685 0.404656 0.624786
0.343827 0.421577 0.491043
0.450512 0.334925 0.646754
0.583109 0.494557 0.564288
0.353578 0.226148 0.474819
0.350355 0.211179 0.473241
0.467071 0.409773 0.337045
0.653274 0.266057 0.471444
0.648785 0.315763 0.476377
0.497742 0.309678 0.360149
0.661688 0.245479 0.469678
0.632145 0.428805 0.526294
0.544366 0.317968 0.652632
0.3284 0.201707 0.469036
0.498491 0.216681 0.323923
0.665906 0.279047 0.523784
0.463629 0.330937 0.335312
0.627271 0.50469 0.399305
0.726951 0.487418 0.525845
0.406796 0.480976 0.547442
0.506275 0.231151 0.667859
0.349676 0.202697 0.488232
0.433042 0.446822 0.251287
0.668004 0.373123 0.489952
0.647199 0.227496 0.488335
0.597405 0.483452 0.688783
0.555313 0.574071 0.334651
0.688129 0.300213 0.451453
0.459595 0.448365 0.665983
0.373386 0.468141 0.375506
0.552339 0.322151 0.359823
0.588502 0.341167 0.326725
0.485233 0.244376 0.666766
0.466866 0.272399 0.319009
0.599196 0.604412 0.514612
0.615243 0.471787 0.367538
0.458569 0.458777 0.330277
0.652086 0.271581 0.475007
0.608765 0.474171 0.358493
0.296216 0.48051 0.365804
0.39657 0.450956 0.615157
0.35497 0.199045 0.483814
0.71513 0.368694 0.41293
0.657733 0.321765 0.480662
0.481805 0.295301 0.281805
0.496246 0.260332 0.353791
0.440801 0.46262 0.660061
0.285613 0.390232 0.586838
0.503434 0.375592 0.641635
0.611651 0.376132 0.439276
0.349174 0.457329 0.307493
0.530806 0.456962 0.659182
0.425633 0.500647 0.618416
0.349941 0.329341 0.501723
0.691387 0.428891 0.479487
0.404699 0.506877 0.612155
0.277486 0.334002 0.508167
0.388471 0.476059 0.362448
0.388155 0.476991 0.619431
0.527322 0.614754 0.43043
0.522539 0.323564 0.331668
0.518819 0.246132 0.678112
0.548265 0.463174 0.325864
0.709097 0.319353 0.536902
0.271203 0.34174 0.500448
0.335087 0.370781 0.483902
0.48392 0.350442 0.734566
0.375691 0.420884 0.519354
0.391744 0.360372 0.552109
0.541423 0.453668 0.65407
0.435591 0.471748 0.581018
0.417472 0.37043 0.294646
0.689555 0.429027 0.477785
0.539218 0.427886 0.673742
0.573453 0.404678 0.273743
0.533178 0.455033 0.659286
0.343848 0.294205 0.502753
0.335386 0.22631 0.494689
0.377864 0.429235 0.518715
0.684602 0.418826 0.482927
0.328908 0.466893 0.442526
0.491979 0.235344 0.349527
0.705089 0.287208 0.48598
0.676117 0.307215 0.454981
0.509591 0.30482 0.339355
0.452817 0.33635 0.328703
0.326503 0.326644 0.510677
0.645297 0.396305 0.46457
0.340649 0.309796 0.506917
0.444692 0.425258 0.390282
0.448144 0.352786 0.335676
0.406553 0.467161 0.640243
0.637744 0.50214 0.415178
0.34398 0.374384 0.489518
0.669982 0.208211 0.496316
0.339745 0.348086 0.486283
0.462417 0.433724 0.64795
0.506708 0.409118 0.660654
0.37971 0.435538 0.524976
0.602696 0.340175 0.602999
0.466457 0.423739 0.336392
0.354296 0.479332 0.573188
0.461464 0.338212 0.335942
0.507378 0.389394 0.343338
0.353306 0.322496 0.489058
0.440435 0.397517 0.599636
0.615515 0.480633 0.369287
0.669847 0.206443 0.505139
0.658349 0.238107 0.515453
0.647436 0.384048 0.643315
0.348568 0.379487 0.515501
0.253617 0.408249 0.51562
0.377946 0.454101 0.456556
0.347386 0.314041 0.504351
0.495157 0.337232 0.359409
0.328041 0.389012 0.479872
0.4974 0.222158 0.342949
0.486635 0.213407 0.347732
0.455359 0.457488 0.326841
0.415757 0.433937 0.4291
0.602071 0.355362 0.320151
0.635222 0.486388 0.391778
0.33041 0.461864 0.507683
0.640454 0.280986 0.500138
0.331038 0.405221 0.474566
0.425557 0.343816 0.672158
0.495923 0.412146 0.348496
0.468739 0.417319 0.331879
0.534057 0.311272 0.659537
0.660005 0.482122 0.445964
0.491275 0.222135 0.34744
0.62269 0.59644 0.522708
0.355957 0.304693 0.487902
0.526415 0.396378 0.35053
0.520419 0.543431 0.280153
0.519234 0.30978 0.645015
0.355639 0.38566 0.51493
0.340409 0.35473 0.476223
0.353386 0.389385 0.523111
0.29507 0.305175 0.50951
0.675676 0.22738 0.473845
0.675696 0.274018 0.516684
0.664543 0.366453 0.370596
0.428736 0.49481 0.570487
0.503428 0.342066 0.640307
0.507213 0.386251 0.254707
0.517915 0.40184 0.641052
0.510519 0.44162 0.339071
0.369524 0.498079 0.599185
0.455486 0.458665 0.343032
0.39425 0.408071 0.421003
0.42596 0.421647 0.415785
0.53908 0.313101 0.698
0.485575 0.20886 0.346399
0.491774 0.306412 0.359684
0.543888 0.351611 0.269641
0.291924 0.344063 0.447787
0.343634 0.215536 0.491998
0.62483 0.344675 0.571224
0.528198 0.456839 0.332032
0.581026 0.487714 0.60555
0.60109 0.344556 0.598442
0.386706 0.348833 0.343431
0.386111 0.458969 0.282324
0.469167 0.495437 0.250389
0.372371 0.488922 0.379944
0.505262 0.39268 0.644951
0.546266 0.466642 0.331892
0.653584 0.344503 0.496144
0.546483 0.479812 0.62605
0.70078 0.480188 0.378558
0.667961 0.220421 0.476992
0.488217 0.315442 0.347601
0.419019 0.492058 0.400622
0.470986 0.262405 0.671908
0.650519 0.34069 0.494419
0.672949 0.4833 0.619589
0.272398 0.417003 0.422471
0.349326 0.351947 0.501334
0.636649 0.471302 0.542647
0.424566 0.372009 0.346804
0.509029 0.246409 0.328427
0.522335 0.279445 0.680485
0.5674 0.33976 0.70066
0.347197 0.194027 0.485248
0.42896 0.471151 0.403357
0.682613 0.334079 0.563537
0.422514 0.379823 0.397693
0.351808 0.379973 0.506239
0.4786 0.200121 0.339132
0.63837 0.323936 0.490601
0.639142 0.486959 0.397624
0.327555 0.36318 0.587165
0.709693 0.319606 0.449133
0.498183 0.249652 0.663272
0.67379 0.219895 0.479544
0.644283 0.300108 0.516258
0.628582 0.481098 0.433418
0.516839 0.388466 0.343374
0.411379 0.605516 0.391207
0.397976 0.461026 0.62453
0.648616 0.348526 0.496814
0.279838 0.537092 0.541844
0.478015 0.2392 0.34206
0.58665 0.363491 0.405753
0.596954 0.499314 0.373636
0.609195 0.47475 0.361458
0.659054 0.206543 0.505709
0.325442 0.499407 0.64636
0.335532 0.357946 0.516522
0.398802 0.381894 0.401379
0.499312 0.397691 0.659434
0.409808 0.609971 0.403755
0.57811 0.462027 0.413544
0.526308 0.45593 0.648026
0.478838 0.268651 0.340267
0.322743 0.3169 0.503103
0.470857 0.251871 0.679409
0.453323 0.461581 0.331959
0.339756 0.351296 0.475436
0.401354 0.506947 0.398452
0.340564 0.356549 0.601839
0.466947 0.390321 0.639319
0.488769 0.294363 0.355218
0.346761 0.35309 0.466461
0.477479 0.200605 0.333348
0.299539 0.394137 0.612179
0.464654 0.313133 0.328316
0.645541 0.403781 0.512272
0.549637 0.484725 0.581896
0.435127 0.491798 0.588509
0.533789 0.414748 0.610694
0.674103 0.333519 0.422179
0.391389 0.436073 0.447132
0.306094 0.370154 0.40084
0.556412 0.32734 0.70204
0.659029 0.360361 0.49695
0.342989 0.241681 0.492609
0.455657 0.55394 0.291348
0.656044 0.370497 0.629347
0.612483 0.354494 0.353418
0.363396 0.495938 0.581859
0.424326 0.480662 0.350279
0.34704 0.485485 0.426788
0.504907 0.396913 0.65776
0.259868 0.363058 0.468808
0.541211 0.607427 0.404458
0.474247 0.371365 0.331805
0.343302 0.353661 0.524458
0.476688 0.327561 0.33014
0.399877 0.414667 0.433903
0.368374 0.504577 0.41343
0.589075 0.488836 0.560424
0.532146 0.512372 0.714672
0.614182 0.479244 0.573667
0.56674 0.494434 0.604639
0.412082 0.484033 0.356357
0.679053 0.228283 0.481074
0.354535 0.368128 0.464602
0.502888 0.381522 0.654041
0.455734 0.455261 0.331997
0.469945 0.291454 0.324593
0.39694 0.402532 0.70866
0.512987 0.612108 0.509915
0.712078 0.308177 0.486649
0.529479 0.616991 0.468944
0.460289 0.615261 0.489219
0.289663 0.338038 0.456988
0.354464 0.270413 0.479905
0.661681 0.371329 0.477686
0.636371 0.468022 0.543044
0.749062 0.440084 0.465015
0.390658 0.463514 0.60939
0.496279 0.253173 0.347147
0.327804 0.317981 0.454286
0.464927 0.436367 0.671978
0.354577 0.599939 0.501623
0.311137 0.298472 0.45731
0.330224 0.428952 0.46655
0.336583 0.256565 0.495879
0.40267 0.429952 0.437039
0.578134 0.460854 0.544497
0.660295 0.350743 0.493613
0.726473 0.489058 0.521521
0.657875 0.212098 0.498091
0.542359 0.459807 0.248073
0.527719 0.311761 0.328542
0.289671 0.478181 0.3729
0.340906 0.481692 0.541449
0.640203 0.356111 0.50574
0.656452 0.482159 0.435176
0.566965 0.417523 0.555494
0.35424 0.403693 0.509191
0.675016 0.218777 0.501269
0.637078 0.518421 0.641175
0.507854 0.404838 0.662133
0.516179 0.424319 0.665831
0.445139 0.383246 0.355545
0.609925 0.476037 0.409455
0.655433 0.300433 0.476184
0.63435 0.339848 0.560656
0.335954 0.215812 0.470135
0.387504 0.373858 0.562725
0.439776 0.415896 0.593636
0.637204 0.494778 0.404981
0.367368 0.50734 0.566564
0.364418 0.354884 0.616945
0.728633 0.392585 0.567219
0.667517 0.295116 0.521873
0.565099 0.522167 0.694093
0.557147 0.474811 0.627566
0.548545 0.459452 0.642512
0.371974 0.478948 0.44743
0.315906 0.361758 0.573239
0.473706 0.398127 0.661237
0.344189 0.452614 0.506316
0.375391 0.510658 0.575966
0.617367 0.48102 0.413352
0.529125 0.454063 0.652539
0.412208 0.494381 0.621612
0.693093 0.512997 0.389182
0.642248 0.492733 0.411633
0.283752 0.533515 0.435643
0.645532 0.334765 0.554933
0.569043 0.481263 0.351581
0.657657 0.347038 0.452272
0.627798 0.584508 0.411148
0.337903 0.355268 0.421409
0.350526 0.365244 0.464443
0.668966 0.231913 0.517047
0.36989 0.474254 0.590089
0.51542 0.415524 0.669225
0.431992 0.490998 0.62259
0.438995 0.383064 0.387689
0.429404 0.422765 0.571866
0.470968 0.262899 0.317686
0.534826 0.409538 0.614961
0.601284 0.355927 0.402939
0.370029 0.482854 0.60115
0.463273 0.328687 0.331406
0.588671 0.471109 0.547412
0.33561 0.354263 0.405807
0.720247 0.492437 0.537963
0.654151 0.347374 0.601756
0.469379 0.30073 0.282971
0.489134 0.27394 0.303413
0.651047 0.551298 0.595705
0.488692 0.292673 0.342382
0.543953 0.448805 0.58338
0.4324 0.386172 0.598132
0.73214 0.42262 0.564515
0.361803 0.488048 0.575334
0.350218 0.255527 0.478585
0.655843 0.244251 0.509477
0.705867 0.509911 0.409954
0.65482 0.337575 0.416333
0.447621 0.33799 0.280729
0.487373 0.291428 0.652972
0.334758 0.455198 0.506744
0.38724 0.486352 0.609414
0.698766 0.358604 0.406833
0.493334 0.376877 0.341822
0.382501 0.450845 0.529634
0.51735 0.387754 0.642678
0.393021 0.475211 0.611154
0.585957 0.486128 0.359062
0.528562 0.378627 0.347545
0.588004 0.463259 0.545112
0.286508 0.339989 0.529156
0.436435 0.391409 0.394724
0.532671 0.312249 0.661598
0.552219 0.40891 0.408344
0.479422 0.413756 0.669505
0.634377 0.360481 0.521349
0.552434 0.436433 0.567914
0.307751 0.343837 0.555996
0.683988 0.293295 0.501935
0.588681 0.498913 0.28218
0.422979 0.402331 0.569629
0.549508 0.476104 0.62678
0.438362 0.406028 0.59576
0.50011 0.239579 0.330033
0.708135 0.347057 0.423898
0.724198 0.386416 0.569345
0.52447 0.420661 0.640239
0.529025 0.606813 0.54145
0.670294 0.219817 0.510473
0.299796 0.325013 0.457468
0.436643 0.36868 0.615966
0.654446 0.301706 0.491397
0.645704 0.241393 0.495293
0.495293 0.592627 0.349081
0.309476 0.302393 0.457567
0.65542 0.437135 0.526348
0.486044 0.262159 0.347926
0.538902 0.464545 0.639299
0.410938 0.373955 0.69157
0.525164 0.371049 0.635485
0.345012 0.315797 0.491375
0.601428 0.591602 0.576371
0.331491 0.296564 0.498321
0.619429 0.48358 0.394338
0.312406 0.226571 0.483651
0.606109 0.471725 0.548155
0.680462 0.270402 0.488887
0.421492 0.429691 0.419502
0.342201 0.266962 0.475693
0.457159 0.440463 0.338875
0.460919 0.320342 0.323896
0.47265 0.584414 0.65401
0.496652 0.322958 0.344884
0.443811 0.467197 0.641064
0.55367 0.33378 0.364653
0.52428 0.38199 0.635795
0.666921 0.461637 0.639518
0.558872 0.461892 0.337754
0.669491 0.370409 0.491241
0.531482 0.491432 0.722365
0.488881 0.39647 0.659893
0.331291 0.338092 0.552294
0.513119 0.595387 0.623145
0.525433 0.388535 0.741206
0.39734 0.436995 0.441234
0.320386 0.317811 0.537699
0.326448 0.361147 0.401317
0.594897 0.484969 0.583226
0.503022 0.412833 0.339115
0.3507 0.473412 0.549091
0.326518 0.401776 0.472956
0.463827 0.601222 0.612703
0.34295 0.347381 0.460601
0.430349 0.373873 0.390162
0.420859 0.476591 0.637656
0.604527 0.602795 0.508451
0.50896 0.238407 0.670739
0.369002 0.500452 0.410953
0.378758 0.493843 0.599146
0.484974 0.273749 0.665908
0.469035 0.599877 0.618235
0.335219 0.457867 0.525292
0.375836 0.360845 0.354296
0.419333 0.430756 0.420786
0.539285 0.415284 0.614005
0.668426 0.223998 0.502535
0.387033 0.441764 0.535292
0.522604 0.480954 0.246786
0.658212 0.315656 0.493086
0.536798 0.452088 0.366952
0.332898 0.312395 0.500701
0.363183 0.538548 0.329796
0.649427 0.451905 0.456743
0.647307 0.3369 0.502132
0.449705 0.322901 0.31145
0.343666 0.325314 0.497655
0.497852 0.600289 0.369441
0.469847 0.331763 0.655191
0.485549 0.21037 0.330058
0.506322 0.300949 0.336437
0.58543 0.357918 0.584425
0.449866 0.445304 0.616888
0.563463 0.462909 0.340845
0.494144 0.257761 0.668968
0.356174 0.478128 0.680849
0.578175 0.466592 0.548257
0.661789 0.2977 0.473483
0.460085 0.416516 0.334505
0.539243 0.447981 0.647518
0.390198 0.455122 0.448724
0.62037 0.473684 0.678173
0.387232 0.475363 0.602663
0.356885 0.478877 0.556332
0.47336 0.614483 0.406857
0.317106 0.244713 0.487797
0.492436 0.369743 0.655275
0.571747 0.493444 0.585337
0.347433 0.484277 0.536747
0.60748 0.463171 0.419839
0.407734 0.460287 0.434975
0.31776 0.281654 0.462859
0.298303 0.469812 0.357778
0.414227 0.498799 0.605436
0.389212 0.450983 0.447393
0.635038 0.359527 0.531848
0.678683 0.2931 0.498983
0.329764 0.380918 0.474794
0.493831 0.28045 0.661078
0.466013 0.368995 0.330141
0.653612 0.428756 0.525619
0.371169 0.497049 0.578475
0.332171 0.457598 0.443066
0.413039 0.477804 0.61741
0.57311 0.493887 0.582708
0.399671 0.482152 0.546073
0.592451 0.343015 0.34711
0.347545 0.216778 0.478111
0.448388 0.442824 0.659995
0.667718 0.243715 0.515966
0.530996 0.396022 0.251993
0.449357 0.443979 0.368047
0.442218 0.340715 0.299596
0.558992 0.342107 0.373108
0.534439 0.357891 0.637945
0.541483 0.349116 0.269462
0.555511 0.611181 0.447128
0.484564 0.307843 0.655705
0.65255 0.284473 0.493551
0.508634 0.285499 0.331532
0.561051 0.475515 0.613237
0.312944 0.245062 0.484224
0.388142 0.478748 0.442944
0.628306 0.44799 0.439637
0.335769 0.589137 0.50937
0.355826 0.43898 0.686158
0.396602 0.456769 0.44189
0.412384 0.498571 0.602726
0.467025 0.422087 0.668476
0.687298 0.454621 0.613655
0.28342 0.426833 0.377294
0.572975 0.477915 0.37105
0.426429 0.464734 0.406095
0.391662 0.369974 0.302456
0.51213 0.607164 0.393667
0.418683 0.492292 0.611305
0.388583 0.373328 0.566671
0.430908 0.382575 0.343751
0.501188 0.297937 0.338051
0.409021 0.346701 0.323362
0.397799 0.346437 0.632858
0.332249 0.307588 0.46698
0.666435 0.324465 0.48584
0.524179 0.425799 0.649598
0.504666 0.240266 0.67734
0.645689 0.335465 0.578413
0.429254 0.467178 0.398434
0.375567 0.496424 0.583214
0.333753 0.256393 0.476328
0.365596 0.597927 0.42583
0.631684 0.480789 0.396961
0.574046 0.326277 0.343285
0.327688 0.268288 0.49221
0.486778 0.292237 0.661649
0.506199 0.24367 0.679538
0.546672 0.466499 0.594396
0.407633 0.485423 0.608746
0.41232 0.489067 0.407336
0.353543 0.364813 0.530483
0.518529 0.612082 0.503215
0.550746 0.500867 0.263303
0.395821 0.377008 0.290925
0.388649 0.453575 0.445996
0.495244 0.29699 0.659166
0.501088 0.376891 0.33492
0.385151 0.357387 0.593388
0.457051 0.316811 0.660496
0.497171 0.265274 0.330766
0.334428 0.322185 0.499296
0.434246 0.481911 0.62204
0.685757 0.297788 0.471286
0.578231 0.45324 0.415478
0.490638 0.407436 0.668863
0.401706 0.454862 0.548025
0.51157 0.379897 0.653252
0.489653 0.241651 0.321431
0.57963 0.355427 0.300741
0.331814 0.22949 0.474662
0.417546 0.466779 0.421152
0.563507 0.478039 0.601321
0.709819 0.313777 0.460861
0.603775 0.463987 0.367633
0.46245 0.386821 0.326155
0.478028 0.327746 0.321653
0.700831 0.29279 0.463919
0.34389 0.394416 0.523273
0.498681 0.383295 0.661155
0.335315 0.291544 0.493401
0.673642 0.300928 0.514886
0.388349 0.427139 0.442977
0.617885 0.388141 0.677927
0.563368 0.333843 0.630483
0.653081 0.266202 0.495196
0.375193 0.497879 0.539195
0.442615 0.400614 0.361793
0.360977 0.485399 0.524804
0.536688 0.372291 0.375507
0.473285 0.344189 0.659473
0.381739 0.450904 0.449236
0.552005 0.472459 0.596781
0.387483 0.498818 0.40169
0.588217 0.453579 0.546922
0.507973 0.357586 0.260839
0.432122 0.468639 0.636714
0.576709 0.470117 0.585995
0.349244 0.405049 0.525093
0.325195 0.198328 0.478123
0.452307 0.61515 0.414046
0.599091 0.391706 0.29132
0.328637 0.275726 0.471471
0.543811 0.433178 0.59863
0.501601 0.285315 0.66208
0.579962 0.434389 0.549897
0.686365 0.404509 0.488222
0.467758 0.390743 0.651591
0.410061 0.473696 0.600555
0.557146 0.465832 0.610564
0.265161 0.387065 0.44317
0.472841 0.360368 0.658298
0.530971 0.318852 0.280814
0.523021 0.612026 0.502649
0.628888 0.418949 0.534629
0.380855 0.497739 0.576948
0.484282 0.28229 0.671254
0.545895 0.569504 0.660787
0.674152 0.253712 0.507182
0.735075 0.452362 0.54538
0.548965 0.531106 0.697102
0.599676 0.365188 0.41544
0.320319 0.298974 0.464257
0.417839 0.379047 0.388858
0.501575 0.30259 0.328939
0.555511 0.41199 0.409755
0.584567 0.441505 0.548462
0.345075 0.435168 0.453967
0.308065 0.569489 0.488072
0.491293 0.285391 0.669131
0.57782 0.464163 0.358257
0.414402 0.475599 0.41566
0.367819 0.454969 0.45175
0.326017 0.280721 0.471691
0.326753 0.293764 0.471994
0.432374 0.480346 0.61444
0.627191 0.352522 0.415195
0.657888 0.551317 0.382987
0.516911 0.386399 0.654446
0.718014 0.319471 0.465472
0.245698 0.46902 0.515611
0.472385 0.27859 0.675596
0.529453 0.407169 0.341669
0.470366 0.298919 0.315955
0.414408 0.510406 0.706533
0.604109 0.465127 0.401324
0.444743 0.441526 0.359005
0.382766 0.481692 0.292321
0.401067 0.469919 0.715267
0.393852 0.495783 0.578437
0.693836 0.386464 0.595016
0.535305 0.527686 0.705807
0.41901 0.443003 0.416954
0.578332 0.460829 0.551848
0.52909 0.351164 0.64652
0.527112 0.310676 0.285957
0.40233 0.490013 0.595562
0.419986 0.412674 0.565784
0.416418 0.474333 0.602506
0.375661 0.360911 0.377997
0.320365 0.271848 0.471966
0.578424 0.421547 0.423858
0.471693 0.295417 0.698638
0.329685 0.421337 0.458411
0.532145 0.416909 0.336598
0.646061 0.377656 0.519336
0.637952 0.472928 0.428728
0.530571 0.413953 0.334393
0.672913 0.336012 0.4831
0.350633 0.449561 0.523466
0.584247 0.464744 0.36421
0.418007 0.617449 0.485559
0.414016 0.47925 0.404946
0.682977 0.558177 0.489632
0.423333 0.586963 0.631124
0.515256 0.373137 0.658376
0.612983 0.462452 0.391237
0.585336 0.46534 0.554248
0.461736 0.310466 0.691151
0.421924 0.413053 0.262505
0.689735 0.358472 0.400577
0.657006 0.424221 0.452663
0.333359 0.355591 0.522221
0.419069 0.351529 0.678331
0.429824 0.372758 0.382378
0.578834 0.478233 0.271352
0.532676 0.613783 0.48204
0.67116 0.364168 0.494863
0.673554 0.316227 0.487561
0.446087 0.367462 0.332249
0.49828 0.298266 0.305415
0.46787 0.287439 0.675972
0.580114 0.334707 0.357969
0.703372 0.356576 0.415334
0.336209 0.361141 0.525467
0.302406 0.376584 0.383446
0.507606 0.464691 0.735557
0.598468 0.426723 0.431126
0.652002 0.38084 0.5185
0.663649 0.438258 0.453827
0.332782 0.337454 0.541384
0.442297 0.60971 0.540546
0.67594 0.35763 0.485509
0.473707 0.371039 0.66233
0.711442 0.347991 0.560479
0.425447 0.471139 0.386426
0.610242 0.362152 0.561904
0.493971 0.340851 0.321035
0.493346 0.352059 0.660591
0.684241 0.488128 0.592866
0.358394 0.434659 0.452743
0.69012 0.511615 0.570926
0.633338 0.388191 0.658077
0.492292 0.310036 0.667152
0.283327 0.319527 0.478459
0.498145 0.614787 0.453223
0.405353 0.477944 0.590747
0.675746 0.321148 0.487016
0.386487 0.479328 0.437082
0.459072 0.312773 0.300178
0.334535 0.401118 0.522064
0.362357 0.461212 0.53297
0.29597 0.441254 0.354181
0.43602 0.373721 0.275897
0.590826 0.407239 0.703116
0.703027 0.346033 0.42297
0.342449 0.568982 0.387362
0.262903 0.517344 0.493423
0.252779 0.490429 0.510995
0.428164 0.472374 0.587973
0.311843 0.310347 0.510955
0.57143 0.400873 0.416107
0.420521 0.374688 0.367145
0.620116 0.459688 0.408314
0.307582 0.297256 0.481205
0.653049 0.438702 0.444734
0.312252 0.397118 0.627187
0.495157 0.279181 0.675709
0.565834 0.36876 0.393774
0.322199 0.376482 0.501129
0.652079 0.446219 0.44295
0.653795 0.470061 0.64833
0.411003 0.456307 0.558334
0.463884 0.346399 0.321481
0.299292 0.320329 0.462656
0.692473 0.35291 0.40964
0.365037 0.381588 0.546922
0.430756 0.457482 0.391249
0.416917 0.427492 0.720713
0.398733 0.439398 0.425326
0.657971 0.343948 0.523898
0.500947 0.359914 0.320538
0.618005 0.461313 0.410047
0.581251 0.44802 0.553094
0.668759 0.563689 0.430365
0.668869 0.359281 0.501574
0.589773 0.511452 0.680232
0.506276 0.32053 0.282034
0.671934 0.425991 0.45952
0.690601 0.552052 0.47994
0.332189 0.420275 0.523746
0.331052 0.417531 0.522054
0.537215 0.578727 0.337776
0.715982 0.464389 0.568087
0.37112 0.357273 0.613896
0.385365 0.484315 0.548128
0.410802 0.486856 0.569514
0.455979 0.367327 0.644293
0.567673 0.36307 0.287892
0.411881 0.472644 0.385466
0.55287 0.418022 0.261406
0.653228 0.430161 0.444503
0.623108 0.459356 0.418772
0.277528 0.37202 0.441655
0.573222 0.414315 0.716812
0.350507 0.422282 0.44926
0.376166 0.351835 0.598781
0.396139 0.487383 0.560592
0.546358 0.31275 0.318204
0.667176 0.364301 0.506624
0.481949 0.312264 0.308147
0.547978 0.441704 0.610098
0.624812 0.590853 0.437439
0.523315 0.384178 0.328104
0.492268 0.302638 0.289445
0.328287 0.584331 0.501211
0.588383 0.395241 0.423929
0.703585 0.519783 0.418526
0.577679 0.516872 0.686
0.370823 0.476089 0.433792
0.423787 0.38377 0.363955
0.547267 0.609144 0.432869
0.391647 0.427213 0.425249
0.427098 0.356973 0.309921
0.677982 0.379921 0.464339
0.479561 0.324646 0.671244
0.691061 0.448007 0.354474
0.6597 0.349096 0.525575
0.550343 0.452982 0.378972
0.435936 0.462 0.618048
0.676438 0.38537 0.618954
0.500984 0.301766 0.300469
0.283405 0.332401 0.489205
0.469733 0.38446 0.662492
0.319408 0.348165 0.51231
0.427458 0.453866 0.391556
0.375953 0.444043 0.443704
0.654477 0.367474 0.448958
0.409504 0.429707 0.716736
0.590585 0.360856 0.310826
0.506358 0.301514 0.67323
0.566832 0.335498 0.355134
0.412383 0.480971 0.583911
0.392411 0.446353 0.434871
0.501704 0.304799 0.677809
0.420368 0.463207 0.397546
0.556887 0.387007 0.60185
0.556536 0.442821 0.398946
0.438067 0.397397 0.346313
0.674307 0.503672 0.599396
0.378457 0.404056 0.549943
0.67969 0.339691 0.50447
0.507203 0.305969 0.678065
0.734236 0.404439 0.560634
0.661702 0.382839 0.452033
0.329033 0.398064 0.457754
0.354573 0.352607 0.575449
0.501248 0.30414 0.680025
0.350144 0.413909 0.535571
0.665386 0.32422 0.512614
0.580867 0.347065 0.316438
0.645729 0.35762 0.533705
0.473517 0.606982 0.569114
0.442254 0.415159 0.612534
0.664015 0.477419 0.336107
0.337943 0.348432 0.532158
0.461015 0.40062 0.643058
0.656326 0.351504 0.513607
0.404344 0.466823 0.408012
0.479979 0.614117 0.429035
0.553772 0.34003 0.643649
0.447907 0.366325 0.641716
0.400773 0.460929 0.558626
0.65823 0.346527 0.446657
0.641199 0.349828 0.608522
0.327809 0.402216 0.454698
0.431017 0.420035 0.374184
0.691249 0.31706 0.52341
0.561884 0.3746 0.602427
0.329616 0.369772 0.523635
0.486549 0.606488 0.527901
0.474373 0.31121 0.289364
0.452828 0.340364 0.293808
0.322437 0.370612 0.463048
0.342232 0.35724 0.553914
0.741337 0.455148 0.504026
0.319464 0.571852 0.54205
0.416327 0.463995 0.396302
0.493165 0.310461 0.677104
0.677576 0.406385 0.456742
0.321891 0.378455 0.463004
0.420554 0.440289 0.575024
0.485627 0.31704 0.300724
0.572713 0.352621 0.69838
0.429908 0.401524 0.604896
0.639486 0.418178 0.659388
0.467734 0.604954 0.380332
0.48437 0.605556 0.564934
0.560745 0.390059 0.595671
0.576828 0.460902 0.570902
0.425028 0.587284 0.629449
0.266908 0.357477 0.4909
0.402076 0.447216 0.556944
0.667834 0.34034 0.440665
0.378138 0.406278 0.552948
0.487578 0.609848 0.494792
0.409834 0.452313 0.406831
0.462358 0.335598 0.662735
0.566351 0.331871 0.683591
0.676844 0.33904 0.431132
0.362282 0.361779 0.407109
0.481493 0.330652 0.280764
0.392797 0.381453 0.394151
0.485906 0.610765 0.486595
0.518983 0.335316 0.318319
0.408065 0.457552 0.588311
0.379566 0.399752 0.296945
0.644067 0.495454 0.641781
0.540899 0.401203 0.641268
0.297754 0.326903 0.476743
0.662434 0.346381 0.43264
0.528211 0.349253 0.326365
0.615242 0.434862 0.425879
0.545364 0.317238 0.327828
0.260297 0.430182 0.54883
0.682665 0.38662 0.506332
0.466642 0.396692 0.667786
0.426433 0.422403 0.383375
0.478995 0.585687 0.648296
0.552478 0.324185 0.31712
0.334822 0.383034 0.443172
0.427749 0.414774 0.39412
0.378935 0.364442 0.391464
0.682753 0.367567 0.466593
0.516054 0.346953 0.267233
0.426508 0.372615 0.295408
0.426317 0.431759 0.592516
0.376267 0.464074 0.429075
0.550032 0.354255 0.364513
0.438612 0.38344 0.625386
0.344064 0.360641 0.561983
0.6801 0.412517 0.448792
0.678357 0.37514 0.513244
0.505473 0.313791 0.695153
0.71628 0.507478 0.517827
0.715648 0.424951 0.398836
0.317577 0.476642 0.347484
0.594027 0.60178 0.453085
0.398353 0.450733 0.577385
0.396072 0.461552 0.407171
0.632639 0.354575 0.576983
0.621286 0.590611 0.545146
0.650179 0.486124 0.328177
0.457911 0.581753 0.651682
0.476582 0.613105 0.441163
0.397246 0.438589 0.416956
0.650132 0.368582 0.533703
0.281891 0.364147 0.533292
0.586429 0.347917 0.366096
0.388492 0.600281 0.401453
0.620304 0.389003 0.556219
0.395286 0.458444 0.395277
0.406807 0.369019 0.377394
0.272867 0.496353 0.430369
0.586985 0.443111 0.564588
0.252394 0.419314 0.502655
0.583691 0.580066 0.369413
0.63368 0.588915 0.519003
0.614996 0.377794 0.427019
0.309305 0.338799 0.535498
0.593005 0.423785 0.420803
0.667495 0.573335 0.467373
0.461608 0.329509 0.670743
0.43719 0.391287 0.266809
0.705309 0.479981 0.388003
0.36672 0.357128 0.578702
0.346975 0.370321 0.417598
0.701574 0.387682 0.476169
0.466756 0.333191 0.670653
0.522622 0.317235 0.695301
0.262827 0.476309 0.436873
0.67087 0.522361 0.369871
0.549526 0.362347 0.633726
0.330965 0.401019 0.446502
0.379223 0.448651 0.428732
0.539897 0.349354 0.335904
0.523403 0.356997 0.670348
0.525762 0.338519 0.675806
0.50805 0.341299 0.303978
0.531701 0.361299 0.270853
0.69661 0.36771 0.403322
0.349948 0.363411 0.409531
0.59679 0.531696 0.311177
0.399547 0.44496 0.408965
0.450358 0.395485 0.738155
0.690528 0.334689 0.484264
0.64277 0.585499 0.452224
0.367294 0.384357 0.420272
0.528878 0.322697 0.699844
0.266111 0.488737 0.563286
0.690048 0.376034 0.499672
0.427197 0.414812 0.604561
0.470249 0.316794 0.684818
0.414994 0.441795 0.587827
0.534916 0.337006 0.326459
0.580036 0.5857 0.379693
0.64047 0.562027 0.383701
0.363411 0.392618 0.547983
0.407363 0.393401 0.391635
0.431096 0.379937 0.630437
0.375887 0.586546 0.588805
0.634625 0.486704 0.315271
0.406995 0.425105 0.578709
0.697008 0.383881 0.498253
0.634618 0.355796 0.408891
0.536832 0.32936 0.685195
0.738692 0.37836 0.44542
0.626943 0.547419 0.351797
0.263524 0.392662 0.449699
0.491721 0.340901 0.279079
0.319602 0.383111 0.453133
0.45169 0.36312 0.653906
0.484236 0.357748 0.266537
0.600764 0.405549 0.293868
0.515491 0.465006 0.732488
0.642827 0.388521 0.641765
0.39819 0.426001 0.40392
0.303404 0.379125 0.4238
0.450672 0.403033 0.639295
0.347874 0.370409 0.548415
0.321759 0.369563 0.427901
0.484386 0.610662 0.47315
0.430758 0.363855 0.307328
0.273607 0.396137 0.432586
0.690729 0.345031 0.491915
0.33056 0.379226 0.633406
0.574098 0.403209 0.40503
0.296937 0.41003 0.370798
0.311625 0.427068 0.348699
0.655531 0.53219 0.36223
0.490949 0.342236 0.678225
0.362046 0.425361 0.431862
0.432225 0.582862 0.639454
0.489255 0.379862 0.678606
0.292861 0.341128 0.478853
0.259964 0.386902 0.494212
0.572501 0.422235 0.575157
0.401301 0.406658 0.577693
0.264786 0.374494 0.489129
0.692992 0.383964 0.514307
0.3779 0.606431 0.500291
0.546598 0.340213 0.667564
0.350925 0.525544 0.332626
0.591622 0.569864 0.357695
0.514795 0.375265 0.683824
0.579444 0.431536 0.575379
0.302904 0.345705 0.500142
0.616564 0.401837 0.563606
0.337619 0.516638 0.341105
0.705639 0.441641 0.584782
0.450362 0.612991 0.445953
0.660018 0.352609 0.424715
0.490605 0.381388 0.681286
0.252795 0.403703 0.463544
0.687387 0.383905 0.521654
0.336441 0.408055 0.43652
0.574992 0.368072 0.615602
0.696065 0.380786 0.505013
0.381657 0.387884 0.572548
0.25884 0.447769 0.559803
0.40372 0.372563 0.372156
0.410985 0.388556 0.60898
0.683023 0.343193 0.541846
0.33972 0.425392 0.665091
0.363295 0.372416 0.573359
0.33523 0.38387 0.641763
0.376146 0.37953 0.676632
0.490417 0.385159 0.683058
0.400377 0.431706 0.577474
0.639384 0.363016 0.420745
0.645804 0.358952 0.551004
0.362008 0.411647 0.425491
0.49694 0.391022 0.260759
0.608853 0.585999 0.405757
0.391768 0.401935 0.391769
0.686205 0.384496 0.527304
0.596901 0.339858 0.629247
0.556942 0.34745 0.651805
0.662806 0.354848 0.429507
0.559311 0.590544 0.382806
0.312965 0.368448 0.51176
0.431883 0.409723 0.728205
0.348794 0.37685 0.551487
0.588098 0.474067 0.693936
0.269672 0.375426 0.505266
0.551374 0.370778 0.64134
0.405815 0.370562 0.32081
0.369739 0.413319 0.558885
0.613376 0.370597 0.58974
0.264482 0.391971 0.521851
0.575438 0.37113 0.296463
0.632666 0.396175 0.55771
0.544891 0.603915 0.519176
0.54515 0.601939 0.534491
0.727886 0.333102 0.501862
0.386016 0.372715 0.662535
0.527374 0.369044 0.732011
0.407159 0.398209 0.362874
0.650297 0.389817 0.342256
0.399537 0.361417 0.333451
0.640472 0.391859 0.437595
0.598421 0.362174 0.360497
0.326079 0.357483 0.532362
0.63642 0.385595 0.555405
0.643673 0.374196 0.368795
0.343949 0.587176 0.441745
0.542802 0.370202 0.66332
0.616221 0.38231 0.580028
0.292665 0.340258 0.494734
0.404348 0.421865 0.593562
0.329757 0.377035 0.582904
0.66492 0.374166 0.542942
0.389492 0.36687 0.346509
0.567705 0.349904 0.641653
0.440351 0.412802 0.259649
0.52703 0.60551 0.411966
0.470441 0.365799 0.266636
0.709439 0.330938 0.514724
0.38191 0.400739 0.577194
0.270861 0.385826 0.535363
0.659612 0.376294 0.545506
0.717718 0.387022 0.412643
0.399323 0.375527 0.6144
0.301723 0.385223 0.402595
0.281251 0.40318 0.575292
0.289331 0.384777 0.570405
0.435109 0.374262 0.652325
0.681877 0.367659 0.454886
0.395868 0.370783 0.370005
0.3154 0.364129 0.517688
0.524954 0.390559 0.264006
0.446603 0.389848 0.647256
0.702582 0.330066 0.476113
0.379221 0.382705 0.379429
0.59493 0.356899 0.668995
0.326782 0.579079 0.523861
0.65917 0.359719 0.580158
0.362311 0.596458 0.533377
0.711702 0.328807 0.490253
0.469061 0.603797 0.564786
0.530717 0.608772 0.477634
0.657413 0.411463 0.634425
0.542992 0.535664 0.283194
0.735968 0.471818 0.469953
0.600953 0.37975 0.679081
0.605463 0.597915 0.519106
0.288066 0.377932 0.439387
0.349878 0.379546 0.409425
0.697387 0.333964 0.462089
0.659161 0.36519 0.551801
0.475526 0.344492 0.6958
0.522133 0.606756 0.421067
0.59551 0.374463 0.378337
0.270064 0.407332 0.552643
0.546597 0.365476 0.669563
0.427771 0.412451 0.328488
0.664247 0.449937 0.636273
0.625406 0.394254 0.661983
0.299752 0.351448 0.514405
0.498422 0.581244 0.336212
0.593237 0.352724 0.624313
0.455854 0.382687 0.669498
0.261507 0.391587 0.46156
0.653943 0.405667 0.433077
0.446211 0.384709 0.655085
0.419163 0.384805 0.313459
0.505313 0.447614 0.248597
0.520435 0.478294 0.726521
0.296651 0.366207 0.50005
0.416094 0.437485 0.718457
0.622668 0.399669 0.424329
0.441705 0.612855 0.463621
0.370735 0.395346 0.581833
0.327914 0.371803 0.539553
0.649897 0.486229 0.637997
0.703099 0.36359 0.479274
0.630307 0.383112 0.57677
0.453791 0.395509 0.737954
0.259303 0.461032 0.563659
0.698821 0.358944 0.420307
0.546898 0.570324 0.651817
0.438578 0.39966 0.26684
0.40359 0.403078 0.611998
0.318207 0.387442 0.434473
0.406732 0.508053 0.70151
0.659238 0.373047 0.554694
0.652101 0.373938 0.559016
0.491807 0.608042 0.450799
0.289544 0.470715 0.613087
0.617161 0.591024 0.44356
0.590185 0.369956 0.318148
0.595174 0.392654 0.596943
0.505352 0.347482 0.695133
0.571688 0.352869 0.350933
0.647091 0.404998 0.431568
0.545176 0.340552 0.699598
0.311626 0.38684 0.606293
0.444528 0.372357 0.293099
0.583668 0.380644 0.38463
0.625995 0.400773 0.574752
0.307477 0.375706 0.519993
0.607383 0.387839 0.393972
0.412506 0.385348 0.627008
0.510457 0.352593 0.692866
0.427145 0.386868 0.293494
0.442947 0.373201 0.66639
0.648912 0.367253 0.566572
0.466323 0.352715 0.685771
0.68217 0.351363 0.44047
0.518618 0.3618 0.289167
0.468462 0.603387 0.516937
0.432274 0.47687 0.261767
0.531726 0.353202 0.291778
0.580705 0.373443 0.632979
0.373809 0.392345 0.588685
0.547408 0.357852 0.669251
0.384147 0.397116 0.589694
0.658202 0.360008 0.564887
0.2831 0.375328 0.527882
0.283309 0.372592 0.461877
0.569374 0.377735 0.367938
0.356077 0.394781 0.572488
0.532097 0.510911 0.710364
0.454953 0.609975 0.466508
0.598127 0.398544 0.297832
0.315781 0.387839 0.422372
0.660517 0.553073 0.397783
0.504466 0.338974 0.713382
0.43229 0.383793 0.303164
0.747776 0.422057 0.461151
0.596771 0.379195 0.61263
0.725065 0.405843 0.422709
0.551029 0.586763 0.608113
0.432275 0.400485 0.271808
0.531791 0.496442 0.716264
0.690053 0.354891 0.456397
0.576693 0.356354 0.332737
0.433882 0.424338 0.261922
0.709671 0.34785 0.517366
0.521573 0.368033 0.284254
0.595799 0.375989 0.67633
0.434772 0.392423 0.306349
0.691017 0.349389 0.428687
0.432988 0.543684 0.294908
0.601617 0.36772 0.663099
0.268124 0.379091 0.484041
0.281824 0.427803 0.413822
0.582618 0.393031 0.380979
0.375975 0.579394 0.374071
0.320999 0.442249 0.340624
0.626777 0.375308 0.407312
0.575028 0.56891 0.6324
0.590883 0.379674 0.304349
0.40512 0.557792 0.322397
0.38389 0.384511 0.606677
0.294082 0.448339 0.363387
0.290172 0.372036 0.513355
0.467155 0.608022 0.452664
0.507204 0.361567 0.702025
0.441036 0.611465 0.468956
0.409761 0.517453 0.290265
0.720583 0.368844 0.433167
0.705689 0.362594 0.527914
0.67705 0.426592 0.616999
0.56692 0.356367 0.659868
0.596699 0.540503 0.324719
0.637866 0.522809 0.341168
0.447739 0.610206 0.433995
0.568607 0.360523 0.348244
0.666065 0.413378 0.62528
0.390385 0.377057 0.631185
0.322663 0.389973 0.40782
0.638064 0.394855 0.577818
0.66 0.383795 0.431231
0.703651 0.364608 0.562953
0.710876 0.353879 0.518799
0.632456 0.407748 0.580969
0.582648 0.371704 0.317007
0.436586 0.385646 0.286949
0.527659 0.372705 0.293004
0.363736 0.385774 0.330979
0.608981 0.565828 0.615728
0.702332 0.407188 0.588266
0.649137 0.377343 0.571565
0.392919 0.398191 0.61665
0.631233 0.548016 0.360411
0.410397 0.375272 0.666516
0.637838 0.507752 0.332935
0.438668 0.385244 0.667821
0.712293 0.366855 0.519199
0.3578 0.380148 0.62051
0.581632 0.370777 0.352568
0.595117 0.372064 0.633716
0.554611 0.575294 0.353952
0.570498 0.495528 0.693785
0.387627 0.608038 0.462974
0.512147 0.582794 0.348042
0.67231 0.366656 0.565613
0.719194 0.387393 0.422228
0.465849 0.59789 0.37132
0.719206 0.342599 0.5281
0.365506 0.38408 0.613332
0.269602 0.390667 0.470372
0.271409 0.427734 0.437317
0.435677 0.601596 0.558616
0.737561 0.359896 0.469768
0.367645 0.525689 0.321779
0.563738 0.448755 0.712779
0.591602 0.369042 0.669986
0.64495 0.551 0.595199
0.504697 0.346967 0.717136
0.335844 0.384291 0.37819
0.593855 0.393609 0.364595
0.725425 0.457109 0.546269
0.685564 0.365455 0.441165
0.271806 0.415372 0.441877
0.588652 0.383825 0.30222
0.618673 0.414354 0.375691
0.47813 0.586767 0.63885
0.398717 0.400475 0.635215
0.511272 0.355057 0.710438
0.718154 0.34526 0.522824
0.46878 0.375313 0.732682
0.267727 0.392605 0.465562
0.413793 0.431772 0.27575
0.723913 0.342442 0.469867
0.261122 0.430913 0.458548
0.61833 0.376278 0.344297
0.360162 0.530203 0.331941
0.583485 0.568653 0.359455
0.285268 0.38895 0.546488
0.32372 0.57388 0.456584
0.639928 0.3865 0.605192
0.418137 0.600581 0.565438
0.745613 0.422756 0.504433
0.322597 0.405531 0.411526
0.606283 0.3809 0.659204
0.301275 0.409496 0.3805
0.611918 0.408124 0.379015
0.431373 0.386733 0.669883
0.715837 0.47343 0.417594
0.740414 0.37126 0.506435
0.646868 0.404829 0.601031
0.536553 0.563363 0.323501
0.460078 0.607285 0.462548
0.265959 0.423666 0.540365
0.278735 0.534513 0.493875
0.291997 0.411972 0.424046
0.271455 0.44717 0.582061
0.643645 0.420682 0.643722
0.611102 0.377317 0.620105
0.348942 0.384932 0.638753
0.524023 0.554334 0.678167
0.543014 0.60381 0.460948
0.278211 0.525347 0.451532
0.567135 0.386927 0.709289
0.355624 0.438211 0.317267
0.425057 0.37408 0.677153
0.419883 0.404569 0.299399
0.613537 0.406423 0.367292
0.719447 0.349666 0.47515
0.456076 0.395373 0.277723
0.279172 0.435632 0.42895
0.422762 0.39579 0.663606
0.303856 0.396465 0.572903
0.661615 0.486579 0.34674
0.280316 0.441253 0.424701
0.268182 0.499547 0.453973
0.337779 0.402381 0.623996
0.498544 0.356594 0.719917
0.597698 0.534814 0.321571
0.58945 0.382122 0.677613
0.724881 0.351525 0.485505
0.576618 0.388352 0.697712
0.39524 0.417429 0.293043
0.382556 0.397047 0.633896
0.451551 0.363468 0.714639
0.677698 0.376919 0.426833
0.294629 0.414555 0.426113
0.31815 0.406838 0.591449
0.267974 0.446895 0.442504
0.607328 0.382424 0.634747
0.664062 0.378839 0.573711
0.403029 0.388037 0.661919
0.333029 0.389632 0.628747
0.655395 0.385323 0.360998
0.478949 0.478358 0.246963
0.60908 0.385616 0.318355
0.68198 0.375467 0.560059
0.643516 0.394822 0.608993
0.719568 0.348659 0.461026
0.599467 0.389345 0.352221
0.569583 0.380062 0.308906
0.54616 0.389849 0.282895
0.491227 0.411086 0.274074
0.42989 0.408213 0.277037
0.700971 0.360793 0.549748
0.400911 0.387634 0.661546
0.380722 0.399393 0.640696
0.431885 0.412702 0.282402
0.513392 0.412379 0.280655
0.704066 0.464351 0.386663
0.65129 0.529669 0.362328
0.252191 0.467476 0.47527
0.486166 0.600854 0.504092
0.679432 0.378112 0.566161
0.599842 0.596703 0.497365
0.374089 0.516549 0.678608
0.692574 0.444097 0.588349
0.589584 0.391776 0.302957
0.351145 0.397241 0.65385
0.344991 0.587538 0.511362
0.698595 0.436997 0.583893
0.716532 0.359845 0.456949
0.583727 0.379029 0.656725
0.701958 0.368663 0.442947
0.595805 0.39239 0.33925
0.449704 0.3745 0.69842
0.626773 0.583545 0.438578
0.425638 0.412188 0.28286
0.470878 0.600075 0.513502
0.709932 0.433152 0.403433
0.428987 0.442322 0.722499
0.719106 0.487035 0.525781
0.659552 0.389426 0.358798
0.513543 0.573703 0.335123
0.647748 0.505157 0.343812
0.4014 0.40249 0.697109
0.438458 0.609008 0.45683
0.717451 0.370862 0.457573
0.361014 0.559076 0.3617
0.307937 0.445744 0.63335
0.507759 0.371563 0.71486
0.698305 0.533116 0.452527
0.271095 0.435033 0.560571
0.427238 0.601366 0.540214
0.294407 0.443084 0.378824
0.65015 0.392137 0.379848
0.572664 0.375063 0.678339
0.253816 0.472098 0.485846
0.741593 0.431309 0.464548
0.393854 0.455521 0.70486
0.286777 0.527461 0.559575
0.471431 0.471253 0.246835
0.465704 0.585921 0.635754
0.607986 0.568568 0.608885
0.268868 0.434889 0.519072
0.583196 0.596119 0.537959
0.445176 0.375104 0.699549
0.28208 0.428385 0.578111
0.602749 0.594542 0.530672
0.304019 0.424083 0.420482
0.666849 0.411665 0.593025
0.633993 0.585531 0.497886
0.587716 0.59867 0.472088
0.483242 0.405615 0.738089
0.578434 0.597403 0.531104
0.660158 0.413289 0.607022
0.57096 0.394828 0.293958
0.741904 0.401489 0.464851
0.279886 0.429324 0.441096
0.292049 0.503738 0.410802
0.518561 0.603776 0.464266
0.71554 0.394204 0.561582
0.685031 0.437025 0.598035
0.673419 0.553191 0.437871
0.710692 0.371909 0.540594
0.30453 0.549461 0.550164
0.422835 0.397553 0.703615
0.523939 0.412157 0.272138
0.296319 0.442336 0.381782
0.412199 0.588916 0.601741
0.621146 0.56984 0.592126
0.668846 0.404284 0.385859
0.385894 0.400839 0.680621
0.260559 0.45706 0.514675
0.407781 0.433853 0.293338
0.718891 0.479933 0.531011
0.372565 0.445877 0.689386
0.340353 0.439674 0.360772
0.390727 0.420049 0.695736
0.551172 0.3788 0.704456
0.675469 0.398257 0.404429
0.582832 0.398893 0.316492
0.631052 0.441674 0.659386
0.313625 0.436917 0.631312
0.398661 0.460136 0.28947
0.668271 0.419361 0.583415
0.613065 0.587926 0.442261
0.267486 0.506322 0.506094
0.42037 0.460924 0.273806
0.509894 0.439272 0.270911
0.670759 0.388514 0.378448
0.652389 0.410981 0.359861
0.565563 0.505469 0.689725
0.63507 0.407078 0.635791
0.681206 0.410878 0.59192
0.646585 0.44294 0.642971
0.359278 0.562165 0.369434
0.365857 0.595018 0.513712
0.493663 0.393188 0.718862
0.280269 0.435508 0.576581
0.607762 0.403242 0.656734
0.298591 0.436897 0.382348
0.659552 0.391241 0.376587
0.284206 0.425849 0.558868
0.26188 0.47646 0.543766
0.699391 0.385125 0.429731
0.697337 0.390083 0.56207
0.359583 0.442735 0.340445
0.683591 0.468194 0.587868
0.261075 0.462513 0.520176
0.733827 0.383663 0.508394
0.481693 0.473041 0.25043
0.271376 0.44442 0.451746
0.309953 0.432143 0.612169
0.603594 0.528652 0.324413
0.320085 0.431991 0.365829
0.432781 0.596364 0.576034
0.420525 0.596095 0.573208
0.266748 0.449041 0.482212
0.310202 0.56145 0.470986
0.577474 0.388953 0.673129
0.521615 0.450881 0.726185
0.592075 0.406913 0.678754
0.411362 0.436709 0.70844
0.358731 0.551952 0.62726
0.59647 0.574957 0.38622
0.49282 0.556383 0.675012
0.280599 0.44198 0.442906
0.293362 0.541126 0.457289
0.439753 0.407568 0.725258
0.541942 0.595691 0.41081
0.563556 0.431538 0.710043
0.274517 0.488058 0.43965
0.350256 0.416847 0.638504
0.279082 0.472742 0.584263
0.688764 0.395945 0.562281
0.262872 0.484552 0.538134
0.63337 0.512708 0.635271
0.451265 0.448168 0.264269
0.476052 0.390547 0.721842
0.265704 0.48843 0.535971
0.323728 0.487079 0.636426
0.729781 0.429861 0.444879
0.620243 0.589641 0.488256
0.716759 0.490621 0.509043
0.265494 0.460854 0.528211
0.722875 0.384586 0.531831
0.519296 0.576996 0.350554
0.683799 0.411443 0.568589
0.469174 0.469421 0.254791
0.60776 0.428897 0.309393
0.737299 0.417429 0.456602
0.269217 0.456322 0.552692
0.345306 0.568171 0.56971
0.666647 0.419478 0.355197
0.699366 0.482509 0.398937
0.325274 0.539005 0.602971
0.722318 0.47916 0.500483
0.26842 0.456856 0.453851
0.271185 0.509082 0.496025
0.317344 0.453954 0.638253
0.29107 0.485425 0.59531
0.690471 0.414753 0.574982
0.524589 0.44929 0.266099
0.722128 0.403188 0.5251
0.629564 0.586525 0.486569
0.393134 0.412845 0.678596
0.611022 0.423643 0.323039
0.501277 0.417187 0.732821
0.642587 0.578036 0.510898
0.417246 0.574856 0.633096
0.334392 0.431374 0.642825
0.305748 0.549216 0.540141
0.689854 0.424758 0.376782
0.727466 0.41006 0.544852
0.634044 0.42634 0.638421
0.32724 0.457598 0.355258
0.356861 0.446632 0.670688
0.384306 0.506841 0.682626
0.648374 0.575727 0.493975
0.378313 0.59195 0.539717
0.272353 0.46339 0.534351
0.442482 0.491474 0.270483
0.676605 0.42284 0.374805
0.651701 0.44718 0.604639
0.361648 0.451738 0.638424
0.54941 0.573127 0.361782
0.686751 0.436214 0.583503
0.695019 0.413359 0.424818
0.469281 0.487218 0.258205
0.392512 0.42678 0.675564
0.717225 0.471831 0.436334
0.690031 0.412647 0.413958
0.607421 0.437046 0.309338
0.591405 0.419615 0.658374
0.643818 0.580637 0.474122
0.737329 0.415892 0.471411
0.373812 0.42997 0.680064
0.337404 0.579535 0.500252
0.541668 0.511576 0.274598
0.675561 0.423255 0.372049
0.577675 0.405238 0.678678
0.261252 0.473794 0.472058
0.414529 0.603498 0.508869
0.375485 0.526808 0.67005
0.28088 0.489562 0.433087
0.350505 0.427403 0.643589
0.50618 0.474766 0.257791
0.329677 0.43249 0.625404
0.596763 0.432197 0.674315
0.482706 0.406169 0.723812
0.411632 0.60114 0.523864
0.338753 0.448017 0.649315
0.37815 0.583958 0.392791
0.62365 0.447188 0.636743
0.711304 0.404333 0.432764
0.41155 0.490241 0.29393
0.275792 0.46981 0.537916
0.625197 0.449007 0.314766
0.394314 0.520318 0.307493
0.536997 0.473341 0.266353
0.273645 0.507383 0.494632
0.341686 0.559969 0.393939
0.687805 0.471503 0.379019
0.613294 0.442162 0.6445
0.614741 0.448791 0.310472
0.69211 0.462242 0.383039
0.702027 0.416621 0.554075
0.623261 0.454315 0.658156
0.614568 0.446182 0.319198
0.686283 0.439081 0.579916
0.660095 0.461872 0.369559
0.728686 0.457163 0.479992
0.434609 0.581212 0.624373
0.453138 0.597479 0.513577
0.628268 0.493424 0.643729
0.293051 0.536598 0.528454
0.641836 0.470271 0.641452
0.387258 0.580348 0.589812
0.267046 0.478557 0.532819
0.340736 0.439619 0.632513
0.616246 0.483532 0.311547
0.493807 0.552498 0.30675
0.374218 0.478191 0.314887
0.64202 0.450523 0.327523
0.683714 0.488578 0.573815
0.39392 0.444689 0.693704
0.355076 0.465847 0.332266
0.27767 0.510837 0.505817
0.364655 0.595644 0.468549
0.444881 0.60365 0.417946
0.721925 0.406785 0.452529
0.644027 0.452454 0.341907
0.720707 0.425417 0.525701
0.314898 0.484165 0.620614
0.574617 0.430759 0.66927
0.570947 0.523852 0.302509
0.683855 0.518283 0.407973
0.270679 0.483964 0.525324
0.723862 0.453973 0.518079
0.666934 0.522719 0.579997
0.720971 0.421283 0.542087
0.378178 0.465389 0.322187
0.681029 0.44045 0.569649
0.494854 0.595479 0.511085
0.684023 0.53731 0.523967
0.582295 0.576236 0.389389
0.490304 0.500093 0.269426
0.50344 0.531801 0.284492
0.483383 0.471912 0.725719
0.610909 0.461916 0.30574
0.587591 0.430569 0.67037
0.367755 0.466546 0.33181
0.679466 0.479801 0.376191
0.394122 0.471731 0.318069
0.558269 0.423157 0.702104
0.70196 0.454723 0.562235
0.391748 0.458201 0.664493
0.301329 0.540817 0.537004
0.609945 0.568286 0.391192
0.579109 0.589226 0.428302
0.61584 0.561239 0.382283
0.668696 0.451965 0.360127
0.592848 0.555238 0.630717
0.282113 0.5167 0.503965
0.722385 0.430809 0.525758
0.388693 0.546485 0.653886
0.382911 0.481177 0.316542
0.425313 0.594117 0.549935
0.718423 0.43649 0.524248
0.329912 0.519442 0.365617
0.691017 0.526242 0.528645
0.35908 0.456587 0.643396
0.725029 0.425336 0.501479
0.361987 0.447754 0.652804
0.336001 0.534511 0.369215
0.307917 0.467804 0.609819
0.670428 0.465937 0.364283
0.365857 0.454167 0.648466
0.363967 0.513596 0.661033
0.606623 0.46837 0.666103
0.444768 0.595834 0.522265
0.679238 0.528682 0.550806
0.649898 0.463158 0.608606
0.483349 0.535328 0.689456
0.588319 0.438993 0.665836
0.468864 0.575317 0.647093
0.683236 0.450074 0.563451
0.318142 0.501973 0.386852
0.459401 0.50933 0.279352
0.324487 0.463772 0.61013
0.405428 0.482736 0.311796
0.509141 0.437721 0.715744
0.485009 0.599478 0.411636
0.38162 0.588902 0.542941
0.30721 0.547905 0.518871
0.60944 0.580254 0.429559
0.338446 0.53865 0.611833
0.368795 0.449197 0.654377
0.718168 0.443601 0.538781
0.394311 0.504053 0.326536
0.710701 0.444535 0.541341
0.584404 0.449933 0.658603
0.39467 0.505304 0.313779
0.723525 0.436493 0.485187
0.718643 0.448141 0.525293
0.569489 0.510928 0.675439
0.327601 0.565498 0.510427
0.343053 0.504265 0.358519
0.543713 0.586567 0.398608
0.661736 0.485222 0.381118
0.339932 0.547949 0.591479
0.288587 0.502434 0.510422
0.690945 0.469055 0.540595
0.479381 0.502536 0.709648
0.388623 0.475806 0.685773
0.46434 0.593298 0.518485
0.443651 0.502197 0.290364
0.475766 0.578052 0.345054
0.492554 0.444244 0.719319
0.301439 0.541939 0.506886
0.623508 0.468403 0.320401
0.691307 0.50428 0.417876
0.641885 0.476968 0.604811
0.692958 0.453818 0.552377
0.495793 0.593851 0.503767
0.691505 0.464158 0.409023
0.70283 0.518434 0.468789
0.416205 0.47023 0.702248
0.661353 0.474075 0.368058
0.320858 0.475289 0.590241
0.565714 0.558553 0.638901
0.480254 0.549453 0.675418
0.298019 0.521674 0.4335
0.614683 0.50745 0.328713
0.419244 0.55976 0.33265
0.306021 0.492012 0.589544
0.687758 0.461154 0.562649
0.352242 0.578298 0.433896
0.408735 0.531973 0.314157
0.498166 0.59582 0.455235
0.708467 0.47866 0.526795
0.288183 0.518674 0.469684
0.597983 0.52243 0.327127
0.293777 0.52128 0.453506
0.313058 0.54019 0.426348
0.683659 0.511151 0.412643
0.425991 0.455814 0.697586
0.664884 0.488974 0.382382
0.323511 0.536458 0.394986
0.692057 0.510426 0.5397
0.411211 0.463774 0.689621
0.346291 0.517827 0.357457
0.369426 0.564935 0.591402
0.358907 0.471394 0.654465
0.37695 0.513285 0.630569
0.653447 0.486789 0.36883
0.691748 0.491717 0.414089
0.387593 0.484954 0.654905
0.646538 0.497016 0.373187
0.701678 0.46328 0.431009
0.489875 0.466523 0.71804
0.626508 0.548357 0.607795
0.414641 0.475091 0.697978
0.313455 0.481164 0.601349
0.4463 0.453834 0.715386
0.572242 0.479597 0.297203
0.366211 0.503586 0.630661
0.435792 0.459749 0.694993
0.630015 0.491545 0.604477
0.376569 0.582689 0.550198
0.668892 0.489488 0.58423
0.323602 0.544905 0.416017
0.657968 0.480697 0.590179
0.619677 0.576699 0.553379
0.431416 0.552375 0.324977
0.302162 0.521718 0.460835
0.683832 0.522648 0.540265
0.49522 0.476305 0.712838
0.38296 0.522746 0.336491
0.296339 0.512918 0.530452
0.624026 0.497774 0.337785
0.576331 0.590747 0.480311
0.421926 0.602167 0.432745
0.632995 0.485627 0.630565
0.400592 0.527988 0.671953
0.301285 0.530843 0.531754
0.437004 0.468801 0.690497
0.637437 0.529471 0.611999
0.396067 0.537316 0.327103
0.71565 0.476818 0.471063
0.499826 0.469891 0.699045
0.566542 0.520267 0.670368
0.712568 0.478022 0.486944
0.471388 0.589495 0.601945
0.678632 0.498792 0.416691
0.633974 0.477483 0.629016
0.494311 0.592034 0.398069
0.518171 0.537665 0.303134
0.682806 0.50028 0.410484
0.705105 0.477327 0.515016
0.677106 0.500629 0.567506
0.477737 0.597432 0.429832
0.46133 0.569503 0.337312
0.305475 0.536615 0.447928
0.704063 0.487734 0.522588
0.662212 0.482221 0.588499
0.404096 0.601171 0.442032
0.335727 0.551703 0.409489
0.494763 0.481207 0.68913
0.527539 0.471981 0.691298
0.55219 0.472069 0.689916
0.510038 0.54946 0.667411
0.665889 0.539931 0.547566
0.505864 0.592445 0.4656
0.320183 0.509427 0.591791
0.495352 0.544257 0.311367
0.699599 0.489279 0.45204
0.554462 0.46639 0.687638
0.565096 0.461467 0.676898
0.37074 0.489136 0.653602
0.37991 0.586361 0.413883
0.302871 0.531967 0.465099
0.506314 0.472213 0.702641
0.346367 0.526745 0.374884
0.572593 0.49505 0.642266
0.316776 0.494323 0.564852
0.646625 0.498538 0.582231
0.522569 0.589757 0.407081
0.312344 0.508636 0.575763
0.35899 0.552347 0.374386
0.405405 0.524871 0.326346
0.573569 0.464663 0.666889
0.359235 0.540201 0.361578
0.474256 0.470385 0.710509
0.47114 0.592701 0.466353
0.528693 0.522658 0.686496
0.419736 0.505539 0.655246
0.513819 0.583649 0.3849
0.688215 0.496987 0.452558
0.326986 0.554863 0.437064
0.474202 0.494139 0.708521
0.310326 0.50928 0.570571
0.509841 0.582003 0.379243
0.314569 0.529186 0.553171
0.332585 0.503081 0.593735
0.643697 0.522597 0.402651
0.605834 0.512223 0.640664
0.319251 0.517826 0.532612
0.653663 0.548238 0.552861
0.398772 0.49779 0.665338
0.647068 0.52413 0.381415
0.431344 0.549727 0.658518
0.625528 0.531258 0.40579
0.306693 0.521146 0.483757
0.376456 0.554754 0.36454
0.524557 0.543432 0.319407
0.657092 0.498824 0.579337
0.458621 0.473811 0.702449
0.592748 0.579 0.560867
0.480788 0.488034 0.705049
0.469333 0.477741 0.699632
0.366878 0.534045 0.357632
0.366794 0.536065 0.357615
0.502283 0.498013 0.698828
0.433992 0.486695 0.677517
0.622282 0.551832 0.598606
0.389552 0.598123 0.466865
0.446568 0.582778 0.605785
0.551033 0.503966 0.302277
0.311526 0.518786 0.535132
0.400305 0.596586 0.49214
0.476406 0.493368 0.704658
0.695533 0.506236 0.484784
0.424996 0.487668 0.67762
0.679536 0.520785 0.433348
0.491735 0.479582 0.700372
0.686497 0.500785 0.454222
0.539719 0.587894 0.531458
0.681909 0.506309 0.525313
0.321828 0.54431 0.523987
0.581846 0.581811 0.546933
0.627763 0.572792 0.516038
0.65873 0.510433 0.573584
0.319207 0.534436 0.446034
0.618651 0.562571 0.578246
0.445476 0.482596 0.688823
0.679063 0.504154 0.510375
0.329876 0.553624 0.522531
0.59869 0.55873 0.604577
0.41801 0.529382 0.334111
0.588006 0.537283 0.6366
0.674005 0.515324 0.442649
0.587948 0.510506 0.65106
0.313228 0.524341 0.495755
0.617203 0.569594 0.426223
0.512055 0.589592 0.415894
0.684258 0.517733 0.497854
0.621879 0.518929 0.361198
0.655668 0.559008 0.468614
0.428923 0.525459 0.325846
0.440141 0.586514 0.553473
0.542352 0.492683 0.686339
0.440612 0.530451 0.675589
0.617657 0.518069 0.594878
0.355569 0.576778 0.507078
0.53932 0.582234 0.572767
0.580364 0.49108 0.661138
0.358904 0.515619 0.629621
0.326913 0.514395 0.581459
0.544512 0.485087 0.6848
0.319051 0.531016 0.545447
0.557752 0.481185 0.677817
0.432552 0.596288 0.464628
0.524662 0.542803 0.667688
0.676499 0.535723 0.495444
0.39014 0.542403 0.357939
0.586058 0.559913 0.605768
0.402642 0.518916 0.658759
0.653295 0.519229 0.564777
0.523954 0.569102 0.366538
0.600535 0.556204 0.602287
0.612137 0.577368 0.50458
0.441868 0.590108 0.461624
0.342082 0.534206 0.589181
0.39207 0.578774 0.5546
0.335277 0.529125 0.433221
0.559584 0.510359 0.321205
0.571108 0.510549 0.636721
0.670134 0.535698 0.451916
0.446522 0.592715 0.426649
0.609517 0.578575 0.468501
0.435552 0.499484 0.672261
0.593599 0.519833 0.35653
0.53239 0.559677 0.639731
0.410787 0.591929 0.496291
0.65695 0.518496 0.554929
0.468344 0.567342 0.64163
0.675614 0.504452 0.508307
0.45444 0.492056 0.689412
0.676783 0.528041 0.4934
0.413105 0.520479 0.664454
0.483159 0.517436 0.313126
0.39956 0.589248 0.414794
0.665838 0.521078 0.541648
0.527483 0.586876 0.487222
0.442231 0.555148 0.337437
0.502857 0.523969 0.679761
0.48477 0.554416 0.33233
0.451668 0.498313 0.66901
0.416708 0.535881 0.35046
0.468633 0.523129 0.31474
0.425696 0.537795 0.356039
0.337346 0.557514 0.502668
0.675911 0.501642 0.474212
0.342405 0.530224 0.55924
0.514325 0.514263 0.655225
0.572431 0.552831 0.620794
0.656452 0.546031 0.519234
0.531945 0.560926 0.633463
0.663975 0.490116 0.494781
0.647975 0.527278 0.434553
0.427281 0.51657 0.657601
0.36001 0.548593 0.585118
0.454499 0.516787 0.646774
0.55078 0.583412 0.428473
0.349432 0.528587 0.566395
0.630066 0.539154 0.391732
0.415214 0.593298 0.465085
0.432709 0.583749 0.55049
0.419441 0.564301 0.620352
0.646984 0.514095 0.534912
0.521347 0.507896 0.670177
0.494743 0.586804 0.413257
0.652691 0.533826 0.557844
0.443122 0.586154 0.460047
0.489789 0.560932 0.644204
0.622428 0.547145 0.391272
0.604778 0.526365 0.361303
0.586028 0.543073 0.62407
0.57726 0.569213 0.584578
0.639804 0.536042 0.579284
0.583779 0.521936 0.343591
0.583687 0.520221 0.346975
0.557577 0.523658 0.327219
0.538017 0.520392 0.327371
0.349963 0.553308 0.415073
0.426953 0.516765 0.657385
0.444496 0.531583 0.632748
0.573259 0.566686 0.390704
0.608711 0.539442 0.604751
0.364097 0.557441 0.562593
0.584017 0.535717 0.627134
0.544139 0.562372 0.617959
0.65664 0.51794 0.524995
0.539727 0.521091 0.340158
0.61482 0.541705 0.383608
0.54129 0.532609 0.659696
0.460439 0.582839 0.55424
0.571033 0.549948 0.363657
0.509506 0.528996 0.337628
0.463776 0.578181 0.460742
0.57023 0.544684 0.355848
0.600078 0.532185 0.568031
0.485158 0.551757 0.651141
0.596021 0.529731 0.369283
0.35755 0.536384 0.558368
0.543069 0.520424 0.339247
0.449005 0.545747 0.334672
0.55153 0.5157 0.661483
0.574335 0.516523 0.640367
0.497453 0.54542 0.656501
0.447705 0.513127 0.572066
0.447402 0.583186 0.534469
0.434697 0.551448 0.346787
0.371952 0.546049 0.399666
0.4029 0.580513 0.539848
0.421265 0.54457 0.578492
0.439189 0.538346 0.355655
0.327299 0.53593 0.465247
0.601578 0.533397 0.3797
0.371961 0.543299 0.413771
0.339578 0.551868 0.515509
0.371869 0.534031 0.601002
0.354347 0.55144 0.545052
0.570594 0.575864 0.427015
0.445921 0.540941 0.356257
0.395738 0.570328 0.569199
0.401944 0.564695 0.594869
0.520491 0.571748 0.602383
0.455302 0.563435 0.357316
0.411165 0.544211 0.613192
0.640777 0.552898 0.45634
0.395425 0.562478 0.592597
0.409079 0.548346 0.626199
0.605339 0.571665 0.509951
0.488406 0.563099 0.629632
0.515454 0.529781 0.649616
0.415224 0.544611 0.392125
0.54845 0.499137 0.563542
0.336219 0.545989 0.487298
0.626856 0.558747 0.538288
0.586577 0.572573 0.424793
0.433319 0.545827 0.359263
0.388305 0.543767 0.580595
0.546112 0.520062 0.356586
0.345442 0.542325 0.511524
0.48913 0.524908 0.652089
0.646487 0.50703 0.511215
0.479269 0.513134 0.650393
0.357201 0.549178 0.555403
0.548988 0.580716 0.495771
0.331889 0.534028 0.482721
0.511336 0.569205 0.611316
0.666032 0.525203 0.464783
0.502428 0.58153 0.540239
0.564828 0.576728 0.430326
0.627579 0.532461 0.5671
0.586589 0.538814 0.615929
0.51294 0.579866 0.433939
0.385896 0.561986 0.404561
0.566935 0.573427 0.452394
0.562055 0.573669 0.436149
0.426807 0.576453 0.565875
0.619819 0.560647 0.527395
0.497718 0.575436 0.58614
0.613617 0.545949 0.573799
0.541944 0.572991 0.577229
0.636966 0.55167 0.502445
0.642625 0.545077 0.515706
0.448189 0.506843 0.569041
0.551082 0.537814 0.621227
0.425463 0.581169 0.489214
0.606879 0.567719 0.476025
0.482357 0.537093 0.647169
0.609821 0.519968 0.442578
0.573569 0.529059 0.380167
0.584166 0.550395 0.382708
0.483916 0.532743 0.646483
0.576786 0.535876 0.368245
0.614743 0.564585 0.490063
0.592912 0.554379 0.393228
0.473537 0.558328 0.354471
0.492234 0.536073 0.350479
0.629788 0.534256 0.440817
0.441261 0.576501 0.454429
0.599823 0.505857 0.446595
0.452131 0.537457 0.614827
0.647266 0.53841 0.453194
0.645396 0.503983 0.503158
0.550415 0.578291 0.505345
0.600972 0.538654 0.573584
0.526657 0.578613 0.551645
0.603202 0.568773 0.472604
0.470474 0.53828 0.351223
0.424688 0.538736 0.564397
0.410638 0.554002 0.593816
0.570737 0.570876 0.476157
0.387502 0.556055 0.569364
0.452354 0.576523 0.553077
0.43145 0.578153 0.507604
0.48091 0.574654 0.573442
0.387998 0.575169 0.441538
0.362181 0.519805 0.478511
0.619612 0.546606 0.553714
0.477945 0.567728 0.468952
0.626002 0.537933 0.441989
0.632899 0.546769 0.451994
0.423587 0.571093 0.397561
0.543081 0.487026 0.563664
0.600142 0.554696 0.565705
0.627082 0.512231 0.46391
0.50148 0.576355 0.55385
0.573841 0.559913 0.579286
0.36111 0.549263 0.505041
0.446156 0.557556 0.371403
0.496159 0.560671 0.371418
0.631828 0.554217 0.469305
0.567234 0.550283 0.600046
0.47838 0.569985 0.385643
0.621819 0.542171 0.55451
0.482977 0.568587 0.598643
0.634778 0.548044 0.504949
0.565331 0.569361 0.438147
0.549559 0.538851 0.360371
0.46157 0.574636 0.432323
0.465542 0.546311 0.639094
0.457913 0.546232 0.363293
0.475299 0.526073 0.640911
0.536388 0.533968 0.358155
0.653803 0.515702 0.481661
0.507871 0.569712 0.465402
0.362049 0.553732 0.482681
0.574993 0.567567 0.500259
0.505643 0.491376 0.616512
0.466978 0.574211 0.536776
0.640846 0.52975 0.498751
0.467974 0.57132 0.574175
0.533465 0.555184 0.60427
0.485541 0.568942 0.431946
0.558029 0.541678 0.582623
0.358311 0.538768 0.46999
0.575282 0.564472 0.452436
0.632372 0.535784 0.52253
0.450582 0.54112 0.591697
0.36865 0.539529 0.4926
0.376589 0.553416 0.52028
0.633117 0.498278 0.479746
0.36763 0.559314 0.459408
0.55197 0.566141 0.418842
0.580323 0.536576 0.399866
0.606122 0.546101 0.429481
0.453001 0.547237 0.616358
0.634064 0.540353 0.508857
0.363233 0.532699 0.481436
0.468104 0.566715 0.443913
0.617301 0.55312 0.457123
0.480271 0.562004 0.378927
0.511653 0.500693 0.617188
0.43358 0.562771 0.589502
0.490977 0.482779 0.625564
0.595392 0.533744 0.425779
0.40831 0.537263 0.432224
0.569667 0.564618 0.440587
0.39849 0.567679 0.422934
0.499024 0.570805 0.567482
0.500888 0.573832 0.518526
0.441117 0.484739 0.434567
0.373029 0.557858 0.467395
0.389127 0.568419 0.474191
0.45777 0.560083 0.464693
0.505347 0.567411 0.500973
0.622443 0.518596 0.466535
0.4572 0.565414 0.576692
0.539368 0.540336 0.599248
0.532584 0.571354 0.53333
0.559304 0.568659 0.525169
0.521099 0.502865 0.609073
0.568898 0.503351 0.429759
0.466948 0.561522 0.390604
0.494699 0.501967 0.620651
0.627732 0.525668 0.504806
0.549697 0.513701 0.397049
0.445138 0.506571 0.416821
0.440603 0.565033 0.568567
0.423811 0.550904 0.566676
0.515137 0.533292 0.372416
0.501027 0.559965 0.468888
0.582273 0.504079 0.441443
0.595802 0.484325 0.462056
0.61724 0.485687 0.51134
0.494434 0.563546 0.580405
0.453502 0.566392 0.494108
0.615693 0.473957 0.499293
0.446168 0.52402 0.397279
0.547752 0.552054 0.388297
0.456485 0.518007 0.577961
0.372697 0.546011 0.465805
0.493206 0.514631 0.370201
0.618924 0.488914 0.508782
0.469526 0.554279 0.378958
0.591755 0.525475 0.5456
0.495765 0.549981 0.607264
0.561729 0.511435 0.553468
0.465926 0.506999 0.586303
0.408576 0.563324 0.488228
0.596792 0.534193 0.542301
0.520598 0.565455 0.509453
0.4949 0.549229 0.386588
0.44938 0.558232 0.573093
0.401379 0.561204 0.491311
0.381472 0.506407 0.480773
0.523629 0.554162 0.586731
0.478727 0.53379 0.616961
0.576544 0.552004 0.428793
0.471456 0.556474 0.486804
0.470147 0.56416 0.523758
0.434204 0.495364 0.438703
0.446046 0.53012 0.567146
0.422644 0.537676 0.424735
0.621752 0.500612 0.486607
0.377241 0.534092 0.469159
0.435178 0.564104 0.545636
0.382304 0.503229 0.481887
0.533101 0.563122 0.557841
0.395047 0.501673 0.4667
0.435333 0.563217 0.443206
0.494043 0.500466 0.616324
0.462059 0.549541 0.387919
0.436716 0.43249 0.545763
0.612029 0.476101 0.497239
0.404926 0.558873 0.522678
0.596084 0.513711 0.53503
0.51837 0.537172 0.379787
0.382839 0.554824 0.466397
0.478788 0.541862 0.612256
0.390454 0.556318 0.488392
0.594949 0.551239 0.485501
0.417635 0.544241 0.425281
0.461278 0.553906 0.46917
0.399703 0.547548 0.504751
0.421397 0.557583 0.501273
0.476933 0.514423 0.379103
0.534822 0.562066 0.517152
0.422414 0.454803 0.4608
0.443704 0.547508 0.561858
0.512989 0.481779 0.39632
0.502671 0.551587 0.436291
0.513681 0.479963 0.39673
0.591035 0.462356 0.517696
0.515112 0.546999 0.464573
0.491039 0.50647 0.611595
0.437354 0.553975 0.464109
0.413256 0.554972 0.518415
0.491317 0.559594 0.544819
0.405942 0.536725 0.446925
0.504784 0.456912 0.599896
0.436584 0.462413 0.545003
0.616891 0.495054 0.478873
0.522954 0.55432 0.486163
0.456767 0.547964 0.472139
0.386786 0.505378 0.480486
0.50796 0.487443 0.603886
0.497338 0.512292 0.383893
0.44119 0.554925 0.550328
0.389207 0.481801 0.476354
0.526311 0.469593 0.583317
0.521941 0.483648 0.396941
0.56515 0.55661 0.525732
0.432002 0.445194 0.541274
0.609008 0.523892 0.512964
0.564406 0.52403 0.41267
0.39096 0.471829 0.508677
0.533351 0.530368 0.385962
0.556568 0.547852 0.465831
0.530262 0.407234 0.574543
0.400748 0.539527 0.491574
0.583837 0.536754 0.467105
0.395019 0.513961 0.488452
0.575542 0.542695 0.501997
0.423128 0.475288 0.536025
0.435691 0.528502 0.548483
0.545358 0.509666 0.408107
0.533544 0.558764 0.529012
0.492103 0.548764 0.563068
0.542232 0.541971 0.455582
0.550273 0.519136 0.407416
0.600552 0.479053 0.496042
0.541463 0.541629 0.464974
0.597451 0.44339 0.501955
0.426656 0.542522 0.429219
0.472207 0.478483 0.585954
0.560894 0.540112 0.469936
0.505625 0.539374 0.467586
0.559515 0.540943 0.439975
0.46799 0.531592 0.582795
0.395162 0.49534 0.501985
0.468295 0.480463 0.411626
0.509081 0.523679 0.3917
0.509641 0.545547 0.483524
0.524859 0.423382 0.582722
0.517276 0.555053 0.546398
0.478229 0.471849 0.401268
0.395253 0.527324 0.483931
0.469943 0.547492 0.505045
0.455905 0.539765 0.402036
0.438185 0.548465 0.498153
0.392847 0.485102 0.477482
0.421009 0.546554 0.528645
0.413985 0.473073 0.465838
0.555979 0.553304 0.524665
0.529691 0.522524 0.587961
0.405623 0.530949 0.488481
0.476701 0.53642 0.493628
0.427549 0.442148 0.536422
0.402522 0.467748 0.475253
0.519343 0.538455 0.435478
0.435502 0.513837 0.5437
0.578565 0.532767 0.512428
0.544558 0.537021 0.425033
0.5944 0.478877 0.493936
0.585996 0.524065 0.504779
0.577335 0.530679 0.498579
0.475878 0.51735 0.393659
0.596337 0.44059 0.487824
0.584564 0.464273 0.466701
0.444514 0.438075 0.444148
0.494487 0.495752 0.598108
0.590469 0.423663 0.512571
0.40887 0.536795 0.462307
0.594552 0.50207 0.505774
0.547835 0.549813 0.532305
0.596906 0.437681 0.471147
0.503526 0.528449 0.399618
0.43986 0.542824 0.528606
0.584605 0.524963 0.477659
0.525027 0.485916 0.403431
0.426805 0.540786 0.504255
0.431293 0.519476 0.540123
0.561855 0.53982 0.504843
0.418574 0.468137 0.53127
0.509249 0.534226 0.473988
0.467356 0.535416 0.48794
0.525021 0.535116 0.470894
0.435939 0.542167 0.526833
0.530182 0.536993 0.474248
0.594667 0.475654 0.493655
0.578928 0.413869 0.521455
0.457407 0.481243 0.429528
0.47971 0.535497 0.516453
0.5067 0.526452 0.409731
0.40813 0.488653 0.473227
0.421674 0.503758 0.459087
0.428474 0.481184 0.535709
0.452115 0.52157 0.418914
0.449005 0.452868 0.442949
0.589264 0.458419 0.505695
0.479769 0.517827 0.469325
0.524663 0.540785 0.548523
0.464456 0.523675 0.477609
0.573618 0.48016 0.461983
0.407196 0.491846 0.514065
0.491223 0.483373 0.593931
0.494153 0.410839 0.597838
0.536918 0.526507 0.467476
0.444756 0.475406 0.546628
0.516684 0.511757 0.404214
0.435051 0.528879 0.530201
0.521475 0.500019 0.581676
0.503634 0.526743 0.450143
0.51721 0.528661 0.445228
0.571647 0.521283 0.499774
0.539572 0.545094 0.523876
0.47621 0.436166 0.589641
0.601964 0.417783 0.475777
0.478152 0.424863 0.594438
0.580006 0.508219 0.524196
0.405488 0.421636 0.475174
0.420892 0.483576 0.531101
0.401415 0.43 0.509416
0.446034 0.393453 0.558667
0.500557 0.496795 0.403888
0.503912 0.535723 0.553503
0.486269 0.519402 0.46426
0.423236 0.508871 0.521717
0.481597 0.528061 0.538177
0.589688 0.43216 0.491276
0.413742 0.502814 0.472705
0.530416 0.510885 0.413942
0.424774 0.427543 0.532252
0.530778 0.534239 0.542856
0.501886 0.474443 0.584253
0.575744 0.420054 0.519901
0.404181 0.431094 0.481118
0.491555 0.45494 0.590221
0.488936 0.502343 0.577644
0.532203 0.47185 0.562433
0.4538 0.521825 0.430649
0.552458 0.514197 0.538526
0.495548 0.461039 0.411191
0.480746 0.424096 0.406756
0.406056 0.449645 0.487146
0.457424 0.521818 0.539251
0.54704 0.520581 0.54161
0.482149 0.519504 0.493118
0.510324 0.524443 0.490449
0.542642 0.347644 0.563447
0.562301 0.520786 0.52599
0.522096 0.519405 0.419322
0.439155 0.520195 0.468006
0.569436 0.500005 0.52579
0.566944 0.508582 0.481229
0.529756 0.530844 0.500637
0.490625 0.424578 0.408922
0.535045 0.461148 0.430537
0.490268 0.434639 0.593185
0.58496 0.481981 0.473131
0.47761 0.521624 0.55555
0.452101 0.407025 0.430885
0.556705 0.335795 0.554514
0.424731 0.497057 0.51618
0.523485 0.477322 0.41731
0.571126 0.481934 0.469301
0.526393 0.504871 0.558163
0.510911 0.421636 0.416863
0.424092 0.385342 0.534274
0.533145 0.516019 0.54484
0.507055 0.436476 0.417198
0.564991 0.475749 0.464134
0.474386 0.519896 0.516148
0.503145 0.514091 0.548871
0.451923 0.45937 0.445124
0.493063 0.458233 0.583624
0.433346 0.489332 0.458975
0.51894 0.512072 0.482442
0.433925 0.335155 0.564938
0.572057 0.450974 0.517918
0.473295 0.506506 0.421198
0.528941 0.508943 0.430263
0.515412 0.507047 0.464288
0.455347 0.517473 0.520644
0.437176 0.474522 0.535396
0.481445 0.428695 0.410942
0.457569 0.503333 0.465804
0.474269 0.50319 0.4549
0.495598 0.419755 0.413696
0.516185 0.508947 0.427797
0.405483 0.379996 0.502307
0.576325 0.323407 0.430337
0.412077 0.453616 0.511132
0.419343 0.327356 0.428338
0.501886 0.440849 0.416289
0.589796 0.392874 0.472162
0.512186 0.50858 0.445284
0.524768 0.529401 0.524705
0.486334 0.447239 0.587416
0.431286 0.478883 0.46751
0.528349 0.487914 0.431304
0.461472 0.498146 0.494373
0.529751 0.475441 0.555726
0.469169 0.357954 0.59491
0.58177 0.349378 0.527505
0.421858 0.468656 0.474738
0.439075 0.385901 0.548884
0.570643 0.473816 0.485237
0.587018 0.365829 0.496569
0.485206 0.394763 0.5951
0.429926 0.488312 0.491252
0.472718 0.504131 0.503258
0.471176 0.500167 0.543226
0.592552 0.394853 0.480565
0.424877 0.340782 0.429495
0.511921 0.493625 0.467839
0.461421 0.501089 0.534549
0.480048 0.482148 0.566736
0.417403 0.460626 0.48773
0.593783 0.359563 0.48098
0.462831 0.347484 0.591184
0.527005 0.507773 0.541405
0.457025 0.496063 0.491213
0.480264 0.419332 0.587915
0.507551 0.495353 0.482065
0.481504 0.509853 0.52841
0.499145 0.343635 0.595161
0.52591 0.43141 0.567134
0.506611 0.494008 0.480789
0.538181 0.493746 0.461905
0.593175 0.384661 0.481474
0.555506 0.486432 0.496017
0.489712 0.392208 0.593473
0.469302 0.407635 0.577806
0.56994 0.46685 0.491943
0.441464 0.45342 0.46127
0.466366 0.311136 0.600274
0.443435 0.307352 0.586306
0.570079 0.427047 0.514664
0.461586 0.489371 0.531193
0.564333 0.365347 0.534091
0.44139 0.477722 0.474577
0.442962 0.466907 0.462958
0.519555 0.452418 0.430957
0.521156 0.463554 0.433087
0.504544 0.501224 0.514643
0.512835 0.390901 0.420166
0.536763 0.497247 0.525255
0.435668 0.434249 0.533677
0.513663 0.478948 0.554875
0.440056 0.447891 0.534782
0.5189 0.468819 0.561524
0.541371 0.47361 0.462554
0.437367 0.403146 0.540333
0.550064 0.469123 0.527247
0.532553 0.494432 0.503559
0.460873 0.482378 0.495756
0.503569 0.421738 0.577704
0.484119 0.374933 0.59687
0.566428 0.4272 0.467373
0.44078 0.428421 0.538918
0.567449 0.429959 0.517138
0.585006 0.383701 0.490958
0.490285 0.462397 0.565069
0.546776 0.482677 0.526112
0.42764 0.444061 0.471105
0.448783 0.484219 0.507445
0.588189 0.353978 0.487745
0.532155 0.372469 0.42383
0.459573 0.453861 0.445616
0.542219 0.479401 0.473998
0.451487 0.435162 0.543276
0.461402 0.401025 0.427866
0.506146 0.464038 0.463547
0.580881 0.376509 0.516897
0.55205 0.457153 0.516582
0.548366 0.364306 0.544576
0.515372 0.395219 0.573814
0.50819 0.385659 0.421562
0.52596 0.466663 0.467888
0.470385 0.370498 0.411096
0.483759 0.449713 0.563238
0.535212 0.463775 0.482263
0.516314 0.463949 0.474604
0.452145 0.459763 0.472489
0.584945 0.343689 0.502883
0.454758 0.385993 0.562189
0.467939 0.456266 0.484866
0.523565 0.44615 0.558698
0.542829 0.4605 0.48783
0.475128 0.472464 0.541535
0.487215 0.463313 0.44472
0.474585 0.477369 0.5334
0.572918 0.409814 0.496527
0.47789 0.40389 0.417192
0.551584 0.43402 0.527579
0.430729 0.425358 0.467709
0.530163 0.456893 0.454917
0.495349 0.422705 0.572896
0.452619 0.474505 0.522803
0.445004 0.459855 0.493594
0.559606 0.444675 0.495063
0.513311 0.431132 0.569018
0.551796 0.447957 0.523896
0.528732 0.4867 0.531689
0.548263 0.456413 0.488611
0.470156 0.397407 0.576763
0.433735 0.421717 0.487431
0.45631 0.421897 0.447737
0.411864 0.338407 0.507392
0.592121 0.316831 0.519467
0.471917 0.459073 0.512457
0.536894 0.356625 0.557463
0.42327 0.394486 0.490766
0.441698 0.357927 0.556529
0.525725 0.458462 0.49669
0.555851 0.305225 0.567619
0.460599 0.284021 0.598057
0.539871 0.439319 0.533165
0.493704 0.374795 0.418283
0.488198 0.408318 0.572887
0.467149 0.442683 0.490867
0.45125 0.299299 0.591099
0.413167 0.300596 0.425177
0.521438 0.446207 0.478582
0.489609 0.322525 0.402058
0.56453 0.393462 0.522911
0.452641 0.347349 0.573514
0.485335 0.386369 0.583362
0.457333 0.433607 0.454607
0.472982 0.446232 0.453386
0.542524 0.445359 0.479264
0.430886 0.429542 0.513326
0.506112 0.473721 0.530262
0.407703 0.33687 0.468145
0.410016 0.336871 0.497103
0.526568 0.449009 0.467072
0.502175 0.439206 0.557336
0.42208 0.332413 0.433457
0.509704 0.302513 0.593735
0.502695 0.444941 0.470407
0.480817 0.458027 0.538998
0.530792 0.447941 0.49087
0.43402 0.406995 0.479464
0.52574 0.309241 0.587106
0.537451 0.354266 0.424318
0.431175 0.401143 0.521407
0.477905 0.424358 0.472354
0.527506 0.343658 0.570618
0.446295 0.423115 0.49878
0.452665 0.419018 0.459366
0.494078 0.429142 0.455829
0.506908 0.450401 0.508863
0.481723 0.446811 0.53181
0.458241 0.423591 0.471483
0.559792 0.3675 0.448331
0.464738 0.363478 0.576669
0.586127 0.265329 0.562562
0.460226 0.437157 0.533124
0.428786 0.395038 0.494344
0.453175 0.360533 0.565481
0.458262 0.322218 0.407898
0.498699 0.36613 0.419616
0.547679 0.376274 0.444063
0.498911 0.423651 0.48981
0.426511 0.392372 0.481479
0.483431 0.448277 0.530132
0.471075 0.444151 0.516081
0.51921 0.299513 0.593009
0.415849 0.336135 0.521178
0.488308 0.442597 0.537566
0.528134 0.434056 0.495424
0.577658 0.35487 0.494936
0.589601 0.317498 0.515068
0.465832 0.422773 0.476495
0.537621 0.311549 0.577644
0.583201 0.334579 0.481344
0.483251 0.332523 0.593813
0.511112 0.426032 0.472938
0.44976 0.293883 0.587868
0.533143 0.331761 0.415214
0.457308 0.402709 0.479818
0.44266 0.401894 0.526934
0.585159 0.325367 0.46732
0.521152 0.326294 0.579791
0.515161 0.344153 0.415496
0.520281 0.32651 0.40928
0.497438 0.400325 0.486139
0.441359 0.395558 0.491863
0.464561 0.35682 0.574743
0.469596 0.428942 0.528226
0.534251 0.372193 0.547278
0.477679 0.402448 0.484675
0.477837 0.411983 0.550921
0.467677 0.391937 0.559619
0.542405 0.371754 0.440489
0.424258 0.365483 0.48708
0.575684 0.347488 0.506591
0.425753 0.333153 0.435508
0.504838 0.400326 0.55352
0.507255 0.443497 0.522145
0.48795 0.298365 0.400404
0.484628 0.394063 0.564542
0.464762 0.398589 0.441873
0.53433 0.403651 0.485173
0.565936 0.367333 0.45839
0.592426 0.271505 0.432848
0.493688 0.404857 0.472722
0.476631 0.409075 0.462829
0.515503 0.283104 0.596057
0.534014 0.429066 0.513544
0.517214 0.41485 0.460541
0.548108 0.322471 0.418323
0.591935 0.293035 0.457673
0.435199 0.325967 0.559887
0.440953 0.387221 0.505975
0.532756 0.367909 0.435979
0.530904 0.409733 0.526616
0.454044 0.393415 0.533387
0.491268 0.389171 0.446221
0.514754 0.30506 0.586233
0.421803 0.342738 0.510416
0.441332 0.332441 0.559918
0.498626 0.418228 0.518924
0.555684 0.382493 0.481682
0.416963 0.288302 0.419799
0.473673 0.286762 0.397576
0.524696 0.409118 0.504558
0.496214 0.30356 0.587504
0.528461 0.415474 0.514929
0.467229 0.323034 0.583335
0.495272 0.396253 0.543858
0.417442 0.2478 0.59358
0.509379 0.391583 0.451313
0.512575 0.376078 0.434619
0.464756 0.392573 0.495171
0.511535 0.380101 0.552142
0.542819 0.395445 0.519299
0.477992 0.294633 0.591488
0.45816 0.390256 0.540219
0.530368 0.374795 0.543993
0.529991 0.41598 0.519718
0.500163 0.400246 0.500377
0.463931 0.387754 0.445297
0.558792 0.330116 0.429316
0.477794 0.392113 0.45625
0.446477 0.340624 0.560702
0.493822 0.400214 0.502315
0.524413 0.415609 0.530471
0.507734 0.400389 0.498867
0.509885 0.382295 0.48574
0.439906 0.355959 0.444564
0.537359 0.37332 0.453092
0.444052 0.276182 0.400773
0.463085 0.378705 0.540699
0.405429 0.280879 0.438176
0.508239 0.282342 0.590784
0.495849 0.365257 0.434184
0.508836 0.395697 0.528836
0.498938 0.364687 0.55476
0.482423 0.374126 0.451338
0.577909 0.326388 0.463035
0.482728 0.369005 0.475509
0.509407 0.374683 0.456736
0.529015 0.374004 0.491498
0.412364 0.303332 0.487004
0.460305 0.257002 0.593713
0.432845 0.359046 0.480518
0.405338 0.27417 0.496889
0.470075 0.363265 0.561226
0.438109 0.353543 0.444621
0.595099 0.252463 0.439152
0.513599 0.268403 0.595963
0.420394 0.335678 0.473127
0.475892 0.328623 0.414149
0.432382 0.361146 0.473649
0.540105 0.374246 0.456524
0.504119 0.333231 0.417715
0.417823 0.268259 0.576191
0.418516 0.280008 0.415598
0.470638 0.328949 0.578597
0.422798 0.335124 0.499922
0.503807 0.332322 0.417334
0.472082 0.363766 0.562182
0.506677 0.368244 0.469611
0.445289 0.350233 0.547467
0.413377 0.235399 0.597076
0.440682 0.32087 0.426407
0.461565 0.265178 0.396373
0.585265 0.275736 0.486983
0.482873 0.366089 0.530819
0.419989 0.274571 0.570278
0.501126 0.261667 0.593537
0.517291 0.359989 0.447599
0.527756 0.278104 0.40382
0.473887 0.365631 0.506778
0.422879 0.289489 0.560902
0.418681 0.257698 0.582396
0.564956 0.265096 0.579409
0.582089 0.29412 0.46623
0.497925 0.360282 0.498006
0.524347 0.297255 0.580992
0.480305 0.360879 0.545797
0.464264 0.348946 0.557563
0.49412 0.284542 0.404135
0.411039 0.279699 0.546294
0.563797 0.332518 0.490132
0.535772 0.351863 0.472459
0.547198 0.350318 0.499956
0.402778 0.260209 0.491493
0.489723 0.360681 0.503469
0.534595 0.364796 0.509217
0.471565 0.368623 0.511233
0.402985 0.268173 0.436394
0.495705 0.352701 0.471204
0.534194 0.247198 0.599994
0.499831 0.320885 0.416894
0.501985 0.356157 0.490862
0.562085 0.342867 0.476708
0.494957 0.358485 0.544847
0.581692 0.286704 0.482256
0.437479 0.271356 0.402508
0.57766 0.273269 0.555359
0.442192 0.343322 0.530209
0.461758 0.300582 0.413977
0.485985 0.338786 0.549895
0.488242 0.346734 0.531983
0.511376 0.320542 0.562054
0.494267 0.245795 0.594265
0.409071 0.273928 0.541068
0.437288 0.306766 0.559852
0.473501 0.347476 0.541712
0.525813 0.341092 0.539733
0.578027 0.275201 0.430785
0.583398 0.278287 0.463659
0.556354 0.257338 0.402346
0.517258 0.270186 0.404338
0.415436 0.290607 0.534432
0.478791 0.323701 0.569852
0.581863 0.278316 0.484932
0.492275 0.34979 0.516237
0.542093 0.331923 0.477516
0.480898 0.344129 0.49867
0.481151 0.266687 0.399529
0.55514 0.328874 0.523154
0.470472 0.331921 0.425754
0.485693 0.34672 0.529899
0.528461 0.337415 0.432151
0.466394 0.253894 0.589815
0.568261 0.312162 0.508638
0.597032 0.240368 0.538561
0.499828 0.311062 0.571018
0.591059 0.238027 0.570256
0.452908 0.345066 0.539474
0.454333 0.35709 0.51739
0.46433 0.268072 0.399881
0.554655 0.284604 0.416026
0.545753 0.339948 0.463253
0.488869 0.338514 0.481661
0.434307 0.323984 0.468911
0.460025 0.323456 0.430882
0.572078 0.260839 0.417662
0.494039 0.330775 0.534152
0.435656 0.31754 0.539437
0.486819 0.23205 0.594935
0.498354 0.325495 0.462842
0.512864 0.341284 0.524781
0.466744 0.277396 0.579504
0.468019 0.337229 0.526758
0.544314 0.322563 0.462645
0.594382 0.243813 0.520001
0.53233 0.328824 0.532359
0.550169 0.319632 0.503471
0.487243 0.330326 0.514845
0.4743 0.26805 0.582449
0.513404 0.272525 0.409005
0.481515 0.31722 0.424215
0.480435 0.235098 0.592893
0.580976 0.27383 0.501164
0.43085 0.31662 0.530785
0.559437 0.274913 0.568869
0.518732 0.314956 0.556759
0.480109 0.313829 0.56494
0.513031 0.327798 0.539982
0.474195 0.330834 0.474374
0.531435 0.28154 0.41218
0.505346 0.321903 0.427861
0.471434 0.331743 0.539728
0.488513 0.330077 0.533561
0.579492 0.228864 0.398617
0.513393 0.296368 0.573326
0.425678 0.310589 0.469269
0.523258 0.334303 0.532113
0.472334 0.33463 0.514645
0.573569 0.231883 0.592927
0.436636 0.231084 0.596293
0.476472 0.318242 0.522458
0.503733 0.311754 0.458274
0.527223 0.312851 0.496632
0.43248 0.305366 0.478919
0.485625 0.222557 0.596538
0.564882 0.296075 0.468736
0.589401 0.248707 0.532642
0.592662 0.213476 0.400837
0.481434 0.271629 0.409709
0.487931 0.316702 0.44869
0.573212 0.250001 0.41407
0.523054 0.299971 0.473804
0.416235 0.275099 0.505391
0.40526 0.24489 0.563771
0.511267 0.314563 0.435979
0.49195 0.317897 0.520687
0.491886 0.265439 0.408396
0.500168 0.293742 0.56631
0.440377 0.276175 0.4138
0.415364 0.273776 0.539088
0.404348 0.252703 0.518643
0.548468 0.289774 0.557475
0.515835 0.302701 0.47093
0.570406 0.268304 0.426247
0.488775 0.316398 0.450471
0.587256 0.250374 0.453353
0.45814 0.321296 0.449253
0.422777 0.262243 0.570729
0.595289 0.229437 0.509064
0.46923 0.319149 0.465901
0.467151 0.2671 0.579168
0.561565 0.300218 0.516141
0.538082 0.313056 0.50358
0.433973 0.306999 0.490139
0.531671 0.320404 0.514707
0.434773 0.252044 0.581086
0.582342 0.254094 0.488886
0.459722 0.300994 0.545293
0.559737 0.286665 0.48678
0.442874 0.28802 0.425564
0.47527 0.227291 0.39425
0.58797 0.243367 0.481739
0.410455 0.239276 0.410774
0.546991 0.291734 0.544833
0.413218 0.262516 0.52982
0.513721 0.238278 0.591192
0.478029 0.302689 0.523855
0.595106 0.228316 0.490437
0.579665 0.260171 0.514222
0.535293 0.294447 0.457223
0.524366 0.2315 0.595259
0.504655 0.244333 0.405468
0.596603 0.219615 0.514325
0.458757 0.283481 0.565724
0.573602 0.271777 0.477769
0.549121 0.234535 0.594903
0.435935 0.299182 0.443523
0.533986 0.229607 0.393987
0.517602 0.28709 0.564163
0.491601 0.298467 0.472637
0.600361 0.213226 0.521009
0.483686 0.303588 0.455603
0.525871 0.304652 0.529374
0.54549 0.286259 0.555316
0.441192 0.29344 0.551167
0.543946 0.294809 0.452339
0.51702 0.29545 0.42943
0.395465 0.221119 0.509849
0.424263 0.285517 0.516931
0.432621 0.298079 0.525707
0.517603 0.293902 0.492585
0.432804 0.287058 0.449887
0.487873 0.282759 0.428035
0.511123 0.253573 0.578649
0.581428 0.248169 0.473178
0.534869 0.229203 0.593903
0.474061 0.220388 0.395126
0.513492 0.240214 0.585469
0.543596 0.287567 0.513056
0.520208 0.277253 0.464113
0.427689 0.273777 0.482937
0.59599 0.221832 0.481892
0.56159 0.259606 0.567429
0.477947 0.279825 0.556268
0.501832 0.256809 0.415779
0.608191 0.198951 0.588654
0.54464 0.287391 0.513099
0.598569 0.215944 0.563316
0.503026 0.28371 0.503501
0.472645 0.292909 0.447058
0.395437 0.217273 0.526196
0.548447 0.279543 0.491264
0.457776 0.291283 0.511881
0.459888 0.290889 0.499429
0.540081 0.260332 0.416809
0.407212 0.229975 0.40976
0.50654 0.284931 0.508485
0.403014 0.221457 0.579289
0.50361 0.284624 0.540268
0.525264 0.251517 0.582184
0.596183 0.222504 0.445505
0.482791 0.234327 0.586632
0.490253 0.2868 0.432848
0.471353 0.293073 0.445859
0.525933 0.240844 0.405192
0.512631 0.2883 0.517018
0.39929 0.224694 0.563688
0.432826 0.239777 0.579875
0.504886 0.275202 0.524001
0.445104 0.256783 0.417455
0.41179 0.24561 0.433334
0.538487 0.273238 0.509357
0.47194 0.214378 0.395588
0.599467 0.203898 0.586643
0.414457 0.245723 0.522999
0.450898 0.277567 0.490127
0.44824 0.256467 0.570401
0.529648 0.263412 0.467598
0.549204 0.26834 0.456099
0.463806 0.276704 0.489001
0.56593 0.244021 0.418713
0.515238 0.2676 0.429141
0.591187 0.215517 0.578022
0.569823 0.256022 0.481343
0.518817 0.260929 0.488297
0.491474 0.240401 0.411295
0.457996 0.279939 0.437794
0.537414 0.268633 0.497268
0.494019 0.270455 0.465524
0.487207 0.271692 0.502914
0.586437 0.232161 0.528959
0.470016 0.275884 0.486134
0.525414 0.262706 0.48826
0.453194 0.234623 0.40406
0.453447 0.268911 0.555743
0.486499 0.223611 0.401609
0.49636 0.244109 0.413882
0.567375 0.259441 0.451416
0.431679 0.275051 0.450282
0.401234 0.221083 0.508326
0.538722 0.241196 0.58362
0.485882 0.270966 0.4916
0.566553 0.259848 0.493264
0.429068 0.255931 0.503083
0.521163 0.240581 0.417393
0.576144 0.239928 0.47142
0.451435 0.206399 0.392171
0.540317 0.258137 0.435577
0.46975 0.208177 0.39551
0.459968 0.219485 0.590178
0.487884 0.25977 0.538281
0.581291 0.229803 0.515806
0.473937 0.264989 0.455596
0.471465 0.265442 0.456292
0.528025 0.263066 0.539109
0.434473 0.252925 0.422992
0.42277 0.238345 0.418378
0.443016 0.262704 0.480395
0.418359 0.24581 0.432273
0.534745 0.202905 0.599435
0.536488 0.248489 0.475424
0.51687 0.215904 0.588845
0.506178 0.258411 0.552349
0.527934 0.257366 0.503517
0.525524 0.23799 0.415179
0.513701 0.2585 0.509454
0.410767 0.237416 0.446105
0.51087 0.248216 0.569355
0.545709 0.253201 0.470587
0.500023 0.261913 0.44133
0.397052 0.206649 0.579604
0.445329 0.268261 0.436624
0.400801 0.192587 0.604979
0.445692 0.2643 0.509184
0.579894 0.235462 0.458302
0.544054 0.232417 0.58394
0.556722 0.258612 0.542618
0.45253 0.266009 0.469481
0.521656 0.240391 0.417204
0.428442 0.250558 0.436612
0.542359 0.247543 0.513778
0.496044 0.247518 0.513456
0.487604 0.239437 0.566428
0.541713 0.244456 0.567114
0.46739 0.202095 0.394799
0.53018 0.207251 0.592488
0.562287 0.244882 0.552324
0.498269 0.247953 0.539615
0.490459 0.247096 0.54232
0.398131 0.210836 0.442809
0.513144 0.235827 0.421815
0.413804 0.22366 0.564938
0.48411 0.227983 0.416627
0.568229 0.23978 0.528006
0.463443 0.248631 0.489155
0.505589 0.244187 0.503297
0.55412 0.24446 0.46054
0.541621 0.250707 0.55114
0.57328 0.235381 0.462706
0.518328 0.248311 0.510715
0.570087 0.228082 0.574259
0.544285 0.248319 0.517319
0.450807 0.243671 0.562675
0.5731 0.2361 0.437601
0.56679 0.241607 0.448844
0.556054 0.241172 0.481217
0.550925 0.208646 0.594613
0.391929 0.195608 0.466665
0.510922 0.233831 0.572961
0.524216 0.218967 0.584365
0.518594 0.237187 0.464646
0.485025 0.249284 0.4382
0.578224 0.224881 0.516676
0.407699 0.224795 0.440419
0.484704 0.246039 0.549406
0.430641 0.230596 0.563662
0.54176 0.238398 0.530002
0.606073 0.188704 0.593208
0.496636 0.225527 0.572386
0.451487 0.238431 0.547697
0.45643 0.201335 0.396716
0.409457 0.20901 0.493066
0.45026 0.237605 0.512229
0.499756 0.208085 0.585939
0.409343 0.210642 0.522257
0.584731 0.2101 0.487351
0.526005 0.22912 0.495137
0.608983 0.182928 0.505044
0.515283 0.239422 0.528833
0.429101 0.232623 0.494139
0.461969 0.235488 0.506935
0.435806 0.240232 0.428696
0.541134 0.224142 0.577011
0.48575 0.230159 0.46671
0.477226 0.233573 0.464663
0.463795 0.241256 0.446573
0.582135 0.196324 0.395028
0.399466 0.204297 0.444941
0.446265 0.19106 0.60108
0.559611 0.236385 0.556617
0.572276 0.22531 0.529746
0.517044 0.21716 0.579159
0.45863 0.239033 0.466438
0.563817 0.234466 0.440357
0.39837 0.199313 0.527448
0.467285 0.233149 0.426301
0.387587 0.185848 0.516319
0.452649 0.237392 0.495973
0.54481 0.236719 0.444208
0.534495 0.231694 0.499962
0.595908 0.202027 0.459708
0.426861 0.219826 0.488104
0.566496 0.213853 0.418589
0.513741 0.216449 0.422091
0.539132 0.227088 0.531425
0.45648 0.22539 0.471797
0.45347 0.194749 0.39543
0.489214 0.216505 0.495344
0.521201 0.22877 0.530445
0.421711 0.19143 0.388813
0.432243 0.20285 0.401646
0.518198 0.209717 0.473146
0.507486 0.192725 0.59352
0.581872 0.210947 0.433117
0.58778 0.200297 0.531929
0.560935 0.226135 0.548805
0.494194 0.211109 0.577823
0.404114 0.203865 0.554173
0.562879 0.2252 0.557882
0.50629 0.222519 0.429793
0.532326 0.203415 0.585446
0.451971 0.230058 0.453998
0.408006 0.205979 0.56734
0.434 0.230711 0.452586
0.486428 0.217127 0.501458
0.396945 0.194352 0.422019
0.598085 0.188773 0.511115
0.5759 0.194411 0.395057
0.390051 0.183363 0.480033
0.519745 0.209995 0.472213
0.516867 0.219012 0.498087
0.555179 0.220889 0.498996
0.541884 0.226213 0.524742
0.607805 0.188124 0.575654
0.563056 0.206915 0.40803
0.503799 0.212593 0.472927
0.555024 0.18845 0.602573
0.424604 0.19533 0.402298
0.568176 0.213698 0.434467
0.392526 0.182005 0.490039
0.552426 0.215129 0.535868
0.57516 0.207174 0.460272
0.441478 0.192464 0.397346
0.585822 0.186222 0.393591
0.399111 0.18648 0.490802
0.421516 0.210332 0.433653
0.575132 0.181604 0.606275
0.48033 0.204849 0.511671
0.517983 0.210965 0.449651
0.563483 0.193351 0.590688
0.393206 0.18545 0.425768
0.418288 0.203063 0.515501
0.49917 0.179041 0.604476
0.555168 0.209107 0.473903
0.557123 0.211953 0.464539
0.442159 0.216652 0.559356
0.43122 0.186188 0.595846
0.626252 0.16856 0.620334
0.407671 0.175299 0.615951
0.50627 0.181251 0.601266
0.480095 0.209228 0.532844
0.619145 0.17696 0.555778
0.611796 0.174755 0.614812
0.540606 0.209834 0.50038
0.509612 0.207089 0.574033
0.471519 0.21409 0.44029
0.391766 0.182283 0.451753
0.488006 0.213356 0.557699
0.416354 0.192125 0.585547
0.564375 0.203915 0.414457
0.531364 0.216823 0.551118
0.408971 0.197839 0.536598
0.438223 0.214606 0.497714
0.425737 0.201943 0.53867
0.571205 0.201692 0.451103
0.497043 0.202773 0.565508
0.566536 0.202285 0.541032
0.469973 0.202623 0.442957
0.428762 0.187926 0.398142
0.457172 0.200908 0.519646
0.503918 0.199287 0.452156
0.420407 0.194395 0.473485
0.48213 0.190333 0.582773
0.441494 0.205698 0.560889
0.52546 0.204382 0.528893
0.536919 0.203635 0.526706
0.431839 0.204968 0.546234
0.502179 0.192463 0.482268
0.500692 0.179812 0.390283
0.477892 0.173359 0.381787
0.546189 0.187783 0.588921
0.60396 0.177933 0.468928
0.556662 0.177139 0.607489
0.546346 0.204048 0.534247
0.418833 0.194001 0.42041
0.58405 0.188494 0.521046
0.475138 0.197087 0.573991
0.606055 0.179048 0.453766
0.612661 0.173118 0.467717
0.50766 0.169776 0.612718
0.406638 0.187956 0.437036
0.420795 0.189407 0.405834
0.497941 0.186973 0.40546
0.421973 0.182363 0.387991
0.505465 0.191344 0.412795
0.529666 0.191355 0.477073
0.508215 0.192486 0.472939
0.543899 0.175129 0.608677
0.546549 0.187817 0.398798
0.422706 0.190565 0.526199
0.46142 0.180396 0.402213
0.448176 0.195714 0.434254
0.607527 0.173259 0.529765
0.47812 0.167126 0.375516
0.413853 0.179997 0.397424
0.479191 0.18839 0.535751
0.531249 0.193196 0.53283
0.624063 0.16804 0.406971
0.402881 0.178285 0.491018
0.48346 0.184352 0.484468
0.410312 0.183541 0.426834
0.382266 0.175008 0.544249
0.376418 0.174991 0.564203
0.416686 0.176603 0.59647
0.523062 0.193959 0.568588
0.506142 0.183443 0.482247
0.426206 0.188691 0.476248
0.545138 0.18682 0.472147
0.478766 0.190804 0.442719
0.477865 0.180516 0.586707
0.450368 0.193125 0.547947
0.561258 0.195662 0.560862
0.492843 0.191259 0.440614
0.501636 0.188067 0.51582
0.502347 0.193127 0.552653
0.630546 0.162281 0.37253
0.499765 0.19147 0.5406
0.58437 0.174591 0.383279
0.555442 0.190996 0.459169
0.52173 0.164592 0.618518
0.573942 0.18737 0.475231
0.572703 0.189243 0.464842
0.605145 0.172328 0.489812
0.543519 0.191081 0.423744
0.523837 0.168344 0.611436
0.419841 0.18056 0.444438
0.484678 0.177375 0.513317
0.60593 0.168016 0.490289
0.404699 0.172995 0.484477
0.481192 0.178473 0.528256
0.408304 0.173619 0.393927
0.565204 0.182879 0.542122
0.37048 0.166557 0.553052
0.529455 0.181729 0.441893
0.426847 0.169532 0.602081
0.403715 0.172469 0.470985
0.381995 0.169559 0.533442
0.607688 0.168738 0.460465
0.452359 0.182558 0.562346
0.566683 0.179223 0.411634
0.573316 0.174251 0.392213
0.464389 0.163273 0.371165
0.444703 0.182965 0.457199
0.576612 0.181539 0.429793
0.546796 0.181481 0.575859
0.464478 0.169163 0.59879
0.495999 0.176508 0.492076
0.605105 0.172957 0.574866
0.536947 0.179769 0.579444
0.570627 0.16739 0.61629
0.526705 0.182753 0.529222
0.435651 0.184642 0.425131
0.437546 0.182962 0.561405
0.529877 0.181463 0.42486
0.441537 0.184351 0.425989
0.627511 0.162465 0.445909
0.504159 0.17563 0.48407
0.496489 0.181463 0.541728
0.627791 0.162135 0.448208
0.505137 0.169097 0.383807
0.478154 0.177265 0.520708
0.414992 0.165786 0.600871
0.482458 0.170946 0.534918
0.467528 0.171771 0.57213
0.41325 0.169359 0.488922
0.62571 0.159668 0.516958
0.389607 0.166982 0.392985
0.422469 0.174394 0.431079
0.487661 0.169481 0.503308
0.532506 0.168883 0.487055
0.585708 0.170026 0.5783
0.6209 0.161422 0.523206
0.384634 0.161045 0.633259
0.584642 0.165824 0.382397
0.489403 0.171677 0.445268
0.396364 0.160214 0.632595
0.578017 0.170974 0.41472
0.378092 0.164632 0.536413
0.428181 0.165506 0.598479
0.497741 0.170468 0.580424
0.429214 0.168273 0.58732
0.390315 0.166247 0.520424
0.503952 0.172691 0.53909
0.431614 0.172616 0.486186
0.537151 0.159011 0.625412
0.553684 0.172048 0.507756
0.534696 0.162623 0.373344
0.390566 0.168118 0.542019
0.573732 0.171343 0.412112
0.476855 0.164165 0.382432
0.56165 0.158376 0.632583
0.549661 0.172592 0.517953
0.611293 0.165801 0.550098
0.450718 0.158728 0.622912
0.596431 0.161824 0.623558
0.397711 0.166569 0.455814
0.604245 0.165897 0.407073
0.412841 0.162574 0.587114
0.632345 0.155078 0.487362
0.406952 0.163389 0.423113
0.447652 0.163243 0.469902
0.364886 0.156596 0.446404
0.369556 0.159131 0.393064
0.447513 0.165028 0.444248
0.520933 0.160407 0.600511
0.484494 0.163612 0.418249
0.501156 0.161381 0.477673
0.400541 0.162493 0.432542
0.521934 0.163878 0.514517
0.409444 0.162203 0.392728
0.435403 0.164963 0.452304
0.577105 0.163444 0.486059
0.612322 0.159093 0.615279
0.401552 0.160646 0.375438
0.560968 0.16363 0.471542
0.43199 0.162292 0.586478
0.612603 0.160032 0.40175
0.576429 0.164759 0.574998
0.541624 0.164667 0.421977
0.401891 0.162798 0.532697
0.557474 0.163341 0.472477
0.4408 0.163169 0.579782
0.416677 0.162825 0.468217
0.51252 0.165351 0.556342
0.415938 0.164447 0.527698
0.384605 0.156301 0.640892
0.625982 0.158334 0.422222
0.393041 0.16095 0.501126
0.411241 0.157174 0.62843
0.499117 0.15772 0.612282
0.431052 0.158603 0.369937
0.394724 0.161366 0.515795
0.577822 0.159113 0.36975
0.408991 0.155827 0.47956
0.636439 0.152581 0.509845
0.533194 0.156516 0.511116
0.457871 0.155988 0.473312
0.516496 0.156965 0.428257
0.640874 0.152687 0.393811
0.568687 0.156002 0.598571
0.363695 0.154187 0.555379
0.485063 0.155927 0.466716
0.389799 0.155583 0.446841
0.633905 0.152633 0.486303
0.535321 0.154378 0.61694
0.376513 0.156207 0.593193
0.475531 0.154391 0.600547
0.396564 0.155977 0.440338
0.618295 0.1531 0.356876
0.591588 0.156533 0.553568
0.550591 0.153466 0.630078
0.627109 0.153248 0.475121
0.483731 0.156328 0.408422
0.50149 0.155794 0.489546
0.555794 0.156396 0.468848
0.489929 0.156783 0.436218
0.554588 0.156741 0.512579
0.420816 0.156431 0.463926
0.417155 0.156438 0.583417
0.469058 0.156384 0.406408
0.566449 0.153603 0.358303
0.611163 0.155229 0.603166
0.474291 0.153053 0.361185
0.591802 0.156592 0.579737
0.526663 0.156627 0.416896
0.44991 0.157028 0.413136
0.390837 0.156383 0.552313
0.558375 0.15595 0.59808
0.43226 0.157661 0.524617
0.404915 0.15 0.459711
0.504573 0.15 0.453998
0.4684 0.15 0.64306
0.497789 0.15 0.45062
0.531536 0.15 0.649149
0.629556 0.15 0.395659
0.604094 0.15 0.62225
0.3963 0.15 0.362076
0.430468 0.15 0.389497
0.585719 0.15 0.629528
0.393507 0.15 0.386851
0.386348 0.15 0.493056
0.475999 0.15 0.612233
0.415773 0.15 0.616106
0.589088 0.15 0.577589
0.351666 0.15 0.57476
0.627148 0.15 0.382035
0.400227 0.15 0.490053
0.558298 0.15 0.477583
0.386229 0.15 0.495225
0.410125 0.15 0.549609
0.599168 0.15 0.634829
0.459821 0.15 0.483854
0.579795 0.15 0.642584
0.588246 0.15 0.541818
0.581526 0.15 0.394734
0.607189 0.15 0.41635
0.390944 0.15 0.485969
0.519314 0.15 0.589509
0.541937 0.15 0.424572
0.419994 0.15 0.56435
0.607683 0.15 0.49388
0.500609 0.15 0.392665
0.504994 0.15 0.576746
0.562528 0.15 0.37049
0.395375 0.15 0.490016
