1944 0.012625
0.377123 0.250955 0.378843
0.426523 0.218673 0.32955
0.458878 0.194608 0.31235
0.497449 0.1893 0.312026
0.530104 0.190547 0.321204
0.565919 0.212562 0.341899
0.333412 0.213217 0.421448
0.347747 0.287892 0.349681
0.439252 0.291492 0.305813
0.498943 0.283568 0.294898
0.571325 0.290518 0.315904
0.640261 0.261487 0.363416
0.331589 0.197793 0.46295
0.302964 0.287167 0.435428
0.428804 0.379087 0.424555
0.500592 0.376519 0.41922
0.589324 0.375864 0.432077
0.692273 0.260681 0.439529
0.320066 0.19558 0.49447
0.297623 0.282117 0.504266
0.431305 0.378665 0.501263
0.505639 0.375456 0.499673
0.592155 0.370678 0.500719
0.700111 0.24794 0.504649
0.328512 0.199672 0.530154
0.317778 0.281268 0.578916
0.430821 0.365626 0.598451
0.497821 0.365358 0.599524
0.581732 0.367651 0.585576
0.685535 0.244674 0.560848
0.352104 0.243382 0.569414
0.36717 0.23324 0.630123
0.436808 0.25012 0.678733
0.499389 0.248131 0.694491
0.558172 0.268273 0.687194
0.636957 0.260517 0.625844
0.352752 0.244876 0.356066
0.352173 0.23667 0.573988
0.288742 0.256366 0.509476
0.58275 0.372611 0.493821
0.446611 0.33095 0.658207
0.542825 0.193142 0.307504
0.341698 0.212031 0.58673
0.362036 0.240838 0.585593
0.66436 0.1964 0.481674
0.470131 0.186713 0.288532
0.61526 0.247024 0.613225
0.645439 0.270049 0.628703
0.508846 0.304774 0.683422
0.497832 0.376327 0.534046
0.605432 0.368259 0.468336
0.664498 0.201369 0.467128
0.30769 0.204776 0.54605
0.393073 0.238854 0.359584
0.532903 0.230613 0.687746
0.357637 0.223702 0.619133
0.351279 0.260693 0.637565
0.418056 0.363688 0.602254
0.317655 0.204378 0.55414
0.524208 0.358371 0.614817
0.400855 0.236168 0.630102
0.675653 0.201769 0.565101
0.530677 0.37202 0.544078
0.43892 0.265242 0.682289
0.663054 0.23252 0.596258
0.458436 0.377646 0.500639
0.481447 0.204912 0.686536
0.674436 0.221497 0.577625
0.571967 0.374255 0.476269
0.656235 0.214842 0.577447
0.513711 0.238159 0.691472
0.322958 0.210514 0.417311
0.336088 0.218839 0.591717
0.295631 0.244631 0.427322
0.64419 0.295115 0.625386
0.687907 0.256682 0.427762
0.454167 0.377622 0.430751
0.541476 0.193811 0.305292
0.472634 0.249512 0.695538
0.467086 0.196007 0.677357
0.559927 0.371824 0.52493
0.516953 0.37474 0.498394
0.543493 0.20141 0.665404
0.619195 0.321437 0.356135
0.475791 0.374158 0.470523
0.694755 0.274697 0.532073
0.395083 0.36214 0.585545
0.319747 0.289924 0.571984
0.680376 0.220726 0.407185
0.401055 0.227179 0.639113
0.645839 0.315047 0.610771
0.470493 0.375065 0.447276
0.354612 0.233284 0.621402
0.507109 0.374368 0.471039
0.335261 0.28163 0.620927
0.640474 0.321548 0.380964
0.453802 0.377402 0.417161
0.31917 0.196629 0.523706
0.662405 0.271129 0.612326
0.365962 0.225887 0.602607
0.533295 0.206334 0.661087
0.687437 0.20502 0.463361
0.665162 0.26475 0.389558
0.528123 0.293238 0.688634
0.432466 0.301083 0.670111
0.31528 0.202863 0.549467
0.450568 0.314519 0.670267
0.642056 0.25816 0.620013
0.283806 0.213012 0.457852
0.283349 0.223509 0.457749
0.416291 0.223377 0.310568
0.694255 0.226401 0.442119
0.692046 0.208921 0.43512
0.53219 0.201435 0.296955
0.696148 0.241427 0.452873
0.672527 0.245121 0.58954
0.5475 0.330927 0.654863
0.285188 0.252884 0.461121
0.508731 0.263263 0.288097
0.680789 0.294736 0.536173
0.437016 0.275275 0.298621
0.650239 0.216925 0.371752
0.573991 0.372649 0.500803
0.338306 0.25786 0.628177
0.524327 0.255107 0.694039
0.283654 0.227759 0.496743
0.475611 0.374856 0.404316
0.673081 0.20045 0.47681
0.697924 0.221727 0.497429
0.522158 0.371533 0.558143
0.51262 0.375167 0.447162
0.657344 0.337634 0.466304
0.436136 0.212432 0.669971
0.372896 0.24315 0.373303
0.568396 0.339866 0.339515
0.556341 0.367644 0.383346
0.483176 0.241728 0.694442
0.458153 0.280275 0.295331
0.526739 0.374013 0.499842
0.629664 0.22902 0.370276
0.412675 0.219015 0.324998
0.694378 0.213945 0.448492
0.62426 0.226208 0.363181
0.425942 0.379295 0.452039
0.406393 0.248521 0.629719
0.280822 0.222237 0.485397
0.610267 0.366664 0.4602
0.685704 0.204745 0.453901
0.486559 0.330551 0.322346
0.520315 0.211438 0.290746
0.427821 0.215288 0.662828
0.400153 0.372254 0.537342
0.528644 0.207325 0.678427
0.657766 0.323946 0.4075
0.442649 0.378316 0.424639
0.57253 0.208883 0.662405
0.390744 0.242407 0.654054
0.303108 0.22965 0.549189
0.66504 0.203745 0.462208
0.376525 0.238162 0.639148
0.356064 0.354605 0.494693
0.377924 0.236409 0.36221
0.384731 0.226878 0.629831
0.502165 0.374158 0.47539
0.541507 0.297403 0.308276
0.528283 0.293029 0.688278
0.583386 0.209886 0.335856
0.634872 0.351039 0.520005
0.357629 0.35537 0.491122
0.313552 0.189616 0.480985
0.492213 0.357472 0.619392
0.318202 0.273271 0.592922
0.354164 0.334059 0.601475
0.576873 0.219979 0.655926
0.375631 0.288309 0.649609
0.460571 0.36642 0.378233
0.666659 0.204037 0.458881
0.5533 0.214185 0.649021
0.526054 0.374322 0.404417
0.572915 0.211437 0.660626
0.297181 0.247889 0.539873
0.289445 0.238968 0.515327
0.318956 0.260187 0.601868
0.668928 0.203232 0.463388
0.330089 0.215398 0.415396
0.505729 0.216933 0.287111
0.656898 0.33621 0.489782
0.667382 0.325472 0.461994
0.543092 0.246107 0.297352
0.453282 0.304994 0.310555
0.313204 0.303166 0.515346
0.684094 0.262657 0.42161
0.297719 0.266963 0.535416
0.388236 0.301614 0.328099
0.446943 0.307566 0.312638
0.410658 0.223659 0.647857
0.654837 0.217182 0.3819
0.311037 0.196494 0.522082
0.699679 0.258576 0.504651
0.310617 0.192017 0.489194
0.432494 0.246548 0.674662
0.524524 0.208994 0.665744
0.32324 0.28442 0.594593
0.596926 0.358363 0.601829
0.416506 0.219517 0.314276
0.354572 0.231544 0.585043
0.438644 0.279702 0.300633
0.561828 0.230382 0.309061
0.302054 0.193609 0.511278
0.40638 0.318027 0.654267
0.632925 0.223722 0.36678
0.699037 0.261122 0.516481
0.691646 0.251875 0.545224
0.566466 0.369311 0.564676
0.308986 0.281084 0.548522
0.390853 0.371221 0.500311
0.314263 0.255132 0.387552
0.300427 0.244505 0.546169
0.52446 0.195282 0.302586
0.317027 0.193607 0.467531
0.516807 0.233505 0.289164
0.489319 0.223118 0.284531
0.418825 0.221379 0.327954
0.345987 0.314884 0.365748
0.558291 0.371442 0.395135
0.644762 0.223575 0.382602
0.330322 0.208869 0.552546
0.687965 0.219289 0.546906
0.315385 0.198994 0.444897
0.45852 0.35349 0.628194
0.547246 0.196169 0.314334
0.422066 0.213933 0.314
0.542454 0.319914 0.666375
0.664785 0.210642 0.402346
0.502321 0.223538 0.286726
0.532996 0.372576 0.501726
0.299034 0.194545 0.507796
0.566644 0.279011 0.311055
0.501511 0.375493 0.429795
0.560207 0.2685 0.685588
0.309674 0.274071 0.561925
0.30427 0.211158 0.427238
0.318298 0.296693 0.552292
0.337026 0.339865 0.498775
0.700714 0.261409 0.471654
0.68114 0.297791 0.522217
0.59867 0.372616 0.427556
0.358292 0.265992 0.642449
0.538424 0.216779 0.682435
0.500085 0.368034 0.379352
0.570309 0.231404 0.676977
0.571044 0.206552 0.319419
0.359219 0.222072 0.611356
0.407396 0.236706 0.322628
0.361238 0.346422 0.389098
0.364702 0.317476 0.350591
0.521725 0.344242 0.63922
0.486475 0.225211 0.284623
0.500773 0.193468 0.297256
0.518915 0.364302 0.367734
0.35096 0.349409 0.468134
0.28821 0.231453 0.50903
0.627115 0.348492 0.575964
0.582599 0.219102 0.324802
0.61409 0.23688 0.633238
0.600255 0.356781 0.601809
0.421217 0.366451 0.380637
0.457522 0.37631 0.417337
0.486128 0.375486 0.416521
0.360149 0.238366 0.365994
0.531187 0.205822 0.675732
0.589064 0.215915 0.333168
0.671973 0.199607 0.513057
0.599121 0.239129 0.656201
0.572975 0.375184 0.453046
0.698932 0.245247 0.472315
0.474969 0.190681 0.304536
0.352436 0.283613 0.346484
0.466181 0.267848 0.69279
0.674526 0.195824 0.515278
0.551697 0.370216 0.530973
0.395918 0.372753 0.468468
0.306116 0.227983 0.551151
0.662467 0.217045 0.589154
0.441457 0.343122 0.337777
0.527127 0.267464 0.291837
0.523535 0.317825 0.672847
0.532041 0.355954 0.616303
0.283518 0.230391 0.488963
0.363586 0.297007 0.343795
0.621552 0.356465 0.53319
0.38774 0.336553 0.348248
0.308557 0.244329 0.560424
0.47028 0.23166 0.28483
0.6818 0.196223 0.520674
0.647287 0.225541 0.387588
0.384507 0.364255 0.550317
0.63793 0.351599 0.472032
0.513548 0.2444 0.691101
0.699185 0.255147 0.479041
0.683439 0.258683 0.562903
0.667232 0.265416 0.394706
0.559624 0.25478 0.306631
0.465781 0.37326 0.465752
0.405034 0.239701 0.638069
0.672166 0.196914 0.526008
0.429053 0.377044 0.509561
0.459227 0.212983 0.286754
0.619409 0.341589 0.377237
0.631756 0.229911 0.350704
0.626253 0.228611 0.364376
0.696994 0.247695 0.522058
0.439931 0.374427 0.545829
0.313517 0.298653 0.526538
0.37923 0.349392 0.375279
0.504334 0.208915 0.66989
0.464883 0.3737 0.469594
0.628099 0.301807 0.363833
0.577185 0.216878 0.66849
0.446744 0.210725 0.291265
0.3072 0.292926 0.507171
0.472646 0.279594 0.692284
0.412754 0.22615 0.327026
0.303735 0.216494 0.426252
0.344362 0.26154 0.353978
0.393234 0.364522 0.563655
0.434621 0.270178 0.678475
0.484952 0.193324 0.296965
0.300756 0.255757 0.418057
0.467991 0.236935 0.286523
0.407828 0.370782 0.548878
0.44771 0.278651 0.298877
0.67538 0.215502 0.567556
0.621821 0.266136 0.642974
0.375603 0.271915 0.651897
0.598024 0.264876 0.670708
0.634363 0.353292 0.446855
0.324964 0.302214 0.386835
0.382567 0.366339 0.445343
0.528665 0.351584 0.623814
0.66978 0.201591 0.504225
0.291911 0.224272 0.517613
0.483106 0.37426 0.434194
0.575939 0.368167 0.56156
0.578436 0.371612 0.400067
0.353872 0.223451 0.600796
0.394304 0.239547 0.340031
0.334784 0.231025 0.399669
0.52095 0.212217 0.668356
0.362907 0.356797 0.480136
0.5069 0.371566 0.468343
0.426295 0.221094 0.304241
0.320638 0.307231 0.538557
0.435271 0.233136 0.298847
0.342376 0.325648 0.379415
0.338781 0.245404 0.377438
0.645661 0.257801 0.613417
0.500729 0.370193 0.56368
0.644209 0.231519 0.597681
0.612973 0.247659 0.639755
0.38649 0.243695 0.346496
0.698113 0.265069 0.483184
0.302821 0.26028 0.409552
0.517841 0.213805 0.671689
0.417411 0.227417 0.325665
0.449334 0.266631 0.295132
0.460696 0.365773 0.58973
0.49573 0.372667 0.4991
0.646281 0.343293 0.491537
0.50308 0.371763 0.486491
0.47706 0.373228 0.493297
0.344342 0.344004 0.471532
0.293745 0.193851 0.468161
0.683732 0.209695 0.433723
0.66195 0.22129 0.586158
0.592869 0.368996 0.483269
0.393284 0.244679 0.624287
0.518949 0.216895 0.293659
0.316713 0.311008 0.450783
0.445431 0.209933 0.670061
0.449067 0.375804 0.495617
0.318781 0.315463 0.465113
0.317995 0.207931 0.431447
0.294028 0.238708 0.523038
0.338629 0.31871 0.379387
0.646581 0.272411 0.623437
0.672778 0.203298 0.492243
0.572981 0.37041 0.49945
0.69561 0.24182 0.511737
0.509078 0.37357 0.410696
0.542033 0.309736 0.315861
0.423705 0.37802 0.454648
0.33966 0.224426 0.576115
0.679271 0.218493 0.560169
0.660525 0.221317 0.40497
0.633805 0.292813 0.633889
0.311577 0.25185 0.565283
0.695738 0.264452 0.510656
0.533774 0.368251 0.534409
0.524823 0.214762 0.664403
0.540471 0.21154 0.661602
0.428723 0.296813 0.313428
0.653451 0.28097 0.384906
0.688936 0.216892 0.44614
0.632528 0.345331 0.562108
0.289002 0.238431 0.454208
0.371651 0.348413 0.589378
0.401195 0.312821 0.652023
0.65121 0.22594 0.385491
0.345248 0.232508 0.602631
0.407285 0.363469 0.587183
0.596464 0.366155 0.51808
0.677262 0.297826 0.531347
0.510129 0.36928 0.555209
0.594601 0.239012 0.649416
0.582309 0.233537 0.653783
0.320716 0.248947 0.39024
0.38035 0.36424 0.53704
0.448014 0.234144 0.678893
0.322053 0.228147 0.566869
0.348631 0.234957 0.608426
0.658733 0.275878 0.389154
0.574192 0.218128 0.664904
0.393551 0.240569 0.647439
0.564598 0.372835 0.458873
0.652976 0.225843 0.391065
0.427624 0.377637 0.478504
0.634795 0.344814 0.551309
0.610439 0.230925 0.341275
0.669091 0.316763 0.450394
0.538092 0.37026 0.469729
0.35757 0.352344 0.438331
0.303194 0.262339 0.415848
0.691035 0.264626 0.535198
0.367369 0.251989 0.597158
0.532092 0.218339 0.658266
0.402086 0.251798 0.658709
0.394806 0.319275 0.332003
0.376812 0.311717 0.637935
0.459723 0.268132 0.293852
0.587303 0.278922 0.670413
0.619707 0.349184 0.390973
0.367034 0.236074 0.608926
0.444976 0.277206 0.300786
0.649825 0.2666 0.612203
0.369574 0.358801 0.434659
0.569566 0.369015 0.504005
0.597211 0.363425 0.558391
0.479611 0.330911 0.325694
0.490621 0.297297 0.306291
0.538041 0.367821 0.520019
0.477982 0.199386 0.304967
0.615152 0.271105 0.65328
0.407141 0.328186 0.646551
0.58844 0.367257 0.515382
0.353393 0.237013 0.59177
0.293107 0.199936 0.465121
0.688435 0.242057 0.541016
0.568308 0.371594 0.464773
0.635667 0.351011 0.433102
0.473927 0.352823 0.351881
0.482491 0.21487 0.686904
0.327039 0.21774 0.555057
0.377292 0.23906 0.625065
0.615526 0.362549 0.452345
0.521959 0.201145 0.315797
0.327507 0.285977 0.598205
0.565926 0.238648 0.676848
0.388568 0.244177 0.628254
0.619632 0.232559 0.348841
0.559059 0.286383 0.313505
0.650332 0.269972 0.612575
0.367137 0.358932 0.508217
0.389327 0.322218 0.337041
0.539525 0.317836 0.665352
0.608845 0.324051 0.349964
0.462121 0.205144 0.67186
0.676031 0.272161 0.57031
0.62299 0.284133 0.644484
0.370057 0.361013 0.526519
0.671104 0.312649 0.500315
0.524614 0.371992 0.428266
0.374386 0.31868 0.631907
0.594709 0.24374 0.654097
0.404708 0.317251 0.650372
0.516736 0.245174 0.293865
0.620526 0.359123 0.463018
0.596678 0.364897 0.519636
0.574706 0.245803 0.673898
0.500754 0.370359 0.508202
0.69298 0.259738 0.525251
0.335041 0.334094 0.469781
0.425493 0.328477 0.651789
0.67852 0.206946 0.503068
0.690896 0.221926 0.522497
0.491961 0.37026 0.452336
0.321565 0.316963 0.466309
0.665074 0.218019 0.565656
0.480025 0.2011 0.293677
0.5857 0.236441 0.6611
0.461203 0.360134 0.604013
0.566566 0.276292 0.677763
0.30553 0.20948 0.519616
0.522561 0.368548 0.515779
0.298433 0.260222 0.516852
0.647259 0.253407 0.381262
0.29201 0.260163 0.486495
0.655541 0.254164 0.598252
0.687183 0.286062 0.49064
0.361922 0.318681 0.358773
0.298277 0.210411 0.451378
0.422763 0.237969 0.321339
0.458436 0.290248 0.306103
0.482424 0.370308 0.544422
0.522499 0.20763 0.308129
0.426508 0.251505 0.665666
0.567683 0.342302 0.346912
0.569382 0.267017 0.67781
0.549673 0.365316 0.53945
0.589265 0.230678 0.338214
0.671496 0.213022 0.480025
0.50118 0.366603 0.568768
0.475072 0.197645 0.671792
0.357322 0.352044 0.534394
0.49296 0.3705 0.533497
0.507227 0.359221 0.603862
0.334323 0.313828 0.385812
0.34472 0.343793 0.524355
0.375555 0.361053 0.438372
0.633882 0.248199 0.608129
0.551757 0.21123 0.318508
0.341254 0.245482 0.569504
0.319064 0.212076 0.445314
0.479443 0.372094 0.532647
0.307764 0.284402 0.433131
0.396615 0.331443 0.340255
0.416114 0.240971 0.655672
0.528114 0.367062 0.498252
0.525333 0.263874 0.690277
0.341476 0.252591 0.379307
0.365424 0.245962 0.613259
0.483089 0.241008 0.688205
0.480979 0.370734 0.534111
0.332176 0.231325 0.555589
0.413867 0.367292 0.392676
0.360615 0.319722 0.361893
0.58138 0.292709 0.664356
0.690596 0.251017 0.51648
0.334755 0.30148 0.596166
0.5014 0.370878 0.414892
0.674691 0.21278 0.497325
0.592554 0.28399 0.326492
0.300279 0.260793 0.519001
0.454013 0.372638 0.44627
0.673953 0.24085 0.411803
0.673931 0.212424 0.541448
0.465028 0.328292 0.326853
0.305103 0.227686 0.53344
0.491939 0.367764 0.458009
0.45384 0.262269 0.682267
0.485203 0.236286 0.291661
0.533643 0.239724 0.300957
0.613322 0.340681 0.615462
0.421954 0.292579 0.663568
0.591884 0.234776 0.340162
0.503491 0.25449 0.688609
0.448112 0.368267 0.559766
0.643402 0.275769 0.618612
0.687071 0.24214 0.454073
0.430597 0.236076 0.31654
0.573098 0.236175 0.65845
0.320375 0.281606 0.387345
0.530223 0.3647 0.552716
0.382363 0.249266 0.619263
0.343506 0.25061 0.574586
0.483913 0.366707 0.46744
0.295362 0.258409 0.493104
0.486483 0.208291 0.675632
0.622569 0.265878 0.624031
0.334823 0.240556 0.57728
0.651449 0.292225 0.390944
0.336595 0.306648 0.380732
0.304084 0.28384 0.461886
0.425479 0.375149 0.447913
0.385778 0.260563 0.641143
0.323566 0.291282 0.390362
0.662827 0.305617 0.562067
0.679275 0.29546 0.498259
0.315003 0.216857 0.44133
0.504207 0.2393 0.685054
0.438611 0.246418 0.305631
0.66602 0.227183 0.563856
0.352643 0.245178 0.598778
0.327473 0.229844 0.420389
0.406451 0.260001 0.644041
0.625166 0.266137 0.62203
0.338574 0.268565 0.619727
0.567476 0.364224 0.38771
0.290427 0.215188 0.469119
0.442599 0.230633 0.663199
0.687008 0.26535 0.533074
0.508998 0.366614 0.391484
0.403227 0.272224 0.320989
0.467586 0.34767 0.349121
0.575162 0.345734 0.35557
0.556475 0.311532 0.661995
0.518168 0.359569 0.3676
0.513443 0.365215 0.480666
0.471538 0.216265 0.685091
0.678762 0.213034 0.516384
0.528046 0.255118 0.2987
0.595045 0.255641 0.64277
0.296242 0.261125 0.487366
0.322867 0.266151 0.385243
0.666294 0.294091 0.415935
0.445366 0.371296 0.498115
0.445059 0.365565 0.567547
0.329646 0.298827 0.387493
0.383764 0.263251 0.638089
0.450641 0.224655 0.672477
0.560028 0.362977 0.531848
0.409057 0.372848 0.449115
0.612682 0.270099 0.345696
0.369056 0.304406 0.350019
0.444233 0.365188 0.388637
0.495866 0.364302 0.46518
0.395564 0.261491 0.646537
0.376194 0.347136 0.590452
0.449233 0.335114 0.335548
0.52579 0.224429 0.305289
0.440669 0.356575 0.368044
0.430751 0.355081 0.612778
0.300754 0.255314 0.442393
0.678227 0.223924 0.473237
0.56692 0.235105 0.669222
0.515539 0.275662 0.687513
0.613483 0.354001 0.559119
0.375788 0.300368 0.343348
0.355876 0.251473 0.600644
0.302402 0.217506 0.459201
0.453367 0.370359 0.477355
0.647631 0.243966 0.389682
0.560411 0.35699 0.372282
0.298396 0.248848 0.507681
0.484873 0.233767 0.685206
0.515837 0.282416 0.685439
0.605303 0.272209 0.650118
0.392516 0.259298 0.636646
0.353036 0.291881 0.359485
0.331064 0.313082 0.54788
0.497667 0.363916 0.496878
0.510811 0.367894 0.422631
0.449933 0.36507 0.39136
0.325685 0.29294 0.39219
0.506599 0.237602 0.681783
0.534495 0.222139 0.316064
0.39695 0.353061 0.598268
0.462643 0.299054 0.674302
0.508205 0.231985 0.301156
0.303406 0.249561 0.519799
0.411151 0.265527 0.659002
0.66833 0.315563 0.475659
0.625315 0.304931 0.369536
0.48708 0.212371 0.667604
0.345616 0.297817 0.612924
0.541947 0.229385 0.67068
0.490433 0.242274 0.297357
0.537037 0.364669 0.390788
0.297555 0.22688 0.460363
0.3515 0.307896 0.368633
0.600645 0.264244 0.63531
0.640154 0.343505 0.477327
0.625389 0.250204 0.372278
0.444514 0.241552 0.311719
0.455678 0.234452 0.305358
0.651469 0.334865 0.476298
0.319081 0.289514 0.536748
0.501668 0.222184 0.670153
0.302555 0.237005 0.517386
0.674162 0.296294 0.518477
0.334925 0.31592 0.393772
0.543993 0.362212 0.575068
0.565839 0.337127 0.635807
0.68002 0.219799 0.521019
0.334067 0.263293 0.599643
0.427912 0.29148 0.318046
0.32721 0.266658 0.585359
0.577244 0.316556 0.333088
0.459483 0.254342 0.679934
0.322497 0.286762 0.396334
0.602161 0.273105 0.644031
0.346672 0.270797 0.366825
0.64732 0.279668 0.605127
0.501126 0.355744 0.366777
0.428383 0.257783 0.657607
0.612535 0.27007 0.613499
0.321228 0.287734 0.543416
0.293552 0.240171 0.476161
0.47724 0.361684 0.470713
0.543229 0.367979 0.409914
0.302092 0.236392 0.451707
0.594785 0.286127 0.657386
0.519138 0.248496 0.681118
0.640013 0.29306 0.612586
0.6658 0.2261 0.476465
0.446402 0.259019 0.67404
0.39777 0.274813 0.629264
0.588762 0.26655 0.641936
0.379073 0.36004 0.473696
0.456009 0.252568 0.678171
0.518799 0.343692 0.34628
0.499347 0.362103 0.496626
0.665603 0.270599 0.575883
0.353735 0.26395 0.597984
0.48677 0.256652 0.684985
0.503828 0.362348 0.541938
0.684198 0.272123 0.514768
0.580665 0.362486 0.507722
0.504768 0.3621 0.554365
0.630259 0.339133 0.393829
0.307273 0.278377 0.460119
0.406788 0.341024 0.354191
0.514 0.24132 0.304508
0.606886 0.32288 0.354601
0.643057 0.288168 0.607109
0.315683 0.250664 0.418828
0.438464 0.369112 0.493033
0.498234 0.256945 0.682626
0.601501 0.260616 0.350968
0.354941 0.305185 0.368369
0.318618 0.264779 0.402357
0.304069 0.238533 0.455885
0.305297 0.23781 0.453949
0.407684 0.273729 0.655488
0.63164 0.348503 0.418484
0.548663 0.362806 0.460678
0.546648 0.24088 0.66903
0.635763 0.343914 0.480624
0.411548 0.368727 0.502834
0.474333 0.273279 0.684843
0.558998 0.265809 0.316913
0.466034 0.273813 0.304461
0.467705 0.361967 0.563128
0.640451 0.279985 0.387146
0.423698 0.267352 0.325044
0.458422 0.368168 0.426534
0.464121 0.361287 0.571136
0.363731 0.276802 0.601667
0.585631 0.359608 0.536293
0.50091 0.360939 0.55708
0.367186 0.319241 0.364444
0.638578 0.283767 0.611169
0.549292 0.301593 0.665835
0.517778 0.337391 0.340655
0.381449 0.271017 0.623736
0.374192 0.318425 0.624947
0.400977 0.278096 0.635199
0.39672 0.359282 0.398002
0.304064 0.245562 0.463556
0.62669 0.315904 0.377985
0.481813 0.32639 0.654427
0.319928 0.240923 0.435718
0.558437 0.256893 0.321741
0.669791 0.253997 0.555061
0.664607 0.269785 0.414163
0.555063 0.254868 0.32075
0.679183 0.25113 0.47343
0.324457 0.265128 0.558237
0.611366 0.265903 0.359821
0.464379 0.362763 0.492669
0.364289 0.300852 0.360414
0.551519 0.358199 0.490308
0.469693 0.36275 0.537459
0.536099 0.245471 0.665819
0.638205 0.264541 0.389839
0.640526 0.278458 0.602154
0.476069 0.329679 0.651085
0.469506 0.362424 0.399539
0.613002 0.358576 0.447075
0.673581 0.276496 0.440389
0.326929 0.304265 0.524041
0.459207 0.349559 0.61565
0.409604 0.326894 0.338903
0.521026 0.363356 0.424728
0.503531 0.357474 0.490647
0.670235 0.233983 0.486847
0.680308 0.260474 0.482358
0.45372 0.298445 0.319278
0.49793 0.299351 0.31735
0.474138 0.286316 0.679381
0.570181 0.355547 0.378683
0.614323 0.356471 0.458877
0.329556 0.304534 0.527168
0.395359 0.364287 0.440136
0.495203 0.357761 0.575506
0.642643 0.310752 0.396657
0.665951 0.246578 0.545867
0.669994 0.250552 0.435191
0.349647 0.33673 0.528794
0.471783 0.360038 0.509764
0.674371 0.246376 0.476013
0.460662 0.248634 0.675481
0.610244 0.351643 0.520655
0.385897 0.285718 0.342655
0.636831 0.326444 0.586138
0.500853 0.240446 0.312451
0.492937 0.23313 0.674566
0.554063 0.355681 0.521136
0.317971 0.273095 0.414496
0.553248 0.355849 0.512714
0.554324 0.358346 0.567032
0.497453 0.254617 0.67809
0.337024 0.324337 0.481418
0.490907 0.355438 0.482009
0.389016 0.281218 0.618513
0.678514 0.270561 0.483235
0.32938 0.280282 0.391938
0.472841 0.317377 0.329347
0.320229 0.282868 0.523929
0.331664 0.284715 0.565983
0.419198 0.370269 0.442556
0.473989 0.355498 0.378813
0.525726 0.357062 0.579243
0.618545 0.352895 0.461965
0.448868 0.3652 0.466903
0.423417 0.367872 0.495518
0.417269 0.36716 0.501036
0.389826 0.294034 0.639093
0.335051 0.31499 0.50492
0.614624 0.325184 0.371291
0.429046 0.329333 0.340774
0.645473 0.273022 0.405451
0.310604 0.268262 0.482131
0.668952 0.277452 0.438717
0.417044 0.360001 0.55343
0.503716 0.276925 0.676459
0.592417 0.339409 0.364941
0.316682 0.269239 0.502751
0.668394 0.272419 0.435153
0.541476 0.352596 0.540168
0.363161 0.305072 0.614892
0.461197 0.266858 0.311427
0.334731 0.318631 0.47219
0.616188 0.354166 0.452186
0.354264 0.333515 0.550586
0.390313 0.293788 0.34179
0.471161 0.35566 0.58319
0.359013 0.333352 0.393393
0.664374 0.293596 0.53558
0.5117 0.246544 0.315799
0.646863 0.276095 0.403298
0.635806 0.290562 0.603845
0.5495 0.353973 0.4751
0.668318 0.241057 0.497548
0.517694 0.354672 0.548959
0.50067 0.332938 0.343022
0.668769 0.250148 0.446765
0.554017 0.354647 0.487563
0.322214 0.265548 0.524559
0.321894 0.266776 0.522425
0.505558 0.356215 0.450322
0.569106 0.355462 0.514345
0.411174 0.354907 0.589097
0.343058 0.289466 0.594058
0.369222 0.294899 0.613624
0.454133 0.294644 0.663855
0.526583 0.356642 0.394469
0.382867 0.285774 0.353083
0.515069 0.358153 0.408006
0.666327 0.283794 0.442419
0.651096 0.280318 0.4114
0.373963 0.351309 0.47071
0.517163 0.354004 0.581351
0.323161 0.284771 0.427417
0.40039 0.350859 0.588761
0.356426 0.291758 0.600663
0.537698 0.333783 0.347318
0.664661 0.241086 0.508618
0.483517 0.261266 0.312591
0.581098 0.283477 0.648712
0.536691 0.347767 0.478469
0.536232 0.263764 0.318653
0.492092 0.31594 0.332056
0.444775 0.3614 0.496151
0.628822 0.323223 0.390004
0.562581 0.355863 0.469098
0.513514 0.353097 0.550313
0.332418 0.274077 0.404885
0.434165 0.322491 0.337595
0.509335 0.34796 0.477365
0.361358 0.336478 0.399615
0.460924 0.346998 0.368076
0.669271 0.290522 0.466156
0.479727 0.259575 0.676235
0.572816 0.364022 0.444213
0.661101 0.29612 0.534365
0.589068 0.29045 0.342659
0.424089 0.283782 0.652187
0.573222 0.354978 0.546987
0.498976 0.30523 0.325595
0.349108 0.328579 0.484898
0.461991 0.251494 0.6694
0.332592 0.29861 0.505851
0.394627 0.294477 0.345196
0.334141 0.301194 0.408468
0.656572 0.310841 0.44994
0.46826 0.352995 0.581143
0.546205 0.358119 0.398605
0.513759 0.285895 0.666468
0.560344 0.345971 0.37117
0.387473 0.293466 0.618738
0.34713 0.3155 0.398294
0.505548 0.295418 0.664629
0.385041 0.303928 0.354094
0.584613 0.310407 0.63712
0.598081 0.306103 0.353071
0.447254 0.298161 0.326601
0.546865 0.347643 0.521833
0.361966 0.331298 0.565882
0.662474 0.294408 0.500851
0.510011 0.299957 0.662066
0.588617 0.351455 0.514449
0.661475 0.299931 0.454834
0.321953 0.265192 0.447888
0.379063 0.345034 0.560931
0.503915 0.300029 0.662764
0.332966 0.282791 0.53826
0.668649 0.265111 0.52048
0.543475 0.355012 0.389126
0.651968 0.303204 0.546968
0.482039 0.351032 0.518418
0.429966 0.308146 0.646846
0.557893 0.359884 0.444022
0.341243 0.312664 0.528906
0.448853 0.274092 0.664842
0.665138 0.247782 0.532393
0.369161 0.312104 0.377772
0.485607 0.341459 0.474621
0.546281 0.327533 0.632873
0.453758 0.306707 0.652773
0.366215 0.307469 0.59938
0.65042 0.317676 0.452709
0.588134 0.35228 0.565089
0.325643 0.269208 0.44977
0.427813 0.290012 0.334749
0.642424 0.319558 0.516794
0.584598 0.316479 0.631187
0.33607 0.297682 0.517853
0.48658 0.345549 0.504893
0.482337 0.304076 0.330773
0.473632 0.32966 0.350546
0.321617 0.273232 0.457877
0.362707 0.334109 0.535699
0.579018 0.350191 0.495611
0.443193 0.356046 0.51009
0.385788 0.30346 0.357475
0.498454 0.286765 0.665314
0.664498 0.277423 0.463405
0.32255 0.268822 0.457212
0.392138 0.317789 0.621353
0.489585 0.285064 0.3213
0.530242 0.345592 0.602408
0.424304 0.323134 0.635122
0.54705 0.349859 0.555996
0.483138 0.345581 0.461328
0.485348 0.346889 0.516234
0.589094 0.310654 0.631342
0.61856 0.286596 0.59885
0.470654 0.351478 0.536318
0.368914 0.341615 0.487713
0.367668 0.312765 0.600373
0.64069 0.331027 0.456683
0.365121 0.326396 0.563939
0.486837 0.340052 0.494598
0.38029 0.317199 0.373532
0.469568 0.285321 0.665354
0.535248 0.339074 0.613391
0.628541 0.338805 0.456827
0.376211 0.3462 0.423169
0.486363 0.323173 0.347161
0.391165 0.342142 0.386418
0.486304 0.33972 0.492106
0.525182 0.290656 0.324848
0.400787 0.29135 0.615335
0.446954 0.356555 0.405955
0.534472 0.34074 0.534605
0.553398 0.281055 0.649529
0.32548 0.282497 0.477266
0.634467 0.334164 0.450705
0.534964 0.28981 0.32653
0.642196 0.292692 0.415374
0.541517 0.324072 0.34654
0.408987 0.354474 0.515347
0.658454 0.257587 0.499676
0.467311 0.2451 0.663003
0.418667 0.296253 0.342794
0.484154 0.346517 0.540215
0.535828 0.336228 0.361723
0.34677 0.321428 0.451108
0.406668 0.313034 0.346769
0.389825 0.349158 0.402068
0.658346 0.291819 0.471679
0.505844 0.338724 0.366844
0.467256 0.345423 0.381407
0.411756 0.31489 0.630967
0.34405 0.289085 0.410639
0.557152 0.331123 0.355253
0.44461 0.317949 0.639775
0.371141 0.333226 0.539793
0.653888 0.264465 0.464407
0.657196 0.271051 0.509694
0.500593 0.318842 0.637861
0.56038 0.341559 0.499253
0.584003 0.351915 0.459459
0.435678 0.35726 0.446026
0.526435 0.331462 0.483406
0.390658 0.293498 0.599405
0.369803 0.308357 0.386115
0.612559 0.339057 0.563916
0.526861 0.334102 0.507081
0.550405 0.350439 0.444239
0.479466 0.343983 0.541762
0.484291 0.332448 0.478038
0.370051 0.326654 0.394415
0.649247 0.292699 0.541979
0.386351 0.344301 0.510901
0.572419 0.348148 0.389021
0.461526 0.342801 0.470762
0.635896 0.30921 0.567113
0.378864 0.299822 0.375859
0.415254 0.338416 0.369178
0.422855 0.357573 0.477512
0.623896 0.291127 0.586247
0.399072 0.352029 0.495051
0.52046 0.334973 0.461021
0.532305 0.333472 0.501243
0.633268 0.326244 0.417212
0.368651 0.332867 0.513996
0.624066 0.305762 0.399404
0.546041 0.337363 0.486261
0.472819 0.296523 0.658409
0.475313 0.345797 0.390396
0.56903 0.350801 0.457816
0.386357 0.33885 0.570813
0.366985 0.33391 0.435753
0.646825 0.258242 0.479991
0.47562 0.285588 0.660145
0.511462 0.316202 0.632389
0.417614 0.354603 0.479298
0.552305 0.343513 0.456834
0.54877 0.310007 0.631723
0.337579 0.290664 0.450541
0.352615 0.303558 0.412762
0.541006 0.292951 0.338217
0.526248 0.283215 0.649125
0.522268 0.296605 0.642971
0.507194 0.282811 0.335261
0.511668 0.337865 0.380049
0.604353 0.347411 0.452963
0.37345 0.338512 0.431687
0.525075 0.336877 0.445388
0.377303 0.316276 0.387784
0.483014 0.341525 0.591738
0.644721 0.295174 0.486982
0.540237 0.330879 0.483186
0.366916 0.334352 0.422119
0.514235 0.322417 0.626226
0.425948 0.349197 0.516696
0.650321 0.27169 0.494691
0.425833 0.314798 0.629946
0.4804 0.302778 0.650132
0.407517 0.308601 0.61899
0.536325 0.298406 0.337116
0.518974 0.328929 0.464188
0.540833 0.335334 0.463503
0.359758 0.315846 0.543396
0.405688 0.332434 0.37029
0.448913 0.321797 0.630521
0.457115 0.343717 0.52522
0.542907 0.344934 0.442077
0.402515 0.318487 0.606157
0.644383 0.26001 0.493101
0.618874 0.336531 0.427214
0.520833 0.31311 0.626875
0.600338 0.335473 0.477473
0.536217 0.332503 0.455338
0.386674 0.338674 0.476799
0.491624 0.318474 0.356721
0.339969 0.290922 0.459993
0.464021 0.290982 0.650268
0.490428 0.328003 0.369435
0.540236 0.345284 0.420585
0.497386 0.338679 0.570304
0.558763 0.341947 0.559225
0.387251 0.319642 0.386196
0.384719 0.339158 0.460365
0.453975 0.281627 0.648417
0.360103 0.316103 0.532864
0.371397 0.331589 0.454612
0.485866 0.32327 0.487718
0.464691 0.331036 0.371114
0.392925 0.342811 0.471885
0.641983 0.289842 0.491779
0.418143 0.346077 0.561769
0.596975 0.319993 0.379463
0.41123 0.354218 0.443639
0.421789 0.355222 0.437211
0.546723 0.337636 0.456063
0.494567 0.281365 0.652742
0.350421 0.303519 0.429275
0.473511 0.336915 0.537891
0.494518 0.254708 0.652963
0.335195 0.283533 0.47833
0.385599 0.33764 0.490548
0.601136 0.313119 0.599719
0.400029 0.325778 0.600612
0.37996 0.330119 0.487883
0.642671 0.26058 0.506012
0.457251 0.333356 0.496218
0.529872 0.30953 0.624293
0.4531 0.341707 0.448899
0.522413 0.321362 0.458609
0.512319 0.259778 0.635055
0.604176 0.30175 0.591592
0.343407 0.29136 0.490197
0.625282 0.304085 0.564162
0.448877 0.34288 0.450438
0.564705 0.331896 0.523388
0.476088 0.31804 0.480299
0.624536 0.325379 0.447918
0.496267 0.25493 0.64711
0.391709 0.337178 0.482367
0.644463 0.264877 0.514147
0.350161 0.295748 0.448139
0.570421 0.311803 0.613195
0.641412 0.261326 0.498287
0.387417 0.321629 0.578505
0.417757 0.343522 0.517835
0.419831 0.330016 0.372828
0.426331 0.32443 0.614738
0.623541 0.317582 0.526091
0.436757 0.342825 0.561592
0.383023 0.323969 0.560819
0.422695 0.343529 0.564198
0.446677 0.341636 0.580804
0.49632 0.251637 0.645171
0.399116 0.303909 0.599052
0.625253 0.324351 0.434301
0.624837 0.312518 0.54359
0.360169 0.307717 0.42918
0.495096 0.333851 0.39083
0.528886 0.315346 0.471552
0.400364 0.32003 0.390234
0.641053 0.262991 0.518718
0.56822 0.332162 0.596787
0.538529 0.308373 0.617989
0.623686 0.319472 0.453039
0.510635 0.312788 0.465642
0.346464 0.284788 0.499417
0.47753 0.333218 0.583577
0.363762 0.307844 0.532254
0.516599 0.325828 0.553858
0.385537 0.328763 0.494464
0.542864 0.287428 0.625503
0.446122 0.330937 0.382684
0.370063 0.30127 0.548411
0.597948 0.331165 0.576641
0.397693 0.335646 0.504675
0.529754 0.332839 0.408609
0.627411 0.289753 0.553378
0.504752 0.313713 0.500139
0.504073 0.314559 0.50372
0.614122 0.318517 0.498305
0.445569 0.337989 0.586678
0.509475 0.327121 0.597818
0.431143 0.303677 0.362332
0.573228 0.348453 0.426286
0.436748 0.330954 0.381331
0.635595 0.297342 0.44427
0.569412 0.340872 0.401951
0.358183 0.306449 0.515941
0.62717 0.295326 0.550874
0.587388 0.34908 0.424359
0.450773 0.330486 0.48256
0.532272 0.269488 0.628362
0.607882 0.321793 0.571431
0.353339 0.301071 0.485502
0.415297 0.295876 0.609129
0.394812 0.32713 0.543348
0.631204 0.277617 0.532582
0.429389 0.332505 0.390789
0.546728 0.307212 0.610959
0.477396 0.330171 0.402951
0.499461 0.302206 0.472467
0.485139 0.313489 0.375728
0.618116 0.304278 0.508036
0.39246 0.306356 0.580465
0.399849 0.331735 0.512478
0.630484 0.275344 0.535511
0.58925 0.332641 0.46478
0.42896 0.325327 0.602749
0.397203 0.333947 0.451174
0.411502 0.336277 0.529592
0.404157 0.334179 0.530655
0.462106 0.306376 0.625554
0.63326 0.279779 0.470608
0.418671 0.326073 0.38443
0.353673 0.291075 0.502445
0.506126 0.325339 0.399976
0.462191 0.274916 0.638014
0.623082 0.295229 0.485969
0.406046 0.333455 0.402435
0.542196 0.329491 0.585836
0.447578 0.328963 0.504577
0.595543 0.326698 0.539005
0.454392 0.326161 0.506633
0.617662 0.304582 0.493952
0.482921 0.31288 0.514101
0.50102 0.303978 0.489129
0.555176 0.327474 0.547858
0.506537 0.321837 0.438698
0.568565 0.321737 0.488294
0.536277 0.328135 0.574859
0.52242 0.30712 0.500597
0.384618 0.316896 0.468903
0.37898 0.311746 0.435108
0.619564 0.294407 0.478368
0.619958 0.288506 0.536329
0.484695 0.302933 0.622559
0.497434 0.294045 0.474597
0.579135 0.330591 0.400862
0.409357 0.331159 0.519833
0.529292 0.261704 0.620126
0.457852 0.293535 0.362454
0.544931 0.316795 0.538246
0.545461 0.323723 0.561586
0.36719 0.302852 0.49655
0.492261 0.311877 0.451997
0.567484 0.316147 0.594668
0.47422 0.259772 0.638568
0.38859 0.318623 0.479236
0.629096 0.260898 0.453771
0.466678 0.270587 0.635001
0.458776 0.317233 0.384058
0.49534 0.324503 0.416734
0.49801 0.32001 0.563085
0.354058 0.274705 0.48913
0.471136 0.326036 0.574392
0.625867 0.297649 0.427877
0.473248 0.302529 0.484998
0.391119 0.298201 0.572276
0.362742 0.295505 0.517513
0.53425 0.311058 0.532862
0.627598 0.262784 0.486211
0.607207 0.308204 0.556963
0.484147 0.323593 0.586832
0.423147 0.33194 0.518581
0.602854 0.324527 0.463431
0.502556 0.310732 0.532968
0.476243 0.32177 0.39894
0.428509 0.285798 0.606777
0.371389 0.296063 0.457712
0.466568 0.320363 0.557176
0.619327 0.272355 0.536857
0.616248 0.280169 0.541019
0.48761 0.284688 0.480202
0.432847 0.327261 0.535963
0.531095 0.294014 0.48213
0.543937 0.323354 0.409961
0.583438 0.300749 0.584213
0.498804 0.2868 0.619588
0.551363 0.314658 0.388453
0.626434 0.268601 0.449325
0.520631 0.300155 0.606633
0.41192 0.326597 0.55022
0.472762 0.290742 0.370501
0.579173 0.317019 0.392532
0.609199 0.288389 0.556275
0.364949 0.277865 0.500947
0.596254 0.324079 0.415959
0.439123 0.303013 0.610184
0.502318 0.277992 0.620934
0.467745 0.31173 0.391784
0.469556 0.287848 0.624851
0.607212 0.298716 0.541871
0.479327 0.288466 0.625585
0.617218 0.296677 0.466748
0.505445 0.287406 0.367147
0.48325 0.293804 0.499169
0.477732 0.320592 0.425019
0.51488 0.294892 0.371636
0.557521 0.278198 0.602706
0.401661 0.296078 0.579586
0.528482 0.271866 0.617132
0.410198 0.296406 0.589464
0.60645 0.299997 0.537545
0.395378 0.30914 0.507618
0.367243 0.277624 0.471883
0.560531 0.299825 0.382576
0.382887 0.288093 0.542904
0.500112 0.305773 0.552511
0.47728 0.283384 0.483783
0.538508 0.316175 0.423317
0.387022 0.304986 0.456098
0.544191 0.29994 0.467522
0.500188 0.296947 0.60635
0.466968 0.293104 0.380099
0.579064 0.307554 0.486374
0.573584 0.287846 0.588095
0.579275 0.311257 0.472622
0.502895 0.29392 0.519072
0.473096 0.307484 0.402057
0.500462 0.306778 0.556032
0.618383 0.270159 0.474484
0.54258 0.310733 0.39814
0.47549 0.312514 0.41097
0.614479 0.267365 0.510718
0.5057 0.291257 0.379038
0.535149 0.313274 0.575305
0.465712 0.283438 0.372627
0.605538 0.305218 0.464761
0.478437 0.308066 0.440957
0.542682 0.315353 0.576377
0.382632 0.294613 0.483702
0.414576 0.320266 0.46772
0.576481 0.299501 0.391803
0.459939 0.307271 0.462538
0.433424 0.327181 0.438699
0.606906 0.312362 0.428956
0.50938 0.295795 0.524779
0.539028 0.316804 0.416477
0.469693 0.309481 0.448005
0.423839 0.301379 0.589002
0.429061 0.319375 0.449832
0.378215 0.277919 0.495118
0.480487 0.271715 0.479049
0.499993 0.254162 0.613067
0.473481 0.27945 0.484578
0.471759 0.305596 0.437567
0.590885 0.303008 0.473576
0.61933 0.24941 0.516336
0.555838 0.303927 0.538874
0.538016 0.270644 0.603036
0.522518 0.290794 0.450846
0.538714 0.299669 0.452113
0.475052 0.27855 0.47508
0.546954 0.297573 0.387734
0.556253 0.305946 0.544678
0.437367 0.313316 0.588359
0.39128 0.300133 0.446867
0.601513 0.279372 0.550641
0.617258 0.267593 0.45534
0.590824 0.298342 0.523207
0.615083 0.255663 0.511408
0.602389 0.271201 0.55557
0.537923 0.307408 0.409769
0.471601 0.288722 0.389127
0.509866 0.279742 0.374539
0.43275 0.318128 0.412556
0.517341 0.287978 0.519813
0.569699 0.304477 0.531077
0.6029 0.280044 0.543316
0.429315 0.270553 0.598315
0.535158 0.293772 0.458442
0.45647 0.306571 0.595931
0.540113 0.302096 0.449091
0.469515 0.258829 0.618548
0.620628 0.236905 0.509057
0.420068 0.307567 0.573495
0.555028 0.296515 0.39784
0.560456 0.277199 0.588952
0.50712 0.27862 0.458663
0.511121 0.290171 0.548569
0.460928 0.283129 0.485234
0.494303 0.280672 0.455386
0.601321 0.271029 0.534815
0.582359 0.299375 0.47069
0.48136 0.278604 0.459076
0.604057 0.266084 0.515484
0.418492 0.294365 0.578399
0.376668 0.257296 0.475539
0.412382 0.293727 0.477588
0.477446 0.277356 0.508402
0.595188 0.282169 0.486656
0.459172 0.301626 0.445996
0.510859 0.29341 0.562107
0.536675 0.299017 0.578479
0.527151 0.281824 0.516906
0.500047 0.275778 0.599791
0.404397 0.299778 0.430496
0.570227 0.277028 0.397315
0.562877 0.291362 0.513938
0.611017 0.257238 0.467999
0.405152 0.28807 0.476576
0.536455 0.302971 0.418157
0.591323 0.255505 0.409728
0.486431 0.28462 0.529899
0.437768 0.256796 0.602568
0.502758 0.258363 0.605157
0.607627 0.259796 0.513497
0.488053 0.297138 0.588809
0.384151 0.271431 0.475714
0.467751 0.30116 0.416978
0.602394 0.268793 0.486147
0.408874 0.278664 0.482204
0.561087 0.303967 0.419145
0.456657 0.293662 0.448317
0.516661 0.269599 0.461791
0.40245 0.286819 0.517281
0.446884 0.284003 0.485491
0.582717 0.278001 0.563827
0.473463 0.273143 0.510368
0.575416 0.285109 0.501963
0.386822 0.271356 0.447481
0.545028 0.292226 0.571239
0.414911 0.300442 0.445918
0.586251 0.274739 0.412895
0.467125 0.24803 0.609812
0.562866 0.286545 0.471079
0.590133 0.274965 0.502731
0.594176 0.251482 0.56749
0.502553 0.276595 0.449511
0.478755 0.253465 0.480594
0.414137 0.296686 0.513947
0.437565 0.294103 0.498888
0.403549 0.281036 0.466802
0.426621 0.304096 0.527164
0.548014 0.291048 0.550743
0.570113 0.276585 0.578329
0.426169 0.305197 0.569409
0.497892 0.279974 0.538609
0.504743 0.258868 0.485182
0.43566 0.289752 0.486349
0.519798 0.286983 0.578049
0.445182 0.306251 0.427201
0.467276 0.279003 0.596988
0.458706 0.276718 0.392099
0.580257 0.260684 0.405277
0.606132 0.243758 0.488239
0.473859 0.253174 0.377659
0.413559 0.270757 0.472947
0.461783 0.237501 0.607225
0.402403 0.272176 0.531966
0.550528 0.286618 0.448195
0.416729 0.273755 0.472012
0.430175 0.281273 0.486497
0.405554 0.24242 0.572654
0.496621 0.250951 0.596651
0.52213 0.269942 0.450324
0.533073 0.279217 0.574657
0.601474 0.242058 0.493912
0.524039 0.277973 0.57475
0.454484 0.282391 0.411148
0.430417 0.245309 0.594952
0.480469 0.265554 0.591427
0.604121 0.246373 0.45918
0.399008 0.267648 0.465073
0.399233 0.255265 0.548014
0.416223 0.268445 0.478959
0.562507 0.267967 0.580138
0.597021 0.255185 0.539623
0.452707 0.273105 0.591854
0.418039 0.282782 0.563735
0.574049 0.299081 0.430242
0.487356 0.276513 0.424291
0.548999 0.291802 0.421263
0.607617 0.238677 0.532722
0.584321 0.260412 0.567739
0.599202 0.241075 0.481421
0.564948 0.267488 0.4013
0.528673 0.276117 0.40541
0.515057 0.271307 0.403601
0.487107 0.244166 0.379184
0.468234 0.270335 0.401738
0.603267 0.248277 0.526453
0.451487 0.274915 0.590889
0.430707 0.234967 0.596008
0.463284 0.251895 0.392715
0.499463 0.240306 0.380863
0.563627 0.278812 0.455178
0.541701 0.26879 0.456365
0.420705 0.268114 0.490652
0.488159 0.241125 0.492526
0.60101 0.238436 0.535403
0.521972 0.250966 0.495105
0.458168 0.27891 0.549287
0.556488 0.269393 0.531723
0.536667 0.275357 0.418048
0.43194 0.282843 0.569935
0.453545 0.265718 0.496749
0.559692 0.269881 0.531376
0.602857 0.2218 0.476867
0.545671 0.246085 0.590666
0.604525 0.224206 0.469804
0.559555 0.252655 0.398232
0.474486 0.227602 0.607253
0.532159 0.252458 0.481615
0.462307 0.257323 0.397698
0.485025 0.241675 0.494796
0.570777 0.276849 0.461993
0.474633 0.272144 0.567173
0.555683 0.264269 0.509401
0.572704 0.287123 0.430818
0.494603 0.255769 0.452397
0.543697 0.273369 0.449442
0.462249 0.277276 0.578981
0.472845 0.239497 0.477985
0.609746 0.207535 0.473426
0.454863 0.271174 0.455863
0.432266 0.287795 0.548671
0.501416 0.222707 0.606143
0.550652 0.262491 0.483414
0.418426 0.26399 0.521197
0.475515 0.238558 0.50038
0.423088 0.271038 0.450126
0.591773 0.237744 0.423862
0.535461 0.234376 0.592038
0.420878 0.255534 0.492766
0.571328 0.256867 0.490693
0.460814 0.269367 0.564508
0.441228 0.270697 0.517722
0.483617 0.253008 0.419165
0.485661 0.248336 0.526958
0.51914 0.249123 0.517282
0.402516 0.237829 0.495787
0.515934 0.243107 0.502454
0.473642 0.226476 0.602223
0.419372 0.265341 0.529611
0.521506 0.244256 0.501937
0.393737 0.246196 0.457474
0.591334 0.23339 0.560751
0.531343 0.24664 0.497352
0.520974 0.239827 0.489607
0.49228 0.253421 0.578567
0.514963 0.242385 0.501072
0.590403 0.22927 0.570296
0.526281 0.257878 0.411852
0.580088 0.250573 0.488738
0.397662 0.241567 0.469404
0.433649 0.259503 0.468972
0.496332 0.230127 0.484214
0.578979 0.254122 0.529064
0.558476 0.262171 0.538703
0.545446 0.250565 0.479893
0.611988 0.216563 0.519759
0.446088 0.267084 0.513586
0.470991 0.257186 0.580912
0.504065 0.246575 0.397329
0.419515 0.2576 0.448184
0.473727 0.236645 0.517452
0.524233 0.239932 0.515225
0.603978 0.213263 0.426043
0.450187 0.248908 0.581464
0.411916 0.23572 0.496631
0.448711 0.234482 0.398979
0.558206 0.244901 0.513622
0.449817 0.262231 0.565089
0.40424 0.221128 0.410893
0.457037 0.25663 0.573946
0.525076 0.218816 0.59745
0.600617 0.226016 0.442693
0.542789 0.239994 0.398708
0.543862 0.25192 0.554527
0.426521 0.259696 0.552923
0.458897 0.252549 0.42106
0.600927 0.211948 0.559877
0.529494 0.233139 0.483327
0.430142 0.251082 0.500041
0.467399 0.247872 0.419215
0.499128 0.215957 0.383302
0.58515 0.243835 0.433283
0.586704 0.218802 0.40736
0.513103 0.245443 0.546084
0.566588 0.242987 0.570193
0.580761 0.237977 0.554201
0.548604 0.252497 0.551593
0.452318 0.250984 0.455684
0.457558 0.23736 0.492918
0.493569 0.198301 0.612845
0.418715 0.249487 0.527637
0.556717 0.238524 0.578152
0.416877 0.256535 0.446616
0.590178 0.230957 0.424385
0.399699 0.223547 0.520966
0.421196 0.234189 0.51064
0.595932 0.21428 0.462785
0.596587 0.214942 0.535182
0.417689 0.219548 0.404362
0.553743 0.237817 0.532673
0.410961 0.224213 0.497358
0.592378 0.216023 0.504806
0.485656 0.228115 0.412568
0.400881 0.223695 0.46993
0.413924 0.235527 0.550395
0.525866 0.230713 0.451025
0.413306 0.237471 0.429807
0.478613 0.219451 0.509562
0.475034 0.22097 0.508354
0.392543 0.212804 0.476217
0.441225 0.228384 0.481321
0.540323 0.216017 0.591678
0.502432 0.236183 0.566282
0.5385 0.233461 0.573626
0.465546 0.24193 0.570094
0.457695 0.2401 0.532304
0.523154 0.221244 0.470997
0.492314 0.230879 0.537711
0.393183 0.220164 0.463651
0.436132 0.229439 0.477961
0.477492 0.233228 0.576593
0.504636 0.214993 0.47463
0.517872 0.235594 0.569088
0.424376 0.232035 0.472648
0.410327 0.215315 0.583819
0.429572 0.245071 0.527403
0.607624 0.203758 0.535132
0.423301 0.235654 0.508984
0.53288 0.235185 0.532079
0.471419 0.22109 0.395764
0.483876 0.19937 0.610146
0.42099 0.220862 0.505324
0.43606 0.236884 0.547227
0.573204 0.219889 0.480251
0.533589 0.217831 0.497549
0.561165 0.223429 0.507127
0.403674 0.210294 0.499097
0.608127 0.19747 0.513026
0.49889 0.2154 0.45404
0.606517 0.197751 0.544546
0.481546 0.212826 0.399685
0.543426 0.227001 0.41786
0.57832 0.215799 0.484524
0.40818 0.213094 0.512259
0.453762 0.223281 0.511999
0.574763 0.224733 0.422071
0.562986 0.231507 0.455215
0.447949 0.230633 0.528096
0.563899 0.223216 0.504685
0.405222 0.216095 0.46919
0.426078 0.219491 0.488528
0.426891 0.235214 0.553168
0.431159 0.232669 0.530945
0.591551 0.210419 0.54996
0.510555 0.207585 0.390491
0.616249 0.186112 0.506933
0.536225 0.218397 0.4972
0.447764 0.213383 0.592414
0.561876 0.212918 0.397033
0.496842 0.218036 0.579655
0.538757 0.22012 0.503828
0.473982 0.216016 0.524586
0.419167 0.227696 0.566471
0.441825 0.226346 0.505775
0.57777 0.228467 0.43653
0.580587 0.217247 0.528328
0.574774 0.211753 0.579068
0.420149 0.217547 0.425675
0.434816 0.224029 0.567662
0.454262 0.220222 0.551701
0.544306 0.20991 0.500983
0.458514 0.204322 0.496944
0.390453 0.192053 0.502856
0.474938 0.208857 0.413138
0.598344 0.197108 0.418102
0.606517 0.185586 0.588339
0.389065 0.18115 0.605804
0.509611 0.202649 0.459485
0.580833 0.208202 0.556972
0.611488 0.188442 0.451722
0.485268 0.205222 0.405519
0.43544 0.192586 0.605278
0.566059 0.213443 0.473752
0.600418 0.198792 0.449327
0.547616 0.21231 0.4105
0.558452 0.19639 0.597004
0.543146 0.208851 0.494281
0.585437 0.201324 0.486802
0.440932 0.219727 0.575073
0.445224 0.204774 0.481794
0.510021 0.211261 0.425646
0.596183 0.19797 0.416568
0.539433 0.200357 0.590464
0.406892 0.204598 0.472431
0.467036 0.196384 0.484176
0.454538 0.218544 0.544208
0.418846 0.212412 0.461952
0.410154 0.20183 0.584256
0.500665 0.203151 0.398851
0.4041 0.209469 0.568133
0.545058 0.211838 0.573276
0.486563 0.188604 0.609974
0.467685 0.197883 0.49002
0.419815 0.2076 0.568054
0.450927 0.205145 0.450086
0.594769 0.178802 0.608851
0.593143 0.192528 0.462241
0.459492 0.201355 0.412068
0.384871 0.18242 0.504658
0.551475 0.204151 0.416697
0.454975 0.207736 0.426415
0.522834 0.189152 0.389673
0.417688 0.195006 0.478117
0.441094 0.208515 0.449036
0.568716 0.210679 0.436944
0.582977 0.181854 0.606303
0.551723 0.201487 0.409521
0.573031 0.208974 0.435733
0.613398 0.181414 0.537618
0.560926 0.202423 0.571695
0.569091 0.191614 0.38901
0.586973 0.195884 0.558898
0.612749 0.178002 0.391685
0.5747 0.1983 0.493854
0.479207 0.191672 0.522195
0.478218 0.184865 0.488302
0.549489 0.205231 0.552128
0.430898 0.200322 0.495898
0.560229 0.205134 0.56178
0.463377 0.195463 0.511765
0.404157 0.193233 0.497676
0.399907 0.194112 0.579185
0.539337 0.205686 0.429611
0.497043 0.200984 0.43347
0.438893 0.2065 0.415105
0.557515 0.206924 0.420731
0.564498 0.202499 0.536392
0.451078 0.206977 0.574687
0.424929 0.203435 0.412166
0.414247 0.185446 0.478846
0.447951 0.188233 0.466158
0.470402 0.187566 0.451525
0.608787 0.178519 0.464596
0.584078 0.184188 0.393337
0.614589 0.174462 0.511564
0.422908 0.19573 0.543537
0.559578 0.171934 0.61966
0.525771 0.191391 0.43329
0.560857 0.195779 0.454103
0.397747 0.183531 0.490541
0.582628 0.184935 0.515019
0.562221 0.191591 0.535987
0.595768 0.182002 0.528575
0.42332 0.189161 0.393903
0.6154 0.176679 0.562097
0.490837 0.179941 0.494245
0.56209 0.189432 0.514028
0.520744 0.181291 0.468927
0.501515 0.1833 0.394058
0.506945 0.188529 0.419401
0.487818 0.193909 0.568352
0.551885 0.190716 0.406631
0.549558 0.184484 0.592017
0.414534 0.18767 0.395859
0.569295 0.198286 0.432425
0.423736 0.183657 0.382582
0.528383 0.180745 0.599447
0.582114 0.188336 0.546084
0.411431 0.172062 0.619527
0.430207 0.190215 0.496645
0.531925 0.185298 0.466568
0.520483 0.180482 0.482253
0.535276 0.187558 0.46166
0.585389 0.187077 0.408835
0.532483 0.19235 0.535042
0.41104 0.177255 0.474283
0.606816 0.171826 0.51405
0.455821 0.18227 0.537675
0.431655 0.183381 0.398746
0.468843 0.174022 0.497717
0.614307 0.169808 0.513105
0.424532 0.186566 0.427743
0.568253 0.180189 0.517729
0.390737 0.172632 0.601203
0.608869 0.172293 0.489814
0.405762 0.175989 0.593896
0.429645 0.188029 0.431029
0.404001 0.181423 0.546366
0.58306 0.180728 0.412978
0.396051 0.172451 0.604639
0.439614 0.186222 0.550756
0.556158 0.181411 0.57804
0.47268 0.171896 0.488679
0.567283 0.180893 0.527839
0.609065 0.171357 0.595831
0.490581 0.182654 0.553604
0.557507 0.175296 0.601569
0.488145 0.179656 0.536482
0.621836 0.169226 0.562483
0.381559 0.172981 0.40791
0.482382 0.172855 0.385878
0.385608 0.178683 0.567423
0.430766 0.176688 0.379196
0.505253 0.168612 0.616895
0.485622 0.177292 0.45099
0.452635 0.176991 0.493417
0.427229 0.179419 0.483186
0.532679 0.17525 0.478939
0.439473 0.183697 0.527781
0.40477 0.173912 0.601845
0.592865 0.17552 0.52943
0.405533 0.164629 0.36944
0.608763 0.166855 0.534244
0.573566 0.164251 0.62221
0.439564 0.173329 0.398234
0.60974 0.166794 0.480455
0.603808 0.166814 0.517191
0.531434 0.174587 0.565592
0.429905 0.171086 0.474801
0.388744 0.168872 0.394332
0.509921 0.168001 0.462056
0.618773 0.165336 0.390439
0.437171 0.173401 0.518416
0.371422 0.162145 0.473888
0.632188 0.159736 0.545182
0.485509 0.174935 0.56954
0.438001 0.174982 0.576838
0.477661 0.165572 0.491799
0.456442 0.163808 0.370512
0.489792 0.172683 0.428493
0.492099 0.165804 0.612251
0.418921 0.170513 0.47315
0.570095 0.173425 0.395246
0.571718 0.175654 0.448848
0.622956 0.163273 0.604529
0.624284 0.16387 0.553332
0.487772 0.165873 0.489261
0.599635 0.169651 0.432892
0.568684 0.172858 0.480928
0.452038 0.173451 0.581513
0.604726 0.168046 0.394115
0.372398 0.167046 0.563349
0.527642 0.173432 0.545674
0.489427 0.173367 0.553812
0.401138 0.171343 0.43849
0.551448 0.175411 0.422922
0.460559 0.173193 0.419076
0.403475 0.164347 0.530917
0.611028 0.162147 0.557172
0.430748 0.16598 0.442074
0.448656 0.164024 0.397908
0.488599 0.160901 0.462565
0.593186 0.162125 0.521935
0.379243 0.161334 0.448292
0.547027 0.166102 0.425009
0.384594 0.162476 0.440268
0.406559 0.164686 0.432868
0.575905 0.166866 0.440302
0.444127 0.161522 0.61644
0.612157 0.161375 0.395552
0.405175 0.164499 0.419528
0.580736 0.163789 0.528241
0.436391 0.162645 0.607392
0.387798 0.162455 0.390617
0.443445 0.164179 0.517402
0.407469 0.164344 0.58452
0.362086 0.155288 0.626233
0.610987 0.161481 0.385459
0.584476 0.165545 0.438287
0.390543 0.158581 0.625501
0.624094 0.158769 0.373902
0.611223 0.161237 0.440753
0.490438 0.162127 0.599853
0.561335 0.165558 0.552944
0.446351 0.164229 0.589382
0.393022 0.164509 0.547999
0.462061 0.162047 0.605449
0.56191 0.160403 0.368496
0.365965 0.157092 0.61874
0.440837 0.156778 0.635659
0.632776 0.157017 0.614692
0.443897 0.163083 0.496758
0.588421 0.164424 0.56317
0.398117 0.156917 0.420988
0.615552 0.156414 0.58301
0.558182 0.156941 0.529419
0.459221 0.156341 0.397887
0.356878 0.153403 0.441669
0.582877 0.156727 0.527612
0.496793 0.155618 0.604214
0.393001 0.155266 0.369024
0.379999 0.155394 0.490276
0.575904 0.157688 0.400364
0.532645 0.155618 0.492859
0.452821 0.157174 0.437482
0.588773 0.156582 0.592837
0.443428 0.157619 0.566571
0.401463 0.155898 0.486169
0.434581 0.152913 0.641271
0.575225 0.157621 0.565591
0.426423 0.156943 0.391149
0.598685 0.156021 0.473684
0.513607 0.152342 0.639184
0.536345 0.157276 0.575274
0.601455 0.155793 0.486209
0.480311 0.156573 0.532509
0.623407 0.154788 0.411296
0.599301 0.155949 0.602255
0.494278 0.156576 0.436402
0.520424 0.156432 0.404769
0.596392 0.156846 0.425521
0.613253 0.15498 0.511179
0.59101 0.156838 0.551028
0.481866 0.156453 0.441181
0.479956 0.156472 0.408869
0.390563 0.156462 0.436142
0.598972 0.155741 0.518242
0.608221 0.156794 0.577699
0.446397 0.157106 0.441809
0.392683 0.15 0.41223
0.512062 0.15 0.648764
0.545407 0.15 0.639398
0.5432 0.15 0.611821
0.503767 0.15 0.570631
0.583393 0.15 0.530731
0.504921 0.15 0.464417
0.397591 0.15 0.539483
0.510314 0.15 0.396117
0.630581 0.15 0.441235
0.548071 0.15 0.618386
0.563233 0.15 0.626846
0.395054 0.15 0.602547
0.425771 0.15 0.422787
0.370362 0.15 0.445575
0.514617 0.15 0.628082
0.362296 0.15 0.37667
0.609835 0.15 0.649323
0.360529 0.15 0.548199
0.640085 0.15 0.593446
0.51556 0.15 0.445026
0.391887 0.15 0.527389
0.396977 0.15 0.396904
0.410106 0.15 0.364182
0.572864 0.15 0.628127
0.386503 0.15 0.3848
0.481767 0.15 0.628823
0.483232 0.15 0.455005
0.51946 0.15 0.58235
0.388252 0.15 0.646851
0.512136 0.15 0.433123
0.64935 0.15 0.423922
0.398058 0.15 0.429186
0.483827 0.15 0.599919
0.389451 0.15 0.524065
0.510598 0.15 0.429736
