2448 0.012625
0.389769 0.338122 0.393254
0.450685 0.261162 0.340153
0.470604 0.200033 0.337412
0.492912 0.194246 0.343021
0.511328 0.212207 0.349992
0.534496 0.273607 0.352049
0.348329 0.270498 0.446938
0.365335 0.27895 0.365203
0.430289 0.27438 0.292857
0.500785 0.252946 0.277155
0.572215 0.279915 0.315318
0.6077 0.274494 0.383999
0.337622 0.240771 0.471673
0.295915 0.262653 0.427005
0.397907 0.442725 0.389958
0.505338 0.445985 0.379463
0.631109 0.429129 0.405069
0.689542 0.237668 0.434524
0.341145 0.2162 0.486926
0.284895 0.256552 0.508654
0.401285 0.455316 0.50412
0.513455 0.455476 0.50154
0.641984 0.428265 0.50755
0.706721 0.218207 0.504812
0.348827 0.234898 0.509262
0.332188 0.261129 0.573211
0.400811 0.402228 0.649596
0.500117 0.416953 0.653456
0.620191 0.398082 0.625685
0.674829 0.220863 0.557421
0.362275 0.306516 0.552654
0.395844 0.268512 0.59405
0.439391 0.233388 0.665114
0.49807 0.224492 0.698716
0.559037 0.241613 0.686272
0.615107 0.260808 0.602889
0.388573 0.283099 0.389159
0.366776 0.30247 0.552371
0.290157 0.227655 0.50912
0.627145 0.435662 0.496869
0.42879 0.318962 0.69825
0.521222 0.194974 0.344827
0.371783 0.264569 0.549207
0.377071 0.316397 0.564461
0.657376 0.22978 0.485783
0.474176 0.166108 0.330683
0.597585 0.302958 0.596007
0.627685 0.25342 0.611497
0.511084 0.28233 0.722221
0.503548 0.453257 0.55146
0.659169 0.418858 0.460534
0.6584 0.23617 0.474284
0.3396 0.202882 0.522477
0.418458 0.322875 0.372829
0.526098 0.212957 0.67899
0.391418 0.268275 0.579098
0.370892 0.249988 0.611879
0.382143 0.388984 0.650379
0.347833 0.217302 0.525498
0.536752 0.395268 0.67319
0.412061 0.304999 0.615355
0.644731 0.206282 0.54257
0.550625 0.44453 0.569308
0.434951 0.240999 0.677485
0.632674 0.245024 0.57051
0.446909 0.458437 0.502372
0.483319 0.195105 0.667002
0.644959 0.222749 0.556708
0.608857 0.443177 0.470767
0.629858 0.253651 0.552196
0.511034 0.218659 0.68925
0.346528 0.24804 0.443599
0.367846 0.254863 0.555412
0.313382 0.227978 0.433889
0.639429 0.270894 0.621727
0.678518 0.2358 0.426268
0.439103 0.451048 0.398616
0.521044 0.192107 0.342594
0.470565 0.224448 0.69942
0.474415 0.20018 0.655161
0.594087 0.442059 0.540965
0.528922 0.454433 0.500129
0.525294 0.225341 0.646104
0.630044 0.302282 0.343235
0.470011 0.457017 0.458645
0.711407 0.244788 0.539255
0.351738 0.385181 0.626141
0.329818 0.270392 0.570007
0.652349 0.217574 0.423688
0.41967 0.291255 0.617335
0.655376 0.291837 0.620805
0.462438 0.455614 0.423836
0.385465 0.262421 0.583693
0.513802 0.456017 0.460445
0.347741 0.255843 0.608005
0.65555 0.303728 0.363427
0.437616 0.444756 0.377399
0.346931 0.215007 0.504336
0.647266 0.250206 0.601013
0.392288 0.302762 0.571459
0.519556 0.233345 0.652704
0.670475 0.203217 0.467794
0.641148 0.260714 0.39881
0.534218 0.266029 0.718894
0.419613 0.27622 0.679093
0.346333 0.212223 0.522518
0.434851 0.295357 0.701125
0.620176 0.261246 0.597016
0.308162 0.184406 0.459736
0.300933 0.191673 0.457605
0.440751 0.230087 0.333041
0.681039 0.207387 0.445592
0.666171 0.197672 0.445358
0.518306 0.185862 0.328697
0.693259 0.218372 0.451132
0.648668 0.235046 0.573625
0.5686 0.316786 0.69549
0.285663 0.219013 0.455154
0.510469 0.229637 0.283312
0.704798 0.270204 0.5487
0.4321 0.254264 0.296469
0.610618 0.254059 0.405875
0.614213 0.439888 0.506315
0.36127 0.244058 0.603324
0.523707 0.230587 0.703078
0.296507 0.195926 0.49446
0.468775 0.440079 0.356881
0.663864 0.219949 0.480634
0.68957 0.199333 0.496359
0.537958 0.442441 0.590965
0.520675 0.45417 0.42483
0.712287 0.335264 0.455761
0.452181 0.232546 0.644918
0.394141 0.326557 0.393913
0.588163 0.329636 0.305588
0.581486 0.401395 0.330568
0.482179 0.219697 0.695229
0.448904 0.253335 0.282832
0.542579 0.452534 0.502566
0.593496 0.290526 0.399161
0.441839 0.253469 0.345023
0.675753 0.199425 0.453698
0.58483 0.288624 0.393776
0.392633 0.451496 0.43127
0.409196 0.310837 0.622865
0.295587 0.187866 0.483676
0.665164 0.412642 0.448312
0.665634 0.20458 0.460856
0.483923 0.321424 0.267976
0.51244 0.18771 0.315274
0.445673 0.253014 0.637623
0.34995 0.426312 0.557245
0.518503 0.20239 0.656626
0.67964 0.300753 0.386217
0.420501 0.447073 0.389791
0.54505 0.238502 0.637303
0.408661 0.260894 0.62607
0.324123 0.218436 0.532903
0.65771 0.236772 0.470142
0.400575 0.267699 0.607254
0.290135 0.376164 0.498678
0.408219 0.315722 0.384155
0.408575 0.2882 0.602254
0.507174 0.456447 0.466513
0.548911 0.27755 0.289713
0.534406 0.266004 0.718523
0.545653 0.264677 0.36091
0.695944 0.369636 0.533248
0.291752 0.379348 0.49315
0.341552 0.203845 0.47882
0.491489 0.392666 0.680765
0.334672 0.250566 0.581888
0.329106 0.312032 0.616677
0.552375 0.254255 0.635954
0.377072 0.270556 0.63526
0.444347 0.405399 0.318637
0.657218 0.2344 0.467439
0.535453 0.262333 0.645091
0.539196 0.432743 0.355001
0.546108 0.242595 0.637527
0.310012 0.229155 0.532616
0.300123 0.213644 0.510936
0.340263 0.240251 0.583415
0.659868 0.229742 0.470636
0.34936 0.267082 0.442195
0.501897 0.189298 0.307124
0.714665 0.335055 0.489467
0.713854 0.311323 0.449733
0.535071 0.229403 0.307472
0.440931 0.288919 0.283095
0.285679 0.284645 0.521911
0.673727 0.242395 0.419748
0.302243 0.245158 0.534664
0.387889 0.281554 0.332625
0.434315 0.293142 0.286061
0.429279 0.284952 0.624985
0.619346 0.253594 0.413177
0.342593 0.201892 0.503695
0.711211 0.228188 0.505255
0.339416 0.199602 0.483281
0.437914 0.239217 0.657409
0.514373 0.225564 0.656574
0.335987 0.259931 0.58694
0.633011 0.365812 0.63831
0.442988 0.233564 0.336534
0.375986 0.299767 0.55748
0.432175 0.259806 0.295175
0.537138 0.229089 0.327773
0.33682 0.188514 0.497113
0.388937 0.294662 0.668978
0.593613 0.279733 0.399134
0.712135 0.230424 0.518787
0.692958 0.225631 0.548085
0.603098 0.422037 0.600185
0.311369 0.26413 0.549746
0.335444 0.426399 0.50325
0.338272 0.249509 0.406189
0.315422 0.228755 0.536067
0.511311 0.186356 0.33588
0.339272 0.2117 0.47191
0.513046 0.206087 0.29963
0.488154 0.192468 0.298902
0.444624 0.261078 0.342984
0.343609 0.292437 0.361265
0.583992 0.415557 0.345419
0.611823 0.273995 0.411929
0.350518 0.244775 0.525082
0.671133 0.199324 0.53931
0.340888 0.216 0.45943
0.441975 0.373508 0.687202
0.522455 0.207436 0.347198
0.448087 0.228931 0.336156
0.559987 0.299184 0.702057
0.634264 0.243475 0.42776
0.499634 0.194662 0.301913
0.55154 0.450782 0.505609
0.3333 0.185532 0.495527
0.563879 0.268971 0.316053
0.506246 0.450053 0.396335
0.560655 0.242019 0.683354
0.319551 0.256104 0.557987
0.334515 0.209841 0.444476
0.311768 0.280063 0.557483
0.279488 0.339753 0.50391
0.710426 0.231546 0.467111
0.712278 0.274686 0.530801
0.643909 0.418678 0.398879
0.373617 0.254276 0.61838
0.527591 0.204192 0.663544
0.502388 0.412457 0.318807
0.552176 0.220991 0.656401
0.536831 0.229224 0.348914
0.392331 0.27993 0.573053
0.430945 0.257136 0.341812
0.332775 0.336973 0.36477
0.357724 0.296711 0.344549
0.534212 0.35565 0.69873
0.485563 0.194403 0.29707
0.496067 0.178537 0.330547
0.529512 0.39787 0.302419
0.29016 0.365876 0.457956
0.30091 0.205 0.504765
0.666012 0.351953 0.600876
0.547225 0.247448 0.350846
0.585334 0.276036 0.606236
0.635206 0.361727 0.636624
0.387826 0.393269 0.326733
0.443059 0.444869 0.37725
0.484705 0.446172 0.374942
0.392046 0.303132 0.396342
0.519609 0.206067 0.653871
0.551668 0.260782 0.360111
0.659215 0.209087 0.507601
0.576008 0.252251 0.631842
0.607951 0.441957 0.436845
0.703399 0.219193 0.470429
0.478924 0.18375 0.334811
0.371959 0.280502 0.366123
0.459802 0.241006 0.704919
0.656672 0.202184 0.50807
0.58184 0.44208 0.550003
0.344959 0.432643 0.457034
0.327599 0.219862 0.533057
0.628746 0.241951 0.55943
0.421755 0.338538 0.295583
0.529057 0.237647 0.28824
0.5338 0.300171 0.717297
0.547829 0.389161 0.674387
0.292308 0.197092 0.48704
0.371621 0.286847 0.355212
0.679396 0.381609 0.553205
0.365726 0.316265 0.326779
0.326635 0.234139 0.54552
0.469897 0.201133 0.293028
0.658907 0.190514 0.511579
0.616743 0.273608 0.41451
0.331182 0.399926 0.574471
0.701777 0.37117 0.463924
0.511404 0.224287 0.693637
0.709053 0.226907 0.476425
0.677476 0.232869 0.563722
0.645674 0.259881 0.401925
0.54844 0.247595 0.31773
0.455794 0.455998 0.451357
0.415744 0.297586 0.623007
0.655456 0.203243 0.5158
0.396565 0.453085 0.516372
0.463214 0.188078 0.309819
0.647441 0.339803 0.347754
0.590993 0.25955 0.383345
0.587542 0.287908 0.394295
0.704868 0.219087 0.523352
0.414596 0.449658 0.570992
0.293074 0.282447 0.533473
0.349307 0.347198 0.343578
0.500239 0.219998 0.658631
0.454555 0.456495 0.456947
0.62394 0.295616 0.362535
0.551566 0.230504 0.641727
0.45569 0.191966 0.317864
0.286863 0.273406 0.512381
0.464955 0.251754 0.714287
0.43889 0.261598 0.344585
0.331438 0.21388 0.443025
0.375298 0.273192 0.380734
0.344958 0.403289 0.59531
0.429902 0.245494 0.672712
0.485014 0.177846 0.328703
0.31527 0.241501 0.423818
0.467411 0.207893 0.291464
0.361936 0.426991 0.575507
0.439647 0.256722 0.290238
0.649175 0.21519 0.548967
0.60562 0.258892 0.624389
0.384538 0.260999 0.62943
0.58853 0.242776 0.654394
0.692142 0.37233 0.428156
0.331074 0.276439 0.385934
0.326497 0.411482 0.423837
0.542941 0.377603 0.68406
0.660961 0.216295 0.501972
0.310535 0.203361 0.509848
0.48037 0.452805 0.402866
0.617133 0.416019 0.593821
0.613147 0.409851 0.35627
0.385004 0.282102 0.56438
0.4223 0.288208 0.360222
0.357612 0.283597 0.427123
0.512433 0.2231 0.659463
0.297766 0.388742 0.47622
0.513497 0.454416 0.456491
0.445417 0.218993 0.32628
0.29719 0.291511 0.548825
0.446582 0.222036 0.313276
0.331743 0.298533 0.367536
0.368138 0.282082 0.405529
0.625005 0.263501 0.592426
0.506593 0.443047 0.598497
0.61528 0.27583 0.571265
0.58904 0.267064 0.616325
0.415128 0.297794 0.367763
0.712544 0.236187 0.480119
0.317556 0.245056 0.416251
0.510583 0.218375 0.661267
0.441223 0.260009 0.34098
0.444098 0.2437 0.291848
0.445394 0.421723 0.640269
0.499758 0.454804 0.500232
0.708106 0.35398 0.492109
0.509037 0.454944 0.482424
0.472791 0.45659 0.491181
0.285246 0.353756 0.462899
0.326524 0.179953 0.470038
0.658866 0.209321 0.445636
0.630705 0.246168 0.559593
0.642452 0.42837 0.482249
0.401864 0.305826 0.60931
0.511384 0.195208 0.313073
0.285834 0.291975 0.436784
0.458889 0.22847 0.649012
0.431331 0.457824 0.495222
0.278518 0.298931 0.453333
0.339759 0.230392 0.451672
0.306427 0.219142 0.51655
0.334323 0.291796 0.371673
0.630504 0.257882 0.608429
0.664114 0.216493 0.492794
0.613193 0.439283 0.504286
0.700984 0.215627 0.512088
0.51655 0.438955 0.364851
0.552435 0.292611 0.285831
0.388745 0.450321 0.435163
0.362272 0.271143 0.546413
0.656966 0.209169 0.546562
0.634657 0.255493 0.425462
0.629239 0.270733 0.627843
0.328952 0.241806 0.551787
0.711477 0.236099 0.512692
0.555498 0.44401 0.555046
0.515347 0.231122 0.660687
0.52525 0.23631 0.653833
0.419331 0.286846 0.30021
0.632588 0.283882 0.389933
0.672108 0.206285 0.451597
0.674562 0.346396 0.584242
0.29736 0.210802 0.452244
0.333671 0.350071 0.616128
0.385873 0.292326 0.662174
0.619252 0.264991 0.412696
0.376159 0.267606 0.568417
0.366629 0.39407 0.631243
0.650155 0.419382 0.531907
0.705437 0.275541 0.54311
0.520609 0.445165 0.585748
0.573017 0.265722 0.6266
0.562322 0.263166 0.634
0.344889 0.25854 0.412285
0.323056 0.399985 0.556607
0.453227 0.225563 0.66439
0.344527 0.240154 0.540765
0.379003 0.267913 0.573689
0.636014 0.277723 0.395154
0.549316 0.237094 0.642069
0.410688 0.272693 0.622213
0.595537 0.445008 0.445053
0.623258 0.265351 0.416284
0.395744 0.454591 0.470308
0.681228 0.347176 0.572471
0.572566 0.267982 0.370407
0.703287 0.301612 0.434982
0.555736 0.450333 0.459523
0.304577 0.365831 0.416865
0.314784 0.247988 0.419924
0.703149 0.238198 0.541106
0.380133 0.314292 0.577744
0.5215 0.244393 0.661189
0.412594 0.26344 0.636611
0.380794 0.295053 0.321079
0.364792 0.292259 0.641612
0.453452 0.242768 0.285646
0.58627 0.254013 0.660038
0.656266 0.355679 0.357793
0.390631 0.297238 0.578833
0.437809 0.25792 0.293219
0.633334 0.262093 0.596983
0.31383 0.384262 0.409264
0.608558 0.439936 0.510667
0.645323 0.397476 0.5865
0.473846 0.325454 0.27012
0.489441 0.276335 0.275217
0.561445 0.446157 0.533297
0.480496 0.190394 0.327278
0.604206 0.256816 0.637738
0.384658 0.309464 0.669567
0.638767 0.427001 0.527989
0.377714 0.293971 0.563786
0.321457 0.183538 0.467687
0.687838 0.219436 0.541179
0.602421 0.443062 0.453817
0.688178 0.365588 0.409491
0.463463 0.371033 0.286808
0.483499 0.203662 0.673399
0.346185 0.243584 0.529048
0.398438 0.288263 0.597232
0.671885 0.403067 0.436727
0.507436 0.20634 0.338516
0.33977 0.262886 0.589963
0.550842 0.225275 0.661169
0.401662 0.295739 0.608317
0.579957 0.27213 0.378767
0.561088 0.276612 0.308841
0.635336 0.262395 0.599261
0.301815 0.389644 0.517356
0.374639 0.295403 0.325815
0.556496 0.298492 0.702521
0.6226 0.302563 0.335167
0.470194 0.218559 0.65545
0.669574 0.244926 0.573297
0.616026 0.264657 0.633053
0.307614 0.389423 0.542668
0.713928 0.295387 0.503729
0.536329 0.444708 0.392961
0.357933 0.299544 0.640885
0.575189 0.259323 0.632258
0.386732 0.297566 0.66539
0.51411 0.222246 0.295709
0.680284 0.396001 0.451293
0.650719 0.417663 0.534093
0.56066 0.23436 0.655958
0.507544 0.4526 0.513816
0.706914 0.233257 0.528944
0.280816 0.332763 0.45934
0.405025 0.312979 0.682203
0.667696 0.206541 0.500796
0.684141 0.200639 0.519403
0.492783 0.45342 0.432061
0.27876 0.302988 0.454776
0.645622 0.234878 0.547228
0.48105 0.181619 0.319425
0.565393 0.250086 0.638858
0.445324 0.405177 0.66068
0.568315 0.249006 0.672514
0.329194 0.204014 0.505645
0.538921 0.449033 0.526439
0.298445 0.24227 0.516197
0.61833 0.279171 0.399198
0.282022 0.234081 0.48528
0.635633 0.260891 0.581954
0.713681 0.261417 0.488721
0.353563 0.302014 0.350447
0.321023 0.197109 0.457975
0.439519 0.257932 0.332969
0.447862 0.273092 0.284741
0.48103 0.450928 0.565146
0.509609 0.20111 0.329047
0.430768 0.260574 0.64948
0.5889 0.336701 0.310202
0.566415 0.241965 0.667945
0.579742 0.437896 0.562942
0.557029 0.276147 0.360037
0.670094 0.226607 0.482862
0.507021 0.438375 0.607563
0.47988 0.210601 0.655157
0.298939 0.364001 0.553867
0.496732 0.45111 0.55019
0.513303 0.408085 0.661074
0.33288 0.287378 0.379865
0.287248 0.34738 0.538881
0.319202 0.395844 0.413956
0.611887 0.283771 0.585561
0.52512 0.224993 0.338475
0.356218 0.287148 0.55114
0.331251 0.228524 0.459302
0.477336 0.453254 0.547417
0.301846 0.26602 0.426284
0.374969 0.309738 0.32051
0.426447 0.276026 0.635581
0.544663 0.449175 0.500125
0.526203 0.24 0.707034
0.367615 0.289268 0.4034
0.386819 0.290037 0.583956
0.48205 0.224318 0.690818
0.479481 0.452314 0.549683
0.344843 0.263118 0.534634
0.376813 0.401228 0.343389
0.351353 0.303785 0.352515
0.586505 0.270272 0.661918
0.702494 0.22775 0.518325
0.336449 0.277609 0.594609
0.506487 0.440772 0.370875
0.670109 0.215902 0.497479
0.581944 0.276302 0.336869
0.300574 0.244968 0.518167
0.43854 0.453177 0.42173
0.654568 0.238155 0.421167
0.660345 0.210514 0.531448
0.452775 0.322191 0.27771
0.32213 0.220663 0.520181
0.492804 0.452615 0.440772
0.447751 0.241798 0.686217
0.484467 0.212162 0.29272
0.52498 0.227311 0.307325
0.637005 0.32964 0.641222
0.412237 0.275296 0.665544
0.560357 0.280233 0.361897
0.501768 0.234199 0.700015
0.428296 0.443839 0.593752
0.6305 0.266124 0.606509
0.685848 0.226791 0.452005
0.445071 0.249035 0.325595
0.556704 0.256929 0.643919
0.336519 0.265983 0.394296
0.550569 0.439095 0.58347
0.393874 0.302544 0.599704
0.360322 0.293238 0.557602
0.481377 0.453082 0.454236
0.287027 0.236408 0.492988
0.487096 0.210845 0.661577
0.606637 0.279372 0.607445
0.35708 0.270298 0.55402
0.643126 0.289507 0.386987
0.341238 0.287103 0.379111
0.284616 0.263038 0.453098
0.390889 0.448932 0.424725
0.396014 0.278063 0.620696
0.333988 0.273333 0.393084
0.678567 0.281488 0.575715
0.711915 0.274345 0.500115
0.328226 0.226588 0.455587
0.502251 0.225126 0.68688
0.444407 0.242152 0.310954
0.650291 0.237945 0.550216
0.37741 0.28759 0.571477
0.3416 0.271103 0.440223
0.40893 0.29062 0.633518
0.609178 0.27883 0.605111
0.356926 0.254679 0.600269
0.597275 0.399029 0.337764
0.30568 0.191069 0.469375
0.450306 0.254986 0.652259
0.701406 0.24165 0.539272
0.515902 0.421368 0.333383
0.412357 0.270927 0.331614
0.454603 0.361471 0.288153
0.599663 0.344849 0.317003
0.571366 0.287629 0.684039
0.528441 0.393668 0.300316
0.522701 0.451632 0.474366
0.474209 0.207467 0.672547
0.670806 0.205529 0.512596
0.525692 0.237435 0.297134
0.581893 0.280099 0.626607
0.284274 0.239719 0.486551
0.344721 0.264142 0.400449
0.666289 0.280038 0.40568
0.424644 0.456021 0.49882
0.42303 0.436865 0.608134
0.336973 0.280126 0.38814
0.393164 0.280562 0.618173
0.458348 0.232476 0.658002
0.596472 0.435256 0.551488
0.364138 0.440165 0.427346
0.588214 0.287256 0.362463
0.369759 0.296322 0.353587
0.42155 0.412391 0.331885
0.498472 0.451204 0.451392
0.402199 0.2792 0.629737
0.337704 0.352702 0.618915
0.431765 0.333119 0.291561
0.514615 0.216148 0.314645
0.415738 0.378293 0.306645
0.400854 0.379904 0.665766
0.303305 0.240836 0.441323
0.679644 0.225187 0.474977
0.550452 0.236496 0.654701
0.516387 0.250457 0.714099
0.664735 0.375553 0.585172
0.378378 0.293844 0.351486
0.37695 0.292184 0.575896
0.313573 0.206906 0.46301
0.437211 0.455586 0.467885
0.621428 0.281193 0.408276
0.58687 0.376965 0.318647
0.298338 0.232003 0.505515
0.484403 0.221309 0.683811
0.517374 0.257743 0.71665
0.596982 0.267704 0.636859
0.398945 0.289482 0.620976
0.365361 0.291983 0.369498
0.306043 0.300348 0.560951
0.502541 0.450578 0.497088
0.518659 0.441655 0.382512
0.430132 0.417003 0.335371
0.33426 0.276489 0.394019
0.50413 0.226365 0.683722
0.516781 0.228628 0.322791
0.357126 0.367387 0.637586
0.449296 0.281724 0.705383
0.503181 0.219118 0.304167
0.306925 0.239595 0.51584
0.413105 0.270781 0.645391
0.715507 0.299521 0.468851
0.627249 0.303314 0.362156
0.487481 0.228389 0.661427
0.347525 0.278167 0.607835
0.530326 0.229367 0.665644
0.489219 0.224792 0.292845
0.55593 0.412634 0.334286
0.303876 0.208867 0.461504
0.352315 0.297491 0.366817
0.590594 0.287298 0.623315
0.705455 0.360921 0.471504
0.595386 0.30442 0.390464
0.451142 0.247149 0.31315
0.461235 0.230514 0.306286
0.712812 0.338185 0.470054
0.307653 0.281913 0.541955
0.49895 0.228102 0.667388
0.309795 0.226499 0.510571
0.708415 0.277608 0.526729
0.327308 0.292804 0.384582
0.569097 0.421589 0.619556
0.587793 0.338707 0.675957
0.676381 0.208103 0.518023
0.355433 0.262684 0.580769
0.419738 0.288628 0.307327
0.347921 0.262825 0.571317
0.590873 0.304511 0.314035
0.455684 0.238208 0.683745
0.332207 0.27336 0.399321
0.595321 0.277599 0.632534
0.371769 0.291572 0.38662
0.639116 0.27471 0.599197
0.502944 0.39002 0.298851
0.428629 0.277334 0.648381
0.606493 0.302665 0.607919
0.314155 0.281046 0.547633
0.286911 0.215141 0.473379
0.471735 0.451171 0.458617
0.562225 0.428647 0.362204
0.305678 0.224754 0.453837
0.595388 0.271597 0.650863
0.516796 0.236238 0.691728
0.63804 0.281135 0.611552
0.674167 0.242156 0.478333
0.442672 0.242602 0.672016
0.392429 0.30389 0.626618
0.583659 0.288855 0.632727
0.319001 0.408437 0.46577
0.452875 0.23741 0.678909
0.527883 0.357355 0.280764
0.504912 0.449609 0.496803
0.65718 0.259299 0.576023
0.3699 0.294689 0.580337
0.483617 0.23846 0.699607
0.512263 0.445444 0.564529
0.707697 0.25053 0.519266
0.628197 0.429976 0.516734
0.513048 0.442969 0.584669
0.662846 0.337128 0.365391
0.289235 0.262637 0.45198
0.379025 0.334751 0.321799
0.509127 0.233077 0.302275
0.622732 0.308071 0.337572
0.639817 0.280725 0.605133
0.328885 0.260899 0.429159
0.412432 0.454139 0.491201
0.495737 0.240914 0.698634
0.577719 0.301487 0.364595
0.356626 0.300568 0.36769
0.333474 0.264063 0.412796
0.303311 0.228631 0.456824
0.305538 0.230041 0.45577
0.406585 0.276788 0.64531
0.678216 0.359293 0.38933
0.571008 0.445196 0.446456
0.538304 0.238917 0.668131
0.702165 0.366326 0.476314
0.365805 0.440425 0.505375
0.467253 0.251271 0.707829
0.552387 0.267171 0.320513
0.459157 0.258976 0.286161
0.458585 0.441803 0.59777
0.628052 0.299728 0.387697
0.425809 0.280691 0.327002
0.44477 0.445423 0.390065
0.452428 0.435589 0.612292
0.367758 0.303805 0.591715
0.635118 0.414371 0.557365
0.507312 0.441886 0.588895
0.355804 0.310332 0.353128
0.632488 0.279822 0.60573
0.562182 0.279239 0.687456
0.526094 0.344465 0.277652
0.385324 0.296539 0.609289
0.356095 0.302887 0.634773
0.394699 0.299887 0.633824
0.353954 0.385238 0.353008
0.2961 0.234347 0.461787
0.641488 0.311924 0.360119
0.477059 0.327423 0.713978
0.324475 0.259074 0.445008
0.547219 0.266791 0.325889
0.667218 0.242619 0.556418
0.651783 0.274254 0.413425
0.544068 0.264815 0.323771
0.692423 0.241702 0.470526
0.334122 0.267469 0.550189
0.58745 0.306779 0.370701
0.454408 0.452022 0.490222
0.366881 0.302904 0.363394
0.579356 0.442596 0.489097
0.463044 0.448801 0.554556
0.532073 0.247035 0.6759
0.621797 0.304089 0.396022
0.634339 0.283753 0.596932
0.468631 0.333692 0.710572
0.459024 0.427828 0.346292
0.669323 0.401737 0.428744
0.674569 0.264539 0.429456
0.293037 0.299068 0.533362
0.442785 0.383572 0.676272
0.386351 0.313305 0.316432
0.532048 0.438741 0.384315
0.510244 0.447518 0.488376
0.680447 0.237432 0.48831
0.699299 0.247429 0.479825
0.441379 0.294512 0.290837
0.49858 0.289489 0.279173
0.46491 0.267584 0.710934
0.600596 0.380665 0.327908
0.673231 0.399913 0.445339
0.295842 0.30132 0.537429
0.342602 0.422378 0.414367
0.497825 0.430348 0.619918
0.657029 0.303915 0.379012
0.668515 0.243936 0.547584
0.66276 0.251288 0.434679
0.293908 0.343663 0.545592
0.466301 0.449732 0.514783
0.68859 0.243144 0.474261
0.458337 0.237512 0.677775
0.671378 0.394093 0.535512
0.392797 0.299436 0.352972
0.663192 0.319038 0.607623
0.496991 0.24496 0.303348
0.491448 0.229468 0.67647
0.588147 0.437508 0.53517
0.324837 0.270246 0.417233
0.585837 0.439273 0.522345
0.585722 0.421006 0.607535
0.494675 0.243004 0.69456
0.279223 0.32703 0.477261
0.491693 0.447879 0.47546
0.381812 0.308809 0.61595
0.702653 0.255794 0.479696
0.343682 0.280482 0.399303
0.464137 0.316135 0.277536
0.305257 0.283237 0.52822
0.338031 0.28418 0.564445
0.379616 0.442729 0.416379
0.463789 0.401614 0.315727
0.542471 0.420775 0.627476
0.679712 0.39249 0.449228
0.429368 0.452175 0.451952
0.385767 0.447145 0.494592
0.374832 0.443106 0.502534
0.382246 0.291011 0.636783
0.283577 0.314295 0.512342
0.636071 0.322139 0.348048
0.40633 0.328083 0.309121
0.640761 0.302407 0.401449
0.287909 0.260871 0.480942
0.669274 0.270141 0.427685
0.374069 0.426363 0.584038
0.501508 0.259643 0.709152
0.619361 0.343073 0.331259
0.301596 0.270525 0.504809
0.665285 0.268599 0.426784
0.568776 0.434047 0.564583
0.354298 0.294041 0.616094
0.455084 0.263807 0.295139
0.281344 0.31871 0.462931
0.674978 0.394942 0.435686
0.312431 0.336003 0.570935
0.390761 0.299284 0.3455
0.461436 0.424517 0.632257
0.33568 0.327708 0.372723
0.691863 0.278392 0.549658
0.507086 0.25555 0.304486
0.64106 0.299644 0.399309
0.636679 0.29044 0.604932
0.574125 0.441885 0.467042
0.683033 0.242451 0.500028
0.532683 0.439236 0.578268
0.503011 0.343487 0.280027
0.668236 0.250661 0.442974
0.583639 0.440651 0.485019
0.315439 0.276119 0.523885
0.313913 0.276652 0.522358
0.511806 0.446018 0.428527
0.612183 0.432489 0.525568
0.370475 0.387943 0.634859
0.349051 0.286522 0.588832
0.363441 0.298086 0.610707
0.439372 0.282105 0.689914
0.541178 0.412795 0.334277
0.388416 0.311883 0.360887
0.524613 0.426961 0.354143
0.673488 0.27707 0.429211
0.650861 0.297391 0.404052
0.310782 0.395219 0.46164
0.529663 0.419645 0.631637
0.31753 0.2847 0.423034
0.357327 0.376491 0.630994
0.355784 0.297542 0.597136
0.553614 0.342303 0.292544
0.68131 0.24515 0.511444
0.480427 0.261757 0.290445
0.584419 0.28778 0.648288
0.553992 0.440524 0.471585
0.533637 0.270203 0.308517
0.491543 0.31649 0.276389
0.422522 0.452137 0.495331
0.654747 0.320601 0.36495
0.596259 0.438559 0.459089
0.526461 0.43915 0.580259
0.341422 0.290019 0.410946
0.413431 0.323282 0.307022
0.517027 0.443068 0.469599
0.33226 0.335401 0.376158
0.44413 0.378327 0.302855
0.696701 0.278455 0.454028
0.474911 0.247688 0.696934
0.609255 0.436348 0.421399
0.691725 0.28332 0.548392
0.588269 0.300369 0.339852
0.41485 0.290342 0.658007
0.61766 0.416514 0.573367
0.500283 0.302425 0.279368
0.286462 0.345577 0.483824
0.458094 0.244815 0.67663
0.292391 0.304564 0.512337
0.391818 0.305789 0.344875
0.327089 0.293922 0.402237
0.694775 0.30691 0.433515
0.457272 0.42404 0.62981
0.567922 0.412533 0.344577
0.515605 0.274273 0.707308
0.585904 0.367298 0.320096
0.375486 0.306806 0.619505
0.332692 0.308233 0.385457
0.506581 0.285286 0.709362
0.379034 0.310761 0.351242
0.599601 0.30877 0.658388
0.606691 0.308145 0.341919
0.434367 0.303087 0.299881
0.577984 0.435594 0.536071
0.325612 0.339023 0.585927
0.702727 0.285294 0.504596
0.513593 0.290606 0.709026
0.643937 0.41673 0.526359
0.691583 0.292856 0.439264
0.311579 0.274754 0.445336
0.326442 0.374549 0.58757
0.505344 0.291209 0.709873
0.31954 0.293136 0.543503
0.694126 0.256596 0.526896
0.565111 0.401532 0.331554
0.681357 0.294073 0.563144
0.481857 0.444084 0.527648
0.41282 0.305575 0.672741
0.58493 0.441232 0.418913
0.295812 0.315801 0.543664
0.437907 0.261399 0.675461
0.678056 0.245781 0.536275
0.359078 0.322539 0.366916
0.483776 0.441495 0.464814
0.568008 0.336066 0.681805
0.438015 0.302412 0.690927
0.350439 0.311434 0.607384
0.699388 0.318439 0.436101
0.634869 0.392626 0.598418
0.311673 0.281821 0.445678
0.416825 0.307487 0.321969
0.702574 0.328336 0.527393
0.603541 0.317828 0.658852
0.297051 0.307323 0.526832
0.487484 0.441924 0.508561
0.477307 0.309762 0.280991
0.463937 0.34834 0.288651
0.302318 0.277888 0.4518
0.307432 0.353412 0.555479
0.628323 0.42513 0.498438
0.419356 0.45005 0.515689
0.378822 0.315463 0.353201
0.495791 0.277682 0.707316
0.685226 0.27272 0.450089
0.304868 0.276825 0.452495
0.367715 0.316118 0.637205
0.486575 0.28715 0.285947
0.546496 0.394006 0.661933
0.400995 0.326658 0.670355
0.576657 0.425932 0.590881
0.480221 0.443278 0.445383
0.486628 0.441952 0.524936
0.604844 0.312265 0.653153
0.624021 0.309348 0.603318
0.464431 0.44409 0.552897
0.301166 0.381571 0.488071
0.348087 0.313027 0.611294
0.69808 0.344094 0.440811
0.328159 0.341933 0.584033
0.487016 0.439921 0.493737
0.363534 0.327528 0.35658
0.458205 0.276116 0.69986
0.553083 0.375616 0.674123
0.690141 0.367075 0.44087
0.324024 0.375683 0.391511
0.482726 0.340043 0.283896
0.356937 0.360664 0.348863
0.486018 0.439954 0.490123
0.52975 0.291821 0.290732
0.381675 0.322177 0.626659
0.425822 0.426049 0.355733
0.559542 0.431712 0.556339
0.561941 0.285236 0.666862
0.288634 0.288141 0.474102
0.691663 0.354419 0.432908
0.540752 0.293826 0.297753
0.65969 0.310554 0.398706
0.557379 0.332104 0.295889
0.356664 0.430535 0.523435
0.685962 0.264119 0.503016
0.464045 0.250981 0.675165
0.405799 0.314336 0.329707
0.483974 0.440635 0.559841
0.553113 0.359796 0.301281
0.297927 0.330431 0.434011
0.387952 0.312846 0.330501
0.345428 0.375513 0.360532
0.69775 0.288219 0.462266
0.509941 0.37567 0.295251
0.454085 0.395518 0.317326
0.387328 0.319689 0.656229
0.336515 0.309709 0.406794
0.577214 0.338851 0.313582
0.426746 0.322184 0.683831
0.315041 0.362817 0.559915
0.676993 0.276336 0.454632
0.690847 0.272437 0.515561
0.505309 0.332125 0.702216
0.598644 0.431607 0.500591
0.632889 0.423849 0.446504
0.405698 0.444607 0.420254
0.541071 0.433351 0.478715
0.369739 0.33327 0.611363
0.358452 0.330232 0.37406
0.658165 0.362698 0.589361
0.546853 0.43343 0.513703
0.573366 0.439082 0.418059
0.477013 0.439933 0.561656
0.482018 0.437358 0.469961
0.344716 0.337886 0.371598
0.679141 0.290796 0.556885
0.321991 0.400792 0.519084
0.605753 0.386464 0.340272
0.448694 0.443223 0.458077
0.663047 0.316601 0.584152
0.372243 0.333732 0.369568
0.384224 0.355932 0.325381
0.383822 0.442914 0.467624
0.636321 0.316556 0.595983
0.342632 0.422093 0.494075
0.532266 0.435571 0.446323
0.553289 0.43312 0.504158
0.673277 0.335818 0.389451
0.30158 0.368281 0.525639
0.647636 0.323219 0.374998
0.570855 0.434897 0.482161
0.462837 0.294266 0.704573
0.466707 0.40893 0.329081
0.607474 0.432985 0.44313
0.337877 0.374481 0.602198
0.315264 0.363404 0.413784
0.683513 0.280267 0.476557
0.466247 0.282296 0.702826
0.521083 0.334526 0.697812
0.374378 0.43864 0.470194
0.578466 0.436976 0.440335
0.570252 0.321965 0.675532
0.307559 0.307192 0.440131
0.33213 0.321173 0.399886
0.549911 0.308496 0.304745
0.533441 0.285322 0.692349
0.532586 0.302542 0.696289
0.508013 0.303304 0.294747
0.518848 0.389163 0.309353
0.662675 0.402854 0.436693
0.319304 0.373739 0.405376
0.538535 0.435454 0.417886
0.35708 0.338166 0.36757
0.478161 0.409872 0.650052
0.699836 0.305058 0.484867
0.560626 0.43266 0.477823
0.322201 0.355261 0.396385
0.524431 0.348567 0.692723
0.384931 0.439573 0.524985
0.689736 0.281393 0.496068
0.402977 0.329522 0.665835
0.474228 0.308539 0.707402
0.381159 0.326724 0.641259
0.545511 0.309661 0.297654
0.530435 0.432927 0.451044
0.56001 0.434718 0.45019
0.316367 0.332682 0.563519
0.37643 0.348339 0.33416
0.431914 0.338439 0.682065
0.44448 0.443239 0.537091
0.561828 0.436881 0.413405
0.370311 0.33838 0.632193
0.682967 0.283341 0.49392
0.671796 0.37066 0.39853
0.534649 0.336818 0.692052
0.664865 0.400479 0.47236
0.553523 0.433807 0.437537
0.323405 0.401918 0.470187
0.490104 0.347409 0.290557
0.301672 0.311027 0.450149
0.451056 0.294539 0.691633
0.48766 0.371141 0.299328
0.558637 0.424208 0.373646
0.501124 0.42412 0.615842
0.595124 0.41516 0.595609
0.362253 0.347071 0.360146
0.323617 0.397789 0.446523
0.44024 0.287439 0.677722
0.308307 0.337633 0.55184
0.3111 0.373357 0.439087
0.485166 0.432354 0.484231
0.45043 0.372246 0.306402
0.333417 0.410928 0.462205
0.696299 0.304257 0.491785
0.376279 0.415854 0.597649
0.624424 0.342005 0.349922
0.363874 0.431233 0.417873
0.381887 0.434786 0.406929
0.56901 0.435253 0.439017
0.49132 0.28495 0.699679
0.319982 0.324174 0.41444
0.468355 0.437632 0.555903
0.49038 0.26792 0.686051
0.292228 0.302364 0.475648
0.32091 0.398598 0.490357
0.624197 0.325489 0.625104
0.365164 0.346755 0.630172
0.312469 0.38684 0.487734
0.681502 0.285556 0.509983
0.443036 0.440102 0.494299
0.547865 0.335289 0.684579
0.435251 0.441101 0.424929
0.535485 0.429572 0.442415
0.514345 0.291758 0.6823
0.625249 0.328932 0.612772
0.294858 0.316013 0.492772
0.656209 0.328919 0.581217
0.427851 0.441572 0.427364
0.610082 0.421405 0.53706
0.470466 0.431152 0.473408
0.682887 0.359221 0.42848
0.492363 0.274633 0.684932
0.329541 0.406201 0.47751
0.68301 0.284491 0.520094
0.311564 0.324935 0.435535
0.593855 0.346096 0.651567
0.682587 0.287843 0.500551
0.347513 0.360152 0.606093
0.369062 0.431779 0.526024
0.38973 0.360076 0.327783
0.398278 0.354396 0.658589
0.685371 0.346212 0.540492
0.407704 0.429259 0.59975
0.335142 0.369759 0.584926
0.383651 0.416707 0.602612
0.424657 0.41218 0.631954
0.492631 0.276042 0.682627
0.370122 0.340206 0.620836
0.677007 0.355273 0.410008
0.674438 0.33495 0.561496
0.32265 0.338436 0.411566
0.494893 0.399785 0.324537
0.544094 0.42618 0.4616
0.369038 0.363733 0.35486
0.680584 0.288716 0.525068
0.6009 0.375167 0.64539
0.558273 0.34351 0.673926
0.68415 0.355776 0.435284
0.519835 0.426201 0.453248
0.301589 0.316925 0.505568
0.470772 0.413524 0.638472
0.313014 0.338698 0.550788
0.53128 0.425048 0.591319
0.319234 0.391796 0.496418
0.559359 0.321891 0.670031
0.424701 0.383902 0.321443
0.331122 0.344714 0.565926
0.63781 0.361788 0.608644
0.336509 0.409643 0.50785
0.545534 0.408914 0.348786
0.6611 0.322474 0.566235
0.514338 0.425925 0.503617
0.513828 0.426332 0.509093
0.684099 0.367332 0.502174
0.422759 0.403406 0.640809
0.515963 0.389625 0.663291
0.411719 0.348526 0.330095
0.611956 0.420533 0.390794
0.410392 0.380111 0.32254
0.680662 0.323734 0.425673
0.604014 0.397673 0.355571
0.29927 0.335422 0.529003
0.665254 0.324148 0.565341
0.633633 0.409217 0.390762
0.431029 0.439627 0.474383
0.541671 0.308041 0.674382
0.645896 0.351401 0.597246
0.293571 0.332487 0.486637
0.389098 0.342404 0.63708
0.337959 0.392113 0.562397
0.675252 0.310399 0.542458
0.398796 0.391096 0.335721
0.567158 0.353251 0.662897
0.470726 0.413586 0.344618
0.50505 0.421513 0.463506
0.480736 0.369974 0.306827
0.686386 0.349002 0.514597
0.357341 0.359596 0.605971
0.338686 0.409271 0.518613
0.671942 0.311102 0.545178
0.647319 0.408765 0.453786
0.398199 0.370285 0.651969
0.340422 0.408935 0.433317
0.359057 0.420117 0.543262
0.347635 0.411316 0.544621
0.449523 0.335634 0.684881
0.689305 0.311668 0.461735
0.385843 0.372883 0.335398
0.301025 0.326878 0.511077
0.511176 0.401958 0.33376
0.450631 0.297614 0.679996
0.693962 0.337251 0.483043
0.365565 0.38406 0.357953
0.565464 0.39453 0.641361
0.425171 0.439977 0.505406
0.653134 0.383286 0.558978
0.438104 0.437713 0.508914
0.688502 0.352349 0.495099
0.482181 0.426693 0.523582
0.507829 0.421688 0.487776
0.592125 0.416899 0.576707
0.514566 0.429054 0.403711
0.616195 0.419131 0.48443
0.558157 0.405042 0.62647
0.54068 0.421919 0.50449
0.319437 0.384067 0.460755
0.327366 0.372243 0.414342
0.692325 0.343531 0.472067
0.671524 0.332509 0.548314
0.482321 0.338938 0.691406
0.502643 0.417395 0.467012
0.618473 0.383937 0.358326
0.353313 0.418963 0.528266
0.537871 0.319461 0.671671
0.445421 0.343061 0.316262
0.57715 0.419803 0.561221
0.573535 0.412124 0.60337
0.304034 0.349819 0.503661
0.494742 0.428637 0.431462
0.59775 0.368757 0.640223
0.466486 0.286727 0.684526
0.322107 0.390811 0.474845
0.670596 0.317958 0.444458
0.457007 0.299024 0.681576
0.444086 0.381468 0.321334
0.497503 0.419262 0.363231
0.502528 0.420668 0.606841
0.305739 0.324104 0.49237
0.462434 0.417546 0.623578
0.666499 0.337681 0.404429
0.466996 0.424051 0.480733
0.35551 0.367545 0.595719
0.307277 0.337337 0.530818
0.561495 0.420464 0.553818
0.683971 0.309924 0.483907
0.649998 0.354312 0.576445
0.480026 0.403924 0.647171
0.377138 0.430819 0.5259
0.66809 0.3886 0.450695
0.512126 0.424569 0.554657
0.468941 0.404516 0.337321
0.406695 0.356457 0.643686
0.316703 0.355385 0.447571
0.457593 0.428621 0.591563
0.665958 0.328185 0.545143
0.662936 0.335797 0.551287
0.488867 0.41345 0.475835
0.396579 0.432114 0.552082
0.54886 0.416218 0.476744
0.56538 0.403916 0.355645
0.614011 0.357885 0.616623
0.503046 0.331013 0.686998
0.573775 0.374763 0.335405
0.67127 0.326197 0.437902
0.531902 0.358071 0.674845
0.363606 0.409567 0.574213
0.465992 0.352151 0.311265
0.613299 0.370124 0.353706
0.646271 0.347822 0.569323
0.312702 0.338158 0.509268
0.644494 0.378143 0.38077
0.41937 0.358053 0.658954
0.507593 0.323741 0.685421
0.457439 0.390423 0.328804
0.460957 0.324649 0.686607
0.659507 0.355083 0.556265
0.474841 0.324616 0.692586
0.684693 0.349585 0.455065
0.509366 0.344822 0.306622
0.481723 0.418683 0.502315
0.472388 0.426116 0.380946
0.521663 0.352879 0.306728
0.572358 0.354673 0.639574
0.367063 0.36868 0.607515
0.540272 0.32687 0.674461
0.377792 0.362602 0.620752
0.662054 0.357578 0.551636
0.331617 0.391866 0.512508
0.310313 0.344032 0.469888
0.580775 0.363584 0.34287
0.338571 0.364457 0.557719
0.506228 0.420843 0.588713
0.473712 0.414045 0.481107
0.557458 0.413764 0.374957
0.32775 0.38162 0.444631
0.567213 0.420682 0.456464
0.502796 0.358657 0.675843
0.458856 0.367354 0.320917
0.637662 0.40389 0.482457
0.599282 0.364497 0.621764
0.636836 0.406134 0.464469
0.512987 0.418137 0.534041
0.465584 0.401394 0.342432
0.506484 0.41934 0.595438
0.687026 0.328911 0.467686
0.562369 0.385649 0.340243
0.468841 0.412958 0.356692
0.676658 0.333646 0.513369
0.509781 0.361977 0.314128
0.555638 0.398007 0.628858
0.458704 0.35374 0.319659
0.673252 0.37252 0.45266
0.474154 0.428053 0.410929
0.566611 0.396142 0.62869
0.318142 0.370575 0.484358
0.362891 0.418629 0.455226
0.605241 0.367845 0.358123
0.446836 0.428527 0.448153
0.399663 0.430205 0.409578
0.659388 0.370136 0.400876
0.523196 0.418574 0.543258
0.558343 0.407806 0.363525
0.460861 0.429193 0.424852
0.390784 0.375491 0.631742
0.389765 0.42788 0.428908
0.320967 0.357486 0.500977
0.479303 0.407783 0.475309
0.504595 0.328517 0.673538
0.468256 0.412945 0.482315
0.464156 0.426254 0.405466
0.6579 0.389909 0.465862
0.669609 0.319905 0.518321
0.595209 0.41105 0.558024
0.549258 0.351339 0.654299
0.536716 0.418341 0.429158
0.558093 0.421777 0.43356
0.47148 0.41187 0.46914
0.563931 0.36947 0.337188
0.594518 0.410006 0.568167
0.410569 0.387967 0.640703
0.336555 0.386734 0.43276
0.642814 0.356765 0.560169
0.67254 0.33723 0.445105
0.653283 0.382205 0.53252
0.672445 0.328478 0.512868
0.636369 0.354215 0.56291
0.55627 0.397511 0.353274
0.465836 0.378163 0.327944
0.514676 0.351645 0.315139
0.403297 0.410985 0.367888
0.536391 0.414997 0.535772
0.619506 0.403749 0.544398
0.650395 0.35557 0.552656
0.409983 0.367379 0.633437
0.55329 0.418768 0.443995
0.442182 0.380034 0.656709
0.560035 0.422937 0.427583
0.464089 0.321792 0.675263
0.665368 0.314466 0.509885
0.381829 0.393283 0.61308
0.577411 0.381446 0.35176
0.579227 0.370351 0.626673
0.516708 0.41253 0.443676
0.521771 0.415465 0.582962
0.449886 0.417837 0.480929
0.499564 0.41526 0.43919
0.654168 0.355436 0.540493
0.643245 0.397443 0.462141
0.480891 0.414729 0.445736
0.666645 0.349982 0.517652
0.383743 0.384523 0.615954
0.323657 0.350703 0.477439
0.358807 0.404425 0.470416
0.471764 0.412466 0.517769
0.665297 0.372699 0.483295
0.445423 0.426359 0.422612
0.519851 0.4083 0.608702
0.555605 0.38925 0.63248
0.552423 0.411826 0.528655
0.502886 0.35826 0.666693
0.35905 0.399575 0.404954
0.593827 0.376572 0.36817
0.610075 0.408191 0.515686
0.674945 0.337904 0.461807
0.348354 0.394745 0.471259
0.554175 0.404595 0.366133
0.61568 0.365787 0.393772
0.485787 0.415581 0.550439
0.425939 0.360131 0.636815
0.507214 0.342946 0.668362
0.668603 0.341839 0.514843
0.485626 0.38627 0.654448
0.325923 0.365194 0.475857
0.458732 0.413795 0.369126
0.673215 0.354883 0.482763
0.356979 0.396027 0.478007
0.593727 0.404456 0.37964
0.442506 0.423561 0.427934
0.529427 0.406946 0.447742
0.346055 0.393193 0.523212
0.425748 0.421658 0.479051
0.616702 0.376362 0.581811
0.465291 0.41185 0.52024
0.631786 0.396305 0.499228
0.342168 0.374074 0.441204
0.566727 0.393927 0.617433
0.368814 0.412426 0.427331
0.621287 0.373072 0.387484
0.46323 0.335638 0.664921
0.606847 0.409036 0.462127
0.654995 0.37456 0.501899
0.612167 0.363941 0.570091
0.511008 0.414164 0.428425
0.477236 0.39957 0.478968
0.361471 0.409446 0.516914
0.404876 0.425256 0.493956
0.351092 0.39214 0.460116
0.383153 0.422138 0.53566
0.577303 0.40853 0.578273
0.595887 0.378558 0.609722
0.391407 0.403978 0.60824
0.502306 0.413322 0.564745
0.513437 0.400262 0.484093
0.402319 0.422187 0.478425
0.529845 0.388746 0.636181
0.422991 0.421092 0.390938
0.459425 0.366546 0.659722
0.452901 0.381071 0.340983
0.605289 0.374344 0.384946
0.668911 0.338282 0.485794
0.475409 0.350733 0.328966
0.367725 0.397986 0.4668
0.459272 0.341014 0.654389
0.35593 0.388575 0.540582
0.577012 0.41765 0.430039
0.372147 0.401993 0.464692
0.392621 0.415828 0.478948
0.391321 0.38275 0.58612
0.499116 0.354839 0.657275
0.536235 0.409815 0.429296
0.546837 0.387997 0.625013
0.662812 0.344479 0.491555
0.534487 0.388281 0.629002
0.443828 0.403366 0.366468
0.419919 0.370527 0.622143
0.477531 0.368392 0.656045
0.659586 0.348912 0.455376
0.350148 0.383523 0.460961
0.368888 0.381346 0.556273
0.371751 0.39937 0.473527
0.581104 0.379931 0.613068
0.641883 0.356936 0.540754
0.441322 0.374624 0.643712
0.384196 0.400894 0.590564
0.619555 0.404253 0.402752
0.488777 0.408658 0.381072
0.57117 0.404807 0.378908
0.651233 0.335914 0.532297
0.608697 0.374736 0.578119
0.663688 0.347164 0.47879
0.585229 0.380817 0.372575
0.53935 0.38438 0.350146
0.521658 0.383488 0.346633
0.489801 0.34939 0.335786
0.465212 0.38883 0.350699
0.656904 0.344318 0.527011
0.439537 0.376629 0.642488
0.424519 0.366921 0.619064
0.465422 0.374463 0.349757
0.500859 0.349582 0.34019
0.604381 0.408205 0.444808
0.562095 0.409062 0.44401
0.37883 0.403764 0.485946
0.489295 0.394426 0.495922
0.644033 0.345544 0.533447
0.537471 0.397367 0.498008
0.446813 0.417996 0.575379
0.596292 0.401015 0.537522
0.551697 0.396969 0.372671
0.406768 0.406136 0.606197
0.437383 0.412636 0.495737
0.601837 0.399641 0.536205
0.656409 0.336443 0.47739
0.549665 0.36251 0.626818
0.65769 0.336611 0.47017
0.570191 0.374945 0.373886
0.475731 0.334993 0.660047
0.549832 0.396892 0.476816
0.462257 0.381995 0.353624
0.484694 0.395159 0.499222
0.62029 0.400027 0.453387
0.470478 0.401196 0.616266
0.595513 0.401075 0.505406
0.616163 0.403278 0.406127
0.501175 0.404834 0.435541
0.564623 0.41224 0.433031
0.453279 0.391985 0.631802
0.469724 0.393432 0.477081
0.649211 0.323952 0.47799
0.44342 0.41432 0.443191
0.400469 0.41927 0.566654
0.504373 0.334783 0.652629
0.582113 0.403299 0.476854
0.376206 0.402634 0.524628
0.471006 0.394892 0.507288
0.388278 0.407959 0.438137
0.62236 0.374055 0.416871
0.536255 0.356358 0.632382
0.382952 0.399405 0.489357
0.623579 0.387407 0.484852
0.45357 0.405219 0.605213
0.412063 0.418501 0.520931
0.486261 0.397404 0.37966
0.483337 0.400756 0.546471
0.53495 0.399735 0.53104
0.366072 0.377232 0.497081
0.527949 0.395198 0.509548
0.474662 0.342183 0.655318
0.378949 0.403538 0.535713
0.536213 0.395434 0.508045
0.356037 0.372608 0.458292
0.611173 0.362593 0.552393
0.550074 0.395686 0.498009
0.533731 0.391412 0.489358
0.492538 0.380373 0.633054
0.526351 0.394682 0.50752
0.599717 0.366068 0.562569
0.535329 0.386016 0.365314
0.638085 0.375667 0.484473
0.356677 0.372469 0.471134
0.406213 0.408942 0.461393
0.500885 0.387176 0.483727
0.630037 0.378465 0.527098
0.594693 0.397114 0.544323
0.569169 0.39719 0.474153
0.648268 0.320402 0.518305
0.421558 0.416941 0.516492
0.466564 0.380693 0.637291
0.50692 0.372081 0.35297
0.387983 0.400873 0.439647
0.466913 0.396066 0.53167
0.540326 0.39514 0.525854
0.621186 0.351397 0.434678
0.443952 0.382151 0.623389
0.378556 0.384527 0.497065
0.455059 0.378754 0.373733
0.595326 0.39166 0.508071
0.441297 0.405187 0.600497
0.401961 0.374576 0.414358
0.450914 0.39191 0.618353
0.523767 0.343479 0.638404
0.636081 0.353595 0.446265
0.546062 0.370139 0.370527
0.559095 0.396376 0.57508
0.400244 0.408629 0.567983
0.455729 0.400774 0.389362
0.612917 0.343497 0.543612
0.543246 0.387332 0.479215
0.398992 0.405 0.496317
0.467608 0.397597 0.385057
0.49771 0.345192 0.360122
0.623321 0.381062 0.426169
0.599116 0.370907 0.411869
0.519113 0.398126 0.573508
0.579471 0.387956 0.582726
0.609168 0.373677 0.547117
0.568183 0.39617 0.566274
0.443221 0.4053 0.446737
0.447266 0.397148 0.494562
0.496376 0.320786 0.63847
0.383208 0.397901 0.532193
0.55984 0.37838 0.601913
0.385157 0.398754 0.438304
0.618888 0.374388 0.421165
0.375049 0.371409 0.521235
0.391936 0.39301 0.511325
0.639935 0.345791 0.466837
0.632301 0.341985 0.527299
0.420166 0.378559 0.400592
0.58203 0.390391 0.53186
0.383014 0.378553 0.498841
0.637193 0.346259 0.501907
0.489658 0.382553 0.382898
0.36834 0.367541 0.475094
0.393633 0.390405 0.558475
0.537359 0.390077 0.433731
0.3942 0.390978 0.424093
0.475272 0.385252 0.520072
0.470996 0.386255 0.518628
0.365155 0.352789 0.482299
0.424861 0.394269 0.481817
0.535257 0.350769 0.620171
0.503328 0.384884 0.606916
0.539291 0.3779 0.6061
0.463478 0.388101 0.614091
0.446745 0.401295 0.547566
0.533263 0.380177 0.462153
0.492013 0.391857 0.560324
0.363855 0.359114 0.471517
0.416054 0.394739 0.477988
0.477076 0.37602 0.626664
0.511166 0.376253 0.47072
0.519307 0.381482 0.608842
0.395858 0.390565 0.472449
0.411095 0.374889 0.590519
0.399883 0.404391 0.531817
0.63355 0.322358 0.527067
0.39401 0.395075 0.50901
0.548127 0.392123 0.544147
0.478189 0.367017 0.368884
0.489055 0.325503 0.639186
0.39762 0.386461 0.506329
0.42158 0.404152 0.560227
0.615089 0.369618 0.479176
0.544218 0.380605 0.495563
0.590563 0.380685 0.499101
0.383651 0.365388 0.500803
0.63466 0.317713 0.511219
0.503248 0.381193 0.446077
0.62335 0.324011 0.53057
0.485325 0.365656 0.379845
0.552828 0.383085 0.396932
0.621293 0.362479 0.483479
0.388359 0.372809 0.51343
0.443995 0.391795 0.519182
0.599781 0.388362 0.418635
0.593401 0.388852 0.454732
0.434276 0.39857 0.538421
0.59595 0.378916 0.496742
0.378082 0.367391 0.475787
0.403953 0.387209 0.490145
0.41071 0.401881 0.565315
0.409147 0.400381 0.536909
0.613602 0.351548 0.534345
0.504991 0.350002 0.374934
0.63025 0.299584 0.506686
0.547691 0.380779 0.494772
0.45154 0.357228 0.620597
0.558287 0.363363 0.396781
0.498005 0.36478 0.621103
0.551545 0.382472 0.502234
0.470095 0.384329 0.541788
0.409117 0.395201 0.580077
0.426105 0.39547 0.508314
0.610644 0.382097 0.437535
0.61875 0.361283 0.518142
0.570021 0.373629 0.574596
0.41283 0.388537 0.424907
0.432185 0.393141 0.58862
0.453251 0.38941 0.573608
0.55383 0.375526 0.496485
0.455852 0.375934 0.502953
0.385155 0.34136 0.501228
0.479185 0.376121 0.396932
0.604651 0.353286 0.435342
0.583662 0.337031 0.555411
0.424322 0.323731 0.580223
0.513685 0.369659 0.454924
0.595803 0.366276 0.536547
0.625918 0.319003 0.465473
0.487037 0.366417 0.391398
0.452115 0.335121 0.613176
0.59776 0.371761 0.474674
0.625729 0.338045 0.460242
0.549606 0.371972 0.400212
0.543465 0.342866 0.600292
0.552574 0.374097 0.489978
0.622392 0.347705 0.487823
0.442303 0.382497 0.601752
0.439898 0.376819 0.487708
0.513253 0.380321 0.406516
0.602954 0.356782 0.433343
0.530856 0.34622 0.610668
0.387023 0.361951 0.480693
0.46762 0.366515 0.4916
0.451957 0.388716 0.562718
0.399475 0.377953 0.46869
0.41747 0.372025 0.586481
0.497319 0.357796 0.386982
0.404429 0.371555 0.56817
0.538724 0.371114 0.590821
0.491517 0.319857 0.628831
0.467577 0.368481 0.497172
0.419229 0.386595 0.576551
0.450914 0.378279 0.455401
0.562568 0.331582 0.57401
0.624269 0.337463 0.471776
0.466035 0.373169 0.404287
0.388681 0.32863 0.501427
0.55528 0.375929 0.412209
0.459288 0.384527 0.419678
0.510442 0.338865 0.390752
0.406219 0.366607 0.48669
0.437741 0.381878 0.454621
0.588972 0.380134 0.444778
0.556474 0.3358 0.581269
0.54994 0.367903 0.407631
0.594656 0.377258 0.44571
0.620923 0.302148 0.521937
0.55205 0.368999 0.569892
0.552937 0.347904 0.405788
0.595181 0.355982 0.534412
0.583818 0.324747 0.430705
0.602195 0.358577 0.490854
0.477213 0.366456 0.534502
0.481019 0.354623 0.494875
0.547716 0.373332 0.550482
0.421847 0.377628 0.500569
0.557135 0.371924 0.554748
0.462386 0.370099 0.521837
0.395766 0.356127 0.500606
0.413257 0.360061 0.57254
0.544523 0.378007 0.420364
0.49714 0.375272 0.426268
0.445825 0.380251 0.410103
0.566305 0.381629 0.418358
0.576492 0.370683 0.523035
0.455926 0.372196 0.602502
0.430652 0.377865 0.412798
0.409456 0.357847 0.48893
0.450178 0.361001 0.477326
0.473576 0.359867 0.461988
0.624575 0.310294 0.477418
0.570328 0.353705 0.419971
0.618743 0.29402 0.5066
0.420889 0.378202 0.547204
0.531666 0.304355 0.602669
0.523495 0.364313 0.427306
0.57341 0.365804 0.461641
0.397121 0.34236 0.495488
0.600653 0.34492 0.505158
0.563007 0.364471 0.522514
0.612612 0.326479 0.515712
0.441994 0.352979 0.401843
0.605082 0.308231 0.532317
0.493006 0.349718 0.496626
0.56706 0.360059 0.503876
0.525042 0.344831 0.466765
0.494423 0.341241 0.39919
0.501062 0.364995 0.415884
0.490279 0.361448 0.593645
0.544105 0.359882 0.411131
0.534022 0.34202 0.593524
0.4335 0.354348 0.407455
0.581538 0.373195 0.444772
0.449455 0.335714 0.395205
0.518312 0.32661 0.609408
0.593164 0.354907 0.523285
0.445991 0.305724 0.598293
0.426897 0.369046 0.502591
0.536335 0.350354 0.464397
0.524453 0.345307 0.477991
0.53918 0.354403 0.460651
0.584505 0.364446 0.430926
0.528459 0.369002 0.535514
0.412543 0.34818 0.487114
0.612767 0.304016 0.507182
0.461228 0.359037 0.547086
0.448745 0.353435 0.408913
0.474294 0.343157 0.504634
0.613757 0.29179 0.506241
0.430236 0.36912 0.440937
0.570741 0.351231 0.505479
0.427756 0.328456 0.576281
0.616841 0.301248 0.494182
0.432145 0.345081 0.581888
0.434572 0.369463 0.443665
0.412566 0.354678 0.540014
0.579854 0.360076 0.436748
0.431837 0.326617 0.581228
0.447648 0.365468 0.558058
0.539865 0.352941 0.569844
0.478756 0.338454 0.496365
0.566625 0.353521 0.512687
0.575793 0.327234 0.552707
0.491028 0.355971 0.56319
0.535347 0.330169 0.590297
0.4873 0.3546 0.542778
0.602862 0.29409 0.529581
0.412291 0.33179 0.441396
0.484183 0.324953 0.402274
0.408438 0.331809 0.547589
0.457234 0.325922 0.39708
0.500754 0.296733 0.611749
0.488726 0.346678 0.462446
0.458978 0.349649 0.501325
0.429421 0.356343 0.493301
0.535547 0.337411 0.475832
0.443766 0.364329 0.533592
0.435209 0.333284 0.585002
0.603078 0.328093 0.514068
0.446371 0.306811 0.406496
0.605509 0.301507 0.51572
0.537684 0.301826 0.590232
0.456612 0.34459 0.415523
0.612208 0.296489 0.48831
0.604747 0.306444 0.507415
0.521188 0.347714 0.559308
0.438013 0.343824 0.48821
0.424221 0.334238 0.429138
0.510431 0.329176 0.468384
0.580134 0.307101 0.436788
0.445782 0.351284 0.522249
0.396322 0.294181 0.484379
0.604182 0.265687 0.518006
0.489752 0.345877 0.577938
0.455559 0.35133 0.581288
0.483792 0.32864 0.496715
0.47388 0.300436 0.397107
0.488483 0.346494 0.441593
0.493848 0.301673 0.606881
0.425739 0.344765 0.48763
0.550444 0.342904 0.419247
0.577782 0.345699 0.464888
0.575446 0.297593 0.552766
0.603847 0.283837 0.523404
0.491896 0.328659 0.493003
0.594651 0.326861 0.458832
0.575844 0.338188 0.48411
0.467508 0.344329 0.59039
0.576266 0.329622 0.435025
0.403874 0.303871 0.535141
0.518914 0.350733 0.537556
0.490735 0.346158 0.555145
0.415504 0.342911 0.463983
0.542477 0.351158 0.433432
0.467007 0.352154 0.433774
0.419636 0.337899 0.525451
0.593128 0.308016 0.525356
0.444019 0.341486 0.465103
0.464258 0.334659 0.422527
0.490867 0.317754 0.475944
0.589681 0.319617 0.507887
0.40628 0.308524 0.472233
0.534423 0.337184 0.437272
0.410839 0.317926 0.467882
0.425071 0.341422 0.460926
0.573191 0.336805 0.461351
0.468861 0.297436 0.601145
0.57683 0.314337 0.440346
0.427663 0.343153 0.448851
0.57521 0.332645 0.510361
0.463404 0.312888 0.594351
0.427868 0.32612 0.430035
0.455929 0.336107 0.51908
0.436695 0.338858 0.569704
0.419475 0.254371 0.570787
0.571691 0.311897 0.433348
0.581859 0.334282 0.462419
0.438969 0.284293 0.583538
0.574355 0.286754 0.428667
0.596937 0.302823 0.466764
0.493174 0.314901 0.593841
0.54356 0.341076 0.530387
0.466901 0.331993 0.587108
0.416552 0.328936 0.533843
0.47778 0.309336 0.599522
0.528865 0.296848 0.402019
0.421021 0.269207 0.566994
0.468989 0.26381 0.605299
0.574757 0.271286 0.556672
0.456884 0.331307 0.502663
0.573861 0.33718 0.529168
0.427759 0.329021 0.455157
0.578316 0.309304 0.537531
0.540691 0.325692 0.513424
0.472565 0.321973 0.428092
0.399135 0.275013 0.46743
0.570638 0.322737 0.509944
0.495818 0.304914 0.589342
0.440254 0.298336 0.415899
0.409653 0.297661 0.494295
0.54971 0.327111 0.431426
0.523311 0.312365 0.489542
0.465835 0.323696 0.463516
0.555097 0.325677 0.552192
0.462954 0.328095 0.555864
0.423068 0.318839 0.4959
0.466862 0.253268 0.602152
0.550935 0.330636 0.53392
0.454763 0.325067 0.425394
0.591471 0.303079 0.484232
0.501218 0.251324 0.603201
0.520695 0.326206 0.556525
0.591463 0.301037 0.49043
0.487274 0.320794 0.525529
0.584541 0.291108 0.453533
0.559127 0.317409 0.556239
0.493093 0.31756 0.458225
0.507054 0.319967 0.426003
0.577426 0.320595 0.457826
0.594062 0.287433 0.502225
0.574767 0.325319 0.521187
0.485228 0.316123 0.464211
0.483612 0.32303 0.43534
0.420099 0.318207 0.466168
0.586824 0.307651 0.505513
0.577043 0.318204 0.53466
0.461069 0.323676 0.466811
0.430823 0.315847 0.451203
0.500012 0.234363 0.601521
0.516937 0.254712 0.599187
0.51828 0.295125 0.585294
0.501671 0.312537 0.551551
0.563143 0.313069 0.511624
0.495307 0.291752 0.478673
0.427394 0.313319 0.52583
0.499686 0.305944 0.426164
0.591707 0.269396 0.469237
0.52027 0.28821 0.58863
0.527242 0.2814 0.589385
0.439652 0.306001 0.567605
0.450891 0.319104 0.456057
0.41047 0.286051 0.470406
0.502593 0.267556 0.596375
0.41741 0.281853 0.428344
0.553361 0.244158 0.585516
0.403588 0.271115 0.520203
0.582506 0.263093 0.540916
0.504267 0.300307 0.464591
0.422719 0.30793 0.517393
0.43694 0.31609 0.439058
0.452242 0.288388 0.41221
0.532465 0.282606 0.586371
0.433375 0.307848 0.43176
0.487576 0.26589 0.598694
0.483337 0.293762 0.47559
0.509024 0.312099 0.563023
0.441647 0.244984 0.588793
0.50226 0.304231 0.456881
0.596725 0.246709 0.460828
0.430432 0.315096 0.462392
0.489007 0.304127 0.581546
0.421008 0.305063 0.514828
0.501259 0.305441 0.454458
0.42419 0.291021 0.505828
0.418398 0.279741 0.535114
0.5852 0.246642 0.428822
0.539305 0.305005 0.551831
0.400394 0.247741 0.501981
0.559178 0.301498 0.512884
0.449413 0.282177 0.577042
0.561406 0.293885 0.441757
0.473275 0.301378 0.548563
0.588707 0.220679 0.414159
0.396177 0.25005 0.474129
0.440597 0.301695 0.433903
0.510759 0.294336 0.430974
0.577854 0.280337 0.532007
0.478476 0.248984 0.598289
0.52682 0.297442 0.511037
0.491328 0.276083 0.58671
0.482966 0.239829 0.600545
0.42887 0.28058 0.422539
0.430441 0.284815 0.424398
0.500489 0.290896 0.578683
0.459389 0.24348 0.594455
0.543531 0.304506 0.527366
0.45649 0.293314 0.472988
0.477499 0.298302 0.525895
0.521347 0.270264 0.406724
0.407585 0.265566 0.49884
0.460232 0.285116 0.482291
0.489768 0.283816 0.583281
0.585954 0.26728 0.485181
0.459907 0.258449 0.589891
0.573365 0.289491 0.463076
0.496532 0.255154 0.594796
0.595078 0.243674 0.460991
0.506747 0.289046 0.50039
0.589882 0.248593 0.507854
0.424407 0.273986 0.493264
0.522801 0.281735 0.505496
0.547783 0.285339 0.499735
0.57505 0.27422 0.527764
0.408678 0.262092 0.463026
0.542211 0.289187 0.519312
0.468362 0.239122 0.593783
0.594033 0.231211 0.496409
0.430454 0.279032 0.492772
0.530805 0.288028 0.525964
0.446423 0.257716 0.40703
0.529108 0.289075 0.541429
0.58766 0.248509 0.455313
0.533143 0.29101 0.556501
0.399188 0.243637 0.479633
0.543783 0.284721 0.465493
0.504316 0.277037 0.4621
0.583078 0.255794 0.491205
0.560868 0.269687 0.426564
0.559564 0.280959 0.479469
0.452967 0.256994 0.404764
0.474255 0.276654 0.50736
0.517216 0.277898 0.577499
0.475188 0.287897 0.561285
0.575334 0.239106 0.559959
0.442466 0.280344 0.486019
0.505315 0.281379 0.512954
0.532751 0.286192 0.568252
0.432296 0.281044 0.552297
0.422867 0.276087 0.523947
0.520044 0.268796 0.582628
0.419991 0.26963 0.50381
0.525217 0.271684 0.580693
0.471878 0.266443 0.472355
0.507949 0.285708 0.553389
0.571048 0.276397 0.490803
0.433813 0.257721 0.417376
0.525072 0.273043 0.524623
0.448414 0.26871 0.567567
0.581065 0.242103 0.531414
0.512334 0.271377 0.445818
0.532821 0.274749 0.52569
0.543093 0.270296 0.495966
0.477615 0.246952 0.471237
0.433594 0.272809 0.524859
0.455667 0.269635 0.50633
0.399558 0.241887 0.448681
0.531408 0.248015 0.409475
0.556067 0.233666 0.580435
0.572787 0.260829 0.466855
0.474908 0.265792 0.454435
0.544856 0.267432 0.480811
0.458471 0.239705 0.586795
0.561709 0.237732 0.409961
0.508106 0.272424 0.539617
0.462936 0.252051 0.4868
0.585669 0.232727 0.529669
0.483752 0.27409 0.545018
0.595108 0.223702 0.494452
0.474082 0.238809 0.587717
0.579385 0.24962 0.488729
0.455957 0.270571 0.567441
0.475192 0.237267 0.394027
0.453288 0.276025 0.451572
0.58472 0.237707 0.51916
0.508824 0.25743 0.489202
0.47317 0.268586 0.425849
0.501814 0.269958 0.566062
0.495991 0.266711 0.427463
0.457515 0.218339 0.596892
0.434607 0.238176 0.405082
0.466297 0.236829 0.396014
0.432793 0.223593 0.401896
0.426994 0.248362 0.484538
0.60173 0.211552 0.459472
0.410258 0.229546 0.522705
0.521627 0.205029 0.595129
0.522481 0.259379 0.532194
0.570008 0.250724 0.504807
0.507885 0.258858 0.538626
0.609374 0.203857 0.478693
0.589736 0.223869 0.434573
0.447844 0.238226 0.579799
0.439371 0.262015 0.521993
0.443943 0.20602 0.598324
0.524047 0.253165 0.468573
0.4071 0.22633 0.532636
0.56605 0.2527 0.43482
0.466421 0.239965 0.471574
0.469375 0.252604 0.509025
0.461159 0.262655 0.53733
0.598705 0.202163 0.535396
0.519073 0.224996 0.585785
0.500861 0.254516 0.454422
0.572754 0.24953 0.522642
0.478776 0.233344 0.470701
0.491544 0.259093 0.547495
0.557714 0.260287 0.440385
0.561207 0.242598 0.419354
0.53045 0.261086 0.536365
0.521151 0.258244 0.518534
0.562563 0.260385 0.527114
0.547712 0.246138 0.417085
0.551626 0.240088 0.412843
0.529639 0.24597 0.418115
0.521819 0.227662 0.405159
0.426133 0.260044 0.450909
0.447648 0.238368 0.57967
0.431958 0.207169 0.591067
0.535326 0.248806 0.447812
0.549359 0.248897 0.538073
0.437335 0.245462 0.513141
0.536116 0.247722 0.544936
0.512278 0.245002 0.534917
0.593151 0.2067 0.516223
0.529354 0.211298 0.400167
0.562048 0.242916 0.430733
0.519151 0.245336 0.558051
0.476945 0.240395 0.514593
0.534672 0.24859 0.437124
0.504284 0.212427 0.400135
0.486782 0.219412 0.475241
0.53497 0.247297 0.433172
0.586794 0.202675 0.574222
0.488962 0.243079 0.555727
0.564784 0.223033 0.411711
0.405526 0.214447 0.53249
0.530806 0.213537 0.401508
0.467508 0.237282 0.416861
0.528816 0.240494 0.567746
0.543968 0.241296 0.565635
0.496198 0.243075 0.557975
0.395709 0.180602 0.606114
0.473377 0.236042 0.507761
0.460386 0.240999 0.420494
0.410726 0.226447 0.423996
0.455641 0.241014 0.504909
0.403603 0.197958 0.582389
0.438099 0.213254 0.399264
0.401412 0.22225 0.463003
0.570706 0.218027 0.411085
0.403125 0.218996 0.424808
0.423024 0.233671 0.49041
0.417412 0.229536 0.550807
0.424495 0.223068 0.50867
0.536469 0.231213 0.46188
0.443367 0.208204 0.400511
0.446963 0.234967 0.517938
0.447065 0.237285 0.530895
0.502175 0.230432 0.535862
0.473952 0.23207 0.426859
0.422852 0.217143 0.56961
0.567095 0.228981 0.464965
0.444398 0.23717 0.529864
0.443623 0.238486 0.55361
0.549541 0.231459 0.505705
0.487941 0.228875 0.551091
0.517987 0.204419 0.583484
0.404996 0.197532 0.396435
0.600723 0.179203 0.608573
0.413443 0.217311 0.476088
0.561366 0.231491 0.516377
0.544321 0.233925 0.4571
0.441091 0.216094 0.408094
0.407061 0.208465 0.559273
0.543409 0.196996 0.393148
0.408395 0.210366 0.494554
0.491849 0.199815 0.58782
0.602633 0.191989 0.507986
0.476487 0.192483 0.598439
0.423991 0.22223 0.514988
0.520288 0.227444 0.502977
0.401574 0.210549 0.474726
0.498773 0.230125 0.54021
0.586087 0.214358 0.458035
0.493881 0.227529 0.514626
0.533655 0.229699 0.464908
0.579702 0.212883 0.549887
0.543792 0.234499 0.548996
0.508433 0.223201 0.464282
0.424142 0.217785 0.42895
0.535708 0.214375 0.475844
0.533534 0.21632 0.466201
0.456485 0.220954 0.522163
0.561642 0.217909 0.515112
0.491359 0.216039 0.537034
0.563497 0.218966 0.541147
0.512753 0.217001 0.533229
0.569762 0.213563 0.497317
0.574954 0.20981 0.506252
0.393389 0.176264 0.60797
0.555203 0.201675 0.584044
0.464406 0.205338 0.491173
0.555281 0.216833 0.483414
0.481595 0.200296 0.578872
0.603728 0.1848 0.406347
0.563214 0.195612 0.397707
0.549878 0.22092 0.42939
0.483489 0.195985 0.584172
0.551535 0.208861 0.413959
0.558538 0.217119 0.492751
0.554751 0.222916 0.432436
0.480353 0.213585 0.419864
0.488428 0.199068 0.399664
0.589174 0.198488 0.424246
0.474768 0.200882 0.46764
0.61134 0.178917 0.397344
0.425163 0.192282 0.594332
0.579766 0.210936 0.449216
0.604548 0.188031 0.495623
0.52155 0.215763 0.509921
0.575671 0.205428 0.565034
0.504839 0.21671 0.5233
0.553897 0.216717 0.481562
0.462474 0.198363 0.396654
0.398535 0.187259 0.585809
0.423929 0.206508 0.558995
0.539154 0.203707 0.491103
0.42266 0.202594 0.534411
0.464906 0.205492 0.525797
0.460713 0.200879 0.505753
0.48061 0.202302 0.540048
0.44026 0.210915 0.450736
0.385094 0.179965 0.493275
0.570515 0.204224 0.537693
0.488181 0.191367 0.487394
0.585425 0.194436 0.425679
0.573599 0.205631 0.448472
0.443792 0.21067 0.427962
0.601334 0.173338 0.612779
0.556928 0.208875 0.54007
0.609135 0.180792 0.426135
0.494037 0.202738 0.530883
0.538437 0.207196 0.544864
0.411061 0.193956 0.492829
0.452698 0.202248 0.416091
0.499339 0.202983 0.424739
0.566759 0.205983 0.467929
0.54618 0.207141 0.563275
0.486618 0.20717 0.431259
0.574921 0.201158 0.542278
0.480906 0.202061 0.554864
0.572514 0.201692 0.498583
0.536911 0.205124 0.46267
0.532922 0.196431 0.413889
0.479149 0.200609 0.451632
0.463145 0.200901 0.573569
0.452533 0.195148 0.40337
0.467878 0.185928 0.593493
0.528185 0.191093 0.404132
0.596194 0.189093 0.462118
0.503441 0.194978 0.485089
0.41543 0.187802 0.471767
0.543 0.193219 0.508566
0.524347 0.167279 0.617528
0.473024 0.19112 0.529845
0.587463 0.184786 0.490716
0.469328 0.193461 0.547077
0.534533 0.189307 0.575044
0.490434 0.189248 0.453281
0.574479 0.183487 0.587166
0.396923 0.182513 0.462794
0.5444 0.193884 0.465766
0.584876 0.185535 0.522836
0.41781 0.181668 0.591058
0.398335 0.181012 0.496823
0.411992 0.185103 0.509636
0.615218 0.172693 0.445495
0.418233 0.191139 0.452284
0.53191 0.193227 0.447245
0.571428 0.183775 0.399588
0.575672 0.190031 0.421582
0.437218 0.191108 0.581008
0.579588 0.188307 0.50421
0.393354 0.180078 0.486982
0.480233 0.185331 0.462177
0.566964 0.19689 0.453401
0.483103 0.192901 0.42284
0.537168 0.170415 0.615063
0.43906 0.200752 0.554616
0.485419 0.167534 0.617406
0.587812 0.180173 0.401883
0.384592 0.176488 0.405603
0.541763 0.194191 0.457851
0.425605 0.195501 0.429491
0.497082 0.191352 0.548054
0.49894 0.190546 0.522138
0.37691 0.166747 0.375044
0.414671 0.180023 0.455361
0.433691 0.182277 0.467684
0.470045 0.174304 0.479948
0.504154 0.179843 0.515983
0.604002 0.17325 0.431654
0.455615 0.185911 0.555791
0.566981 0.17675 0.594832
0.520417 0.181882 0.534657
0.534691 0.183177 0.528152
0.559729 0.168968 0.616745
0.59913 0.167743 0.378234
0.46698 0.183601 0.422967
0.497849 0.167307 0.610389
0.593558 0.174967 0.505204
0.570474 0.170523 0.377778
0.389301 0.167325 0.374664
0.442232 0.187525 0.549815
0.412473 0.182082 0.570607
0.51257 0.174474 0.396318
0.498026 0.175821 0.48779
0.606857 0.169048 0.386319
0.623343 0.165332 0.395731
0.61639 0.166093 0.529677
0.496854 0.1811 0.565088
0.465233 0.17873 0.511559
0.62413 0.162238 0.505313
0.406818 0.171556 0.380913
0.533171 0.181924 0.424322
0.404546 0.16988 0.604811
0.401453 0.17669 0.453412
0.483043 0.173161 0.384507
0.615219 0.166657 0.521007
0.464198 0.181165 0.412914
0.596162 0.173717 0.573484
0.498782 0.176555 0.580894
0.600378 0.169941 0.59498
0.408589 0.164319 0.612652
0.430653 0.17157 0.486263
0.587974 0.171116 0.561352
0.516211 0.172689 0.522397
0.488954 0.171148 0.41268
0.439592 0.178255 0.564012
0.425303 0.171253 0.487301
0.379288 0.164497 0.492401
0.535662 0.171649 0.579182
0.464303 0.168499 0.593118
0.557922 0.17535 0.429969
0.475008 0.168687 0.50767
0.474064 0.171204 0.535159
0.375565 0.163332 0.383514
0.405974 0.168379 0.592437
0.389381 0.167246 0.397024
0.613223 0.164386 0.461181
0.393144 0.168186 0.459453
0.436818 0.176071 0.542891
0.377867 0.164013 0.4955
0.532757 0.173899 0.559326
0.373696 0.163479 0.439146
0.445844 0.174152 0.444303
0.494263 0.163276 0.610796
0.448283 0.172521 0.407208
0.365296 0.157577 0.619008
0.624968 0.159617 0.496511
0.417183 0.17116 0.523677
0.605776 0.165698 0.571751
0.514261 0.168244 0.399752
0.410646 0.171222 0.452133
0.466655 0.169792 0.586964
0.41747 0.170065 0.480876
0.565468 0.174993 0.48638
0.393466 0.168063 0.402689
0.468329 0.167682 0.482014
0.40713 0.162479 0.509404
0.42755 0.163949 0.506562
0.448691 0.162465 0.380756
0.529303 0.164581 0.5296
0.361867 0.156677 0.38657
0.422118 0.167489 0.57254
0.539281 0.156617 0.364103
0.49759 0.163366 0.444795
0.542144 0.156561 0.363233
0.629683 0.15602 0.572138
0.513652 0.161109 0.47742
0.484838 0.159678 0.607514
0.445555 0.163286 0.463123
0.416462 0.163631 0.525186
0.497013 0.164244 0.55255
0.387807 0.162117 0.418556
0.529394 0.155234 0.632952
0.371895 0.157195 0.612299
0.620155 0.159294 0.436756
0.519049 0.162985 0.504411
0.461922 0.161329 0.479082
0.37893 0.160008 0.485432
0.530977 0.158159 0.619999
0.489187 0.160986 0.382206
0.430537 0.167584 0.55677
0.368328 0.157794 0.457143
0.586868 0.158681 0.625461
0.558569 0.157393 0.363007
0.553115 0.165859 0.536041
0.365122 0.155957 0.612927
0.59667 0.161827 0.523194
0.575988 0.16273 0.388205
0.365076 0.158258 0.55798
0.534001 0.16165 0.392735
0.546618 0.163774 0.475341
0.601566 0.15541 0.637254
0.402344 0.155769 0.492072
0.577456 0.157344 0.45348
0.382999 0.155286 0.499826
0.570995 0.157624 0.512073
0.370054 0.154431 0.598391
0.401893 0.157019 0.581802
0.57236 0.155977 0.375256
0.533224 0.157134 0.541699
0.492596 0.157175 0.570294
0.540686 0.156409 0.464257
0.567388 0.156315 0.383029
0.627291 0.153165 0.48922
0.541651 0.156097 0.475201
0.640876 0.151903 0.536721
0.400959 0.156447 0.405372
0.409735 0.154186 0.627044
0.559058 0.156937 0.471971
0.509457 0.15518 0.476456
0.554869 0.157542 0.436611
0.42906 0.157082 0.592779
0.373839 0.155063 0.536035
0.411647 0.153735 0.35932
0.504801 0.155467 0.388644
0.510357 0.155888 0.499191
0.589833 0.153074 0.637917
0.522758 0.156977 0.557222
0.436921 0.15363 0.358304
0.39173 0.155445 0.484027
0.46614 0.156245 0.521743
0.427504 0.157353 0.396206
0.435401 0.156454 0.506918
0.369226 0.154241 0.459697
0.411412 0.15702 0.545481
0.363311 0.153778 0.407197
0.552051 0.157536 0.537602
0.571725 0.156414 0.604893
0.396895 0.15 0.487278
0.472803 0.15 0.511934
0.360419 0.15 0.608388
0.361032 0.15 0.433023
0.51848 0.15 0.43413
0.392454 0.15 0.587596
0.58386 0.15 0.523965
0.545315 0.15 0.421111
0.629492 0.15 0.481126
0.59384 0.15 0.509087
0.584272 0.15 0.502623
0.445767 0.15 0.381935
0.645944 0.15 0.478251
0.632842 0.15 0.391145
0.370215 0.15 0.36052
0.488514 0.15 0.613369
0.645779 0.15 0.577305
0.397472 0.15 0.439642
0.614293 0.15 0.509188
0.551102 0.15 0.546377
0.644983 0.15 0.403322
0.493422 0.15 0.394981
0.423043 0.15 0.545709
0.591835 0.15 0.45723
0.561292 0.15 0.363651
0.417055 0.15 0.512923
0.394441 0.15 0.580519
0.566584 0.15 0.517025
0.365372 0.15 0.594353
0.516054 0.15 0.482929
0.462769 0.15 0.502568
0.533029 0.15 0.478846
0.419472 0.15 0.544226
0.537332 0.15 0.484101
0.63103 0.15 0.482124
0.64252 0.15 0.602355
