1656 0.012625
0.362403 0.224519 0.363489
0.413986 0.211877 0.323071
0.455845 0.202863 0.307954
0.499716 0.200549 0.308174
0.538012 0.200032 0.312897
0.582689 0.204758 0.326685
0.321764 0.210744 0.409337
0.361256 0.289834 0.361293
0.445747 0.291034 0.331803
0.498078 0.286788 0.327023
0.563722 0.291021 0.3356
0.637894 0.265356 0.368675
0.321525 0.195306 0.456937
0.329955 0.291347 0.444324
0.441265 0.331594 0.43877
0.499316 0.329152 0.43503
0.571738 0.331332 0.441147
0.669902 0.269752 0.447886
0.314237 0.203293 0.496774
0.328545 0.286061 0.50147
0.443445 0.32976 0.498094
0.502707 0.325396 0.498412
0.571783 0.327967 0.49833
0.675408 0.258668 0.502489
0.318222 0.207156 0.540079
0.33791 0.291343 0.569172
0.442945 0.32896 0.576181
0.498022 0.32547 0.57534
0.56575 0.329394 0.566913
0.670608 0.25806 0.553899
0.34518 0.221158 0.582339
0.364965 0.236851 0.63823
0.443271 0.259581 0.664899
0.499771 0.258638 0.670143
0.551217 0.276948 0.664531
0.631734 0.262248 0.621498
0.347457 0.248985 0.350319
0.343106 0.218677 0.589134
0.312614 0.267623 0.506882
0.564989 0.327735 0.492317
0.454996 0.311292 0.624757
0.548662 0.208836 0.301667
0.329898 0.21436 0.604141
0.353817 0.2188 0.603045
0.671436 0.190948 0.480876
0.471358 0.210378 0.287063
0.625679 0.228718 0.625165
0.633863 0.273824 0.618678
0.507208 0.297565 0.647636
0.496542 0.327079 0.525745
0.58161 0.32767 0.470659
0.670598 0.194406 0.4658
0.304418 0.220734 0.552079
0.375018 0.219384 0.344526
0.532062 0.242649 0.673439
0.351807 0.227408 0.631837
0.362578 0.271058 0.630538
0.433124 0.329372 0.57957
0.310411 0.216674 0.563578
0.519639 0.323672 0.58663
0.392895 0.217992 0.642576
0.679811 0.217428 0.56667
0.523643 0.32497 0.533529
0.44652 0.272353 0.660421
0.664072 0.240928 0.59891
0.464287 0.326997 0.49866
0.483069 0.219404 0.677685
0.674673 0.237344 0.576528
0.557457 0.327465 0.477659
0.664868 0.21424 0.58594
0.513426 0.249455 0.671551
0.313651 0.216007 0.408103
0.328977 0.228012 0.604689
0.309026 0.257879 0.431596
0.628046 0.294312 0.610692
0.669333 0.266784 0.436342
0.460371 0.328338 0.443521
0.54666 0.210226 0.300635
0.476209 0.260335 0.669194
0.468129 0.208968 0.675623
0.547059 0.326056 0.518225
0.512194 0.325115 0.497349
0.547541 0.206527 0.671667
0.599006 0.309084 0.378483
0.478019 0.322244 0.474907
0.66164 0.280943 0.524859
0.416404 0.330234 0.567332
0.343341 0.296212 0.562151
0.677781 0.23547 0.409407
0.39335 0.217754 0.652235
0.624487 0.305952 0.593416
0.47384 0.3239 0.456213
0.353799 0.240583 0.62871
0.504023 0.32382 0.475096
0.352773 0.289778 0.609158
0.616826 0.308187 0.400919
0.460161 0.32944 0.433264
0.311018 0.208796 0.53078
0.64835 0.275976 0.602089
0.355311 0.213522 0.62229
0.537493 0.204217 0.664096
0.686669 0.212483 0.464643
0.654069 0.270838 0.398682
0.524014 0.290997 0.655503
0.44172 0.295551 0.643251
0.308608 0.216095 0.558208
0.458154 0.302603 0.637044
0.637237 0.259316 0.61715
0.294569 0.23456 0.459911
0.297781 0.24255 0.460296
0.41052 0.229915 0.3107
0.682717 0.238189 0.447176
0.688476 0.222182 0.436977
0.534796 0.21949 0.298426
0.678309 0.252072 0.458414
0.665623 0.257432 0.585194
0.539171 0.312651 0.621094
0.308701 0.264185 0.464937
0.506681 0.272263 0.315346
0.64744 0.292993 0.529005
0.443448 0.27836 0.322071
0.66245 0.223669 0.364928
0.558342 0.327032 0.498342
0.350003 0.272237 0.621797
0.522193 0.263491 0.668924
0.299399 0.245924 0.495937
0.478485 0.328901 0.423597
0.6774 0.198024 0.476789
0.68314 0.234025 0.496755
0.517195 0.325109 0.544676
0.509355 0.326305 0.455599
0.620768 0.312954 0.469527
0.438333 0.222968 0.674423
0.357056 0.224508 0.35759
0.556259 0.316067 0.371397
0.546865 0.329886 0.406707
0.485516 0.25372 0.67111
0.462747 0.283304 0.325247
0.520372 0.324788 0.498509
0.643909 0.22284 0.362077
0.40012 0.220508 0.318607
0.687268 0.225853 0.452161
0.639364 0.221148 0.35356
0.439086 0.329636 0.459622
0.401431 0.223341 0.637163
0.296583 0.242238 0.485647
0.585438 0.32735 0.463685
0.685506 0.212868 0.4555
0.487654 0.311139 0.361622
0.521356 0.229671 0.298199
0.427347 0.220051 0.672798
0.421382 0.331287 0.527647
0.529886 0.219395 0.674282
0.628275 0.306047 0.421835
0.451154 0.329954 0.438884
0.580006 0.213037 0.673063
0.392879 0.248046 0.654802
0.310322 0.244682 0.549918
0.670087 0.197162 0.461089
0.376373 0.242681 0.644145
0.388896 0.321622 0.493826
0.36122 0.223837 0.345677
0.376871 0.220038 0.644451
0.499755 0.323224 0.478665
0.535916 0.295662 0.337745
0.524153 0.290647 0.655052
0.600973 0.213575 0.322649
0.604439 0.319683 0.516225
0.389955 0.32205 0.490893
0.30687 0.200718 0.480932
0.492644 0.322709 0.589893
0.33513 0.286295 0.583248
0.381898 0.319345 0.581644
0.58615 0.216834 0.665008
0.39017 0.290461 0.633589
0.466167 0.326849 0.403941
0.671317 0.199199 0.458131
0.562506 0.200398 0.65862
0.521696 0.330687 0.4248
0.58084 0.213424 0.671038
0.313859 0.261243 0.53667
0.306362 0.253916 0.51362
0.331643 0.276864 0.594382
0.673197 0.199382 0.463007
0.320053 0.216701 0.404286
0.506344 0.235086 0.298083
0.620318 0.311896 0.489954
0.629902 0.306748 0.465858
0.540956 0.256668 0.312353
0.458493 0.299374 0.342308
0.34764 0.298547 0.511602
0.664865 0.271586 0.431218
0.323054 0.276765 0.529289
0.401937 0.299471 0.347853
0.452985 0.300895 0.343716
0.404932 0.217873 0.660411
0.666073 0.22442 0.376188
0.305403 0.211961 0.527342
0.670929 0.267308 0.502092
0.305932 0.204905 0.490426
0.438262 0.254993 0.664886
0.527353 0.209166 0.663164
0.342544 0.293433 0.583862
0.578359 0.329753 0.580375
0.408733 0.224723 0.312074
0.345217 0.218267 0.602664
0.444991 0.281702 0.324928
0.565297 0.24045 0.31287
0.298425 0.212463 0.514213
0.421287 0.305656 0.628691
0.647117 0.221233 0.357764
0.668747 0.269847 0.512218
0.668935 0.263187 0.537896
0.553034 0.326535 0.550272
0.334838 0.287953 0.540165
0.41436 0.329515 0.497526
0.322911 0.265568 0.392536
0.314487 0.258124 0.543553
0.528186 0.211527 0.302886
0.310857 0.201074 0.464694
0.516317 0.24797 0.304912
0.49035 0.240423 0.299428
0.406154 0.218374 0.322448
0.369291 0.30627 0.383129
0.548986 0.330802 0.415561
0.657363 0.221914 0.375354
0.321077 0.214643 0.564775
0.677873 0.234437 0.543507
0.308535 0.207402 0.43941
0.464451 0.321068 0.597815
0.555019 0.209058 0.306835
0.414343 0.218748 0.31018
0.535424 0.306302 0.631769
0.672062 0.218974 0.397385
0.502732 0.240301 0.300516
0.525548 0.323279 0.499879
0.296811 0.214362 0.50996
0.559776 0.28274 0.329343
0.49996 0.326863 0.442866
0.553036 0.276912 0.663175
0.331776 0.28415 0.552764
0.304174 0.224898 0.424445
0.347149 0.297426 0.543535
0.3753 0.314048 0.497473
0.672589 0.26861 0.474854
0.645683 0.293947 0.517073
0.578486 0.330549 0.437669
0.370509 0.274456 0.633127
0.538701 0.229328 0.675287
0.498943 0.327697 0.405853
0.569649 0.244896 0.672621
0.581834 0.217349 0.310066
0.351188 0.220353 0.627304
0.400554 0.239488 0.322609
0.38829 0.323911 0.409794
0.385084 0.307985 0.371782
0.516993 0.316797 0.605868
0.487639 0.241832 0.300636
0.502529 0.211318 0.298628
0.514802 0.326081 0.397712
0.385214 0.318396 0.472294
0.303498 0.247729 0.507823
0.601623 0.322572 0.562464
0.59513 0.22837 0.319759
0.624343 0.231358 0.643182
0.580885 0.329089 0.580542
0.435029 0.32994 0.405714
0.463247 0.327516 0.433481
0.487203 0.326985 0.432996
0.347641 0.23282 0.353736
0.532744 0.217291 0.673354
0.605354 0.222421 0.324211
0.669599 0.204938 0.513894
0.603476 0.242041 0.657457
0.559098 0.327777 0.458017
0.67695 0.25434 0.475036
0.474651 0.203946 0.303976
0.364192 0.286035 0.357209
0.47079 0.273356 0.661169
0.673052 0.205533 0.516125
0.540348 0.32309 0.523094
0.417477 0.328646 0.4721
0.311829 0.242363 0.552871
0.668848 0.225155 0.595129
0.449917 0.317612 0.373048
0.523047 0.275271 0.318931
0.519322 0.304058 0.635589
0.526182 0.32154 0.587704
0.301528 0.247053 0.48886
0.377955 0.295315 0.359028
0.593925 0.322216 0.526916
0.408229 0.318287 0.376406
0.31919 0.257803 0.558483
0.47251 0.246218 0.303709
0.678382 0.210256 0.521283
0.657402 0.223064 0.381322
0.409828 0.327904 0.5386
0.605258 0.318602 0.474312
0.513016 0.254216 0.668662
0.672771 0.262893 0.480838
0.663592 0.268631 0.553772
0.65453 0.270445 0.404301
0.55702 0.261966 0.319532
0.469788 0.320337 0.47095
0.400447 0.224818 0.646555
0.669512 0.205876 0.527529
0.442048 0.328023 0.504756
0.461626 0.231498 0.296476
0.595345 0.319491 0.399212
0.640567 0.236324 0.346107
0.64025 0.223962 0.356244
0.671021 0.258413 0.517904
0.450223 0.328074 0.5346
0.346654 0.295885 0.521287
0.4023 0.325456 0.398843
0.505574 0.212159 0.663377
0.469032 0.320856 0.474006
0.613874 0.297414 0.379679
0.581935 0.226613 0.673794
0.448394 0.227794 0.297134
0.340068 0.292127 0.504347
0.476541 0.280835 0.657113
0.400676 0.225686 0.323189
0.306066 0.229724 0.4241
0.349114 0.267086 0.356953
0.415948 0.328437 0.549541
0.442651 0.274437 0.655848
0.485909 0.210687 0.299035
0.315713 0.266759 0.424323
0.470337 0.249443 0.30683
0.426833 0.328865 0.53701
0.453553 0.280751 0.325896
0.674844 0.230578 0.566553
0.614809 0.266989 0.634016
0.387762 0.277385 0.639906
0.589096 0.273135 0.656811
0.604571 0.320162 0.452392
0.348817 0.300487 0.399924
0.407679 0.327541 0.453622
0.523201 0.319219 0.593308
0.668631 0.202445 0.504703
0.303228 0.241324 0.517077
0.484462 0.323599 0.446226
0.560159 0.325365 0.54797
0.56415 0.330082 0.41747
0.345231 0.2202 0.617465
0.383746 0.236257 0.333751
0.327109 0.230573 0.389641
0.523261 0.21339 0.66236
0.393755 0.321545 0.481887
0.503878 0.31979 0.472911
0.423206 0.228862 0.306925
0.354317 0.299788 0.531574
0.435889 0.241067 0.308827
0.371433 0.312496 0.398418
0.334682 0.247014 0.37281
0.64042 0.257163 0.611158
0.500012 0.322804 0.549046
0.65181 0.225383 0.609894
0.616656 0.2461 0.64164
0.376954 0.23907 0.338851
0.667207 0.27072 0.484283
0.318154 0.270924 0.417136
0.519699 0.21751 0.663365
0.406602 0.225307 0.323544
0.45461 0.270966 0.320522
0.466993 0.322965 0.568382
0.494482 0.320431 0.497878
0.611868 0.313811 0.491534
0.500508 0.319676 0.487653
0.47924 0.3201 0.493208
0.380997 0.314518 0.475179
0.29458 0.214876 0.468266
0.681688 0.220055 0.435212
0.666859 0.227571 0.591361
0.572108 0.324264 0.483335
0.388503 0.226248 0.63357
0.520174 0.232549 0.303518
0.352482 0.301782 0.457977
0.447584 0.218503 0.671659
0.456519 0.324084 0.494286
0.356984 0.302151 0.469785
0.311986 0.214329 0.42478
0.309807 0.252576 0.521474
0.365893 0.308206 0.396256
0.633755 0.273518 0.612726
0.672222 0.203837 0.492373
0.55741 0.323306 0.497226
0.672194 0.252323 0.508956
0.506848 0.326802 0.429187
0.536176 0.30062 0.348562
0.437518 0.327042 0.461658
0.331334 0.223533 0.589287
0.674514 0.233238 0.557718
0.664719 0.222552 0.401207
0.619145 0.292438 0.618293
0.324369 0.264613 0.561319
0.663663 0.270699 0.50699
0.525699 0.318313 0.525823
0.527866 0.21125 0.659015
0.544854 0.209084 0.663513
0.436518 0.292841 0.337951
0.639863 0.27852 0.394972
0.681434 0.226535 0.450385
0.605068 0.318174 0.552277
0.307458 0.251176 0.457563
0.397778 0.323112 0.570606
0.416663 0.301464 0.628164
0.659791 0.227879 0.381009
0.342458 0.236639 0.61228
0.425647 0.327038 0.568028
0.574327 0.323713 0.512914
0.641984 0.29217 0.525255
0.507299 0.320418 0.542512
0.602447 0.234459 0.652903
0.59017 0.228152 0.65828
0.325528 0.257835 0.392094
0.407506 0.325534 0.527763
0.453649 0.244473 0.667292
0.321841 0.239463 0.572066
0.347258 0.239095 0.616769
0.644828 0.275249 0.3991
0.579906 0.223435 0.670979
0.393427 0.23991 0.650878
0.552726 0.324 0.463238
0.660181 0.226332 0.386642
0.440353 0.325438 0.480233
0.606097 0.31668 0.543824
0.621592 0.236014 0.336697
0.633949 0.300517 0.455827
0.530657 0.319232 0.473451
0.389029 0.320891 0.448287
0.320091 0.271881 0.423723
0.659929 0.270976 0.527959
0.365063 0.230703 0.607947
0.536549 0.208595 0.655312
0.406721 0.25385 0.654769
0.411743 0.307809 0.359373
0.396249 0.304819 0.616453
0.46382 0.272212 0.322832
0.577513 0.282501 0.651417
0.595335 0.321765 0.410911
0.361782 0.226807 0.622985
0.450906 0.278576 0.326788
0.639536 0.265124 0.605274
0.397892 0.323801 0.445495
0.55468 0.321149 0.501097
0.576172 0.324857 0.546421
0.481686 0.308191 0.365179
0.491172 0.292961 0.341156
0.529177 0.317115 0.514378
0.478019 0.210561 0.309134
0.605359 0.272613 0.639784
0.423631 0.309642 0.619034
0.568379 0.322435 0.510441
0.348269 0.227582 0.60565
0.297669 0.219363 0.465324
0.667817 0.25308 0.535336
0.555074 0.322394 0.468018
0.606477 0.318059 0.442315
0.477138 0.316924 0.385308
0.484846 0.228027 0.672794
0.322986 0.225448 0.564621
0.374793 0.234934 0.634279
0.589326 0.323535 0.456869
0.527401 0.210926 0.315936
0.34705 0.29207 0.586859
0.563901 0.250165 0.668303
0.385926 0.232567 0.635563
0.629936 0.236045 0.343852
0.55224 0.286064 0.336033
0.638342 0.268043 0.603914
0.397809 0.3206 0.504574
0.407939 0.309056 0.364531
0.533048 0.302667 0.630109
0.589534 0.307387 0.374286
0.46338 0.212878 0.668412
0.654201 0.276124 0.559857
0.610657 0.283877 0.629305
0.400465 0.321689 0.519279
0.633429 0.297835 0.498721
0.520375 0.323056 0.442024
0.395726 0.30933 0.609068
0.598551 0.242531 0.653692
0.420148 0.302749 0.625299
0.515879 0.254941 0.314062
0.592149 0.320638 0.466136
0.574289 0.321909 0.514208
0.57164 0.255637 0.665271
0.498522 0.317222 0.505148
0.661715 0.266276 0.519868
0.374292 0.307966 0.473839
0.437672 0.307487 0.621956
0.672538 0.213346 0.502801
0.673336 0.234781 0.520108
0.491562 0.317496 0.460073
0.360271 0.30093 0.470773
0.666493 0.222452 0.568282
0.481004 0.218131 0.300492
0.589403 0.238625 0.661609
0.467163 0.319679 0.578248
0.558348 0.280685 0.654754
0.308653 0.223923 0.522385
0.516493 0.316442 0.511134
0.323462 0.267435 0.513567
0.646265 0.253341 0.383597
0.320303 0.265482 0.486732
0.649456 0.253333 0.596687
0.650894 0.283657 0.49017
0.383832 0.305679 0.379186
0.305776 0.224522 0.451141
0.416888 0.233444 0.324609
0.462799 0.287301 0.337201
0.484261 0.318292 0.534304
0.526504 0.219089 0.312598
0.430835 0.250719 0.65918
0.555285 0.313167 0.377596
0.561736 0.273643 0.657678
0.538811 0.315895 0.529917
0.604122 0.228936 0.334034
0.66763 0.208177 0.480355
0.500597 0.31782 0.552754
0.475197 0.205284 0.66731
0.390696 0.31679 0.525848
0.492439 0.31739 0.525433
0.505749 0.31796 0.577689
0.361454 0.304171 0.400954
0.38176 0.312195 0.518193
0.402671 0.323424 0.448374
0.637208 0.239173 0.615152
0.560023 0.21988 0.315652
0.34039 0.234873 0.576344
0.318845 0.214995 0.440173
0.481551 0.318342 0.524815
0.334056 0.286798 0.442379
0.415285 0.313005 0.370749
0.416678 0.236555 0.658737
0.521416 0.314506 0.497202
0.522633 0.267594 0.660789
0.340566 0.250302 0.376539
0.365805 0.240357 0.62013
0.485473 0.249772 0.663953
0.482771 0.316707 0.526043
0.3317 0.230851 0.563691
0.429871 0.326669 0.415407
0.383302 0.305639 0.382217
0.571469 0.289086 0.641807
0.662724 0.25745 0.512748
0.358695 0.29903 0.582845
0.500006 0.321055 0.432438
0.666964 0.213742 0.497003
0.585117 0.284367 0.341249
0.325277 0.267504 0.515508
0.460101 0.319296 0.455334
0.665166 0.249301 0.417307
0.666436 0.220847 0.540786
0.469088 0.305004 0.365555
0.313896 0.240206 0.534644
0.491452 0.313557 0.464644
0.459588 0.265493 0.655817
0.486192 0.246255 0.312482
0.533501 0.248774 0.315938
0.591822 0.320432 0.591981
0.431612 0.284098 0.641466
0.605716 0.231608 0.336873
0.50356 0.259787 0.660844
0.456342 0.320397 0.546248
0.629944 0.272002 0.607261
0.668851 0.248602 0.459721
0.426254 0.232196 0.322217
0.577781 0.231255 0.659684
0.338623 0.285399 0.398757
0.523486 0.314068 0.540327
0.381344 0.235996 0.626104
0.343985 0.238444 0.579984
0.484698 0.311359 0.472293
0.322607 0.263085 0.492362
0.487812 0.216622 0.665913
0.618137 0.258024 0.619374
0.335058 0.242073 0.582418
0.633875 0.282548 0.402319
0.360472 0.298201 0.394719
0.336407 0.281708 0.467237
0.438867 0.322329 0.456463
0.392376 0.256705 0.63615
0.344894 0.291199 0.402413
0.634135 0.292742 0.553579
0.641618 0.287392 0.496667
0.317946 0.221582 0.437314
0.504827 0.246471 0.662908
0.439575 0.247143 0.319289
0.662771 0.229614 0.564652
0.352759 0.238921 0.606562
0.32627 0.230189 0.413805
0.409286 0.244762 0.640771
0.620079 0.258389 0.617371
0.354267 0.276531 0.609615
0.555525 0.323518 0.409144
0.306191 0.23016 0.469758
0.44381 0.227672 0.660253
0.654247 0.268365 0.526337
0.506658 0.321533 0.416128
0.40996 0.273028 0.332964
0.47172 0.311622 0.383831
0.560814 0.313534 0.38306
0.548213 0.298457 0.630834
0.514216 0.318812 0.398689
0.509325 0.310649 0.482939
0.474762 0.228598 0.670253
0.666569 0.220307 0.515546
0.525958 0.261868 0.321077
0.598274 0.24394 0.640876
0.325106 0.263961 0.487494
0.3356 0.271397 0.393551
0.641738 0.282854 0.425479
0.453493 0.31677 0.496185
0.453831 0.317991 0.552182
0.352668 0.294013 0.40004
0.391389 0.258187 0.632236
0.454547 0.230749 0.664856
0.546647 0.312585 0.523887
0.427229 0.322601 0.45704
0.610153 0.268181 0.354516
0.385526 0.295474 0.367162
0.452469 0.321383 0.41274
0.494618 0.308431 0.470411
0.40168 0.254816 0.640695
0.401968 0.318941 0.571049
0.455807 0.307354 0.372342
0.528431 0.23373 0.316413
0.449847 0.318315 0.396971
0.44283 0.318378 0.585937
0.321273 0.261203 0.447919
0.667007 0.222119 0.475224
0.567744 0.239808 0.664777
0.513472 0.274219 0.652321
0.588432 0.319166 0.548274
0.390324 0.293268 0.360456
0.358002 0.242438 0.605861
0.315421 0.225792 0.458605
0.459526 0.314482 0.479947
0.649571 0.239344 0.388432
0.549509 0.31882 0.398131
0.320402 0.255777 0.506028
0.487148 0.24217 0.663544
0.513642 0.278647 0.64964
0.596781 0.267298 0.636856
0.396554 0.248131 0.63418
0.368213 0.285759 0.371172
0.364772 0.296302 0.539617
0.495892 0.307406 0.496106
0.508229 0.315793 0.438272
0.457038 0.319487 0.414859
0.347779 0.290539 0.404196
0.507333 0.242646 0.660221
0.539992 0.227983 0.323089
0.418212 0.320296 0.576393
0.46768 0.286838 0.637753
0.509376 0.239945 0.317563
0.323576 0.25637 0.517831
0.417905 0.260075 0.648591
0.628597 0.295584 0.477447
0.610397 0.293053 0.385199
0.487746 0.211289 0.657793
0.366702 0.294605 0.597537
0.543219 0.23055 0.660738
0.491167 0.248278 0.319552
0.530915 0.319909 0.415459
0.314958 0.235412 0.46116
0.372462 0.296089 0.383991
0.601277 0.249107 0.631523
0.605316 0.308715 0.478831
0.632996 0.241382 0.370065
0.443501 0.239055 0.324364
0.455555 0.23676 0.320267
0.613688 0.304651 0.478019
0.349802 0.284385 0.530386
0.503367 0.220449 0.655652
0.318312 0.246103 0.516839
0.636428 0.285469 0.514557
0.364034 0.302618 0.408617
0.53562 0.313454 0.557291
0.554184 0.31152 0.606006
0.663015 0.226347 0.519477
0.346577 0.268042 0.592964
0.435262 0.283813 0.340563
0.342274 0.272018 0.577361
0.56652 0.296965 0.359519
0.463944 0.25624 0.654458
0.343536 0.286667 0.408023
0.595279 0.262583 0.632444
0.355235 0.266716 0.371631
0.632118 0.269888 0.593783
0.49992 0.313108 0.3979
0.43113 0.245309 0.650235
0.611119 0.245396 0.612767
0.350419 0.282649 0.536256
0.318295 0.245461 0.477119
0.479098 0.303312 0.474888
0.537115 0.318485 0.428094
0.319135 0.24216 0.453582
0.584 0.281028 0.638013
0.518602 0.249911 0.65598
0.623165 0.2824 0.598029
0.656025 0.2142 0.47687
0.451565 0.257832 0.652603
0.404626 0.249442 0.621562
0.588368 0.247962 0.63563
0.405878 0.31659 0.47653
0.46063 0.254508 0.655
0.514826 0.307578 0.383249
0.497235 0.304823 0.495946
0.648342 0.266208 0.567728
0.361017 0.25109 0.596649
0.488633 0.258209 0.65419
0.501389 0.307022 0.532465
0.646686 0.269213 0.510685
0.562179 0.312139 0.504129
0.502802 0.308439 0.54236
0.604406 0.312007 0.413842
0.339092 0.274277 0.465934
0.423931 0.310722 0.384576
0.514745 0.246287 0.323433
0.588537 0.301586 0.377315
0.626452 0.27605 0.593882
0.326277 0.256048 0.422017
0.448311 0.312574 0.492076
0.498978 0.256553 0.652246
0.607042 0.248849 0.354484
0.374608 0.292033 0.382956
0.333124 0.26934 0.41067
0.322835 0.241724 0.457495
0.323097 0.240922 0.455448
0.416458 0.264688 0.641818
0.603977 0.312474 0.431523
0.54025 0.307906 0.465272
0.546742 0.23832 0.655792
0.601561 0.306787 0.481633
0.429824 0.315832 0.499268
0.477626 0.269188 0.646038
0.555281 0.26592 0.33332
0.469172 0.2705 0.336745
0.472176 0.308978 0.549533
0.630046 0.266159 0.394117
0.42561 0.254064 0.33667
0.463739 0.312701 0.440737
0.469315 0.309815 0.555012
0.373953 0.253927 0.594814
0.565695 0.311129 0.527775
0.49977 0.306767 0.544641
0.389205 0.300699 0.384763
0.623558 0.271561 0.598378
0.542429 0.288752 0.633645
0.514191 0.303277 0.379024
0.390399 0.255669 0.616769
0.39603 0.30486 0.602448
0.409238 0.254314 0.624583
0.417761 0.318804 0.419399
0.327322 0.245172 0.465379
0.607184 0.295549 0.395468
0.483272 0.29792 0.615505
0.329998 0.239969 0.435225
0.558226 0.254607 0.334182
0.650792 0.250176 0.550186
0.647601 0.260802 0.421218
0.555126 0.253065 0.333638
0.653461 0.247133 0.475564
0.342887 0.264658 0.55251
0.614358 0.253498 0.363601
0.468465 0.303401 0.492497
0.380964 0.288062 0.374626
0.541348 0.302102 0.49018
0.473145 0.304804 0.529464
0.53707 0.235072 0.647459
0.634991 0.249171 0.391404
0.627503 0.262057 0.593107
0.478426 0.299305 0.612591
0.473209 0.310806 0.421102
0.587059 0.315483 0.452022
0.644999 0.26828 0.447156
0.362381 0.285123 0.519927
0.464708 0.308155 0.585802
0.424782 0.302448 0.370309
0.517233 0.309103 0.44005
0.500735 0.298351 0.491209
0.653298 0.225073 0.486933
0.649132 0.255309 0.483264
0.45843 0.28514 0.350923
0.497831 0.28505 0.354009
0.477452 0.275821 0.639106
0.557195 0.314498 0.401667
0.586999 0.312977 0.462127
0.364709 0.282407 0.522866
0.417601 0.316014 0.450057
0.49581 0.303963 0.557707
0.620591 0.286825 0.410105
0.647444 0.237269 0.54419
0.65454 0.244573 0.439994
0.386119 0.297732 0.52259
0.474395 0.299219 0.506724
0.651527 0.238627 0.477418
0.464082 0.247488 0.652119
0.58269 0.307475 0.51592
0.395954 0.275676 0.354874
0.611087 0.299148 0.571703
0.502489 0.23939 0.331743
0.494584 0.232178 0.653465
0.542118 0.299599 0.515601
0.337705 0.27424 0.424796
0.541815 0.299434 0.508789
0.543815 0.307175 0.551721
0.498407 0.250478 0.64808
0.375774 0.292075 0.483649
0.490308 0.294616 0.484107
0.398052 0.251764 0.609081
0.642249 0.261373 0.484024
0.347421 0.276331 0.402287
0.475538 0.289153 0.367935
0.352287 0.272246 0.51975
0.354854 0.275916 0.55757
0.434411 0.314059 0.452276
0.477113 0.307427 0.406063
0.52117 0.303521 0.559794
0.589547 0.309623 0.46475
0.455599 0.305534 0.471566
0.437834 0.310317 0.493792
0.433753 0.31092 0.498067
0.405569 0.280461 0.621283
0.372176 0.284275 0.504058
0.593859 0.298943 0.391381
0.439684 0.29754 0.374478
0.634688 0.249286 0.408519
0.342558 0.259364 0.483416
0.641529 0.264005 0.44464
0.433943 0.308462 0.541671
0.503388 0.264908 0.637735
0.57435 0.304113 0.387953
0.346449 0.25922 0.501504
0.644214 0.260009 0.44111
0.532124 0.294557 0.531082
0.383703 0.291473 0.596457
0.463642 0.259637 0.338469
0.37325 0.287193 0.475502
0.588688 0.310095 0.456099
0.387682 0.296871 0.540289
0.402083 0.280665 0.357435
0.475085 0.302409 0.563169
0.387613 0.303774 0.413165
0.628266 0.275284 0.530705
0.51339 0.242351 0.336175
0.634551 0.254847 0.407909
0.61928 0.270741 0.590783
0.540322 0.294915 0.477326
0.646754 0.229109 0.496727
0.51297 0.296503 0.538168
0.49995 0.294421 0.381011
0.651212 0.240534 0.45102
0.543507 0.296445 0.487787
0.347136 0.255003 0.522369
0.347715 0.255825 0.520193
0.50298 0.296643 0.458269
0.553387 0.300003 0.509941
0.428853 0.311108 0.568727
0.363116 0.279291 0.582155
0.386818 0.27621 0.597131
0.458858 0.27451 0.629371
0.522083 0.304824 0.42012
0.392609 0.269299 0.363097
0.512039 0.302577 0.428787
0.636482 0.265848 0.447387
0.63479 0.256144 0.416592
0.402184 0.304255 0.47435
0.514324 0.29871 0.56137
0.348538 0.276503 0.436423
0.421213 0.309581 0.568815
0.374725 0.272828 0.586967
0.531436 0.294719 0.3827
0.642396 0.225427 0.508118
0.48456 0.252701 0.340983
0.573693 0.264348 0.631486
0.529238 0.286002 0.481163
0.535026 0.25671 0.341387
0.492635 0.284811 0.370338
0.452399 0.300077 0.495131
0.606076 0.293457 0.407415
0.550525 0.297136 0.471306
0.509566 0.293877 0.539536
0.347787 0.26431 0.411769
0.442831 0.292134 0.370164
0.505902 0.285252 0.480577
0.390159 0.302808 0.418519
0.46601 0.299405 0.398284
0.630707 0.2715 0.468701
0.481678 0.251202 0.64259
0.559016 0.307857 0.449882
0.624722 0.274475 0.530074
0.583259 0.271033 0.357096
0.430866 0.26144 0.634342
0.556987 0.301788 0.536765
0.498875 0.281405 0.363129
0.384961 0.285134 0.486916
0.463862 0.241945 0.645164
0.367526 0.269465 0.505319
0.405966 0.275833 0.360667
0.360493 0.284276 0.418862
0.621825 0.280402 0.453189
0.472196 0.297267 0.561952
0.539391 0.306204 0.420082
0.512123 0.263755 0.627286
0.549912 0.300709 0.396923
0.401751 0.264121 0.603292
0.374206 0.289747 0.412021
0.504434 0.271656 0.624492
0.399955 0.282876 0.371152
0.572541 0.28578 0.615141
0.587862 0.280742 0.370219
0.452143 0.277724 0.355913
0.536139 0.286316 0.516728
0.392011 0.293487 0.553159
0.622337 0.269564 0.500422
0.508246 0.274653 0.62235
0.566756 0.296336 0.510169
0.625809 0.274037 0.45782
0.345224 0.252876 0.452016
0.406923 0.301934 0.548092
0.502834 0.274842 0.622669
0.360151 0.260401 0.534591
0.63492 0.247896 0.518402
0.536604 0.305008 0.413791
0.620172 0.276302 0.542125
0.482096 0.286577 0.514452
0.438472 0.279122 0.620617
0.548675 0.301634 0.450518
0.375891 0.276144 0.525187
0.452173 0.257553 0.637195
0.641076 0.232742 0.531879
0.38907 0.284312 0.393223
0.485775 0.274561 0.477861
0.538847 0.292794 0.601438
0.45787 0.276489 0.618565
0.386803 0.27978 0.583216
0.615348 0.281642 0.455319
0.569013 0.302247 0.551608
0.350166 0.251616 0.453174
0.433394 0.264948 0.353146
0.606436 0.283087 0.514899
0.571578 0.287293 0.608604
0.369365 0.264969 0.516282
0.485827 0.279507 0.503306
0.483869 0.273096 0.368007
0.476397 0.282133 0.386149
0.350981 0.25711 0.462021
0.395287 0.28535 0.529336
0.560316 0.29024 0.493999
0.450969 0.292112 0.507133
0.400489 0.279375 0.373666
0.498245 0.262412 0.625155
0.63076 0.25426 0.465369
0.349944 0.25214 0.460421
0.411135 0.28844 0.598795
0.490605 0.265336 0.356677
0.525389 0.295088 0.575857
0.435147 0.286609 0.608126
0.537898 0.291224 0.544063
0.483759 0.279439 0.466739
0.484578 0.281013 0.512804
0.576094 0.283436 0.610568
0.608428 0.249955 0.592961
0.472842 0.287467 0.529734
0.399183 0.289935 0.489159
0.389483 0.285247 0.582893
0.606035 0.290447 0.459282
0.393275 0.283282 0.55315
0.486109 0.272124 0.494831
0.399706 0.284592 0.39207
0.471545 0.26078 0.625499
0.529525 0.293016 0.584098
0.596314 0.293002 0.459197
0.402575 0.296433 0.436737
0.487658 0.27671 0.38333
0.412918 0.300083 0.410085
0.485733 0.271698 0.492712
0.522841 0.268733 0.360098
0.408575 0.247031 0.603827
0.453999 0.297202 0.425869
0.525887 0.275295 0.5273
0.550686 0.252534 0.626087
0.360598 0.257651 0.479092
0.601954 0.289828 0.453486
0.531709 0.268625 0.358447
0.623666 0.252569 0.419292
0.535918 0.283038 0.379832
0.428611 0.292474 0.511433
0.631683 0.231608 0.499139
0.467093 0.229011 0.640523
0.425767 0.265415 0.359659
0.483845 0.281183 0.533047
0.530182 0.287285 0.394018
0.380347 0.279627 0.456044
0.41971 0.283515 0.370129
0.412436 0.302739 0.422211
0.618905 0.26098 0.472566
0.504514 0.286067 0.399145
0.471032 0.28992 0.408278
0.424736 0.278812 0.608239
0.362395 0.262044 0.416198
0.548459 0.287394 0.383944
0.449549 0.280509 0.608849
0.401205 0.279721 0.533457
0.629673 0.233672 0.464454
0.624509 0.240802 0.509433
0.499011 0.277546 0.601046
0.547742 0.276268 0.498279
0.565286 0.289633 0.460761
0.445386 0.290779 0.454108
0.520187 0.262913 0.486297
0.398588 0.242839 0.590857
0.388247 0.27364 0.39823
0.586987 0.294997 0.553197
0.519656 0.265726 0.505831
0.54282 0.286457 0.450715
0.479698 0.277258 0.534748
0.484294 0.262028 0.480474
0.39426 0.285958 0.412246
0.617874 0.260117 0.539501
0.41305 0.284895 0.508828
0.559747 0.295236 0.407681
0.465359 0.273152 0.474233
0.610898 0.271193 0.560061
0.392817 0.267597 0.386451
0.430146 0.291166 0.396978
0.43628 0.289419 0.479995
0.611593 0.2479 0.581799
0.420748 0.290965 0.494785
0.515768 0.266746 0.467261
0.524567 0.265063 0.501247
0.607222 0.276886 0.426529
0.399538 0.275787 0.512566
0.607419 0.2624 0.407301
0.536857 0.270114 0.487505
0.474312 0.264465 0.617127
0.477697 0.286651 0.414867
0.555428 0.286968 0.460266
0.41113 0.290057 0.556975
0.394609 0.280089 0.443908
0.624746 0.222558 0.479112
0.476236 0.253856 0.6195
0.509057 0.270853 0.59713
0.432486 0.285199 0.481562
0.543763 0.276528 0.46071
0.543645 0.269153 0.60383
0.365794 0.257382 0.45312
0.373687 0.263658 0.419045
0.538797 0.258862 0.366009
0.525434 0.245452 0.61584
0.520284 0.255298 0.607995
0.508274 0.246696 0.365706
0.509471 0.279135 0.409189
0.579291 0.291105 0.454902
0.399553 0.283514 0.441597
0.520225 0.268355 0.454576
0.39644 0.274657 0.402886
0.484277 0.280221 0.56825
0.607683 0.252397 0.487004
0.532077 0.261048 0.485346
0.393988 0.28191 0.433726
0.511503 0.275193 0.592418
0.439182 0.280028 0.513771
0.620111 0.235258 0.494607
0.434207 0.270098 0.605798
0.480716 0.2642 0.609807
0.419167 0.262991 0.599991
0.533674 0.264091 0.368435
0.514445 0.258371 0.469632
0.533406 0.266318 0.467942
0.387688 0.265716 0.539366
0.422588 0.286843 0.395939
0.452052 0.276525 0.599292
0.460716 0.273928 0.521223
0.536261 0.278301 0.449944
0.416995 0.267028 0.586753
0.621854 0.220905 0.492755
0.593086 0.280352 0.434192
0.518199 0.26325 0.593805
0.572881 0.271636 0.476434
0.529815 0.261692 0.461365
0.410203 0.274696 0.479557
0.492689 0.26238 0.389116
0.369629 0.252357 0.461002
0.464245 0.25278 0.615257
0.49133 0.267409 0.39954
0.534731 0.277599 0.435431
0.496746 0.270889 0.554979
0.548338 0.278493 0.548046
0.405114 0.272229 0.403077
0.408194 0.276686 0.464641
0.4528 0.244112 0.621493
0.388871 0.261272 0.530668
0.39805 0.27204 0.458512
0.484907 0.249321 0.488644
0.468112 0.271141 0.399792
0.414299 0.277902 0.47519
0.607524 0.244473 0.491872
0.432874 0.28276 0.550925
0.583382 0.271486 0.392916
0.427703 0.286825 0.451687
0.435209 0.285607 0.447166
0.53898 0.267945 0.460523
0.494302 0.243644 0.616564
0.373186 0.258305 0.432807
0.473852 0.266276 0.532037
0.494987 0.223477 0.62744
0.368291 0.247031 0.47874
0.410456 0.273751 0.49221
0.585168 0.26455 0.585773
0.417059 0.274369 0.580802
0.405769 0.264803 0.489959
0.620261 0.218965 0.507084
0.460548 0.258817 0.496766
0.527305 0.257607 0.59372
0.457723 0.268009 0.454691
0.517878 0.247023 0.464282
0.515245 0.212001 0.616692
0.592265 0.246371 0.585299
0.374561 0.24639 0.490671
0.603806 0.254592 0.560716
0.454239 0.269186 0.456075
0.550406 0.26176 0.519764
0.476157 0.242542 0.481262
0.594521 0.268624 0.448394
0.496867 0.218182 0.624049
0.413906 0.269688 0.48469
0.619274 0.223643 0.516016
0.373817 0.247424 0.447053
0.563018 0.258726 0.595845
0.619329 0.21895 0.498379
0.406326 0.263344 0.566939
0.433421 0.27024 0.515871
0.431855 0.273401 0.397277
0.434605 0.268746 0.59028
0.590636 0.26686 0.524151
0.444336 0.275377 0.551316
0.40537 0.264841 0.553423
0.435199 0.277026 0.553174
0.45036 0.276193 0.563371
0.496993 0.214237 0.624563
0.408288 0.245227 0.587425
0.598103 0.266156 0.437687
0.595915 0.262888 0.54133
0.379351 0.25026 0.430379
0.494653 0.267752 0.415585
0.523117 0.240801 0.47535
0.413802 0.259919 0.405423
0.618103 0.218771 0.521882
0.558212 0.272514 0.576899
0.536359 0.25234 0.592214
0.593377 0.260125 0.452253
0.507507 0.235994 0.468948
0.373627 0.236948 0.499879
0.477931 0.262501 0.563369
0.387533 0.247218 0.532422
0.512906 0.251464 0.543717
0.409663 0.259854 0.496537
0.544335 0.234487 0.606421
0.451071 0.265987 0.406372
0.386358 0.240436 0.550026
0.578383 0.27222 0.564601
0.419164 0.264341 0.50544
0.525686 0.261356 0.428658
0.609173 0.238256 0.556115
0.501202 0.236702 0.500209
0.500455 0.237577 0.503167
0.582728 0.257578 0.498003
0.44852 0.271078 0.567518
0.508563 0.260362 0.572596
0.433846 0.247487 0.378218
0.560653 0.277405 0.43374
0.444066 0.267189 0.40483
0.610198 0.242879 0.443299
0.558641 0.274662 0.415712
0.385262 0.247876 0.516812
0.605572 0.243933 0.552507
0.570697 0.280337 0.431209
0.454986 0.253774 0.484245
0.537036 0.217307 0.612762
0.586411 0.264537 0.562926
0.383404 0.245905 0.485966
0.41723 0.232676 0.599599
0.414894 0.25629 0.540036
0.609904 0.225561 0.53744
0.438179 0.263511 0.411114
0.545454 0.245976 0.590558
0.478127 0.255868 0.421957
0.497281 0.224431 0.473595
0.486043 0.243281 0.399896
0.588351 0.242729 0.508902
0.400875 0.237783 0.574701
0.420078 0.256969 0.512838
0.611752 0.223317 0.541223
0.567527 0.259532 0.463235
0.434989 0.258771 0.581621
0.415498 0.260807 0.454182
0.428453 0.259622 0.527277
0.423524 0.259694 0.528269
0.460567 0.248737 0.594746
0.606804 0.226397 0.468749
0.428918 0.259472 0.40372
0.379199 0.235381 0.50342
0.504806 0.251659 0.420909
0.457102 0.226019 0.614773
0.592858 0.234099 0.485807
0.420859 0.26479 0.418732
0.538584 0.258969 0.567344
0.451515 0.250155 0.505023
0.572512 0.260203 0.535511
0.456973 0.247406 0.506531
0.587287 0.241291 0.494289
0.481178 0.234067 0.511482
0.498454 0.225449 0.48961
0.546671 0.254198 0.541176
0.504389 0.243532 0.446901
0.554266 0.244192 0.4886
0.532863 0.2546 0.559238
0.517462 0.228749 0.501098
0.406636 0.243498 0.468728
0.392971 0.23837 0.433472
0.590395 0.22992 0.477411
0.599778 0.228561 0.540947
0.48321 0.24155 0.589808
0.495088 0.215998 0.474709
0.567529 0.25865 0.409953
0.42582 0.251049 0.519806
0.536155 0.204109 0.611449
0.455359 0.230474 0.380211
0.538184 0.238572 0.533763
0.54075 0.247672 0.551954
0.391353 0.236111 0.497889
0.490986 0.231394 0.45498
0.562229 0.24609 0.582138
0.469504 0.213012 0.616379
0.410455 0.244145 0.480322
0.619657 0.207234 0.448273
0.460934 0.219104 0.612859
0.459557 0.244428 0.403704
0.494253 0.244136 0.431045
0.496748 0.241421 0.55111
0.376736 0.219688 0.48716
0.470587 0.248676 0.558529
0.608068 0.232399 0.42693
0.471797 0.223554 0.484584
0.394886 0.226849 0.572382
0.383539 0.231317 0.519675
0.528375 0.231632 0.528522
0.610237 0.208998 0.485471
0.588435 0.242999 0.556671
0.483752 0.247682 0.565649
0.434793 0.249775 0.518475
0.576522 0.253678 0.461573
0.499085 0.230645 0.527676
0.476546 0.244483 0.417311
0.422449 0.212455 0.60383
0.388259 0.226122 0.450394
0.465532 0.239401 0.548744
0.607808 0.212359 0.545358
0.603596 0.217868 0.548882
0.484583 0.206271 0.478954
0.439533 0.243819 0.533869
0.526793 0.21411 0.483393
0.540043 0.243986 0.423579
0.582065 0.223228 0.58651
0.498729 0.222782 0.593259
0.548921 0.242242 0.403173
0.61537 0.210182 0.443675
0.521707 0.229962 0.582929
0.424033 0.245268 0.547528
0.47045 0.21909 0.387605
0.571665 0.244191 0.398847
0.600227 0.22206 0.562954
0.38084 0.212737 0.501791
0.580339 0.247195 0.419662
0.437132 0.23274 0.592782
0.503191 0.215718 0.598087
0.467076 0.233469 0.408251
0.46535 0.225903 0.597221
0.58922 0.230384 0.546008
0.476479 0.226887 0.594863
0.590431 0.228998 0.464464
0.508714 0.218818 0.385811
0.481024 0.213067 0.49812
0.477045 0.236888 0.434758
0.517781 0.224772 0.391938
0.565977 0.209812 0.605278
0.400199 0.218873 0.580252
0.533908 0.210268 0.603596
0.408798 0.220237 0.587086
0.587046 0.231004 0.541258
0.410578 0.227963 0.511208
0.384677 0.211311 0.464438
0.562077 0.227992 0.389656
0.387541 0.215705 0.550723
0.498719 0.222552 0.544637
0.473643 0.204816 0.482043
0.535517 0.231307 0.432747
0.401548 0.226764 0.450586
0.538911 0.217446 0.468282
0.500471 0.224074 0.582085
0.463469 0.217849 0.393109
0.563396 0.223237 0.487096
0.580268 0.209335 0.597
0.562823 0.22703 0.471373
0.500774 0.210913 0.516843
0.47158 0.224385 0.414743
0.499261 0.223601 0.547294
0.600342 0.207029 0.471943
0.541384 0.231993 0.411561
0.474282 0.227375 0.422716
0.600962 0.202809 0.515903
0.508408 0.217191 0.395256
0.535345 0.23154 0.562703
0.460285 0.211667 0.383939
0.581324 0.229293 0.462048
0.476934 0.223617 0.444144
0.54266 0.233862 0.564897
0.401417 0.219585 0.482858
0.42692 0.23397 0.467698
0.576652 0.222872 0.390849
0.458752 0.223596 0.462279
0.438503 0.238988 0.441482
0.588456 0.233522 0.428333
0.50671 0.212602 0.52203
0.536255 0.232577 0.427691
0.468276 0.225188 0.448843
0.419722 0.212863 0.586097
0.43403 0.228628 0.447616
0.389319 0.205061 0.496073
0.47595 0.194939 0.476504
0.501765 0.191401 0.606403
0.469164 0.200058 0.482883
0.46948 0.218812 0.440243
0.571635 0.218971 0.471806
0.612925 0.191465 0.523409
0.551582 0.219808 0.539602
0.547117 0.200416 0.601041
0.521374 0.206319 0.451578
0.535704 0.214355 0.45284
0.470334 0.200928 0.472784
0.54977 0.221477 0.396861
0.552604 0.221877 0.544798
0.435157 0.226897 0.576444
0.399254 0.218402 0.439278
0.599497 0.206863 0.562194
0.608037 0.202411 0.448749
0.574906 0.217192 0.528913
0.607236 0.193782 0.517365
0.606751 0.200948 0.569262
0.537222 0.222355 0.420141
0.467713 0.209468 0.398511
0.514067 0.207605 0.387317
0.433395 0.227124 0.418042
0.515324 0.203997 0.518737
0.560271 0.220186 0.534125
0.597068 0.207854 0.554065
0.415969 0.192829 0.607907
0.532501 0.209719 0.458893
0.45123 0.224917 0.578086
0.536973 0.216363 0.449964
0.461628 0.19712 0.608231
0.620087 0.183673 0.514297
0.417795 0.213106 0.572654
0.557612 0.21447 0.400595
0.571815 0.198078 0.598651
0.506035 0.195668 0.456695
0.511295 0.204253 0.544757
0.455955 0.199643 0.485087
0.492189 0.1975 0.452977
0.597695 0.197983 0.54649
0.568191 0.211382 0.468448
0.477099 0.197123 0.455912
0.5956 0.19477 0.523316
0.410081 0.202527 0.582575
0.379957 0.187798 0.467861
0.420051 0.205336 0.478065
0.474492 0.194809 0.507138
0.581409 0.201114 0.487639
0.455334 0.212526 0.444305
0.511833 0.207237 0.554873
0.54154 0.212395 0.570632
0.525846 0.197343 0.517168
0.501631 0.198755 0.586893
0.402731 0.208727 0.423064
0.581823 0.195911 0.384116
0.556506 0.205501 0.518262
0.605445 0.19153 0.462276
0.413741 0.203042 0.47551
0.536367 0.212939 0.425037
0.610391 0.187036 0.388869
0.485086 0.198874 0.527416
0.421795 0.184108 0.615246
0.505586 0.189197 0.599914
0.601003 0.192109 0.520775
0.486594 0.212102 0.571086
0.392453 0.197002 0.470146
0.463781 0.210368 0.421895
0.591658 0.194768 0.486378
0.410651 0.192094 0.482906
0.559517 0.209298 0.41857
0.450675 0.20348 0.444486
0.516723 0.187619 0.459184
0.404386 0.199356 0.524842
0.442115 0.196264 0.487022
0.592915 0.192585 0.57952
0.469826 0.189933 0.510028
0.567962 0.197319 0.507288
0.382723 0.192911 0.432302
0.552096 0.20327 0.570994
0.415664 0.205703 0.438535
0.595455 0.193469 0.397355
0.456832 0.18356 0.610321
0.557886 0.199189 0.469063
0.582248 0.192542 0.508722
0.615649 0.182867 0.590631
0.501824 0.191519 0.446355
0.473132 0.180423 0.477295
0.41768 0.203496 0.521104
0.437007 0.202772 0.504408
0.406337 0.195663 0.460803
0.428761 0.208191 0.532119
0.550876 0.203308 0.554258
0.583864 0.191065 0.59474
0.421946 0.207004 0.570096
0.498177 0.193309 0.537534
0.503727 0.181852 0.483573
0.434609 0.199338 0.489451
0.524694 0.199527 0.569984
0.440239 0.20935 0.426629
0.459275 0.196835 0.586039
0.448336 0.19636 0.391397
0.599332 0.185263 0.383902
0.607317 0.180693 0.488008
0.464729 0.182342 0.376333
0.409831 0.184097 0.469027
0.448502 0.174752 0.616906
0.393393 0.187678 0.544943
0.551879 0.19429 0.443328
0.413363 0.185043 0.468456
0.427204 0.189043 0.490193
0.376458 0.171872 0.600582
0.498332 0.178627 0.598319
0.524046 0.18445 0.446991
0.542403 0.189877 0.575503
0.605757 0.176523 0.496057
0.531397 0.189798 0.57243
0.443531 0.192028 0.406882
0.408145 0.173613 0.618007
0.475501 0.184041 0.585873
0.610783 0.178809 0.448298
0.394832 0.185984 0.455582
0.378506 0.178941 0.569314
0.41111 0.181631 0.477692
0.579 0.184063 0.598173
0.605821 0.183085 0.556005
0.439235 0.187873 0.593093
0.404373 0.188763 0.575561
0.571269 0.198186 0.422923
0.483919 0.186337 0.422441
0.552643 0.19547 0.418567
0.617128 0.177036 0.547493
0.604525 0.182238 0.589697
0.604646 0.175011 0.478358
0.580691 0.184149 0.382914
0.534853 0.190242 0.405502
0.519558 0.187501 0.403852
0.484013 0.17569 0.374644
0.458792 0.187175 0.398576
0.607421 0.180985 0.539061
0.438089 0.188539 0.592047
0.40609 0.167768 0.623095
0.44797 0.176 0.381915
0.503244 0.172474 0.373242
0.565121 0.185429 0.447045
0.546576 0.181114 0.450412
0.413019 0.178054 0.495094
0.484599 0.169676 0.492247
0.614777 0.173407 0.552378
0.525534 0.173383 0.494727
0.449998 0.185691 0.553666
0.560762 0.181608 0.542495
0.543929 0.183064 0.412454
0.416709 0.182367 0.580517
0.444979 0.179845 0.499839
0.563556 0.181903 0.542727
0.617485 0.166364 0.470484
0.563615 0.174572 0.610339
0.619238 0.16748 0.460775
0.581001 0.173745 0.375031
0.465747 0.16905 0.616363
0.537192 0.174825 0.479761
0.447583 0.178024 0.38742
0.4808 0.169871 0.495189
0.570632 0.184333 0.454664
0.468381 0.182332 0.566186
0.558856 0.178913 0.515712
0.575884 0.185118 0.418422
0.491269 0.17536 0.444764
0.548611 0.182782 0.442655
0.450642 0.183142 0.578887
0.4652 0.170426 0.473226
0.630621 0.160924 0.465168
0.443952 0.182643 0.448023
0.423936 0.188164 0.557865
0.503882 0.166548 0.619798
0.555709 0.179154 0.482489
0.40542 0.17295 0.53417
0.468589 0.166828 0.502971
0.410231 0.175828 0.436848
0.618231 0.166947 0.396445
0.551593 0.167112 0.613013
0.407384 0.169783 0.496711
0.576636 0.171623 0.493083
0.44854 0.176084 0.570823
0.432947 0.177178 0.525991
0.476009 0.169893 0.40937
0.483523 0.168857 0.533489
0.523502 0.168853 0.521499
0.382248 0.165778 0.500358
0.519869 0.167286 0.503705
0.464117 0.165316 0.614519
0.404703 0.173313 0.544613
0.526455 0.16773 0.502837
0.377807 0.170423 0.440352
0.620302 0.166649 0.589153
0.537878 0.168831 0.498203
0.526153 0.166679 0.488487
0.493049 0.169651 0.584957
0.518698 0.167093 0.502046
0.622309 0.166459 0.603013
0.534916 0.173295 0.402664
0.587102 0.1694 0.489934
0.381418 0.168094 0.458497
0.421702 0.171766 0.462198
0.494298 0.163732 0.481526
0.588154 0.171134 0.546385
0.567718 0.174341 0.554104
0.554638 0.171034 0.477236
0.626835 0.162767 0.530659
0.437124 0.176099 0.520642
0.460358 0.171197 0.586603
0.507733 0.171563 0.387473
0.400626 0.166945 0.430719
0.46599 0.162491 0.524675
0.530987 0.162309 0.5204
0.63631 0.157017 0.395503
0.42894 0.164261 0.59995
0.389234 0.161406 0.501372
0.424112 0.161068 0.371612
0.567869 0.163921 0.523967
0.430927 0.167362 0.579045
0.368983 0.158938 0.374786
0.438443 0.165471 0.58759
0.537368 0.159878 0.620317
0.62489 0.160954 0.421796
0.562921 0.164744 0.37567
0.559452 0.165775 0.57222
0.402547 0.165725 0.573649
0.440433 0.165026 0.403732
0.635611 0.157252 0.590565
0.53889 0.161856 0.481164
0.4146 0.164162 0.506483
0.451856 0.164169 0.403044
0.50367 0.158208 0.361356
0.608705 0.163178 0.408686
0.621754 0.15881 0.371335
0.520234 0.163939 0.557804
0.59364 0.162722 0.601417
0.608206 0.162388 0.582035
0.564412 0.166 0.570344
0.436599 0.165987 0.442982
0.445092 0.162638 0.493921
0.492534 0.154725 0.636909
0.396894 0.164142 0.544205
0.581369 0.162397 0.60902
0.397259 0.166883 0.428356
0.619607 0.161418 0.394876
0.368774 0.15865 0.537539
0.396209 0.15617 0.520773
0.621575 0.155179 0.449408
0.623814 0.155176 0.55609
0.382156 0.155093 0.366693
0.569234 0.157386 0.551037
0.382718 0.15537 0.502286
0.614171 0.155364 0.51105
0.479085 0.155974 0.391835
0.374841 0.155747 0.458521
0.380191 0.156494 0.576111
0.535036 0.156557 0.440935
0.383766 0.157084 0.400533
0.471157 0.15527 0.515707
0.466159 0.155492 0.514057
0.363678 0.153676 0.46913
0.423144 0.156079 0.476316
0.559283 0.155236 0.623418
0.508666 0.156788 0.581742
0.558926 0.15643 0.599666
0.449795 0.157405 0.586332
0.442208 0.157788 0.545844
0.532161 0.155717 0.46549
0.492553 0.156321 0.551342
0.36566 0.154898 0.448482
0.417151 0.156164 0.471213
0.468604 0.156301 0.591934
0.50541 0.154904 0.468326
0.530026 0.156766 0.585922
0.402349 0.156353 0.463033
0.375272 0.155241 0.619584
0.40739 0.157381 0.543309
0.636455 0.153319 0.554353
0.399432 0.156302 0.518289
0.544295 0.156748 0.545465
0.457976 0.155145 0.371459
0.47869 0.153107 0.633504
0.390797 0.15 0.51274
0.408321 0.15 0.569468
0.596147 0.15 0.474525
0.547989 0.15 0.500224
0.58018 0.15 0.516723
0.368696 0.15 0.505324
0.635617 0.15 0.520788
0.497551 0.15 0.439175
0.642172 0.15 0.568781
0.474653 0.15 0.372623
0.56381 0.15 0.389241
0.60295 0.15 0.480952
0.372321 0.15 0.524038
0.435376 0.15 0.519909
0.606612 0.15 0.387831
0.583723 0.15 0.436776
0.427126 0.15 0.542358
0.583439 0.15 0.513216
0.374812 0.15 0.45712
0.398982 0.15 0.486811
0.393892 0.15 0.57855
0.403963 0.15 0.548245
0.627889 0.15 0.579356
0.520403 0.15 0.360913
0.648251 0.15 0.510121
0.551578 0.15 0.499895
0.425039 0.15 0.624877
0.592805 0.15 0.357077
0.498943 0.15 0.602529
0.554553 0.15 0.509444
0.463987 0.15 0.536142
0.382173 0.15 0.597255
0.420406 0.15 0.511834
0.606731 0.15 0.409108
0.607051 0.15 0.549188
0.611235 0.15 0.620702
