2412 0.012625
0.390102 0.33101 0.393501
0.449409 0.256774 0.340081
0.469862 0.198236 0.33568
0.493139 0.191909 0.340575
0.512453 0.208379 0.348481
0.536088 0.267832 0.352014
0.348112 0.264986 0.445489
0.362759 0.277967 0.36276
0.430373 0.275723 0.292081
0.50072 0.255177 0.276845
0.573089 0.280917 0.314
0.61059 0.271039 0.381744
0.337881 0.236608 0.471318
0.294401 0.263987 0.426965
0.400675 0.43922 0.392705
0.504943 0.441597 0.382809
0.627939 0.426664 0.407462
0.691191 0.238661 0.4341
0.340197 0.213032 0.487396
0.284177 0.258095 0.508639
0.403989 0.450361 0.50403
0.512815 0.450025 0.501298
0.637893 0.424942 0.506882
0.707835 0.220056 0.504913
0.348149 0.230521 0.510694
0.329769 0.261835 0.574829
0.403205 0.401288 0.646073
0.499968 0.414328 0.648995
0.617599 0.397811 0.623112
0.676538 0.222041 0.558533
0.362199 0.30093 0.553295
0.393406 0.26272 0.596357
0.438543 0.23304 0.666916
0.498044 0.225669 0.699755
0.55972 0.243018 0.68773
0.617521 0.258662 0.605476
0.385825 0.277419 0.386793
0.366563 0.29636 0.553365
0.288837 0.229062 0.509585
0.623503 0.431792 0.496524
0.430029 0.320998 0.697195
0.52271 0.192625 0.341824
0.370339 0.25873 0.551917
0.376973 0.309616 0.565177
0.657282 0.226603 0.485433
0.473813 0.165948 0.326319
0.598711 0.297845 0.59695
0.630056 0.253372 0.614133
0.510973 0.284926 0.721094
0.502991 0.448037 0.550006
0.655014 0.416444 0.461431
0.658122 0.232704 0.473658
0.337158 0.20101 0.524203
0.417922 0.315406 0.372873
0.526698 0.21353 0.680523
0.388774 0.261663 0.581554
0.368493 0.248834 0.614865
0.38463 0.38912 0.647352
0.345969 0.214107 0.527551
0.535721 0.394245 0.669113
0.411706 0.298252 0.615793
0.64687 0.203868 0.544761
0.548808 0.439718 0.567138
0.43464 0.242138 0.679178
0.635128 0.241656 0.573105
0.447793 0.452917 0.502248
0.483017 0.194389 0.668908
0.646963 0.220483 0.559191
0.605652 0.438918 0.471254
0.631137 0.24888 0.554316
0.511228 0.219443 0.690501
0.34562 0.243401 0.441994
0.365878 0.250233 0.558278
0.311396 0.228124 0.432737
0.641172 0.272382 0.623387
0.680428 0.236503 0.425543
0.440612 0.446736 0.401177
0.522497 0.190104 0.339423
0.470384 0.225611 0.700411
0.473783 0.198044 0.656715
0.591136 0.437818 0.53957
0.527944 0.448971 0.4999
0.526735 0.221236 0.646861
0.630993 0.304232 0.342256
0.470513 0.451557 0.459565
0.711949 0.246974 0.539186
0.354644 0.385815 0.623896
0.327637 0.271179 0.571381
0.654618 0.21551 0.421685
0.418632 0.284137 0.618296
0.656337 0.294038 0.6214
0.463288 0.450446 0.425769
0.382799 0.257322 0.586454
0.513296 0.450388 0.461222
0.345534 0.256372 0.61029
0.656616 0.305616 0.363268
0.439175 0.440725 0.38057
0.345481 0.211553 0.505665
0.649515 0.250629 0.603176
0.391318 0.294666 0.572527
0.520526 0.229718 0.653024
0.672128 0.20261 0.467245
0.643743 0.259107 0.397174
0.534004 0.268589 0.71861
0.419867 0.278139 0.680665
0.344304 0.209287 0.524418
0.435813 0.297512 0.70076
0.622575 0.259016 0.599613
0.305598 0.185375 0.459251
0.298659 0.192995 0.457191
0.438779 0.22816 0.33172
0.683041 0.208118 0.444783
0.668624 0.197267 0.444037
0.519516 0.185655 0.325377
0.694804 0.219439 0.450658
0.651152 0.233834 0.575885
0.567363 0.318814 0.694184
0.2842 0.220836 0.455141
0.510552 0.23168 0.282261
0.704896 0.272142 0.548212
0.431791 0.255436 0.295075
0.613119 0.248466 0.403286
0.610864 0.435702 0.505798
0.358736 0.243076 0.606153
0.523955 0.232135 0.704008
0.294455 0.197333 0.494819
0.469473 0.436285 0.360933
0.664331 0.217815 0.480251
0.691433 0.200374 0.496559
0.536528 0.437879 0.588013
0.519965 0.448761 0.426702
0.7095 0.336819 0.456833
0.450768 0.22893 0.646203
0.393898 0.319172 0.393634
0.587147 0.331867 0.306557
0.579512 0.401375 0.334324
0.482028 0.220568 0.696311
0.449241 0.255211 0.282105
0.541267 0.447233 0.502269
0.595115 0.283195 0.39756
0.44002 0.249116 0.344336
0.67791 0.199865 0.452897
0.586736 0.281134 0.391992
0.395622 0.446987 0.43298
0.409311 0.305433 0.623117
0.293417 0.189352 0.483802
0.661119 0.410852 0.449645
0.667369 0.203525 0.459983
0.484126 0.323447 0.270286
0.51325 0.188345 0.312325
0.444473 0.248236 0.638716
0.354349 0.423621 0.555554
0.519391 0.200631 0.65859
0.680268 0.303345 0.386838
0.422546 0.443151 0.392499
0.547136 0.234139 0.638515
0.406631 0.257438 0.628483
0.322113 0.218148 0.534484
0.65759 0.233359 0.469416
0.398277 0.262714 0.60949
0.294448 0.376448 0.498261
0.407269 0.308109 0.383676
0.407105 0.281003 0.603432
0.506814 0.450803 0.467152
0.54899 0.279289 0.289377
0.534194 0.268539 0.718242
0.548039 0.258906 0.359927
0.692027 0.36983 0.53219
0.29613 0.379392 0.492927
0.340094 0.201122 0.47885
0.491702 0.39182 0.676455
0.332234 0.251232 0.583803
0.329058 0.314966 0.617257
0.554222 0.249978 0.637096
0.375499 0.27074 0.637978
0.44579 0.404513 0.322775
0.65727 0.231111 0.466634
0.536447 0.257592 0.644846
0.537981 0.429666 0.359354
0.548109 0.238235 0.63866
0.308219 0.229607 0.533742
0.298334 0.214604 0.511655
0.337709 0.24029 0.58566
0.659948 0.226821 0.46994
0.34878 0.261719 0.440633
0.502303 0.190329 0.30448
0.711448 0.33652 0.489612
0.712315 0.313543 0.450869
0.536252 0.229704 0.305893
0.441585 0.290679 0.283201
0.285632 0.286535 0.521668
0.675723 0.242965 0.419026
0.300609 0.24604 0.535364
0.386578 0.282023 0.330665
0.434917 0.294799 0.286074
0.428186 0.278153 0.62607
0.62163 0.248268 0.410712
0.340498 0.199474 0.504884
0.711982 0.230219 0.505314
0.337633 0.197373 0.483523
0.436942 0.237921 0.659278
0.515169 0.222759 0.657258
0.333666 0.260721 0.58881
0.631108 0.367367 0.636517
0.441032 0.230932 0.335459
0.375418 0.293042 0.558928
0.431997 0.261025 0.293979
0.539152 0.227718 0.326311
0.334201 0.187074 0.497937
0.389011 0.297038 0.670154
0.595777 0.272584 0.397084
0.712839 0.232575 0.518868
0.694167 0.22718 0.548641
0.599901 0.419579 0.597193
0.309874 0.264804 0.550525
0.340048 0.423736 0.503211
0.335982 0.247853 0.404079
0.313598 0.228971 0.537384
0.512281 0.185248 0.332593
0.338249 0.208837 0.471609
0.513604 0.207349 0.297633
0.488227 0.19385 0.296651
0.443106 0.256668 0.342574
0.341812 0.293653 0.359897
0.58188 0.41425 0.349664
0.613791 0.267435 0.409876
0.349755 0.240337 0.526847
0.673228 0.199921 0.540559
0.339627 0.212992 0.458472
0.443609 0.374061 0.683461
0.52406 0.204322 0.345037
0.446109 0.226354 0.33526
0.559141 0.301389 0.701222
0.636176 0.238587 0.425637
0.499942 0.19593 0.299599
0.54998 0.445552 0.505229
0.330582 0.184569 0.496244
0.565036 0.26935 0.314648
0.50585 0.445348 0.399217
0.561396 0.243366 0.68488
0.317725 0.256805 0.559191
0.33241 0.20832 0.443029
0.310558 0.28109 0.557963
0.282378 0.341678 0.503648
0.711291 0.233374 0.467068
0.711856 0.276755 0.530398
0.640633 0.41699 0.401306
0.371368 0.253381 0.621354
0.528588 0.203447 0.665524
0.502149 0.410913 0.323314
0.554093 0.219779 0.658424
0.539151 0.225348 0.347678
0.38991 0.272393 0.575172
0.429124 0.253643 0.34053
0.332787 0.33904 0.365339
0.356482 0.298202 0.342924
0.533217 0.356152 0.69525
0.485587 0.195854 0.294961
0.496378 0.178193 0.327049
0.528589 0.397352 0.306998
0.293775 0.36638 0.458886
0.298962 0.206024 0.505397
0.664364 0.353428 0.599486
0.549706 0.243311 0.349539
0.587428 0.271002 0.60838
0.633479 0.363399 0.634981
0.390238 0.393815 0.330041
0.444478 0.440741 0.380466
0.484882 0.441685 0.378413
0.39056 0.296112 0.394941
0.52061 0.203786 0.655655
0.554243 0.255599 0.358731
0.660356 0.207336 0.508134
0.578196 0.249634 0.634362
0.604997 0.437946 0.438333
0.704591 0.220613 0.470247
0.478652 0.18267 0.331884
0.369326 0.278909 0.363526
0.459957 0.24268 0.705544
0.658193 0.20042 0.508742
0.579173 0.437667 0.548303
0.34946 0.429508 0.458089
0.325643 0.219241 0.534733
0.63073 0.237618 0.562154
0.423001 0.339813 0.297013
0.529387 0.239404 0.287101
0.533237 0.302451 0.71571
0.546502 0.388573 0.670461
0.290454 0.198707 0.487243
0.369674 0.286408 0.352788
0.675616 0.381782 0.551395
0.36583 0.318956 0.325927
0.324769 0.233939 0.547195
0.469694 0.2027 0.291279
0.661111 0.189414 0.512499
0.61868 0.267371 0.4125
0.334838 0.399556 0.572666
0.697461 0.371151 0.464762
0.511577 0.225227 0.694722
0.709876 0.228603 0.476353
0.679074 0.234324 0.564592
0.648195 0.25844 0.400475
0.549996 0.247079 0.316318
0.456679 0.450651 0.452565
0.415085 0.29137 0.623824
0.656937 0.201452 0.516732
0.399493 0.448231 0.515998
0.462691 0.189016 0.307219
0.646815 0.341566 0.348717
0.594074 0.254663 0.380743
0.589465 0.280648 0.392507
0.705921 0.220929 0.523597
0.416928 0.444745 0.569149
0.292567 0.283795 0.533366
0.350108 0.348871 0.344448
0.500526 0.21758 0.65952
0.455435 0.451123 0.458011
0.625637 0.295545 0.361114
0.553858 0.22733 0.64349
0.454825 0.192603 0.31526
0.286368 0.274897 0.512192
0.465299 0.25395 0.714427
0.437204 0.257275 0.34385
0.329452 0.212651 0.441576
0.372151 0.269772 0.377894
0.348487 0.40236 0.593012
0.429541 0.246614 0.674654
0.484998 0.177705 0.325334
0.31316 0.241426 0.422619
0.467207 0.209399 0.289954
0.365891 0.423932 0.573168
0.439679 0.258154 0.289271
0.651059 0.21326 0.551171
0.607921 0.25824 0.626811
0.382588 0.260013 0.632206
0.590333 0.243047 0.656779
0.68849 0.372819 0.429814
0.328898 0.277088 0.384605
0.330675 0.410246 0.425634
0.541781 0.377426 0.680121
0.661685 0.21436 0.502206
0.308402 0.203843 0.510732
0.480689 0.447916 0.405511
0.613953 0.414 0.591245
0.610705 0.408837 0.359629
0.383203 0.275098 0.566536
0.420358 0.282485 0.359018
0.356397 0.277668 0.425418
0.51309 0.220775 0.660287
0.302385 0.388069 0.476575
0.512991 0.448742 0.457366
0.4437 0.21837 0.324675
0.29693 0.293068 0.548559
0.445335 0.222142 0.311674
0.330189 0.300478 0.366774
0.366109 0.276945 0.403226
0.627335 0.261312 0.594814
0.506041 0.438378 0.595392
0.617562 0.270279 0.573073
0.591223 0.263801 0.618633
0.413286 0.291757 0.366679
0.713103 0.238072 0.480152
0.315406 0.245027 0.414887
0.511131 0.216474 0.662329
0.439698 0.256037 0.34034
0.443956 0.244996 0.290654
0.446816 0.418656 0.636203
0.499426 0.449306 0.500045
0.704301 0.354572 0.492182
0.5086 0.449241 0.482664
0.473108 0.451091 0.491267
0.288456 0.354706 0.463627
0.32379 0.179846 0.469719
0.6608 0.20766 0.444154
0.63257 0.242007 0.562065
0.638414 0.425009 0.482355
0.401585 0.300006 0.609984
0.51214 0.195868 0.310554
0.285864 0.294018 0.437489
0.457749 0.225125 0.650085
0.432833 0.452231 0.495334
0.279388 0.301395 0.454242
0.338805 0.227081 0.45031
0.304697 0.219624 0.51747
0.332424 0.293257 0.370656
0.632756 0.257713 0.61084
0.664828 0.214743 0.492752
0.609836 0.435023 0.503816
0.702195 0.217186 0.512286
0.51591 0.435032 0.36875
0.552099 0.294728 0.286148
0.391851 0.445775 0.436783
0.361163 0.266 0.548527
0.658949 0.208166 0.548402
0.636592 0.250695 0.423586
0.630937 0.272111 0.629771
0.327058 0.241564 0.553485
0.712022 0.238089 0.512722
0.553539 0.439103 0.553309
0.516022 0.228654 0.661154
0.526307 0.232805 0.654097
0.419389 0.287805 0.299486
0.634892 0.28201 0.388576
0.674009 0.206266 0.450701
0.672886 0.348351 0.582789
0.295589 0.212064 0.45187
0.335251 0.352317 0.615284
0.385726 0.294185 0.66364
0.621391 0.259477 0.4105
0.373695 0.262739 0.571261
0.369457 0.393934 0.628582
0.645822 0.416689 0.53073
0.705238 0.277358 0.542573
0.519642 0.440065 0.58304
0.574952 0.262233 0.62884
0.564039 0.259474 0.635539
0.34285 0.25561 0.410302
0.326974 0.399686 0.555025
0.452276 0.224501 0.665791
0.342982 0.237482 0.542898
0.376253 0.262988 0.576486
0.638578 0.275761 0.393737
0.551397 0.233664 0.64352
0.408849 0.268144 0.624311
0.592836 0.44049 0.446285
0.625308 0.259941 0.414152
0.398556 0.449837 0.471071
0.679229 0.349044 0.570962
0.575469 0.262913 0.367984
0.702844 0.303536 0.435962
0.55429 0.444892 0.460313
0.30721 0.366706 0.418499
0.312743 0.247943 0.418801
0.703891 0.239971 0.541218
0.379548 0.3083 0.578618
0.522171 0.241495 0.661098
0.411046 0.260793 0.639101
0.380408 0.297139 0.319675
0.364235 0.293776 0.643291
0.45358 0.244349 0.284786
0.58755 0.254768 0.662172
0.654832 0.357274 0.35942
0.389242 0.29019 0.580215
0.437746 0.259122 0.292202
0.635542 0.261082 0.599187
0.316973 0.384751 0.41129
0.605289 0.435557 0.510057
0.642063 0.396635 0.584423
0.474331 0.327424 0.272589
0.48954 0.278317 0.275641
0.559377 0.441145 0.532151
0.48032 0.190169 0.324897
0.606184 0.256894 0.640075
0.385216 0.312073 0.670171
0.634684 0.423586 0.526869
0.376519 0.287746 0.565536
0.318905 0.18367 0.467316
0.689104 0.220632 0.541827
0.599415 0.438668 0.454784
0.685319 0.366619 0.411412
0.464334 0.371663 0.290883
0.483222 0.203382 0.674971
0.345174 0.239948 0.530836
0.396857 0.282044 0.59876
0.667972 0.402144 0.438301
0.508331 0.204205 0.33667
0.337453 0.263428 0.591934
0.552577 0.224484 0.662971
0.400732 0.290041 0.609462
0.582943 0.266613 0.376371
0.561817 0.27733 0.307912
0.637495 0.261754 0.601402
0.306304 0.389153 0.516591
0.374144 0.297867 0.324208
0.555627 0.300588 0.701586
0.623322 0.305001 0.334175
0.469505 0.215823 0.656404
0.671432 0.246221 0.574265
0.617835 0.265384 0.635255
0.311711 0.389267 0.541403
0.712354 0.297435 0.503574
0.535241 0.440161 0.396054
0.357642 0.301429 0.642151
0.577143 0.256669 0.634649
0.38684 0.299726 0.666544
0.514553 0.223374 0.294373
0.676178 0.39507 0.452641
0.646394 0.415067 0.532872
0.562415 0.233346 0.657941
0.506953 0.447167 0.513288
0.707577 0.235089 0.529052
0.283153 0.334511 0.460132
0.405993 0.315356 0.682064
0.669023 0.205718 0.501099
0.685909 0.201616 0.520019
0.492765 0.447924 0.433732
0.279834 0.305347 0.455649
0.646813 0.232062 0.549167
0.480943 0.182018 0.316487
0.567339 0.247323 0.640865
0.446859 0.403531 0.656453
0.56916 0.250183 0.674286
0.327183 0.203065 0.506747
0.537447 0.44377 0.52556
0.297167 0.242929 0.516679
0.620618 0.274868 0.397338
0.281345 0.235545 0.485474
0.637932 0.258764 0.583935
0.71352 0.263322 0.488824
0.352251 0.303322 0.348987
0.318864 0.197191 0.457263
0.438242 0.255064 0.33215
0.448375 0.274596 0.284532
0.481125 0.445428 0.56327
0.510538 0.200466 0.32683
0.429979 0.258397 0.651734
0.58776 0.338807 0.31142
0.56759 0.242561 0.669867
0.577002 0.433461 0.560823
0.559391 0.27109 0.358647
0.670318 0.225002 0.482528
0.506494 0.433936 0.604191
0.479488 0.208007 0.656283
0.302303 0.365075 0.55251
0.496354 0.445719 0.548753
0.512825 0.405944 0.656662
0.330885 0.288403 0.378811
0.290077 0.349202 0.537911
0.322722 0.395751 0.415941
0.613933 0.279271 0.587165
0.526836 0.222054 0.337413
0.355356 0.282696 0.552499
0.330545 0.226165 0.458456
0.477476 0.447881 0.546037
0.300289 0.266797 0.426076
0.375085 0.3124 0.319492
0.425432 0.271582 0.637696
0.543306 0.443686 0.499893
0.526356 0.241711 0.70757
0.365803 0.284393 0.401386
0.38508 0.284272 0.585791
0.481872 0.224779 0.691675
0.479574 0.446903 0.548239
0.34415 0.259359 0.536106
0.37932 0.400651 0.346814
0.35 0.305069 0.351183
0.587279 0.271303 0.663763
0.703231 0.229233 0.518461
0.334512 0.278807 0.596309
0.506064 0.436441 0.374577
0.670943 0.214946 0.497535
0.583749 0.275922 0.334755
0.299258 0.245457 0.518669
0.440113 0.448277 0.423745
0.65656 0.23634 0.419626
0.661716 0.209373 0.532681
0.453838 0.324201 0.279396
0.320437 0.220041 0.521488
0.492778 0.447014 0.442158
0.447757 0.242724 0.687261
0.484463 0.213436 0.291502
0.525951 0.227401 0.306004
0.63658 0.33178 0.640649
0.411905 0.276147 0.667645
0.562656 0.275129 0.360448
0.501809 0.235328 0.700646
0.430118 0.439054 0.590985
0.632573 0.265778 0.608607
0.687028 0.227215 0.451512
0.443947 0.247003 0.324824
0.558227 0.253957 0.645199
0.334237 0.265371 0.392549
0.548735 0.434327 0.580733
0.393209 0.297001 0.600775
0.35934 0.288741 0.558878
0.481625 0.447428 0.455238
0.286282 0.237565 0.493201
0.486931 0.209038 0.662802
0.608564 0.276788 0.609305
0.355482 0.266441 0.556101
0.645131 0.288853 0.386227
0.339028 0.287364 0.377776
0.284207 0.264517 0.453653
0.394026 0.444346 0.426618
0.394179 0.274908 0.62294
0.33183 0.273116 0.3916
0.679471 0.283628 0.575527
0.711367 0.276158 0.500018
0.327288 0.22483 0.45461
0.502258 0.225489 0.687796
0.443588 0.241776 0.309804
0.651495 0.235745 0.551922
0.375428 0.28228 0.573606
0.340945 0.266747 0.4389
0.408193 0.287074 0.635001
0.611144 0.276254 0.60698
0.354502 0.254032 0.60288
0.595091 0.398936 0.341284
0.303646 0.191934 0.469182
0.449824 0.251822 0.653057
0.702023 0.24323 0.539336
0.51526 0.419007 0.338018
0.410898 0.269676 0.329975
0.45567 0.362339 0.291674
0.598393 0.346941 0.318423
0.570991 0.28974 0.684448
0.527554 0.393205 0.305026
0.522031 0.445641 0.474776
0.473766 0.206865 0.673915
0.672235 0.205294 0.513164
0.526257 0.23823 0.29607
0.583372 0.277372 0.628491
0.283734 0.240889 0.486724
0.342467 0.262142 0.398425
0.668184 0.280482 0.405673
0.426425 0.450247 0.49885
0.425002 0.432651 0.60482
0.33485 0.280008 0.386752
0.391466 0.27745 0.620342
0.457537 0.230159 0.658965
0.593215 0.431051 0.549759
0.368163 0.436053 0.429171
0.590345 0.284281 0.360548
0.368255 0.296318 0.351499
0.423451 0.411097 0.335902
0.498291 0.445427 0.452428
0.400644 0.276291 0.631912
0.339446 0.354678 0.617942
0.432926 0.334411 0.292967
0.515534 0.215932 0.31315
0.417671 0.378774 0.310356
0.403199 0.380431 0.662614
0.301871 0.241177 0.440866
0.680094 0.224475 0.474627
0.552115 0.234678 0.65616
0.516409 0.252573 0.71414
0.661497 0.375978 0.583293
0.376869 0.293364 0.349211
0.375098 0.287246 0.577863
0.312032 0.206986 0.462588
0.438583 0.450135 0.468757
0.623347 0.27612 0.406569
0.585041 0.378323 0.321829
0.297228 0.232609 0.506042
0.484199 0.221341 0.684737
0.517342 0.260036 0.716407
0.598661 0.267184 0.639027
0.397821 0.2857 0.622594
0.363115 0.290807 0.367507
0.305831 0.301933 0.560664
0.502149 0.444838 0.496982
0.517966 0.43703 0.385887
0.431867 0.41514 0.339574
0.332189 0.276181 0.392624
0.504181 0.226493 0.684559
0.517972 0.227133 0.321939
0.359518 0.368407 0.63571
0.450315 0.283605 0.704958
0.503589 0.219501 0.302987
0.305694 0.239591 0.516528
0.412023 0.269009 0.647996
0.713924 0.301762 0.469458
0.628522 0.303415 0.361231
0.487388 0.225855 0.661861
0.345718 0.278916 0.609817
0.531295 0.228034 0.666512
0.489257 0.225743 0.292135
0.554175 0.411231 0.338677
0.302374 0.20955 0.46119
0.35034 0.297724 0.365392
0.5919 0.284994 0.624812
0.701339 0.361125 0.472142
0.596601 0.298281 0.389448
0.450485 0.24608 0.312502
0.460671 0.230339 0.305581
0.709527 0.339459 0.470724
0.306908 0.282183 0.542139
0.499035 0.226492 0.667955
0.308514 0.226447 0.511458
0.70773 0.279239 0.526325
0.325709 0.294045 0.383924
0.566928 0.418642 0.615911
0.586458 0.340442 0.674369
0.677725 0.208376 0.518584
0.35273 0.261135 0.583136
0.419718 0.288926 0.306595
0.345291 0.261567 0.573384
0.590808 0.306551 0.313678
0.455595 0.238658 0.684605
0.330197 0.272869 0.397925
0.59679 0.276593 0.634467
0.369534 0.288045 0.38449
0.640977 0.27439 0.600687
0.502765 0.389429 0.30363
0.42819 0.274684 0.650654
0.607424 0.300032 0.6088
0.313242 0.281145 0.548009
0.285915 0.216572 0.473482
0.472213 0.445406 0.459554
0.560478 0.425645 0.366525
0.304478 0.224977 0.453339
0.596523 0.27209 0.652899
0.51703 0.236794 0.692272
0.639553 0.281735 0.612883
0.673997 0.240412 0.477949
0.442416 0.242852 0.673384
0.392327 0.301372 0.627695
0.584597 0.286863 0.634096
0.323461 0.406703 0.466521
0.452704 0.237709 0.679915
0.527173 0.358546 0.284537
0.504466 0.443815 0.496702
0.659122 0.25924 0.577129
0.368209 0.291059 0.582099
0.483663 0.239382 0.699939
0.511482 0.439763 0.562606
0.707814 0.252059 0.519172
0.624345 0.425912 0.51588
0.512283 0.437588 0.582001
0.662177 0.33918 0.366565
0.288765 0.263674 0.452397
0.380117 0.337124 0.322047
0.509581 0.233208 0.301466
0.623266 0.310159 0.33682
0.641385 0.280934 0.606419
0.32738 0.258838 0.427926
0.41471 0.448758 0.491455
0.495792 0.241781 0.698913
0.579158 0.297186 0.363297
0.354727 0.300398 0.366242
0.331572 0.262455 0.411264
0.302319 0.228824 0.45649
0.304544 0.230045 0.455373
0.40549 0.275388 0.647825
0.676131 0.361034 0.391341
0.569036 0.439662 0.447662
0.539211 0.237999 0.668942
0.697715 0.366111 0.476826
0.369679 0.436276 0.505416
0.467557 0.252908 0.707876
0.553621 0.266439 0.319496
0.459425 0.260096 0.285942
0.459482 0.436838 0.594888
0.62946 0.297311 0.386903
0.425166 0.278894 0.325978
0.446171 0.440893 0.392977
0.453571 0.431127 0.60899
0.366777 0.301266 0.593176
0.631355 0.41176 0.55569
0.506718 0.436619 0.586093
0.35467 0.311197 0.351866
0.634157 0.279552 0.607241
0.561948 0.280918 0.687788
0.525452 0.346103 0.280931
0.384448 0.293409 0.610923
0.355887 0.304575 0.635924
0.394471 0.297905 0.635058
0.356571 0.38533 0.355846
0.29539 0.234797 0.461738
0.642224 0.313002 0.359943
0.477613 0.328897 0.71093
0.323744 0.256873 0.444116
0.548569 0.2652 0.325061
0.66847 0.242646 0.557292
0.654068 0.27246 0.412624
0.545344 0.263226 0.323036
0.692787 0.241762 0.47035
0.332698 0.266097 0.551565
0.588878 0.302516 0.369689
0.455162 0.446231 0.490409
0.365269 0.302196 0.361673
0.57697 0.437094 0.489148
0.463636 0.443076 0.55305
0.532546 0.246458 0.676139
0.622733 0.299972 0.395384
0.635917 0.282855 0.598226
0.46941 0.335041 0.707572
0.460103 0.424514 0.350912
0.665464 0.400871 0.430447
0.676321 0.264706 0.429271
0.29368 0.300276 0.532965
0.444513 0.383602 0.672282
0.386803 0.315198 0.31583
0.531037 0.434103 0.387733
0.509727 0.441528 0.488473
0.680569 0.236582 0.488051
0.699462 0.247912 0.479756
0.442006 0.295358 0.291143
0.498503 0.290997 0.2802
0.465485 0.269449 0.71049
0.598588 0.381755 0.331023
0.669157 0.398774 0.44681
0.296521 0.302361 0.536965
0.347116 0.420063 0.416498
0.497635 0.426039 0.616273
0.65806 0.305156 0.379139
0.669364 0.243579 0.548218
0.664229 0.249669 0.433819
0.296538 0.345137 0.544422
0.466705 0.443947 0.514295
0.688703 0.242704 0.474044
0.458177 0.237458 0.678554
0.667097 0.392936 0.534201
0.391538 0.297403 0.351316
0.663138 0.320907 0.607119
0.497209 0.244341 0.303196
0.491334 0.228833 0.677011
0.585231 0.432648 0.533886
0.323161 0.269316 0.416172
0.583057 0.434145 0.521438
0.583053 0.417995 0.604135
0.494744 0.24349 0.694695
0.28185 0.328606 0.477644
0.49165 0.441801 0.475919
0.381776 0.306704 0.617117
0.702585 0.256546 0.479705
0.341717 0.27871 0.39775
0.464848 0.31777 0.2794
0.304855 0.282863 0.528267
0.336388 0.283382 0.565522
0.383104 0.438373 0.418554
0.46469 0.400285 0.320163
0.540923 0.417573 0.62358
0.675556 0.391594 0.450673
0.431132 0.446827 0.453359
0.389002 0.442333 0.494841
0.378425 0.438567 0.502676
0.381582 0.290908 0.638677
0.285552 0.316101 0.512011
0.636215 0.323615 0.348153
0.407525 0.329037 0.309559
0.641567 0.299941 0.401336
0.28806 0.261349 0.481069
0.671127 0.269724 0.427431
0.377689 0.422836 0.581166
0.501585 0.261236 0.708718
0.618389 0.344807 0.332322
0.3012 0.270105 0.504823
0.667195 0.26768 0.42635
0.566274 0.428985 0.562362
0.353377 0.294826 0.617651
0.45525 0.264046 0.294983
0.283338 0.320363 0.463608
0.671027 0.394309 0.43734
0.313496 0.337392 0.569922
0.389788 0.298268 0.343889
0.462405 0.420538 0.628337
0.334868 0.329123 0.372891
0.691754 0.279577 0.549052
0.507422 0.254688 0.304473
0.642101 0.29746 0.399076
0.637896 0.290413 0.605973
0.57201 0.43603 0.467684
0.683083 0.241831 0.499798
0.531341 0.433533 0.575723
0.502823 0.34486 0.283313
0.669308 0.249347 0.442338
0.581081 0.435141 0.485172
0.314859 0.274477 0.524246
0.313381 0.275127 0.522659
0.511297 0.440014 0.430339
0.608659 0.427931 0.524539
0.373254 0.387831 0.632173
0.347078 0.286108 0.590492
0.36261 0.2977 0.612341
0.44027 0.283548 0.690042
0.539758 0.410855 0.338874
0.387507 0.309173 0.359551
0.523734 0.423292 0.358797
0.675092 0.277166 0.429282
0.651894 0.296005 0.404078
0.315147 0.393993 0.462524
0.52854 0.416273 0.627575
0.31646 0.283972 0.422639
0.36014 0.377071 0.628724
0.354525 0.296896 0.598689
0.552373 0.34375 0.295152
0.68129 0.244462 0.511304
0.480567 0.26189 0.29085
0.584984 0.287426 0.649605
0.552674 0.434353 0.472084
0.534239 0.26942 0.308377
0.491542 0.318152 0.278622
0.424445 0.44622 0.495472
0.654912 0.322231 0.365484
0.593294 0.433511 0.45994
0.525303 0.433329 0.577636
0.340082 0.287472 0.409891
0.414493 0.323951 0.307308
0.51646 0.436748 0.470132
0.332082 0.337064 0.376793
0.445538 0.378146 0.30716
0.696854 0.279242 0.454482
0.475089 0.248198 0.696783
0.6063 0.432316 0.423464
0.69134 0.284414 0.547706
0.589002 0.300066 0.33878
0.414856 0.289805 0.659408
0.614097 0.413599 0.571254
0.500116 0.303816 0.280991
0.289825 0.34618 0.483974
0.458149 0.244587 0.677162
0.293861 0.305158 0.512034
0.391217 0.304678 0.34351
0.325895 0.293763 0.401758
0.694005 0.308194 0.434643
0.458382 0.419959 0.625936
0.566024 0.410699 0.349076
0.515586 0.275672 0.706239
0.584182 0.368779 0.322921
0.375387 0.306042 0.620935
0.331477 0.308943 0.385167
0.506567 0.286769 0.707868
0.378309 0.310112 0.349512
0.599509 0.310039 0.658456
0.607216 0.30878 0.34115
0.434981 0.303239 0.300161
0.575277 0.43027 0.534723
0.326529 0.340432 0.585244
0.701502 0.286175 0.504323
0.513441 0.292055 0.707325
0.639515 0.413321 0.525333
0.691491 0.293784 0.440058
0.311129 0.273611 0.4451
0.329705 0.375352 0.58566
0.505312 0.292698 0.708148
0.319447 0.292112 0.543422
0.694014 0.25705 0.526714
0.563257 0.400758 0.335696
0.681167 0.295462 0.562422
0.481845 0.43816 0.52676
0.41364 0.307271 0.672935
0.582595 0.436311 0.421246
0.297234 0.317111 0.542775
0.438258 0.262244 0.676617
0.678422 0.245639 0.53642
0.357924 0.321759 0.3661
0.483945 0.435104 0.465581
0.566357 0.33728 0.679725
0.439155 0.303927 0.690155
0.350038 0.311835 0.608354
0.697721 0.319763 0.437469
0.631866 0.391724 0.595969
0.311535 0.280548 0.44556
0.417239 0.306615 0.321632
0.699203 0.329065 0.526592
0.603211 0.319219 0.658471
0.298527 0.307638 0.526351
0.487386 0.435775 0.508193
0.477645 0.310578 0.283016
0.464727 0.349073 0.291892
0.302234 0.277446 0.451968
0.310218 0.354157 0.554063
0.624345 0.420863 0.498005
0.421453 0.443892 0.515368
0.37824 0.314504 0.351629
0.495977 0.278997 0.706076
0.685778 0.272691 0.450217
0.304786 0.276071 0.452562
0.368206 0.317143 0.638066
0.486712 0.287571 0.287062
0.545131 0.39248 0.657725
0.402364 0.328366 0.669734
0.573952 0.421654 0.58765
0.480543 0.437025 0.446695
0.486482 0.435912 0.52412
0.604762 0.313388 0.653113
0.624577 0.308181 0.604022
0.465012 0.438038 0.551408
0.305841 0.380674 0.48798
0.347878 0.313904 0.612149
0.695138 0.344783 0.442308
0.329236 0.342795 0.583227
0.486994 0.433559 0.493767
0.363066 0.327197 0.355768
0.459069 0.277344 0.699243
0.551616 0.375254 0.67009
0.686305 0.367042 0.442417
0.326821 0.376833 0.39386
0.483001 0.340918 0.287105
0.358562 0.361091 0.350735
0.486037 0.433569 0.490246
0.529578 0.292548 0.291738
0.382611 0.321005 0.627183
0.427786 0.422679 0.359945
0.557276 0.426062 0.554428
0.561801 0.28542 0.667122
0.289852 0.288448 0.474352
0.688553 0.354842 0.434522
0.540588 0.294243 0.298571
0.659831 0.310516 0.399425
0.55622 0.333522 0.298028
0.36115 0.426573 0.522886
0.68544 0.263448 0.50262
0.464267 0.250193 0.675167
0.406309 0.313653 0.329254
0.484016 0.43447 0.55803
0.551648 0.36056 0.30474
0.299517 0.331199 0.434898
0.388181 0.313693 0.329589
0.348021 0.375927 0.363109
0.696848 0.288801 0.46277
0.509573 0.375343 0.300372
0.455313 0.394306 0.321722
0.388259 0.320759 0.656518
0.335817 0.308107 0.406584
0.575966 0.340645 0.315053
0.428128 0.323735 0.68268
0.318199 0.363174 0.55841
0.677083 0.275383 0.454571
0.690185 0.272303 0.515133
0.505057 0.332759 0.698794
0.595303 0.426303 0.500252
0.629072 0.420178 0.447793
0.408561 0.439697 0.422358
0.54005 0.42672 0.479024
0.370758 0.331604 0.611545
0.357503 0.328679 0.373748
0.655611 0.362886 0.587672
0.545114 0.427198 0.513127
0.571287 0.433525 0.420565
0.477279 0.433688 0.559783
0.482216 0.430735 0.470616
0.344453 0.338137 0.372051
0.678838 0.291659 0.556137
0.326642 0.398933 0.518222
0.603525 0.38653 0.343506
0.449806 0.437019 0.459235
0.662893 0.317511 0.58342
0.371939 0.330837 0.369094
0.386131 0.357535 0.327233
0.387186 0.437867 0.468557
0.636503 0.315644 0.596117
0.347347 0.418716 0.494279
0.531306 0.428921 0.447434
0.551533 0.426818 0.50384
0.672148 0.337611 0.391011
0.305978 0.36815 0.524657
0.647676 0.323811 0.375633
0.56874 0.428542 0.482425
0.463684 0.2956 0.703038
0.467531 0.406538 0.333674
0.604261 0.428322 0.444514
0.340959 0.3748 0.60012
0.317777 0.36376 0.415515
0.682179 0.278902 0.47641
0.466983 0.283427 0.701623
0.520327 0.334849 0.694259
0.378063 0.433683 0.471112
0.576171 0.43099 0.441879
0.568631 0.323357 0.674156
0.3083 0.306493 0.440537
0.331735 0.320794 0.400236
0.549313 0.308726 0.305978
0.533108 0.285854 0.691
0.531875 0.303251 0.694134
0.507802 0.302816 0.296649
0.518113 0.387981 0.314357
0.658565 0.401111 0.438244
0.322253 0.374266 0.407578
0.537306 0.42913 0.420245
0.356905 0.337165 0.367764
0.478696 0.406473 0.645286
0.697356 0.305378 0.485058
0.559 0.426042 0.478189
0.323905 0.356499 0.398089
0.523599 0.348505 0.688859
0.388484 0.434424 0.524447
0.688529 0.280881 0.495717
0.404402 0.330539 0.665032
0.474849 0.309637 0.704832
0.382301 0.32687 0.641511
0.544879 0.31028 0.299178
0.529536 0.426116 0.45197
0.558333 0.428243 0.451254
0.317529 0.333428 0.562287
0.377806 0.349489 0.335215
0.433481 0.339517 0.679909
0.445633 0.436791 0.536209
0.560029 0.431252 0.416091
0.371777 0.338607 0.631943
0.681516 0.282082 0.493523
0.668862 0.371285 0.400963
0.533401 0.337092 0.688651
0.660153 0.3977 0.472939
0.551983 0.427222 0.439136
0.327994 0.399666 0.470811
0.490181 0.34762 0.294246
0.303067 0.310536 0.450739
0.452246 0.295489 0.690538
0.487859 0.370403 0.304219
0.556934 0.420118 0.377784
0.500827 0.419288 0.612091
0.592057 0.41181 0.592557
0.362921 0.345994 0.360889
0.32785 0.396145 0.447981
0.441267 0.288224 0.677688
0.310423 0.338224 0.550363
0.314765 0.372676 0.440683
0.485229 0.425523 0.484525
0.451748 0.37159 0.310749
0.337985 0.408143 0.463134
0.69379 0.304243 0.491759
0.37955 0.412699 0.594457
0.623615 0.34251 0.350904
0.368164 0.427109 0.420104
0.385463 0.430493 0.409504
0.566994 0.428927 0.440613
0.491607 0.285558 0.69797
0.320334 0.323976 0.415084
0.468878 0.431176 0.554246
0.490724 0.267429 0.684925
0.294142 0.302097 0.475883
0.325573 0.396463 0.490229
0.624047 0.326768 0.624881
0.366921 0.347133 0.629418
0.317174 0.385019 0.487637
0.679996 0.284301 0.509429
0.444259 0.433392 0.494434
0.546015 0.335704 0.681594
0.437149 0.43531 0.427033
0.534419 0.422546 0.443713
0.514216 0.290976 0.680047
0.624925 0.328909 0.612582
0.297314 0.315742 0.492711
0.65553 0.328802 0.580247
0.430008 0.43588 0.429413
0.606346 0.416684 0.535747
0.470951 0.424139 0.47405
0.679638 0.3593 0.430291
0.492758 0.27403 0.683492
0.334206 0.403395 0.477919
0.681657 0.283513 0.519515
0.31285 0.324153 0.436216
0.592495 0.345971 0.649702
0.680879 0.286566 0.500064
0.349789 0.359912 0.604751
0.373216 0.427027 0.525439
0.391814 0.360842 0.330042
0.400336 0.354681 0.656541
0.68199 0.346371 0.539149
0.410353 0.42483 0.596391
0.338185 0.369343 0.583188
0.38676 0.413459 0.599243
0.426729 0.40871 0.628096
0.493039 0.275237 0.681091
0.371638 0.33941 0.620544
0.67446 0.355992 0.41203
0.672392 0.33579 0.559921
0.323692 0.338428 0.412639
0.494791 0.397655 0.32938
0.542966 0.419067 0.462363
0.370847 0.362462 0.35702
0.678993 0.287496 0.524422
0.59827 0.374871 0.642272
0.556418 0.343652 0.67104
0.680801 0.355637 0.43703
0.519147 0.418979 0.454177
0.304074 0.316036 0.505256
0.471533 0.409292 0.634079
0.315186 0.33886 0.549203
0.529985 0.419092 0.587994
0.323942 0.389689 0.495991
0.557538 0.321917 0.667983
0.426692 0.38325 0.325437
0.332767 0.343899 0.564668
0.635697 0.361822 0.606829
0.341275 0.406488 0.50741
0.544007 0.405783 0.353591
0.660021 0.321989 0.565088
0.513541 0.418979 0.503351
0.512993 0.419427 0.508681
0.679397 0.366102 0.501916
0.424887 0.400595 0.636882
0.515405 0.387367 0.658551
0.413325 0.347272 0.331858
0.609068 0.417452 0.393907
0.412745 0.38006 0.326259
0.679097 0.324194 0.427406
0.601532 0.396282 0.359046
0.302438 0.335727 0.5281
0.663993 0.324115 0.564053
0.63058 0.407087 0.393454
0.432772 0.432896 0.475184
0.540414 0.30761 0.672047
0.644148 0.351106 0.595879
0.296764 0.332228 0.486699
0.390894 0.341238 0.636104
0.342025 0.39026 0.560665
0.67324 0.309858 0.541306
0.401287 0.390199 0.33938
0.565493 0.352475 0.659901
0.471399 0.409668 0.349491
0.50465 0.414082 0.464308
0.481092 0.368523 0.311655
0.682161 0.348175 0.513987
0.359588 0.358257 0.604647
0.343514 0.405954 0.517896
0.670047 0.310338 0.544018
0.642922 0.405417 0.454844
0.400775 0.369744 0.648894
0.344887 0.405976 0.435019
0.363432 0.416008 0.541956
0.352265 0.407965 0.543223
0.451088 0.336117 0.682033
0.686663 0.311233 0.462742
0.388276 0.372751 0.338643
0.304111 0.326289 0.510577
0.510585 0.3991 0.338738
0.45194 0.297868 0.678755
0.689812 0.33659 0.483475
0.368174 0.382856 0.361016
0.563563 0.392267 0.637332
0.427182 0.432972 0.505309
0.648872 0.38149 0.557277
0.439564 0.430707 0.508705
0.684059 0.3513 0.495085
0.482198 0.419646 0.52275
0.507305 0.414439 0.48793
0.58884 0.412279 0.574172
0.513944 0.422648 0.406701
0.612299 0.413889 0.484551
0.556258 0.401861 0.622572
0.539195 0.414895 0.504196
0.323882 0.381862 0.461769
0.330489 0.37145 0.416397
0.688031 0.342626 0.472887
0.668805 0.331993 0.546739
0.482767 0.338829 0.687515
0.502271 0.409781 0.467761
0.615983 0.383064 0.361303
0.35804 0.414801 0.527439
0.536379 0.318297 0.668383
0.446633 0.341405 0.318758
0.574311 0.413946 0.559019
0.571167 0.407883 0.599715
0.307895 0.348854 0.50315
0.494687 0.421336 0.433357
0.595379 0.367971 0.637318
0.467343 0.286408 0.68291
0.326847 0.388042 0.475269
0.668149 0.316309 0.446108
0.458156 0.298998 0.67989
0.445672 0.380062 0.325751
0.49732 0.414134 0.367686
0.502159 0.415084 0.603149
0.308745 0.322297 0.492257
0.463451 0.412554 0.619657
0.6649 0.33771 0.40609
0.467593 0.416589 0.481166
0.35827 0.36542 0.594007
0.310364 0.336915 0.529765
0.559152 0.414045 0.551911
0.680651 0.308423 0.484131
0.647641 0.352874 0.574979
0.480523 0.400083 0.642304
0.381139 0.42549 0.525355
0.663569 0.386629 0.452037
0.511318 0.417411 0.552901
0.46966 0.401128 0.342151
0.408842 0.354451 0.641291
0.319868 0.353535 0.448755
0.45865 0.422425 0.588715
0.663175 0.326677 0.543729
0.660233 0.334373 0.549739
0.488873 0.40564 0.476331
0.399979 0.426401 0.550828
0.547579 0.408591 0.477258
0.563468 0.400847 0.360028
0.612109 0.356906 0.614718
0.502783 0.330577 0.683077
0.571825 0.374131 0.339172
0.668709 0.324935 0.439824
0.530772 0.357025 0.670554
0.367382 0.4056 0.572
0.466707 0.350342 0.315003
0.611114 0.369407 0.35642
0.644064 0.345429 0.568003
0.31612 0.336226 0.508645
0.641658 0.377382 0.383365
0.421281 0.357007 0.656106
0.507151 0.323176 0.681579
0.45856 0.387939 0.333479
0.462109 0.324747 0.683497
0.656185 0.353578 0.554683
0.475511 0.324534 0.688885
0.680743 0.348623 0.456575
0.508831 0.343319 0.310537
0.481896 0.411104 0.502058
0.473047 0.420016 0.384805
0.520863 0.351534 0.311085
0.57073 0.351642 0.63678
0.369789 0.36645 0.605635
0.538448 0.326224 0.671011
0.380314 0.360817 0.618979
0.658438 0.356109 0.549999
0.336474 0.388809 0.511682
0.313899 0.341407 0.470288
0.579079 0.362404 0.345735
0.341923 0.361997 0.556174
0.50571 0.4141 0.58556
0.474183 0.406118 0.481429
0.555719 0.409035 0.379035
0.331873 0.379221 0.446261
0.565157 0.413166 0.457474
0.5026 0.35747 0.671278
0.459919 0.365105 0.325256
0.633065 0.399304 0.482666
0.59695 0.362478 0.619178
0.632448 0.401711 0.465154
0.51214 0.410721 0.532782
0.466379 0.39747 0.347329
0.505972 0.412953 0.592008
0.682959 0.327782 0.468818
0.560487 0.383758 0.344568
0.469543 0.407912 0.361329
0.67241 0.331893 0.51275
0.509185 0.35995 0.318814
0.553823 0.394662 0.624844
0.459662 0.351343 0.323244
0.668583 0.370764 0.454084
0.474793 0.421061 0.413784
0.564557 0.393146 0.624783
0.3228 0.367657 0.484306
0.367265 0.413597 0.456506
0.603117 0.366236 0.360823
0.448221 0.421372 0.449728
0.403096 0.425033 0.412156
0.656263 0.369363 0.403303
0.522045 0.411145 0.541735
0.55656 0.40383 0.367838
0.461948 0.422098 0.42712
0.393842 0.373664 0.628749
0.393763 0.422024 0.431033
0.325137 0.354603 0.500317
0.479626 0.399586 0.47578
0.504216 0.326807 0.669195
0.468905 0.404842 0.482605
0.465111 0.419503 0.40847
0.65283 0.386521 0.46664
0.665848 0.31716 0.517603
0.591816 0.405767 0.556112
0.547609 0.348703 0.650372
0.535449 0.410421 0.431246
0.55628 0.414301 0.43547
0.472039 0.403717 0.469808
0.562169 0.367962 0.340945
0.591224 0.404947 0.565939
0.413138 0.385624 0.637074
0.340583 0.383836 0.434543
0.639684 0.35341 0.558747
0.669148 0.335645 0.44704
0.648149 0.379011 0.531455
0.668166 0.326095 0.512259
0.633644 0.350134 0.561578
0.554478 0.394111 0.357808
0.466666 0.375095 0.332949
0.513959 0.349393 0.31937
0.405799 0.407018 0.371422
0.534806 0.407617 0.534423
0.615551 0.399214 0.543058
0.646805 0.352669 0.551174
0.412519 0.364022 0.630439
0.551686 0.411079 0.445444
0.444143 0.377729 0.652186
0.558137 0.415558 0.429774
0.465135 0.320847 0.671908
0.661698 0.3109 0.509352
0.384851 0.390556 0.610166
0.57528 0.379003 0.355744
0.577017 0.366946 0.623217
0.51597 0.40435 0.445266
0.520804 0.407937 0.579876
0.451046 0.409685 0.481356
0.499272 0.407104 0.440894
0.649986 0.352247 0.539237
0.638557 0.393196 0.462912
0.481179 0.406542 0.44715
0.661961 0.347182 0.51693
0.38678 0.381814 0.613133
0.327693 0.346123 0.477583
0.36332 0.399115 0.471158
0.472307 0.40438 0.516931
0.659836 0.369397 0.483663
0.447064 0.419372 0.424945
0.518976 0.402398 0.604761
0.553837 0.385808 0.62833
0.550272 0.404483 0.527565
0.502643 0.355839 0.661835
0.362754 0.395743 0.407324
0.591214 0.373179 0.371552
0.606075 0.402292 0.515084
0.670596 0.335747 0.463239
0.35315 0.389853 0.471868
0.552458 0.400078 0.370417
0.613108 0.361288 0.396149
0.485862 0.407774 0.548549
0.42783 0.35573 0.633732
0.506794 0.340612 0.663708
0.664055 0.339127 0.514187
0.485987 0.382665 0.649097
0.330436 0.360893 0.476122
0.459723 0.40784 0.373265
0.668078 0.352094 0.483214
0.361634 0.390375 0.478386
0.591085 0.400596 0.383155
0.44422 0.416322 0.43009
0.528343 0.398546 0.449321
0.351131 0.388669 0.522184
0.427946 0.413378 0.479668
0.613647 0.372353 0.579497
0.466051 0.403585 0.519352
0.627145 0.391025 0.499101
0.34614 0.369872 0.442787
0.564655 0.389855 0.613589
0.372977 0.406598 0.429333
0.6184 0.369824 0.390215
0.464126 0.333076 0.66098
0.603142 0.402671 0.462923
0.649413 0.370598 0.501765
0.609714 0.357932 0.568539
0.510404 0.405801 0.430602
0.47767 0.390776 0.479271
0.366047 0.403975 0.516323
0.40802 0.418129 0.494273
0.355681 0.38706 0.461147
0.387034 0.416131 0.53472
0.574696 0.402344 0.5755
0.593078 0.375194 0.606374
0.394366 0.400236 0.605039
0.501886 0.405283 0.562303
0.512747 0.391928 0.484465
0.405565 0.415015 0.479154
0.52875 0.384515 0.631611
0.425267 0.415358 0.394015
0.460758 0.363663 0.654971
0.454043 0.376939 0.345776
0.602397 0.37005 0.387893
0.663776 0.334915 0.486124
0.475737 0.346381 0.33297
0.372034 0.39153 0.467623
0.460116 0.336962 0.650306
0.360454 0.383437 0.539121
0.574541 0.410025 0.432171
0.376325 0.395367 0.465633
0.396264 0.408747 0.47959
0.394141 0.37605 0.583578
0.498945 0.350989 0.652141
0.534916 0.401259 0.431527
0.545262 0.383529 0.620847
0.657542 0.340529 0.491617
0.53323 0.38364 0.624629
0.445151 0.397449 0.370534
0.422316 0.364993 0.618868
0.478182 0.364334 0.650572
0.654988 0.345064 0.456719
0.354752 0.378105 0.461937
0.372654 0.374977 0.554453
0.376033 0.392622 0.474136
0.578692 0.375613 0.609367
0.637832 0.352238 0.53961
0.443396 0.370612 0.639263
0.387321 0.395897 0.587823
0.61631 0.400312 0.405503
0.488811 0.401537 0.38508
0.569051 0.399858 0.382803
0.64723 0.331527 0.531279
0.605902 0.369461 0.575912
0.658156 0.343079 0.479337
0.58274 0.376417 0.376108
0.537904 0.380027 0.355123
0.520701 0.378646 0.352044
0.4897 0.344249 0.339766
0.465916 0.383422 0.35568
0.652391 0.340432 0.526083
0.441718 0.372601 0.638029
0.426596 0.36049 0.615893
0.466039 0.368509 0.354687
0.50051 0.343993 0.344196
0.600854 0.401756 0.446111
0.560064 0.400648 0.445549
0.382932 0.396743 0.486203
0.489388 0.38529 0.495709
0.639937 0.34042 0.532454
0.536057 0.388757 0.498023
0.448174 0.409891 0.57294
0.592655 0.394566 0.536331
0.549999 0.391346 0.376824
0.409436 0.401105 0.602825
0.439175 0.403851 0.495678
0.597967 0.39338 0.535079
0.650507 0.331221 0.477927
0.548152 0.357186 0.623058
0.652117 0.331722 0.471002
0.568133 0.369179 0.377435
0.476169 0.330975 0.655335
0.548241 0.388034 0.477545
0.462986 0.376014 0.3585
0.484956 0.38603 0.498869
0.616283 0.394203 0.454288
0.471284 0.394607 0.611931
0.591865 0.393828 0.505254
0.612876 0.398839 0.408797
0.500785 0.395896 0.437534
0.562498 0.404046 0.435032
0.454961 0.386668 0.627297
0.47046 0.383986 0.47738
0.643547 0.317409 0.478324
0.444965 0.406194 0.44477
0.403668 0.412606 0.564691
0.504038 0.329897 0.647538
0.579238 0.394771 0.477458
0.380419 0.395391 0.523706
0.471773 0.385555 0.506585
0.391963 0.400915 0.439848
0.618748 0.367951 0.418909
0.535076 0.350674 0.628189
0.386992 0.391824 0.489401
0.619021 0.380952 0.485118
0.454891 0.398417 0.601391
0.414978 0.410452 0.520415
0.486317 0.389571 0.383806
0.483598 0.391943 0.544405
0.533482 0.391291 0.529627
0.370623 0.369607 0.496352
0.526786 0.386362 0.508991
0.475127 0.337416 0.650345
0.38292 0.396501 0.534492
0.534778 0.386638 0.507627
0.360221 0.366097 0.459227
0.608054 0.355459 0.551244
0.548268 0.386865 0.498107
0.532434 0.382342 0.489706
0.492515 0.374176 0.627913
0.525247 0.385809 0.507044
0.597115 0.358501 0.561122
0.534015 0.379825 0.369954
0.632834 0.369855 0.484768
0.36118 0.365499 0.471532
0.409405 0.400874 0.462404
0.500507 0.377612 0.484054
0.625075 0.372402 0.526432
0.591195 0.390512 0.542936
0.566803 0.387973 0.474917
0.644268 0.314656 0.517651
0.424038 0.40829 0.516038
0.467763 0.374856 0.632094
0.506413 0.365764 0.357962
0.391594 0.393421 0.441261
0.467813 0.386707 0.530128
0.53865 0.386318 0.524674
0.618104 0.343222 0.43574
0.446047 0.375877 0.619075
0.382807 0.376233 0.496477
0.455732 0.370366 0.377833
0.59155 0.383788 0.507942
0.442958 0.398076 0.596894
0.404289 0.365743 0.416301
0.452601 0.385432 0.614094
0.522917 0.337282 0.633637
0.632084 0.347045 0.447384
0.544717 0.363154 0.374373
0.557256 0.388359 0.572268
0.403286 0.401175 0.565868
0.456665 0.393014 0.392916
0.610058 0.33539 0.542875
0.541678 0.377883 0.479983
0.402567 0.396789 0.496224
0.468174 0.389534 0.388906
0.49759 0.33684 0.363552
0.61933 0.374688 0.427933
0.596047 0.363053 0.414049
0.518311 0.388942 0.570418
0.577128 0.380946 0.579835
0.60544 0.366746 0.545916
0.565942 0.388356 0.563877
0.444757 0.396467 0.448076
0.448822 0.387449 0.494349
0.496214 0.313248 0.634248
0.387115 0.390205 0.530985
0.558093 0.371771 0.598131
0.388789 0.391312 0.439945
0.615199 0.367543 0.423062
0.379074 0.362569 0.520158
0.395746 0.384382 0.510571
0.634726 0.338991 0.467515
0.628154 0.334824 0.526483
0.421966 0.369715 0.403444
0.578763 0.38203 0.530929
0.387157 0.369587 0.498082
0.63219 0.339327 0.501555
0.489558 0.373669 0.387073
0.372523 0.358975 0.475243
0.396757 0.382272 0.556473
0.53587 0.380234 0.436139
0.397319 0.382872 0.426027
0.476059 0.375232 0.518752
0.47191 0.376235 0.517389
0.368887 0.343794 0.482195
0.427438 0.383819 0.481933
0.534226 0.343564 0.616379
0.502881 0.377214 0.60256
0.538038 0.370907 0.602175
0.464619 0.380681 0.609525
0.44816 0.391879 0.545767
0.531868 0.370142 0.463748
0.492003 0.382369 0.557513
0.36775 0.350589 0.4717
0.419019 0.384782 0.478236
0.477734 0.368204 0.62139
0.510372 0.365943 0.471745
0.518481 0.374198 0.604674
0.399693 0.381647 0.472874
0.413315 0.366495 0.587721
0.403307 0.39609 0.530734
0.630022 0.314947 0.526368
0.397761 0.386462 0.508361
0.546351 0.383222 0.542233
0.478317 0.35799 0.373021
0.488941 0.318071 0.634706
0.401324 0.377071 0.505583
0.423849 0.39457 0.558304
0.610562 0.361522 0.479571
0.542506 0.370539 0.495811
0.586947 0.371631 0.499426
0.387304 0.355568 0.50015
0.630809 0.309796 0.510699
0.502683 0.370743 0.448009
0.620146 0.315659 0.52995
0.485329 0.35578 0.383587
0.55092 0.374836 0.400525
0.61647 0.35447 0.483714
0.392091 0.363148 0.512447
0.445781 0.381622 0.518112
0.596298 0.380879 0.420956
0.590004 0.380287 0.45577
0.436256 0.388698 0.536939
0.592119 0.370102 0.497087
0.382037 0.358003 0.475855
0.407485 0.377484 0.489922
0.413307 0.393056 0.56319
0.412127 0.391333 0.535607
0.609958 0.343106 0.533673
0.50489 0.339997 0.378195
0.627415 0.290731 0.506401
0.545866 0.370729 0.495071
0.452507 0.349041 0.616741
0.556809 0.354178 0.399327
0.497724 0.356726 0.616403
0.54957 0.372544 0.502271
0.470937 0.374147 0.539642
0.411571 0.386702 0.577432
0.428582 0.385173 0.507708
0.606741 0.374584 0.438963
0.614263 0.353223 0.517711
0.568288 0.36441 0.572208
0.415264 0.379442 0.426797
0.433991 0.384192 0.585399
0.454252 0.379316 0.570511
0.551771 0.36504 0.496803
0.457248 0.364797 0.502242
0.387933 0.330635 0.500878
0.479295 0.365963 0.400454
0.60169 0.343552 0.436232
0.582343 0.32637 0.555413
0.424388 0.311358 0.579539
0.512844 0.358623 0.456563
0.59233 0.35721 0.535825
0.621767 0.309392 0.465625
0.487016 0.356013 0.394813
0.452156 0.325649 0.610112
0.593924 0.362491 0.475262
0.621283 0.329411 0.460914
0.547991 0.362698 0.403347
0.542608 0.333919 0.597612
0.550572 0.363531 0.490476
0.617439 0.339041 0.487843
0.444029 0.374222 0.597765
0.441899 0.365415 0.48744
0.512431 0.37042 0.410036
0.599966 0.34703 0.434352
0.530046 0.337752 0.607046
0.390565 0.351611 0.480513
0.468376 0.354862 0.491161
0.453106 0.378535 0.560018
0.403163 0.36798 0.469012
0.419349 0.362397 0.583778
0.497232 0.34724 0.390233
0.406648 0.361768 0.566053
0.537668 0.362417 0.587479
0.491296 0.310663 0.624858
0.468402 0.356991 0.496593
0.421208 0.376323 0.573794
0.452194 0.367255 0.456118
0.562309 0.320348 0.573638
0.619033 0.32833 0.472115
0.466412 0.362571 0.407262
0.390962 0.317487 0.501171
0.553318 0.365978 0.415058
0.459976 0.374152 0.422103
0.510476 0.327866 0.393181
0.409311 0.355302 0.486303
0.439586 0.371064 0.455324
0.585661 0.37065 0.446136
0.556002 0.325194 0.580206
0.548404 0.357766 0.410311
0.591165 0.368062 0.446913
0.618349 0.292628 0.521957
0.550816 0.358987 0.567541
0.552005 0.337115 0.40736
0.591924 0.346015 0.533952
0.582641 0.312594 0.43016
0.59793 0.34891 0.491093
0.477817 0.354975 0.532555
0.481171 0.342204 0.494402
0.546235 0.363014 0.548427
0.424585 0.36607 0.499993
0.555445 0.361795 0.552866
0.463549 0.358658 0.520415
0.398821 0.344864 0.500005
0.414778 0.348939 0.570686
0.542788 0.367431 0.423201
0.496803 0.363988 0.428729
0.446846 0.37029 0.412822
0.563839 0.371603 0.421019
0.573431 0.360002 0.522735
0.457046 0.363094 0.598257
0.432136 0.367878 0.415159
0.412134 0.345713 0.488385
0.451376 0.348575 0.477049
0.473851 0.347578 0.462262
0.620343 0.299691 0.477156
0.568664 0.341692 0.421015
0.616203 0.284163 0.50651
0.423213 0.366988 0.545098
0.53203 0.293078 0.600693
0.522631 0.352651 0.429852
0.570615 0.354485 0.462376
0.399716 0.330736 0.49496
0.596561 0.334521 0.50518
0.560688 0.352975 0.522177
0.608778 0.31652 0.515402
0.442383 0.34173 0.403856
0.602955 0.29771 0.53267
0.492744 0.337074 0.496356
0.564485 0.348359 0.50419
0.523674 0.332544 0.468056
0.494549 0.329525 0.401525
0.500835 0.353416 0.418476
0.490215 0.351083 0.589595
0.542927 0.348859 0.413458
0.533393 0.332007 0.59079
0.434109 0.342916 0.409122
0.57859 0.362621 0.445958
0.449302 0.324472 0.396857
0.517926 0.316394 0.605789
0.589595 0.344276 0.52309
0.445285 0.294324 0.596918
0.429218 0.356804 0.501876
0.53473 0.338303 0.46556
0.522998 0.332994 0.478965
0.537571 0.342473 0.46188
0.581848 0.353435 0.432167
0.527495 0.357552 0.533926
0.414814 0.33554 0.486431
0.609747 0.293237 0.507096
0.462031 0.346819 0.544869
0.449027 0.341586 0.410729
0.474597 0.33014 0.503702
0.611297 0.281536 0.506225
0.431796 0.357475 0.441618
0.568056 0.339026 0.505856
0.428 0.315582 0.575281
0.613621 0.290591 0.493877
0.432851 0.333138 0.57997
0.436043 0.357793 0.444292
0.414673 0.34258 0.538789
0.577351 0.34837 0.437609
0.431973 0.314223 0.58004
0.448728 0.353604 0.555649
0.539149 0.341846 0.567957
0.478781 0.325231 0.495728
0.564211 0.341282 0.512874
0.57488 0.315305 0.553387
0.491007 0.34398 0.560438
0.5349 0.319291 0.588116
0.487477 0.34223 0.540754
0.601109 0.283323 0.530311
0.412975 0.319139 0.440548
0.484271 0.312542 0.404002
0.409826 0.320111 0.54702
0.456895 0.314167 0.398542
0.50065 0.285767 0.609206
0.488442 0.333915 0.462818
0.459797 0.336749 0.50051
0.431322 0.343204 0.492585
0.533661 0.324838 0.476717
0.445312 0.352138 0.531958
0.435564 0.3214 0.583323
0.599285 0.317292 0.513986
0.445292 0.29394 0.40658
0.602837 0.290288 0.515936
0.538432 0.289963 0.589178
0.456687 0.33189 0.416862
0.609082 0.285532 0.487914
0.601648 0.294938 0.507446
0.520707 0.33561 0.557673
0.439298 0.330441 0.487388
0.42445 0.320602 0.428808
0.509433 0.315981 0.469029
0.579528 0.294243 0.435446
0.447143 0.338263 0.520966
0.397195 0.282199 0.483945
0.603258 0.255476 0.518902
0.489656 0.333652 0.574745
0.455998 0.339276 0.578284
0.483617 0.314952 0.496172
0.47336 0.288061 0.398347
0.48844 0.333511 0.442526
0.493674 0.290178 0.604099
0.427453 0.331267 0.486739
0.549498 0.330698 0.420434
0.57461 0.333579 0.465014
0.575856 0.285208 0.55454
0.602057 0.273087 0.524163
0.49148 0.315051 0.492734
0.59121 0.315462 0.458702
0.572466 0.325755 0.484372
0.467678 0.332633 0.586752
0.574764 0.316747 0.43442
0.404661 0.292002 0.535669
0.518364 0.337931 0.536545
0.490729 0.333549 0.552891
0.417184 0.330066 0.463207
0.541276 0.338807 0.435002
0.46723 0.339103 0.434726
0.421476 0.324624 0.524541
0.590868 0.295572 0.525894
0.444801 0.328093 0.464436
0.46425 0.321052 0.423372
0.490538 0.303828 0.475688
0.586667 0.307292 0.508149
0.407284 0.295462 0.471325
0.533566 0.32444 0.438683
0.411921 0.304751 0.466846
0.426324 0.327908 0.459964
0.570316 0.324293 0.461261
0.468274 0.285749 0.598713
0.575753 0.301252 0.439174
0.428614 0.329796 0.448076
0.572545 0.319658 0.510906
0.462997 0.300751 0.591778
0.427799 0.311996 0.429482
0.456746 0.322583 0.517797
0.437275 0.325981 0.568017
0.416711 0.242211 0.572873
0.571197 0.298599 0.432244
0.578562 0.322113 0.462269
0.437285 0.271903 0.583695
0.575258 0.273191 0.426531
0.594014 0.290816 0.465976
0.493043 0.30256 0.590874
0.542525 0.327933 0.53036
0.466897 0.31968 0.583812
0.418027 0.315984 0.533201
0.477463 0.297213 0.596329
0.529824 0.28496 0.402452
0.418825 0.256587 0.568673
0.467965 0.253189 0.604208
0.576427 0.259365 0.559283
0.457452 0.317614 0.501709
0.571739 0.32439 0.529572
0.428412 0.315075 0.453865
0.577324 0.296179 0.538614
0.539667 0.311925 0.513852
0.472522 0.3078 0.428568
0.398956 0.26324 0.466297
0.568498 0.309276 0.510482
0.495772 0.291866 0.586946
0.438985 0.28452 0.415205
0.410406 0.284627 0.494021
0.548948 0.314063 0.431869
0.522622 0.298279 0.489902
0.465844 0.30976 0.462873
0.554594 0.313062 0.552543
0.463174 0.314571 0.553711
0.424165 0.304813 0.495087
0.46554 0.242765 0.601591
0.550017 0.317363 0.534289
0.454438 0.310938 0.425627
0.588448 0.290511 0.483872
0.501676 0.240776 0.602551
0.520461 0.312826 0.55584
0.588674 0.288482 0.49022
0.487288 0.306434 0.524413
0.583584 0.278508 0.451723
0.55902 0.304806 0.556766
0.492978 0.303628 0.458159
0.507437 0.306309 0.426995
0.57507 0.307714 0.457051
0.591956 0.275348 0.502296
0.572642 0.311838 0.521814
0.485103 0.302047 0.463862
0.483695 0.309089 0.435759
0.42091 0.304278 0.464988
0.584355 0.294621 0.505794
0.575615 0.305071 0.535514
0.461162 0.309735 0.466083
0.430937 0.30137 0.44986
0.500619 0.224591 0.601506
0.518041 0.243677 0.598646
0.518905 0.28192 0.58374
0.501606 0.29824 0.550501
0.561722 0.299084 0.512124
0.495658 0.277607 0.478085
0.428289 0.299182 0.525484
0.500281 0.291741 0.426595
0.590519 0.257415 0.467868
0.521086 0.275426 0.587188
0.528493 0.269019 0.588368
0.438978 0.292284 0.567102
0.450864 0.304881 0.455133
0.410556 0.273085 0.46941
0.502932 0.255896 0.595206
0.415859 0.268023 0.426439
0.556227 0.23388 0.587388
0.403639 0.25936 0.5213
0.583422 0.251244 0.543262
0.504448 0.286129 0.464284
0.423556 0.293823 0.517188
0.436684 0.301564 0.43818
0.450708 0.275088 0.4117
0.533909 0.270299 0.585745
0.432718 0.292823 0.430815
0.487287 0.254433 0.597335
0.48355 0.279616 0.474831
0.509083 0.297996 0.56176
0.438922 0.234031 0.590173
0.502458 0.290009 0.456646
0.59705 0.235962 0.459053
0.430824 0.300682 0.461186
0.488881 0.290435 0.5793
0.421792 0.291089 0.514688
0.501473 0.291202 0.454244
0.424448 0.276897 0.505827
0.417982 0.26657 0.536332
0.587299 0.234724 0.426134
0.539624 0.29108 0.552107
0.399612 0.23686 0.502814
0.558332 0.287227 0.513348
0.447659 0.268894 0.576829
0.561561 0.280297 0.440294
0.472993 0.286755 0.547014
0.591845 0.211446 0.410642
0.395844 0.239127 0.473479
0.439774 0.28681 0.432946
0.511411 0.280294 0.430944
0.577594 0.267024 0.533593
0.477671 0.238076 0.597455
0.526603 0.282891 0.511135
0.491233 0.263406 0.585297
0.482414 0.229661 0.600063
0.427139 0.266096 0.420789
0.428869 0.270038 0.422807
0.50076 0.277216 0.57714
0.457313 0.232942 0.59482
0.543238 0.289955 0.527753
0.456392 0.279119 0.472065
0.477322 0.283206 0.524749
0.52258 0.258081 0.406402
0.407364 0.253392 0.499203
0.460109 0.271057 0.481455
0.489657 0.270692 0.58165
0.584925 0.254698 0.484607
0.458139 0.246811 0.589736
0.57239 0.276019 0.461544
0.496689 0.243634 0.594054
0.595589 0.232845 0.459218
0.50688 0.274592 0.50011
0.590103 0.237045 0.50867
0.424189 0.260138 0.49314
0.522966 0.267288 0.505399
0.547773 0.271219 0.499767
0.574896 0.260371 0.52931
0.407998 0.249762 0.461764
0.542155 0.274716 0.519597
0.466748 0.228545 0.593805
0.594922 0.220843 0.496753
0.430265 0.265031 0.492519
0.530771 0.27339 0.526028
0.444217 0.245518 0.405542
0.529467 0.274707 0.541451
0.588394 0.236681 0.453214
0.533935 0.277083 0.556518
0.398638 0.232824 0.479324
0.544022 0.270903 0.464561
0.50504 0.263077 0.461224
0.582865 0.243048 0.491066
0.562473 0.25589 0.424566
0.559143 0.267253 0.478672
0.450876 0.245033 0.403549
0.473994 0.262132 0.506624
0.518272 0.264276 0.576616
0.474649 0.273747 0.559781
0.578005 0.227827 0.563354
0.442157 0.266352 0.485426
0.50538 0.266765 0.512561
0.534034 0.272571 0.568008
0.431053 0.267264 0.553422
0.422686 0.262171 0.524801
0.521218 0.255801 0.581955
0.419696 0.25619 0.504142
0.526609 0.258487 0.580083
0.471834 0.252985 0.471429
0.508241 0.271419 0.552777
0.57034 0.262666 0.490468
0.431686 0.244197 0.415447
0.525242 0.25839 0.524619
0.446374 0.255193 0.568013
0.582438 0.230118 0.533772
0.513125 0.257366 0.44484
0.533075 0.260195 0.525888
0.543551 0.256207 0.49592
0.477515 0.234245 0.470406
0.433065 0.258521 0.525477
0.455001 0.255399 0.506089
0.397972 0.231064 0.44671
0.533162 0.236198 0.40819
0.559176 0.223082 0.5828
0.57287 0.247177 0.465366
0.474706 0.252022 0.453274
0.545349 0.253536 0.480254
0.45608 0.228489 0.587483
0.564425 0.226741 0.407191
0.508257 0.257972 0.539389
0.462386 0.238764 0.486304
0.587333 0.221657 0.532087
0.483337 0.259702 0.544397
0.596429 0.213773 0.494708
0.472727 0.227624 0.587581
0.579566 0.236727 0.488528
0.454229 0.257004 0.567446
0.474104 0.226933 0.393426
0.452393 0.261862 0.450203
0.585848 0.226035 0.520854
0.509311 0.243433 0.488879
0.472546 0.254233 0.425298
0.502131 0.256153 0.565478
0.496439 0.252535 0.42681
0.455041 0.209244 0.598698
0.431998 0.226769 0.402675
0.464666 0.226364 0.394954
0.429936 0.212869 0.398841
0.426243 0.235172 0.484214
0.604031 0.202647 0.457392
0.408303 0.218473 0.524432
0.523571 0.196101 0.59757
0.523 0.244905 0.532364
0.570653 0.237165 0.505491
0.508073 0.244486 0.538716
0.611603 0.196184 0.47785
0.592314 0.213133 0.431674
0.444759 0.226213 0.581174
0.438467 0.247715 0.522546
0.440923 0.197626 0.601716
0.52485 0.239366 0.467809
0.40466 0.215906 0.534908
0.567793 0.238998 0.43246
0.465899 0.227589 0.470777
0.468721 0.23855 0.508882
0.460046 0.2483 0.537506
0.601987 0.194154 0.538159
0.520608 0.214165 0.586745
0.501456 0.240814 0.453266
0.573635 0.23596 0.524357
0.478573 0.221351 0.469921
0.491262 0.244956 0.547502
0.559131 0.246437 0.438374
0.563635 0.230133 0.416828
0.531264 0.246831 0.536778
0.521551 0.243706 0.518657
0.563339 0.246438 0.528511
0.550021 0.233718 0.415106
0.554196 0.228481 0.410555
0.531232 0.233209 0.416798
0.523331 0.21702 0.40353
0.424942 0.245934 0.449255
0.444563 0.226333 0.581051
0.42857 0.197543 0.594882
0.536633 0.235185 0.446267
0.551196 0.235564 0.539584
0.436115 0.231893 0.513736
0.537628 0.234343 0.545981
0.512658 0.231227 0.535301
0.595812 0.197478 0.517901
0.531267 0.202005 0.397168
0.564197 0.229503 0.428328
0.520176 0.232052 0.558456
0.476276 0.226707 0.514719
0.536135 0.234931 0.435623
0.504957 0.202824 0.397568
0.486969 0.208165 0.474708
0.536523 0.233674 0.431651
0.59092 0.193833 0.578314
0.488466 0.229919 0.556187
0.567683 0.212192 0.408372
0.402413 0.204658 0.534883
0.53278 0.204009 0.398602
0.466215 0.224656 0.415629
0.530553 0.227785 0.568448
0.546471 0.229014 0.567223
0.496084 0.229966 0.558399
0.391733 0.175787 0.610551
0.472655 0.222841 0.507873
0.458811 0.2278 0.419119
0.407905 0.214921 0.421369
0.454522 0.227726 0.505084
0.399175 0.190017 0.586445
0.435229 0.20305 0.395884
0.39966 0.212071 0.461749
0.573728 0.207425 0.407341
0.399879 0.208489 0.422009
0.421887 0.221173 0.49046
0.414615 0.217841 0.553413
0.422578 0.210695 0.509458
0.537879 0.218481 0.460611
0.44062 0.198045 0.396979
0.445441 0.221671 0.518682
0.445297 0.223836 0.53197
0.502171 0.217389 0.536627
0.473043 0.218881 0.425645
0.419187 0.204968 0.572766
0.568626 0.216382 0.463529
0.442654 0.223735 0.530964
0.441103 0.225372 0.555261
0.551406 0.218634 0.50639
0.487319 0.216271 0.552243
0.519754 0.1945 0.585965
0.400932 0.189879 0.392284
0.604621 0.174806 0.612942
0.411881 0.206425 0.475434
0.563188 0.218665 0.517764
0.545967 0.221034 0.455535
0.438413 0.204942 0.405074
0.403095 0.198692 0.562677
0.546058 0.189161 0.389024
0.405961 0.200288 0.494945
0.491871 0.190768 0.590426
0.606038 0.184671 0.509193
0.475424 0.185002 0.601322
0.421901 0.209899 0.516065
0.521185 0.21475 0.503323
0.399483 0.201036 0.474083
0.498645 0.21719 0.541078
0.58837 0.203585 0.455925
0.493662 0.214564 0.515133
0.534994 0.217063 0.463783
0.58287 0.202285 0.553575
0.546072 0.222003 0.550854
0.509233 0.211121 0.463239
0.421379 0.204847 0.426221
0.53755 0.202595 0.475173
0.535255 0.204343 0.465041
0.454749 0.208096 0.523292
0.563873 0.205717 0.516605
0.490996 0.203691 0.53865
0.566208 0.207106 0.544033
0.513451 0.204702 0.534579
0.572 0.201646 0.497939
0.577415 0.198157 0.50746
0.389443 0.171636 0.612394
0.559021 0.192273 0.58787
0.463375 0.194294 0.49143
0.557389 0.204844 0.483112
0.480778 0.190385 0.581512
0.607937 0.178661 0.401661
0.566424 0.187339 0.393032
0.552331 0.208262 0.426801
0.482879 0.186886 0.58706
0.554227 0.198091 0.410459
0.560662 0.205066 0.493019
0.557198 0.210206 0.429858
0.479624 0.201731 0.41787
0.488197 0.190084 0.396324
0.59274 0.188839 0.420424
0.474433 0.190865 0.467024
0.615541 0.173959 0.392617
0.421509 0.183911 0.59928
0.582399 0.199478 0.446541
0.608099 0.181034 0.496068
0.522687 0.203622 0.510711
0.579476 0.194697 0.569031
0.505059 0.204174 0.524435
0.556014 0.204746 0.481152
0.460645 0.189344 0.39316
0.393962 0.180379 0.590148
0.420224 0.194455 0.562293
0.541448 0.192471 0.491368
0.41921 0.191313 0.536729
0.463126 0.193326 0.527621
0.459094 0.18982 0.506737
0.479668 0.190871 0.542626
0.438249 0.198816 0.448811
0.381052 0.173622 0.493921
0.573617 0.192882 0.540736
0.488441 0.182041 0.487809
0.588973 0.184542 0.42178
0.57641 0.193699 0.445707
0.441333 0.197982 0.425346
0.605329 0.169052 0.617177
0.559864 0.197321 0.542855
0.61341 0.173969 0.422139
0.493889 0.191153 0.532973
0.540902 0.195763 0.547403
0.407791 0.184795 0.492955
0.450342 0.191122 0.412949
0.499606 0.191398 0.422172
0.569365 0.194361 0.466541
0.549555 0.196007 0.566327
0.486272 0.195196 0.429202
0.578283 0.190277 0.54565
0.479985 0.191034 0.55773
0.575334 0.190456 0.499371
0.539077 0.193678 0.461188
0.534792 0.186539 0.41016
0.47874 0.190009 0.450227
0.460796 0.19001 0.576569
0.450108 0.185664 0.399367
0.46616 0.178232 0.597262
0.529944 0.182557 0.399781
0.599885 0.180935 0.460041
0.504482 0.18513 0.485219
0.412341 0.178801 0.470529
0.545614 0.182859 0.50996
0.526231 0.162362 0.622499
0.471523 0.1807 0.53255
0.591307 0.176315 0.490891
0.467581 0.182988 0.550522
0.537784 0.179741 0.578847
0.490673 0.179823 0.451723
0.578754 0.17535 0.592375
0.392843 0.17498 0.461374
0.547259 0.183581 0.464333
0.588604 0.176774 0.525037
0.413666 0.173901 0.596247
0.393946 0.173772 0.497391
0.407855 0.176582 0.510719
0.619799 0.166947 0.442277
0.414955 0.181148 0.449918
0.533925 0.182788 0.444748
0.574929 0.175775 0.394242
0.579036 0.179897 0.417291
0.433608 0.181094 0.585338
0.583125 0.178791 0.505375
0.389225 0.173188 0.48707
0.480109 0.176748 0.461302
0.569979 0.185854 0.45089
0.482438 0.182537 0.419999
0.539953 0.165114 0.620054
0.435677 0.189129 0.557867
0.484906 0.162749 0.621936
0.591904 0.173208 0.396596
0.380011 0.170366 0.401373
0.544367 0.183747 0.455893
0.422212 0.183916 0.426039
0.49739 0.181258 0.551512
0.49919 0.180283 0.524358
0.372506 0.162288 0.370631
0.410821 0.171356 0.453083
0.431173 0.173186 0.466104
0.469379 0.167127 0.480015
0.504925 0.170922 0.518264
0.60871 0.166387 0.427866
0.452758 0.175959 0.559702
0.571143 0.169448 0.60051
0.522077 0.172631 0.537771
0.536965 0.173679 0.530813
0.563314 0.163717 0.62218
0.603594 0.162779 0.37348
0.465314 0.174084 0.419675
0.498181 0.161989 0.615187
0.598121 0.167773 0.506353
0.574078 0.164329 0.372694
0.384918 0.162331 0.369999
0.438739 0.177222 0.553499
0.407553 0.17285 0.574959
0.513643 0.167594 0.39121
0.498879 0.168115 0.488303
0.61131 0.164188 0.381612
0.627954 0.161017 0.391127
0.621548 0.161446 0.531882
0.49744 0.172068 0.569197
0.463391 0.170068 0.513488
0.629451 0.158362 0.506326
0.402491 0.165222 0.376037
0.534888 0.172321 0.420311
0.400245 0.164344 0.609891
0.396802 0.169073 0.451335
0.482632 0.166808 0.379783
0.620291 0.161878 0.522807
0.462421 0.172418 0.408869
0.601233 0.166846 0.577747
0.499533 0.16852 0.58523
0.605031 0.164637 0.599838
0.404599 0.159176 0.617912
0.427492 0.163653 0.485642
0.592945 0.163475 0.565341
0.517488 0.164347 0.524842
0.488655 0.163552 0.408345
0.435862 0.16852 0.568374
0.421804 0.163337 0.486662
0.374173 0.159039 0.492928
0.539025 0.163645 0.583862
0.462418 0.161665 0.598109
0.560765 0.166005 0.426048
0.473938 0.16142 0.509364
0.472668 0.163085 0.538626
0.37082 0.158557 0.379054
0.401271 0.161774 0.597536
0.384555 0.16131 0.3924
0.618389 0.159166 0.459091
0.388243 0.16168 0.457925
0.432994 0.166899 0.546265
0.372678 0.158631 0.496215
0.535739 0.165315 0.563426
0.36829 0.158111 0.436888
0.443322 0.165481 0.441635
0.494358 0.158186 0.615886
0.445707 0.164407 0.402324
0.361054 0.154677 0.623227
0.630485 0.155919 0.497052
0.412499 0.163423 0.525462
0.611226 0.15998 0.575685
0.51533 0.161532 0.394493
0.406207 0.163446 0.449815
0.464917 0.162449 0.591748
0.413613 0.162668 0.480037
0.569468 0.166182 0.486309
0.388561 0.161707 0.39802
0.467338 0.161123 0.482026
0.401971 0.155988 0.510304
0.423645 0.156581 0.507019
0.446381 0.155954 0.375208
0.531409 0.156898 0.532244
0.356639 0.153136 0.382574
0.417598 0.158436 0.577026
0.541411 0.152872 0.358185
0.497804 0.156386 0.442555
0.544375 0.152845 0.357307
0.635839 0.152715 0.57535
0.515139 0.155181 0.477048
0.484353 0.154543 0.612893
0.443148 0.156355 0.461533
0.411666 0.156548 0.526901
0.49747 0.156677 0.55668
0.382391 0.155778 0.414852
0.531034 0.152204 0.638956
0.367434 0.153349 0.616837
0.625848 0.154295 0.433429
0.520653 0.156092 0.505598
0.460454 0.155369 0.478682
0.373491 0.154717 0.485539
0.533049 0.153723 0.625755
0.489137 0.155386 0.376713
0.426483 0.158765 0.560531
0.362584 0.153498 0.455871
0.590885 0.154242 0.631058
0.56135 0.153287 0.357169
0.556685 0.15764 0.538949
0.36058 0.152749 0.617239
0.602335 0.155719 0.525123
0.579741 0.156134 0.382858
0.359402 0.153785 0.560962
0.535969 0.155546 0.387303
0.550242 0.15669 0.474592
0.605422 0.152518 0.64244
0.396812 0.15 0.492067
0.582148 0.15 0.451013
0.377119 0.15 0.500536
0.575556 0.15 0.513417
0.364969 0.15 0.602995
0.396519 0.15 0.586387
0.575794 0.15 0.369501
0.535794 0.15 0.544913
0.492909 0.15 0.575062
0.543558 0.15 0.462961
0.57074 0.15 0.377421
0.633383 0.15 0.489283
0.544867 0.15 0.474516
0.647583 0.15 0.538623
0.39575 0.15 0.40063
0.406087 0.15 0.632833
0.56315 0.15 0.470908
0.510506 0.15 0.476026
0.557831 0.15 0.433416
0.425332 0.15 0.598445
0.367753 0.15 0.538256
0.408275 0.15 0.353122
0.50547 0.15 0.38296
0.511376 0.15 0.499931
0.593455 0.15 0.643756
0.524926 0.15 0.561264
0.434597 0.15 0.351749
0.386082 0.15 0.48379
0.464399 0.15 0.523882
0.423968 0.15 0.390678
0.431896 0.15 0.507476
0.363157 0.15 0.45853
0.406252 0.15 0.548163
0.357462 0.15 0.403587
0.55567 0.15 0.540463
0.575877 0.15 0.611446
