828 0.012625
0.352662 0.184092 0.351299
0.403764 0.190971 0.344522
0.453839 0.187938 0.349485
0.500795 0.187821 0.352712
0.544155 0.190907 0.350438
0.593547 0.191701 0.349233
0.34716 0.193439 0.404153
0.403421 0.207882 0.402268
0.452923 0.202655 0.401939
0.498974 0.201008 0.402573
0.547888 0.20422 0.402277
0.596797 0.203788 0.40277
0.344342 0.186165 0.452014
0.402193 0.205383 0.452646
0.453989 0.193653 0.45403
0.498673 0.19058 0.453619
0.546672 0.196948 0.452958
0.597228 0.199548 0.453608
0.350449 0.187412 0.500318
0.403374 0.204854 0.497403
0.454941 0.192518 0.496482
0.499655 0.188417 0.497645
0.545844 0.195265 0.497987
0.597717 0.196866 0.498256
0.349513 0.190621 0.545795
0.403511 0.208543 0.547472
0.455647 0.200383 0.545401
0.49938 0.195826 0.5448
0.544924 0.201524 0.545003
0.600583 0.19894 0.544081
0.349089 0.183843 0.59701
0.399125 0.203905 0.600496
0.452987 0.197668 0.599639
0.499918 0.190275 0.596625
0.544299 0.198274 0.594642
0.599206 0.201961 0.594069
0.377918 0.210695 0.380606
0.353988 0.188461 0.598469
0.390399 0.207399 0.502432
0.542692 0.194016 0.493167
0.465686 0.20131 0.565719
0.549206 0.198925 0.359038
0.366126 0.203705 0.591221
0.360525 0.187099 0.611364
0.642527 0.183124 0.479995
0.475051 0.202369 0.364042
0.639935 0.177973 0.639482
0.59179 0.205184 0.58444
0.506928 0.199716 0.576068
0.495483 0.190898 0.515543
0.549784 0.194023 0.474598
0.644022 0.18237 0.463013
0.363238 0.204961 0.54461
0.370885 0.194885 0.346139
0.533182 0.188394 0.609477
0.38848 0.202992 0.601156
0.412233 0.20971 0.579636
0.449999 0.201938 0.547929
0.357591 0.201499 0.557735
0.515735 0.196711 0.55123
0.387955 0.185845 0.636485
0.624137 0.192837 0.561132
0.515371 0.191742 0.52197
0.457059 0.199436 0.591092
0.617218 0.198207 0.587264
0.469662 0.188941 0.49708
0.482644 0.181824 0.614515
0.614863 0.197484 0.566128
0.538897 0.191956 0.481429
0.640814 0.185646 0.593388
0.51365 0.186126 0.604146
0.354963 0.199051 0.409257
0.373173 0.208808 0.583088
0.381999 0.207677 0.442326
0.579573 0.210183 0.571734
0.600376 0.199657 0.445085
0.466962 0.189029 0.458208
0.546806 0.19888 0.360433
0.480254 0.193227 0.591276
0.468554 0.181879 0.622387
0.531529 0.19254 0.512489
0.506718 0.188361 0.497067
0.552472 0.188685 0.631855
0.562659 0.20253 0.420841
0.478783 0.183669 0.480236
0.58281 0.200686 0.517416
0.442962 0.201861 0.542517
0.407538 0.207362 0.543242
0.620135 0.199859 0.421977
0.396792 0.191596 0.632878
0.574601 0.209415 0.561667
0.476329 0.184457 0.467093
0.395272 0.206315 0.590978
0.499999 0.185673 0.48044
0.410326 0.209192 0.565745
0.569121 0.201665 0.430567
0.467315 0.190244 0.452187
0.354673 0.192208 0.533169
0.593754 0.205847 0.573338
0.371692 0.194644 0.616069
0.545312 0.181216 0.635591
0.629642 0.196212 0.465416
0.597519 0.201552 0.421861
0.520708 0.195735 0.582246
0.456052 0.203655 0.578411
0.358423 0.200983 0.552892
0.468374 0.200978 0.571123
0.603096 0.200981 0.593808
0.373286 0.207683 0.463806
0.37698 0.2073 0.464523
0.418799 0.203453 0.368017
0.615988 0.197999 0.451221
0.626801 0.197922 0.441555
0.533601 0.199968 0.366542
0.606591 0.197722 0.461362
0.606021 0.200483 0.56931
0.53056 0.199691 0.567136
0.389317 0.205451 0.468968
0.506172 0.201344 0.394111
0.575384 0.202511 0.520982
0.450563 0.202714 0.395621
0.629485 0.197872 0.383922
0.539251 0.192646 0.498162
0.404893 0.209529 0.574286
0.522016 0.187314 0.599089
0.378583 0.20788 0.495433
0.482326 0.189183 0.448173
0.637238 0.188928 0.476463
0.612034 0.193906 0.494479
0.511571 0.191974 0.529038
0.50514 0.187359 0.466278
0.563877 0.196208 0.472221
0.44748 0.192681 0.620224
0.35695 0.190885 0.357215
0.540482 0.200358 0.421201
0.532921 0.196757 0.439011
0.4875 0.190021 0.596533
0.467185 0.2004 0.401374
0.512845 0.188234 0.498102
0.639578 0.18256 0.368035
0.402449 0.200191 0.358921
0.622686 0.197429 0.454904
0.635124 0.185085 0.364084
0.451909 0.190703 0.468078
0.386425 0.176456 0.64083
0.377388 0.206953 0.486672
0.551686 0.193595 0.468452
0.630836 0.194388 0.456448
0.489568 0.195358 0.42016
0.519891 0.201093 0.371789
0.438316 0.194863 0.624655
0.444413 0.195588 0.516832
0.533601 0.183981 0.620852
0.573147 0.199653 0.440109
0.4602 0.190507 0.454568
0.582181 0.195007 0.634151
0.418926 0.202611 0.607069
0.376727 0.20882 0.538656
0.64417 0.181109 0.457484
0.407421 0.202332 0.602711
0.433127 0.195575 0.493242
0.367275 0.198119 0.357994
0.388959 0.19353 0.624141
0.496655 0.184656 0.483027
0.527868 0.199959 0.405313
0.521046 0.193965 0.582533
0.59915 0.196657 0.360254
0.558272 0.197469 0.511671
0.433717 0.195216 0.490895
0.352948 0.192087 0.482151
0.495417 0.194907 0.55101
0.400234 0.207641 0.554828
0.428419 0.204712 0.552514
0.594291 0.190626 0.639212
0.430374 0.206625 0.580221
0.472552 0.19042 0.439184
0.643263 0.18213 0.454747
0.57537 0.183526 0.648889
0.515496 0.192189 0.448241
0.584584 0.193741 0.635714
0.386017 0.206627 0.52638
0.382609 0.206316 0.509087
0.395511 0.207331 0.561041
0.640792 0.183875 0.46072
0.35194 0.194284 0.402085
0.505798 0.201589 0.375422
0.563856 0.195462 0.489478
0.568466 0.195589 0.468798
0.535209 0.201101 0.384998
0.463631 0.197583 0.409173
0.412892 0.200763 0.506026
0.597723 0.197875 0.441811
0.395936 0.204838 0.519138
0.427223 0.202344 0.402679
0.459014 0.198263 0.408844
0.410391 0.191639 0.633313
0.629274 0.196884 0.391813
0.359288 0.193107 0.527439
0.592464 0.1952 0.497747
0.355261 0.191909 0.492722
0.448745 0.19532 0.604293
0.534432 0.176852 0.631762
0.40564 0.206262 0.554819
0.55196 0.20132 0.552758
0.413883 0.199596 0.363798
0.362954 0.190962 0.603248
0.451497 0.200754 0.3973
0.556697 0.204386 0.378273
0.362399 0.197806 0.514405
0.445251 0.20385 0.574368
0.635826 0.187383 0.369342
0.590067 0.195696 0.506817
0.594293 0.195825 0.530392
0.537154 0.194641 0.535011
0.402442 0.204419 0.527446
0.442262 0.19289 0.495834
0.38282 0.205301 0.413781
0.384258 0.205834 0.532261
0.530089 0.191571 0.361726
0.352015 0.189257 0.463235
0.51477 0.199114 0.380947
0.491562 0.200728 0.379575
0.401251 0.193443 0.353464
0.413149 0.202778 0.417873
0.535047 0.19362 0.442117
0.639582 0.186517 0.381605
0.351796 0.192683 0.566041
0.61141 0.190552 0.537909
0.355948 0.194067 0.437857
0.472015 0.194343 0.553439
0.557036 0.195231 0.358642
0.415604 0.194574 0.35834
0.528585 0.196514 0.572164
0.634356 0.190774 0.403154
0.502581 0.200174 0.378472
0.517072 0.185858 0.499344
0.363959 0.198452 0.51035
0.546829 0.20021 0.397969
0.498839 0.18653 0.457508
0.546485 0.195627 0.595322
0.399488 0.204354 0.53722
0.366492 0.201981 0.429701
0.409628 0.202293 0.530201
0.42691 0.195265 0.496227
0.594139 0.19424 0.47492
0.57496 0.198247 0.511287
0.550446 0.194063 0.449657
0.417853 0.205205 0.581562
0.54132 0.187933 0.616596
0.499424 0.19054 0.439771
0.565151 0.197491 0.613854
0.57689 0.201187 0.364272
0.381312 0.195214 0.606665
0.410574 0.201935 0.373011
0.428133 0.197622 0.434992
0.420424 0.200577 0.412798
0.514828 0.19214 0.559865
0.489074 0.199237 0.380764
0.502976 0.191332 0.362913
0.511013 0.191386 0.435784
0.432172 0.190723 0.47555
0.379923 0.204013 0.505083
0.560864 0.19952 0.546315
0.584823 0.202476 0.371593
0.621738 0.190532 0.633595
0.553475 0.199146 0.553576
0.4501 0.192853 0.436777
0.46912 0.185997 0.451873
0.488943 0.185731 0.451904
0.365017 0.199499 0.370686
0.537269 0.183599 0.623064
0.597627 0.197731 0.367228
0.633812 0.172595 0.517304
0.598368 0.196654 0.620722
0.541302 0.188987 0.46485
0.602625 0.1926 0.47483
0.474123 0.186521 0.356155
0.402169 0.20296 0.398396
0.476398 0.191625 0.584744
0.631461 0.176576 0.518575
0.527977 0.186974 0.516661
0.443215 0.188082 0.476218
0.375674 0.205476 0.541838
0.628328 0.191793 0.591403
0.458153 0.193682 0.422362
0.519405 0.196512 0.394378
0.516653 0.193566 0.572544
0.521595 0.191188 0.553641
0.380744 0.201613 0.489042
0.412177 0.200188 0.402596
0.555823 0.192292 0.520971
0.433905 0.196638 0.418404
0.383853 0.203224 0.544649
0.47504 0.197494 0.384943
0.625982 0.181546 0.521764
0.640472 0.182969 0.384227
0.438384 0.193003 0.525638
0.558783 0.188986 0.47606
0.51366 0.182282 0.603331
0.596763 0.191002 0.479618
0.595472 0.194303 0.544928
0.599148 0.195221 0.423711
0.548323 0.198098 0.388181
0.471181 0.17953 0.47678
0.396188 0.181617 0.634872
0.634462 0.171765 0.533327
0.452985 0.187455 0.501711
0.465895 0.199293 0.375272
0.560131 0.194276 0.430363
0.614622 0.197307 0.378505
0.635565 0.18226 0.366295
0.596006 0.190245 0.51315
0.45966 0.188512 0.521445
0.410364 0.197567 0.513793
0.433635 0.195494 0.430277
0.504695 0.170104 0.62904
0.470712 0.180037 0.479106
0.572727 0.196715 0.417821
0.58043 0.195568 0.625172
0.454141 0.198809 0.371481
0.408864 0.197061 0.500661
0.481731 0.190912 0.581804
0.401359 0.195367 0.361728
0.368973 0.200312 0.42996
0.38526 0.20112 0.388784
0.441169 0.192143 0.532987
0.452992 0.191534 0.593256
0.48655 0.188476 0.362835
0.386219 0.199547 0.437054
0.472654 0.195436 0.386474
0.445393 0.18978 0.524105
0.457596 0.194367 0.397933
0.618965 0.18849 0.561285
0.591823 0.195865 0.599276
0.426488 0.198295 0.589323
0.571151 0.197766 0.600418
0.560691 0.189587 0.456745
0.403288 0.198732 0.424907
0.438901 0.188073 0.461401
0.520062 0.18824 0.556541
0.635904 0.17277 0.506733
0.376815 0.201303 0.513188
0.485572 0.181206 0.459118
0.542862 0.190007 0.535358
0.545385 0.190224 0.440649
0.375382 0.193126 0.60194
0.391949 0.197234 0.36678
0.357906 0.192299 0.392841
0.530039 0.17392 0.629761
0.434217 0.187854 0.483689
0.499846 0.179039 0.478045
0.427787 0.193668 0.367506
0.412645 0.195803 0.521985
0.44164 0.196942 0.376886
0.416247 0.196936 0.426675
0.367943 0.198431 0.388592
0.607932 0.193627 0.594435
0.500012 0.185059 0.532599
0.641637 0.182444 0.617739
0.607477 0.193558 0.617126
0.386736 0.195462 0.367099
0.591073 0.187478 0.482357
0.387257 0.197555 0.432262
0.52533 0.172405 0.627293
0.402986 0.189187 0.359081
0.457674 0.192956 0.393293
0.473143 0.18586 0.541784
0.493019 0.179134 0.497367
0.562339 0.187109 0.491375
0.497612 0.178532 0.489557
0.479835 0.178262 0.49355
0.429163 0.186425 0.477665
0.365993 0.194383 0.469625
0.630049 0.185809 0.436792
0.628804 0.186569 0.590702
0.548737 0.18422 0.485164
0.383353 0.178839 0.630762
0.519892 0.191236 0.373713
0.414907 0.191314 0.461835
0.451408 0.181451 0.625924
0.46188 0.181343 0.494167
0.418815 0.189171 0.471915
0.359222 0.189974 0.423378
0.382514 0.198537 0.515848
0.411853 0.195551 0.424153
0.595244 0.194671 0.584665
0.63387 0.177851 0.492157
0.541169 0.183638 0.497784
0.600352 0.186227 0.505338
0.50524 0.183565 0.448827
0.529265 0.190771 0.408393
0.448968 0.182957 0.468581
0.362965 0.191281 0.583276
0.616574 0.186432 0.553313
0.63936 0.180017 0.398819
0.578051 0.199754 0.577597
0.387642 0.196606 0.547117
0.589524 0.185743 0.503066
0.5189 0.178885 0.51948
0.537266 0.171576 0.634402
0.554967 0.178233 0.636287
0.444257 0.190742 0.399893
0.592519 0.189798 0.418855
0.622996 0.186477 0.451393
0.563111 0.191449 0.541962
0.3829 0.194704 0.461267
0.433968 0.191546 0.548535
0.441996 0.192543 0.578962
0.63299 0.183932 0.389277
0.382849 0.19393 0.5871
0.445246 0.189204 0.545132
0.550367 0.184279 0.510803
0.575467 0.189155 0.520397
0.505587 0.180624 0.530038
0.609291 0.185182 0.631817
0.603182 0.182187 0.636776
0.377912 0.196779 0.407584
0.436532 0.186525 0.519305
0.457619 0.182605 0.609492
0.372461 0.197261 0.559241
0.387227 0.19339 0.588785
0.595921 0.189528 0.420147
0.583797 0.187855 0.62972
0.410683 0.187899 0.616623
0.53922 0.181218 0.468077
0.636312 0.181235 0.39034
0.449442 0.180788 0.483042
0.562789 0.19018 0.535755
0.606206 0.192546 0.374821
0.574059 0.18664 0.458191
0.522209 0.177469 0.47797
0.430195 0.186433 0.455397
0.388297 0.192432 0.436015
0.588386 0.184243 0.524245
0.367721 0.175918 0.613786
0.54959 0.170051 0.641007
0.425412 0.187777 0.612968
0.431001 0.188679 0.405885
0.433294 0.191827 0.573437
0.465218 0.187407 0.395217
0.563166 0.190285 0.595696
0.561628 0.185487 0.433495
0.381132 0.184077 0.609722
0.45333 0.188094 0.39519
0.605441 0.188063 0.588615
0.433125 0.183712 0.453466
0.540688 0.179537 0.501512
0.55226 0.185811 0.536867
0.484092 0.18317 0.418778
0.492436 0.185244 0.406424
0.521959 0.176545 0.51139
0.476197 0.177689 0.359528
0.584451 0.190546 0.599559
0.445087 0.190165 0.572426
0.54847 0.181473 0.509155
0.36994 0.183655 0.600006
0.367664 0.189362 0.466164
0.60129 0.182898 0.53224
0.541351 0.178842 0.471494
0.564155 0.184306 0.447265
0.48089 0.181289 0.428585
0.483756 0.175118 0.613416
0.360515 0.186117 0.562444
0.39496 0.184897 0.610963
0.556547 0.182338 0.459434
0.53448 0.178123 0.357899
0.406593 0.19294 0.55883
0.563388 0.187689 0.612952
0.389105 0.177866 0.623671
0.614538 0.186775 0.374611
0.545218 0.185679 0.397559
0.604714 0.185684 0.587252
0.432244 0.181002 0.503202
0.428651 0.186037 0.406979
0.529527 0.182469 0.575401
0.563544 0.185281 0.414593
0.461107 0.170695 0.629408
0.59508 0.185203 0.553042
0.580547 0.189674 0.589051
0.43268 0.181854 0.514316
0.572623 0.18195 0.496938
0.515952 0.17717 0.453788
0.432869 0.188664 0.570234
0.602913 0.184599 0.624503
0.442876 0.186604 0.579129
0.515931 0.184288 0.383684
0.557671 0.17921 0.467153
0.551891 0.179797 0.512862
0.56916 0.186762 0.61213
0.496807 0.174016 0.503428
0.591994 0.180672 0.517122
0.42427 0.180095 0.475877
0.451167 0.186383 0.572566
0.627731 0.174298 0.503389
0.611458 0.177527 0.519098
0.489999 0.17323 0.467164
0.417915 0.181766 0.472393
0.634642 0.17395 0.575632
0.480973 0.181916 0.368104
0.593364 0.184794 0.625077
0.473012 0.18023 0.548645
0.553072 0.185043 0.596027
0.36458 0.180691 0.522516
0.51206 0.174323 0.508645
0.391574 0.185993 0.509522
0.613153 0.182889 0.399344
0.392687 0.184338 0.486246
0.617605 0.181152 0.592379
0.582119 0.178285 0.48793
0.415223 0.184382 0.411112
0.367423 0.182594 0.451011
0.410514 0.178299 0.360959
0.463594 0.180995 0.400977
0.48583 0.173436 0.524662
0.532359 0.175987 0.363353
0.438557 0.178928 0.617347
0.544946 0.180981 0.418079
0.558286 0.182551 0.602336
0.53068 0.174094 0.525224
0.607186 0.180071 0.364341
0.633876 0.171248 0.477395
0.501601 0.175125 0.538841
0.470902 0.16625 0.630332
0.427288 0.180378 0.520389
0.492534 0.172766 0.518804
0.507336 0.17686 0.552899
0.405997 0.185227 0.423144
0.423758 0.18063 0.514651
0.433473 0.178013 0.454938
0.631244 0.177213 0.619727
0.565029 0.182312 0.364721
0.356146 0.175353 0.582082
0.356269 0.176538 0.434025
0.482858 0.172847 0.517658
0.398565 0.184565 0.447955
0.432916 0.182336 0.410617
0.42201 0.175943 0.630042
0.51617 0.171697 0.497737
0.525268 0.17392 0.601464
0.365849 0.183425 0.384812
0.388437 0.177631 0.603223
0.485154 0.171284 0.605337
0.483805 0.170441 0.51934
0.357103 0.175438 0.568691
0.444121 0.175654 0.43671
0.413904 0.181029 0.411445
0.560746 0.181335 0.592458
0.599288 0.174116 0.511443
0.412002 0.182613 0.559628
0.500362 0.172326 0.447394
0.631137 0.167905 0.497118
0.568448 0.181952 0.395363
0.391007 0.182835 0.511704
0.461943 0.170745 0.46274
0.618159 0.17743 0.422552
0.632105 0.167464 0.54769
0.471143 0.175677 0.41532
0.374193 0.183144 0.530353
0.488985 0.16858 0.469623
0.462208 0.174318 0.600465
0.486135 0.178942 0.382493
0.534522 0.179747 0.379093
0.563671 0.183716 0.564916
0.444761 0.17749 0.596415
0.609851 0.177037 0.364422
0.504201 0.171372 0.603517
0.462014 0.174084 0.533163
0.604086 0.179839 0.590715
0.61097 0.1756 0.457405
0.418018 0.173491 0.358924
0.593377 0.17269 0.635989
0.390988 0.183453 0.416806
0.52023 0.171201 0.533151
0.384818 0.173038 0.619765
0.358635 0.172747 0.585482
0.481655 0.167512 0.475862
0.389685 0.177965 0.491636
0.484132 0.164771 0.626441
0.612537 0.175631 0.610587
0.369096 0.178464 0.574556
0.595008 0.175255 0.418375
0.399638 0.178773 0.415299
0.400989 0.175576 0.468095
0.445697 0.169813 0.462213
0.411386 0.174093 0.612365
0.393595 0.179384 0.418971
0.584007 0.177304 0.550868
0.580253 0.172519 0.495176
0.359595 0.172445 0.431295
0.505351 0.168125 0.611837
0.437104 0.176572 0.375095
0.635454 0.167036 0.57471
0.376871 0.175565 0.595643
0.358018 0.172948 0.405381
0.401456 0.163996 0.635755
0.612983 0.175604 0.609501
0.405385 0.179221 0.576496
0.546005 0.173366 0.431356
0.371744 0.176647 0.469386
0.439337 0.165533 0.636632
0.592445 0.172382 0.527074
0.50719 0.170997 0.438233
0.417153 0.178028 0.382304
0.474906 0.171526 0.424042
0.550747 0.174915 0.417354
0.544725 0.175753 0.582796
0.513571 0.172343 0.429578
0.505429 0.166369 0.484973
0.472678 0.168127 0.615556
0.62786 0.165211 0.519308
0.527067 0.175377 0.383644
0.615902 0.170765 0.632767
0.389511 0.17359 0.487248
0.380213 0.176545 0.404312
0.597672 0.170464 0.430551
0.454826 0.166107 0.496568
0.4589 0.168765 0.53993
0.394548 0.175195 0.416037
0.408708 0.170125 0.613122
0.452464 0.165662 0.626907
0.539644 0.166646 0.523457
0.439812 0.167222 0.461461
0.596144 0.174746 0.387516
0.405891 0.174436 0.395603
0.457115 0.168135 0.434776
0.490749 0.163592 0.473212
0.411327 0.169198 0.620871
0.431945 0.172457 0.555452
0.457535 0.16987 0.412546
0.534667 0.169791 0.369031
0.455023 0.168918 0.426227
0.450889 0.171339 0.559697
0.383789 0.175004 0.44976
0.627492 0.16626 0.470705
0.577632 0.171676 0.625335
0.516303 0.167028 0.597956
0.562385 0.172585 0.545421
0.407601 0.174368 0.392745
0.376242 0.170485 0.59902
0.361663 0.167768 0.455186
0.458482 0.16501 0.482289
0.633573 0.168662 0.388567
0.543052 0.170326 0.424822
0.383336 0.175603 0.504636
0.485581 0.165878 0.61231
0.516207 0.167342 0.594398
0.595735 0.17276 0.611929
0.397235 0.166219 0.624633
0.39019 0.171261 0.390694
0.407368 0.169704 0.535044
0.493388 0.161488 0.497018
0.507735 0.1638 0.446787
0.460301 0.164658 0.434758
0.390869 0.171056 0.416302
0.509302 0.16309 0.617563
0.553763 0.165156 0.359825
0.438212 0.168139 0.559261
0.47075 0.166214 0.584538
0.512179 0.165892 0.372012
0.38132 0.172231 0.51628
0.424543 0.166131 0.624808
0.575827 0.165367 0.474787
0.584347 0.16922 0.407682
0.482746 0.157116 0.638647
0.413692 0.170377 0.57301
0.55859 0.163731 0.631946
0.490699 0.167156 0.378466
0.529045 0.165506 0.433736
0.369273 0.167484 0.459145
0.398233 0.17052 0.402882
0.621772 0.164393 0.631639
0.566979 0.164936 0.477562
0.638613 0.162728 0.370568
0.432627 0.164129 0.361308
0.446998 0.164556 0.365083
0.569915 0.165129 0.476173
0.397384 0.17079 0.527176
0.503074 0.158243 0.635569
0.375147 0.171168 0.515955
0.583473 0.165917 0.516709
0.400879 0.16988 0.421955
0.534346 0.165359 0.550827
0.550431 0.169506 0.574122
0.627507 0.160729 0.524946
0.387675 0.166319 0.577172
0.431431 0.164221 0.383831
0.386267 0.166992 0.566636
0.562207 0.165715 0.395465
0.461325 0.161432 0.612586
0.387019 0.166591 0.416281
0.60791 0.163713 0.621262
0.369879 0.165422 0.376995
0.619266 0.163695 0.596025
0.502409 0.161969 0.424029
0.424023 0.158298 0.640517
0.641653 0.156207 0.639416
0.394943 0.166441 0.534092
0.375631 0.164639 0.476297
0.473912 0.158342 0.476393
0.535164 0.161733 0.437723
0.370269 0.164177 0.450958
0.581397 0.165013 0.608113
0.526072 0.16064 0.617594
0.608751 0.164348 0.59021
0.641122 0.157027 0.46903
0.44936 0.161976 0.617845
0.379558 0.154132 0.641751
0.61913 0.159008 0.641275
0.42772 0.160987 0.477621
0.457825 0.161526 0.615279
0.516064 0.162468 0.414113
0.49452 0.158737 0.497198
0.617895 0.163831 0.572185
0.36968 0.160883 0.60044
0.487909 0.160783 0.607907
0.501831 0.159568 0.530188
0.596837 0.161467 0.51318
0.554028 0.1612 0.50785
0.504121 0.160075 0.538243
0.576289 0.163585 0.424242
0.387776 0.160004 0.464343
0.429814 0.15872 0.405535
0.520329 0.158308 0.369642
0.575995 0.160958 0.3997
0.618322 0.15949 0.595589
0.370893 0.160851 0.419241
0.446145 0.157058 0.493241
0.499121 0.157381 0.61301
0.622201 0.15838 0.362012
0.39134 0.161015 0.394157
0.375368 0.161618 0.411389
0.365229 0.158662 0.453252
0.364182 0.158542 0.450764
0.418625 0.157568 0.629563
0.576299 0.159076 0.431274
0.537848 0.156874 0.464596
0.565547 0.156795 0.635416
0.569559 0.158067 0.480776
0.436455 0.157579 0.499955
0.476645 0.157753 0.6005
0.561823 0.161724 0.376932
0.461916 0.158623 0.382089
0.473038 0.157327 0.542941
0.615482 0.160233 0.395588
0.409533 0.157289 0.355597
0.462563 0.157151 0.446141
0.47062 0.157615 0.546939
0.361045 0.154819 0.616038
0.55788 0.158502 0.532665
0.501517 0.156925 0.541659
0.404495 0.160284 0.399655
0.620404 0.159433 0.602793
0.548792 0.159361 0.595896
0.516198 0.158635 0.407694
0.384775 0.156585 0.622955
0.426643 0.16016 0.583066
0.386215 0.1519 0.643573
0.427671 0.15386 0.426845
0.362294 0.154025 0.461285
0.590471 0.155286 0.40333
0.486198 0.154289 0.578801
0.354549 0.154054 0.422158
0.572369 0.154894 0.362625
0.63113 0.153633 0.562285
0.62466 0.154499 0.414258
0.570154 0.154758 0.361754
0.618562 0.153954 0.46761
0.375223 0.155957 0.557686
0.627685 0.154289 0.36593
0.463076 0.153234 0.494203
0.387801 0.155716 0.384331
0.540609 0.15341 0.492367
0.471143 0.153392 0.529189
0.557017 0.152384 0.644797
0.638414 0.153934 0.380616
0.634253 0.153961 0.611696
0.481026 0.154373 0.57675
0.47306 0.153885 0.432759
0.5687 0.15454 0.442733
0.612664 0.154309 0.436746
0.39155 0.155518 0.52273
0.466371 0.154433 0.565767
0.424186 0.154806 0.390132
0.517765 0.153678 0.44251
0.497471 0.152969 0.493021
0.637003 0.152704 0.482312
0.611621 0.153928 0.478073
0.449295 0.15447 0.383987
0.499341 0.15442 0.387987
0.476649 0.154057 0.597534
0.556285 0.154851 0.415135
0.567516 0.154357 0.454829
0.384883 0.15 0.528634
0.425149 0.15 0.448834
0.498457 0.15 0.556366
0.605916 0.15 0.406618
0.648892 0.15 0.561603
0.636825 0.15 0.425478
0.403496 0.15 0.526537
0.468839 0.15 0.509655
0.628008 0.15 0.468564
0.456021 0.15 0.62842
0.57042 0.15 0.526272
0.384901 0.15 0.365271
0.600871 0.15 0.577296
0.508437 0.15 0.353699
0.49192 0.15 0.63493
0.543777 0.15 0.521273
0.373722 0.15 0.420196
0.543338 0.15 0.51404
0.548273 0.15 0.556595
0.498402 0.15 0.623119
0.397261 0.15 0.483909
0.484797 0.15 0.485227
0.367872 0.15 0.638491
0.609908 0.15 0.479203
0.370866 0.15 0.3964
0.470368 0.15 0.390193
0.375324 0.15 0.526757
0.380021 0.15 0.563617
0.434469 0.15 0.451627
0.477216 0.15 0.42047
0.526931 0.15 0.5599
0.571052 0.15 0.456296
0.447781 0.15 0.471567
0.435842 0.15 0.495143
0.433773 0.15 0.499574
0.41321 0.15 0.620858
