1404 0.012625
0.354403 0.212873 0.354929
0.407505 0.211159 0.323501
0.455042 0.20837 0.316424
0.499699 0.209092 0.316996
0.541189 0.209447 0.317049
0.591326 0.212127 0.324197
0.322612 0.215772 0.405358
0.379627 0.274727 0.377777
0.450634 0.275403 0.362066
0.498041 0.272473 0.360344
0.556352 0.275705 0.363924
0.624583 0.258491 0.380144
0.323104 0.197554 0.454601
0.3607 0.277301 0.450068
0.448817 0.287386 0.44738
0.499352 0.283853 0.444853
0.559522 0.288471 0.447082
0.641445 0.261711 0.452051
0.323603 0.209248 0.49798
0.361014 0.272427 0.498985
0.451032 0.284796 0.495984
0.501007 0.280013 0.497134
0.558386 0.285406 0.497939
0.646248 0.254867 0.50069
0.324161 0.21452 0.542598
0.364439 0.277992 0.559185
0.4505 0.290568 0.561333
0.498766 0.285298 0.559666
0.555881 0.290257 0.55539
0.645085 0.253769 0.548667
0.342391 0.209223 0.58971
0.372935 0.240096 0.631819
0.44799 0.252711 0.6421
0.500257 0.252025 0.639959
0.547067 0.265882 0.634211
0.622007 0.255277 0.612625
0.354213 0.250093 0.355361
0.341554 0.211808 0.59661
0.341606 0.263867 0.504626
0.553506 0.284745 0.492415
0.46025 0.284057 0.599614
0.550352 0.221099 0.310761
0.333207 0.223794 0.608873
0.352337 0.210278 0.610965
0.669088 0.195734 0.482085
0.472552 0.225087 0.305624
0.632053 0.216651 0.630712
0.618943 0.264039 0.60506
0.50607 0.275871 0.616235
0.496014 0.282431 0.519883
0.565158 0.28517 0.472598
0.66842 0.197583 0.466751
0.31789 0.230415 0.550928
0.367175 0.215184 0.33686
0.531079 0.243048 0.649957
0.359803 0.232974 0.629465
0.381177 0.269258 0.612695
0.442969 0.291923 0.564571
0.319014 0.224772 0.564473
0.517837 0.285162 0.568614
0.389199 0.209991 0.64557
0.666715 0.227574 0.562784
0.519262 0.28255 0.526894
0.451914 0.260218 0.633907
0.652247 0.241346 0.595387
0.468284 0.280752 0.496935
0.484188 0.225326 0.653707
0.658566 0.241448 0.571685
0.548317 0.283578 0.479234
0.660763 0.215326 0.587935
0.513261 0.245803 0.643874
0.319061 0.223534 0.406274
0.336779 0.237286 0.604953
0.332293 0.260166 0.437327
0.610625 0.279993 0.594726
0.643293 0.259712 0.441499
0.464653 0.282447 0.451413
0.548057 0.22246 0.310747
0.478505 0.252859 0.638352
0.469613 0.216646 0.658583
0.539085 0.283309 0.51451
0.509225 0.280056 0.496286
0.547583 0.214499 0.665554
0.583114 0.284167 0.395315
0.479344 0.274872 0.47745
0.627703 0.268374 0.52089
0.430595 0.292527 0.555317
0.370095 0.279547 0.553208
0.662942 0.241259 0.413646
0.392222 0.216122 0.652249
0.605756 0.286834 0.580042
0.476158 0.276675 0.462004
0.364816 0.246166 0.622289
0.501917 0.277347 0.477439
0.374128 0.280207 0.591789
0.596453 0.284611 0.413173
0.464623 0.283939 0.443563
0.321312 0.218825 0.531948
0.628605 0.2651 0.589389
0.355806 0.213899 0.628054
0.538936 0.206155 0.659257
0.674585 0.220589 0.466634
0.632788 0.261715 0.408193
0.521589 0.271992 0.621868
0.449241 0.275093 0.617809
0.318433 0.22493 0.558605
0.463072 0.278619 0.609921
0.627386 0.252603 0.609805
0.317759 0.242067 0.462178
0.322151 0.2477 0.462873
0.410929 0.236236 0.32174
0.66335 0.242226 0.450926
0.672731 0.229834 0.439979
0.535095 0.229899 0.313668
0.654244 0.251266 0.46131
0.646033 0.252712 0.578652
0.534973 0.284758 0.596146
0.33772 0.261404 0.468072
0.506051 0.265847 0.347073
0.617037 0.27575 0.524962
0.448779 0.269805 0.352026
0.658307 0.229448 0.367998
0.548684 0.283818 0.497769
0.37009 0.270337 0.605148
0.521197 0.254808 0.637742
0.324435 0.249855 0.495424
0.481135 0.283011 0.436441
0.671787 0.20493 0.47835
0.661346 0.238487 0.496441
0.514239 0.282876 0.536158
0.507376 0.280263 0.46093
0.59356 0.283753 0.471241
0.44264 0.230048 0.66168
0.351097 0.218845 0.35122
0.549199 0.285022 0.393216
0.540968 0.28979 0.422427
0.487014 0.248583 0.641454
0.466001 0.270405 0.358211
0.516316 0.280066 0.497317
0.644391 0.218067 0.363437
0.396437 0.225714 0.322615
0.670362 0.232669 0.455264
0.641191 0.218449 0.355579
0.447263 0.284226 0.464088
0.396215 0.207161 0.640216
0.322083 0.247039 0.486055
0.568159 0.285545 0.466136
0.673505 0.220581 0.457943
0.488343 0.280105 0.388512
0.520978 0.237274 0.317574
0.43135 0.227864 0.665077
0.435171 0.288188 0.521122
0.529556 0.225612 0.657202
0.604966 0.281891 0.430178
0.456609 0.284775 0.447651
0.581809 0.220479 0.669624
0.400569 0.247443 0.6425
0.329113 0.250145 0.546175
0.667197 0.199161 0.461939
0.384358 0.243856 0.634801
0.411397 0.286551 0.492361
0.35629 0.223333 0.341166
0.377881 0.219675 0.644049
0.498202 0.276537 0.480469
0.531829 0.276802 0.368051
0.52173 0.271292 0.621364
0.606374 0.224052 0.325687
0.582623 0.285806 0.513672
0.412318 0.286532 0.489839
0.317733 0.208167 0.481299
0.493967 0.284697 0.570287
0.36043 0.27627 0.571212
0.403006 0.291164 0.5684
0.590534 0.217852 0.66309
0.408362 0.277883 0.613523
0.469981 0.284987 0.421261
0.667518 0.201552 0.459217
0.567798 0.197695 0.663829
0.51919 0.286294 0.437003
0.583283 0.21921 0.668196
0.338925 0.260692 0.532273
0.331693 0.255285 0.511575
0.355298 0.272698 0.580875
0.668528 0.203181 0.46436
0.323454 0.221946 0.401211
0.505906 0.241668 0.320397
0.593464 0.282976 0.489758
0.601696 0.281321 0.467884
0.538492 0.257497 0.33624
0.461865 0.27636 0.372709
0.377438 0.277246 0.508126
0.638188 0.261612 0.437123
0.353483 0.268547 0.52405
0.41417 0.280496 0.371182
0.456873 0.277581 0.373248
0.405085 0.219012 0.658605
0.660526 0.230106 0.378804
0.319157 0.223198 0.527547
0.639091 0.259219 0.500032
0.318563 0.213202 0.491027
0.443015 0.249433 0.644653
0.528592 0.208523 0.653415
0.367593 0.279182 0.571375
0.566191 0.292091 0.56643
0.407703 0.230481 0.321133
0.346037 0.215759 0.608982
0.450068 0.27076 0.355408
0.563905 0.249398 0.328475
0.314341 0.224945 0.514075
0.432971 0.282266 0.607833
0.646864 0.22038 0.359732
0.636057 0.260675 0.509376
0.639374 0.256155 0.533643
0.545202 0.285357 0.541815
0.364392 0.273857 0.533716
0.430129 0.286376 0.495113
0.343799 0.263041 0.401825
0.337839 0.258785 0.538906
0.529141 0.221452 0.315479
0.319986 0.206539 0.464235
0.515529 0.250164 0.329177
0.490742 0.245814 0.324471
0.400967 0.220567 0.325044
0.388791 0.283187 0.398762
0.542956 0.288048 0.428894
0.654884 0.221027 0.376267
0.325237 0.218928 0.567669
0.656203 0.238236 0.539344
0.317382 0.215989 0.438762
0.468731 0.285284 0.576386
0.557668 0.220147 0.314256
0.412706 0.223826 0.318732
0.531678 0.280649 0.60444
0.664205 0.224299 0.398271
0.502365 0.245312 0.324304
0.520802 0.278364 0.498509
0.314359 0.226476 0.509686
0.553107 0.271284 0.358452
0.499642 0.280691 0.450676
0.548755 0.265025 0.633217
0.360211 0.272803 0.545017
0.318037 0.23426 0.425826
0.375084 0.277757 0.536842
0.400216 0.28341 0.495664
0.641022 0.259941 0.475874
0.614992 0.275292 0.513852
0.564495 0.287372 0.444065
0.389686 0.26982 0.613656
0.537705 0.234472 0.657097
0.499418 0.285648 0.422942
0.567181 0.246502 0.656531
0.584431 0.229049 0.317632
0.357158 0.224513 0.628136
0.401658 0.24408 0.332283
0.407783 0.292111 0.422605
0.401492 0.28307 0.39013
0.515332 0.282408 0.582445
0.488246 0.246669 0.326244
0.502297 0.221549 0.314512
0.513079 0.286427 0.416913
0.408898 0.283376 0.473825
0.328102 0.250666 0.506436
0.583332 0.290392 0.553597
0.596462 0.238945 0.328644
0.626783 0.228191 0.643046
0.568168 0.29154 0.566713
0.443744 0.289567 0.421762
0.46731 0.281052 0.4438
0.488663 0.280531 0.443475
0.347283 0.23296 0.352272
0.532512 0.223402 0.658089
0.608289 0.232043 0.330712
0.656761 0.205072 0.514196
0.603324 0.2406 0.648808
0.550039 0.283184 0.461573
0.650292 0.250997 0.476138
0.474463 0.211969 0.316972
0.381723 0.271665 0.374155
0.473794 0.259056 0.629207
0.659359 0.208417 0.516054
0.533258 0.279447 0.518556
0.432409 0.283117 0.47395
0.329598 0.247905 0.54933
0.659978 0.229146 0.593629
0.454532 0.283597 0.396246
0.520644 0.266506 0.351203
0.517031 0.277936 0.606184
0.523741 0.282276 0.569446
0.327729 0.249413 0.489005
0.394172 0.276049 0.377828
0.575158 0.283837 0.52307
0.420956 0.287603 0.396416
0.340386 0.258361 0.552846
0.474256 0.249639 0.331066
0.661602 0.2163 0.520221
0.653602 0.220457 0.381865
0.42625 0.28764 0.531102
0.580881 0.282361 0.475639
0.512877 0.246875 0.639669
0.642787 0.255466 0.481163
0.635647 0.258015 0.5485
0.632712 0.259843 0.412866
0.552859 0.260734 0.343337
0.472172 0.271708 0.474042
0.399101 0.215841 0.645289
0.65553 0.205926 0.527615
0.450108 0.282162 0.501528
0.463795 0.239184 0.319796
0.578694 0.286918 0.413205
0.636649 0.239046 0.353897
0.640801 0.220119 0.359105
0.640893 0.25227 0.515152
0.457307 0.283165 0.526979
0.37648 0.274971 0.516764
0.418068 0.292165 0.414825
0.505873 0.209184 0.6485
0.4715 0.272429 0.476569
0.59587 0.27726 0.39498
0.581975 0.232739 0.665271
0.451188 0.235791 0.317865
0.371882 0.272779 0.501536
0.479134 0.263334 0.624092
0.397258 0.229471 0.327923
0.320879 0.23793 0.425968
0.363622 0.260111 0.367788
0.430678 0.287641 0.540434
0.448497 0.258885 0.630062
0.48602 0.220141 0.316251
0.341242 0.264722 0.431803
0.472239 0.251122 0.334419
0.439166 0.285312 0.529248
0.457516 0.267874 0.357656
0.658346 0.234725 0.562325
0.605833 0.256881 0.621141
0.405799 0.26732 0.619814
0.58031 0.26308 0.634712
0.582117 0.284137 0.45552
0.373358 0.281118 0.412161
0.424972 0.285576 0.458468
0.52115 0.280795 0.573365
0.658245 0.202392 0.505281
0.325979 0.246176 0.515447
0.485793 0.275995 0.453534
0.55078 0.283298 0.54017
0.554737 0.28652 0.429432
0.350845 0.224044 0.619682
0.383157 0.236777 0.337053
0.331963 0.231776 0.388124
0.524431 0.210316 0.64955
0.415518 0.283414 0.482078
0.501737 0.271832 0.475521
0.424274 0.233957 0.321254
0.382088 0.276428 0.526023
0.438745 0.24564 0.327752
0.392138 0.286429 0.412314
0.342584 0.244555 0.375657
0.630101 0.248878 0.605258
0.499771 0.278763 0.539578
0.649213 0.220678 0.613131
0.615476 0.242191 0.635808
0.377259 0.237684 0.341288
0.634376 0.25882 0.484064
0.344537 0.267123 0.425948
0.520619 0.213599 0.647486
0.403107 0.227036 0.328947
0.458122 0.262631 0.35041
0.471281 0.280322 0.554084
0.493936 0.272656 0.496627
0.586453 0.280463 0.491417
0.498949 0.271822 0.488009
0.480726 0.271437 0.492664
0.405631 0.280341 0.476216
0.315556 0.224666 0.469241
0.666931 0.225252 0.437888
0.656817 0.22894 0.59002
0.558398 0.279323 0.484234
0.38703 0.214034 0.634624
0.519925 0.237784 0.32389
0.38166 0.27665 0.460948
0.450481 0.222208 0.65765
0.461379 0.276247 0.493108
0.386208 0.275359 0.471222
0.320863 0.222276 0.423811
0.334915 0.253238 0.519011
0.387262 0.283562 0.410143
0.618623 0.260627 0.599923
0.662342 0.206248 0.493114
0.548009 0.278265 0.496842
0.643829 0.247407 0.507017
0.50621 0.28031 0.440358
0.532091 0.275463 0.37724
0.446065 0.279826 0.465625
0.336047 0.225638 0.5924
0.655652 0.235734 0.553337
0.656756 0.220467 0.400953
0.602726 0.276957 0.601138
0.34755 0.260768 0.554569
0.63076 0.257852 0.504565
0.52082 0.27308 0.520555
0.529693 0.205955 0.649377
0.546485 0.208883 0.65808
0.442782 0.272996 0.367091
0.619293 0.263484 0.406125
0.664254 0.23066 0.453529
0.585356 0.285667 0.545634
0.333284 0.251456 0.460772
0.416564 0.288733 0.558921
0.429604 0.277229 0.607594
0.653356 0.227424 0.383228
0.352301 0.239541 0.609476
0.437651 0.286607 0.555612
0.56013 0.279244 0.51079
0.611613 0.271614 0.521605
0.505854 0.275232 0.534346
0.606211 0.229523 0.647696
0.595012 0.22354 0.653188
0.34289 0.255322 0.398796
0.424733 0.28417 0.521709
0.456456 0.239727 0.644631
0.334137 0.243323 0.56948
0.357887 0.24133 0.612594
0.623934 0.261135 0.409022
0.581164 0.227301 0.663579
0.398671 0.236387 0.64199
0.545227 0.277586 0.466192
0.653318 0.224416 0.387999
0.448148 0.277455 0.481044
0.585481 0.28381 0.538274
0.620392 0.238416 0.345482
0.605619 0.275859 0.458769
0.525521 0.271416 0.475697
0.410739 0.284495 0.453323
0.347683 0.265987 0.431957
0.627473 0.257056 0.524431
0.366547 0.216262 0.611092
0.53951 0.200905 0.65074
0.413902 0.24707 0.640752
0.422822 0.279694 0.382435
0.413636 0.28332 0.597224
0.46644 0.260766 0.354722
0.568996 0.266341 0.626202
0.578012 0.284931 0.422441
0.367137 0.224045 0.622846
0.454841 0.264929 0.357914
0.625952 0.252009 0.597073
0.417512 0.284365 0.451346
0.545824 0.275281 0.500305
0.562838 0.28202 0.539384
0.482986 0.273765 0.391971
0.491591 0.26862 0.373646
0.523854 0.270912 0.510904
0.477833 0.215028 0.325184
0.594603 0.259745 0.622961
0.434952 0.281766 0.598489
0.555747 0.27732 0.508597
0.353446 0.223285 0.607856
0.320169 0.226759 0.466438
0.64 0.245925 0.532021
0.546966 0.275528 0.470348
0.584193 0.282166 0.446798
0.479361 0.277728 0.407417
0.485786 0.227779 0.646512
0.332115 0.227798 0.565096
0.380468 0.23158 0.62944
0.571049 0.280733 0.459376
0.529475 0.216557 0.326646
0.371916 0.275416 0.573334
0.5616 0.246714 0.64933
0.388558 0.222943 0.632271
0.627969 0.236127 0.352195
0.546929 0.267754 0.365878
0.623826 0.253227 0.594804
0.418059 0.280674 0.50142
0.420007 0.279693 0.386415
0.529763 0.274621 0.601844
0.575912 0.277512 0.392656
0.463908 0.213142 0.652459
0.626832 0.25916 0.553878
0.595442 0.268479 0.610981
0.419695 0.281566 0.514449
0.603479 0.272596 0.497251
0.517645 0.275219 0.449539
0.413376 0.285223 0.590555
0.599851 0.236902 0.644951
0.432403 0.276191 0.604598
0.515168 0.25136 0.340758
0.572276 0.27803 0.467866
0.560013 0.276495 0.512015
0.568555 0.249259 0.646169
0.49752 0.268495 0.502808
0.629888 0.253023 0.517019
0.400427 0.274988 0.474892
0.445961 0.278947 0.599072
0.65675 0.213999 0.502862
0.648187 0.232978 0.518193
0.491457 0.267912 0.464719
0.389186 0.271908 0.472034
0.65394 0.219911 0.567265
0.481408 0.225218 0.322593
0.590185 0.23568 0.651982
0.471383 0.276928 0.56132
0.553256 0.263751 0.626052
0.32937 0.230382 0.521778
0.513035 0.268955 0.508009
0.353996 0.25766 0.51099
0.634252 0.245423 0.390103
0.351759 0.255098 0.486979
0.636156 0.242245 0.592893
0.617052 0.263197 0.489153
0.401273 0.277634 0.396721
0.326016 0.229338 0.452752
0.415777 0.230987 0.33378
0.465486 0.264751 0.369567
0.485864 0.269405 0.52719
0.527822 0.223903 0.328261
0.434951 0.241043 0.643152
0.548704 0.27747 0.398368
0.557084 0.258611 0.630913
0.531986 0.269513 0.524607
0.607508 0.228725 0.341125
0.657564 0.206259 0.480753
0.500574 0.271825 0.54295
0.47487 0.206202 0.651487
0.412297 0.279679 0.520585
0.492659 0.268244 0.519891
0.505874 0.274178 0.561359
0.384256 0.278743 0.413785
0.405465 0.277637 0.513919
0.421071 0.281315 0.453749
0.635059 0.230199 0.616277
0.562879 0.227921 0.325921
0.344299 0.222692 0.578052
0.329789 0.217302 0.439036
0.483305 0.26845 0.519209
0.365543 0.268743 0.448206
0.426295 0.279584 0.392502
0.419887 0.230898 0.650123
0.517287 0.266146 0.496151
0.52174 0.251117 0.628712
0.349525 0.242291 0.37945
0.373543 0.234287 0.615586
0.486468 0.238378 0.634469
0.484319 0.266283 0.520356
0.340357 0.22437 0.564835
0.440027 0.280757 0.429187
0.401124 0.2767 0.399389
0.56343 0.267951 0.616893
0.632966 0.24493 0.510703
0.382768 0.27489 0.569387
0.500186 0.271862 0.442766
0.652159 0.209994 0.497146
0.575001 0.265664 0.367198
0.355899 0.256551 0.512887
0.463917 0.268879 0.46067
0.646462 0.242763 0.421433
0.648637 0.215956 0.539701
0.471368 0.268731 0.392273
0.335375 0.242469 0.532544
0.491092 0.262689 0.468415
0.462191 0.24787 0.628234
0.486781 0.24433 0.339734
0.532677 0.246994 0.338997
0.577589 0.288168 0.576679
0.440232 0.259671 0.618346
0.608636 0.228988 0.344392
0.50388 0.24448 0.630469
0.461931 0.273355 0.537183
0.615979 0.254148 0.596379
0.644842 0.241084 0.461415
0.425535 0.228755 0.333181
0.580867 0.22421 0.651656
0.365078 0.269297 0.410925
0.519683 0.267256 0.533065
0.385123 0.22406 0.623211
0.348791 0.224155 0.581018
0.484809 0.259905 0.474917
0.353588 0.251674 0.492133
0.487852 0.213115 0.645409
0.613168 0.243203 0.613358
0.344562 0.236756 0.580568
0.612975 0.261617 0.41246
0.383148 0.27271 0.408648
0.369928 0.259373 0.4694
0.446758 0.271996 0.461127
0.402268 0.243922 0.624285
0.371109 0.270985 0.414295
0.608845 0.267971 0.548226
0.609452 0.263156 0.49515
0.332426 0.2232 0.436908
0.505324 0.234812 0.635298
0.441867 0.244615 0.33913
0.647014 0.221579 0.563596
0.360567 0.231721 0.604664
0.336654 0.228242 0.412398
0.411916 0.225335 0.63348
0.614456 0.243355 0.611591
0.375603 0.265122 0.592343
0.548679 0.278655 0.423204
0.331725 0.230919 0.470836
0.44417 0.218792 0.646674
0.623085 0.250539 0.523456
0.506531 0.273079 0.43061
0.418647 0.260474 0.355626
0.474315 0.270581 0.406514
0.553032 0.275519 0.402227
0.543897 0.27128 0.604174
0.512869 0.275373 0.417629
0.506616 0.259941 0.48389
0.47574 0.225159 0.642234
0.646419 0.214639 0.515181
0.524633 0.252673 0.349402
0.602441 0.230245 0.635459
0.35662 0.249877 0.487771
0.358329 0.258297 0.403438
0.616993 0.259152 0.431861
0.458293 0.265103 0.494692
0.459557 0.270586 0.542488
0.377292 0.27004 0.412609
0.40175 0.243315 0.620518
0.45565 0.224572 0.644681
0.538518 0.264085 0.519956
0.438617 0.271603 0.461286
0.601607 0.251689 0.369895
0.401711 0.268066 0.386119
0.457578 0.273328 0.427748
0.493541 0.256157 0.473125
0.409007 0.239431 0.629256
0.41986 0.28078 0.559291
0.459312 0.268702 0.396674
0.529168 0.233569 0.336237
0.454865 0.274792 0.415711
0.450043 0.276645 0.568994
0.34877 0.252397 0.452171
0.650523 0.216799 0.475522
0.567608 0.234813 0.650656
0.512895 0.251006 0.619766
0.572188 0.276783 0.541867
0.40523 0.267331 0.380719
0.365537 0.231105 0.603166
0.337237 0.22315 0.459248
0.463006 0.262036 0.481159
0.640896 0.229539 0.391015
0.543776 0.276086 0.415159
0.349133 0.248081 0.504995
0.487871 0.231291 0.635232
0.512795 0.25396 0.616695
0.590866 0.249245 0.622658
0.402106 0.231318 0.626286
0.386301 0.261079 0.386519
0.390837 0.265392 0.533316
0.494906 0.254974 0.49536
0.507229 0.264426 0.446657
0.461661 0.269853 0.429453
0.37378 0.267521 0.41579
0.508011 0.229076 0.633828
0.542607 0.226172 0.338715
0.431912 0.277634 0.563129
0.470614 0.257631 0.60759
0.509457 0.23611 0.341383
0.352181 0.247679 0.516144
0.424059 0.242164 0.634166
0.597305 0.265113 0.477928
0.592895 0.265565 0.399158
0.487046 0.202316 0.642511
0.388945 0.272012 0.580682
0.544517 0.221717 0.644484
0.491496 0.240833 0.347049
0.527804 0.270468 0.42952
0.33921 0.231659 0.462531
0.392036 0.267337 0.39985
0.604667 0.23154 0.626869
0.579927 0.268241 0.479508
0.630478 0.227472 0.374719
0.443748 0.231176 0.341531
0.456145 0.231134 0.341176
0.585776 0.267796 0.478647
0.378975 0.259173 0.525685
0.503923 0.207311 0.638174
0.344485 0.242237 0.515732
0.606077 0.258631 0.512155
0.387536 0.272725 0.420263
0.531239 0.266251 0.547896
0.548913 0.276317 0.584743
0.640397 0.216577 0.519047
0.36554 0.253549 0.582398
0.44068 0.259235 0.368471
0.364078 0.253709 0.568446
0.559128 0.263177 0.382728
0.464927 0.236955 0.627607
0.370502 0.264647 0.418709
0.592767 0.241284 0.621603
0.368687 0.248327 0.379673
0.618021 0.245049 0.586875
0.500447 0.267273 0.41695
0.43257 0.226466 0.638345
0.614895 0.220812 0.615486
0.378633 0.256713 0.531288
0.347037 0.236135 0.478174
0.47961 0.248903 0.476968
0.533106 0.267024 0.438116
0.342998 0.236095 0.455556
0.575151 0.25762 0.617056
0.519283 0.231398 0.629289
0.606816 0.255575 0.585579
0.644921 0.20287 0.475975
0.452932 0.238201 0.629632
0.405698 0.217376 0.617441
0.593284 0.225546 0.630147
0.423971 0.268112 0.477263
0.46161 0.236135 0.62944
0.513475 0.265329 0.405621
0.496032 0.251602 0.495326
0.627056 0.243477 0.563453
0.369186 0.230691 0.592853
0.489327 0.237348 0.624356
0.500531 0.255129 0.526745
0.61682 0.245567 0.50875
0.55137 0.26184 0.503608
0.502155 0.257614 0.535101
0.584652 0.274681 0.423714
0.370483 0.248301 0.467726
0.43369 0.26776 0.404939
0.515077 0.236725 0.348327
0.575571 0.26565 0.394467
0.611531 0.247681 0.584737
0.347979 0.247203 0.426323
0.45324 0.258219 0.49127
0.499624 0.23398 0.623488
0.60743 0.23055 0.363414
0.393178 0.261126 0.398488
0.357551 0.254316 0.418143
0.347336 0.231634 0.458747
0.346943 0.231088 0.456662
0.423339 0.241017 0.627468
0.582845 0.271509 0.437495
0.534923 0.254925 0.467611
0.548321 0.223729 0.638823
0.577377 0.263154 0.482194
0.440377 0.262328 0.49684
0.478604 0.24235 0.615453
0.5527 0.249472 0.357913
0.469969 0.245423 0.367122
0.474901 0.257024 0.541007
0.617181 0.244174 0.400662
0.426664 0.235461 0.350567
0.467065 0.259005 0.448435
0.472502 0.2588 0.545371
0.378911 0.22192 0.59223
0.553567 0.260751 0.524393
0.499571 0.255083 0.537256
0.40615 0.265867 0.40209
0.611412 0.244176 0.590519
0.539658 0.258398 0.605642
0.513025 0.260822 0.401999
0.397079 0.230076 0.609464
0.41445 0.274885 0.584738
0.411668 0.220893 0.618204
0.430745 0.267107 0.431597
0.354023 0.228992 0.466142
0.589652 0.261423 0.407105
0.48499 0.258857 0.587068
0.348063 0.227551 0.434995
0.557895 0.239014 0.353756
0.629684 0.228767 0.548892
0.629285 0.239059 0.424388
0.555244 0.237797 0.353233
0.628844 0.227971 0.474851
0.36535 0.243523 0.549346
0.612325 0.232968 0.371724
0.470203 0.247511 0.492434
0.397083 0.256354 0.390736
0.535321 0.248564 0.490429
0.474812 0.249368 0.524559
0.540259 0.213025 0.632575
0.627631 0.228888 0.39412
0.618057 0.233717 0.590783
0.480682 0.259224 0.584714
0.476052 0.256871 0.433875
0.569615 0.265841 0.453322
0.620533 0.243281 0.44837
0.388566 0.250856 0.517175
0.468609 0.260623 0.567102
0.433224 0.261935 0.392893
0.515289 0.254801 0.447318
0.49901 0.243458 0.491367
0.636635 0.209198 0.486176
0.622557 0.232271 0.482313
0.459832 0.250308 0.378836
0.49824 0.248674 0.382208
0.478561 0.244604 0.608514
0.550492 0.267427 0.416516
0.568819 0.262902 0.462994
0.389489 0.245878 0.520646
0.431045 0.260985 0.454669
0.496311 0.25119 0.548356
0.601562 0.253291 0.417677
0.630375 0.213429 0.545452
0.63633 0.226171 0.440244
0.408015 0.25419 0.518919
0.475181 0.242666 0.505378
0.629958 0.219459 0.476376
0.46356 0.226446 0.627263
0.565892 0.255197 0.515173
0.405916 0.248408 0.371564
0.592558 0.261252 0.562748
0.503629 0.221796 0.355231
0.494881 0.213534 0.629897
0.535218 0.245624 0.513523
0.364718 0.251722 0.431114
0.53521 0.245292 0.507493
0.538424 0.25598 0.544565
0.49924 0.225066 0.621391
0.399251 0.24997 0.483851
0.489464 0.238332 0.485124
0.398668 0.215151 0.606676
0.615181 0.233455 0.482986
0.370319 0.251038 0.411331
0.47631 0.244781 0.392607
0.378851 0.241523 0.518922
0.377103 0.245802 0.55241
0.442836 0.257663 0.456803
0.479496 0.255972 0.422526
0.519194 0.251385 0.55005
0.57037 0.259147 0.465245
0.458782 0.248145 0.473686
0.445241 0.253843 0.492691
0.442477 0.254742 0.496276
0.418567 0.248574 0.604861
0.394805 0.242045 0.503765
0.579824 0.257836 0.40365
0.444185 0.252438 0.39631
0.626275 0.220779 0.408289
0.370286 0.228927 0.484486
0.620051 0.236089 0.444993
0.442628 0.254863 0.535427
0.503861 0.231206 0.610434
0.564779 0.257356 0.402313
0.37254 0.227738 0.503561
0.624011 0.233888 0.441649
0.526664 0.239792 0.527026
0.403362 0.257945 0.580917
0.463087 0.233369 0.364184
0.396214 0.243673 0.476411
0.570626 0.258337 0.456449
0.408398 0.252793 0.535178
0.411911 0.248358 0.375968
0.477016 0.248461 0.552105
0.406566 0.25969 0.42477
0.603031 0.240259 0.52931
0.515434 0.220607 0.358426
0.624062 0.22759 0.409355
0.608975 0.235349 0.585815
0.535432 0.238996 0.47833
0.629474 0.207523 0.496081
0.510463 0.241498 0.532897
0.500371 0.24688 0.40212
0.63357 0.219783 0.449826
0.537769 0.240767 0.488287
0.371896 0.224807 0.52438
0.372445 0.224952 0.522235
0.501659 0.239665 0.461696
0.54519 0.244918 0.509203
0.439277 0.261422 0.557417
0.381511 0.244864 0.572067
0.399612 0.237709 0.586274
0.459515 0.236708 0.605065
0.520656 0.246538 0.431771
0.399542 0.23715 0.373986
0.511226 0.244172 0.438155
0.615287 0.234118 0.446853
0.623155 0.22509 0.417185
0.419321 0.250657 0.47536
0.513239 0.243857 0.551681
0.374236 0.243482 0.440138
0.433429 0.25905 0.558229
0.386797 0.233727 0.57921
0.529677 0.246502 0.402041
0.627786 0.200647 0.508606
0.4847 0.223588 0.366747
0.574327 0.229931 0.620064
0.525718 0.229487 0.482225
0.536612 0.229442 0.36352
0.493244 0.237928 0.392913
0.455216 0.240892 0.494895
0.589431 0.251284 0.415127
0.544996 0.240128 0.472046
0.507452 0.237657 0.534519
0.366145 0.23617 0.414732
0.445667 0.246555 0.392099
0.503939 0.22811 0.481828
0.408403 0.254743 0.428773
0.468363 0.246512 0.415486
0.60403 0.235962 0.467671
0.48107 0.221514 0.615703
0.551535 0.250928 0.451302
0.600556 0.236687 0.529233
0.580686 0.233588 0.370975
0.432379 0.225766 0.621592
0.548525 0.246983 0.533163
0.499739 0.237545 0.387264
0.402819 0.234643 0.487742
0.461182 0.214905 0.623932
0.387435 0.224777 0.507787
0.41269 0.238673 0.376137
0.382591 0.244029 0.425635
0.598084 0.239601 0.452171
0.473385 0.240558 0.552362
0.536338 0.246818 0.430054
0.513218 0.222984 0.602944
0.546241 0.247848 0.410527
0.40559 0.220555 0.597476
0.393341 0.245756 0.421284
0.50486 0.229906 0.598308
0.410042 0.242306 0.386868
0.56715 0.244329 0.598027
0.582332 0.236891 0.382459
0.451305 0.236803 0.379035
0.530449 0.228896 0.515364
0.409787 0.245626 0.547987
0.597674 0.228778 0.500476
0.508649 0.232031 0.596036
0.555353 0.238426 0.510551
0.602137 0.235163 0.456424
0.366435 0.220656 0.450276
0.42226 0.250396 0.542526
0.503159 0.232412 0.596048
0.378188 0.220776 0.53727
0.6135 0.215182 0.519286
0.533893 0.247052 0.425638
0.599629 0.235094 0.541271
0.480859 0.227924 0.513442
0.441777 0.237049 0.602084
0.543951 0.242748 0.452154
0.394655 0.230268 0.525542
0.449751 0.223621 0.618196
0.625453 0.204301 0.534806
0.402051 0.238675 0.405062
0.484764 0.215943 0.479006
0.537943 0.243898 0.581007
0.457656 0.231714 0.5963
0.398555 0.232037 0.575374
0.592789 0.236208 0.453463
0.559492 0.245785 0.547378
0.368783 0.214812 0.450093
0.43266 0.227225 0.368455
0.584349 0.234161 0.515418
0.566617 0.241468 0.592898
0.386987 0.218359 0.519561
0.484082 0.220379 0.503879
0.483903 0.223966 0.388637
0.476522 0.228231 0.403335
0.372681 0.219002 0.4608
0.41041 0.231675 0.528548
0.552005 0.230791 0.494918
0.452351 0.230737 0.50685
0.408974 0.236562 0.387247
0.498616 0.220173 0.600926
0.611104 0.218329 0.462545
0.370212 0.214993 0.458378
0.421901 0.240603 0.585869
0.491606 0.222589 0.379334
0.524855 0.237828 0.562055
0.439872 0.239037 0.590873
0.53359 0.233387 0.539892
0.483244 0.219952 0.468219
0.482675 0.221753 0.512466
0.571243 0.237735 0.596861
0.611713 0.20974 0.600131
0.471874 0.227901 0.527415
0.413595 0.233222 0.489821
0.403395 0.237368 0.57356
0.583622 0.240934 0.457902
0.406311 0.23035 0.551225
0.484188 0.212714 0.496077
0.409968 0.234207 0.404407
0.46925 0.218424 0.601811
0.529585 0.235572 0.568465
0.577327 0.237492 0.457021
0.416027 0.23673 0.441936
0.487908 0.222314 0.39966
0.423968 0.240695 0.422308
0.483894 0.212347 0.493939
0.524974 0.224576 0.381101
0.40207 0.199981 0.607194
0.456811 0.233564 0.434565
0.521227 0.216422 0.525838
0.555904 0.212196 0.616594
0.380016 0.212243 0.479784
0.582489 0.236595 0.450962
0.533763 0.225247 0.378444
0.618138 0.210037 0.415873
0.535927 0.230809 0.395895
0.435046 0.228507 0.511311
0.618385 0.199006 0.498656
0.462426 0.199221 0.62539
0.424785 0.221785 0.37117
0.481652 0.220937 0.531001
0.529651 0.23132 0.408254
0.396525 0.227029 0.456573
0.424812 0.234362 0.387183
0.424219 0.240477 0.431646
0.597744 0.217094 0.469659
0.504755 0.228251 0.413131
0.472237 0.230019 0.420908
0.429013 0.228329 0.596449
0.374124 0.219365 0.41408
0.547291 0.234056 0.397507
0.449106 0.230525 0.590234
0.411592 0.22094 0.534619
0.619758 0.198706 0.46
0.609549 0.201577 0.511012
0.499408 0.222336 0.580543
0.54346 0.215201 0.49942
0.557623 0.22609 0.458507
0.448071 0.224992 0.456291
0.518676 0.204266 0.487393
0.389048 0.193546 0.599245
0.396666 0.224367 0.4038
0.574415 0.236816 0.551401
0.516779 0.206431 0.506697
0.540447 0.22332 0.450924
0.477071 0.216005 0.533157
0.482565 0.203261 0.481076
0.406112 0.229229 0.42008
0.602831 0.214327 0.542403
0.421736 0.220507 0.510222
0.555794 0.233499 0.414725
0.464724 0.21185 0.475171
0.599776 0.221107 0.560831
0.397407 0.221832 0.391061
0.435101 0.230951 0.411094
0.440568 0.223557 0.481362
0.61511 0.201365 0.591192
0.428653 0.224326 0.495745
0.514893 0.207167 0.468323
0.521968 0.206028 0.502272
0.596892 0.222713 0.425219
0.409543 0.216113 0.515074
0.604868 0.214138 0.40507
0.534461 0.210173 0.48818
0.471996 0.216626 0.593742
0.478361 0.223646 0.425129
0.551173 0.223954 0.458845
0.42069 0.23049 0.554018
0.404916 0.218846 0.444695
0.618485 0.188842 0.475454
0.472756 0.207284 0.598066
0.510172 0.212173 0.580513
0.436617 0.217619 0.483039
0.542319 0.213262 0.459689
0.547363 0.214363 0.591802
0.378669 0.206982 0.447748
0.381344 0.211155 0.415112
0.544065 0.20655 0.376557
0.529955 0.197915 0.60423
0.523461 0.202184 0.593366
0.513288 0.196248 0.375704
0.509543 0.215767 0.418893
0.568122 0.225244 0.450092
0.409696 0.220528 0.443464
0.519821 0.206265 0.455829
0.402909 0.219015 0.408019
0.482639 0.216626 0.559414
0.592999 0.20177 0.485336
0.531122 0.201414 0.4861
0.40464 0.22067 0.436331
0.512718 0.214761 0.576539
0.440205 0.214013 0.515429
0.609164 0.194795 0.493946
0.432575 0.21503 0.596438
0.478435 0.21166 0.588675
0.416281 0.20618 0.598211
0.537748 0.211659 0.381693
0.514148 0.199122 0.470088
0.532857 0.205511 0.46803
0.395153 0.210038 0.543532
0.427652 0.224542 0.408658
0.448617 0.219101 0.584799
0.457983 0.210494 0.522136
0.535226 0.214423 0.450274
0.413366 0.203565 0.586752
0.617694 0.184526 0.491164
0.584596 0.215926 0.429817
0.520953 0.201786 0.581718
0.564966 0.206449 0.473129
0.530292 0.199824 0.461282
0.416475 0.20791 0.48096
0.493261 0.203451 0.398526
0.380042 0.199525 0.455653
0.45813 0.202627 0.600328
0.491187 0.205425 0.408146
0.534682 0.210981 0.437785
0.494833 0.206379 0.552355
0.546441 0.214005 0.548363
0.408175 0.211862 0.406894
0.41489 0.209833 0.464999
0.444417 0.197363 0.613279
0.395092 0.203485 0.536148
0.40514 0.208588 0.457366
0.482175 0.190937 0.489132
0.46627 0.208466 0.409148
0.420402 0.209413 0.476443
0.596466 0.194534 0.491048
0.43377 0.215958 0.551636
0.58407 0.211026 0.391817
0.432514 0.21561 0.452931
0.438483 0.21515 0.448618
0.539003 0.204394 0.459254
0.493201 0.196173 0.601434
0.379167 0.201865 0.425525
0.469756 0.203218 0.532091
0.49385 0.186903 0.618892
0.380516 0.196125 0.478315
0.416357 0.207273 0.494763
0.588727 0.203708 0.59074
0.415767 0.208236 0.579322
0.410062 0.19909 0.49269
0.61811 0.180851 0.508957
0.456551 0.194791 0.498971
0.532174 0.195627 0.585683
0.45554 0.200215 0.453489
0.519226 0.187535 0.46348
0.519489 0.173206 0.621804
0.60323 0.191635 0.598952
0.382964 0.192176 0.494255
0.604016 0.196718 0.568936
0.452179 0.200937 0.455095
0.547509 0.197731 0.522968
0.472483 0.185983 0.48024
0.586945 0.205028 0.440172
0.495927 0.181152 0.620142
0.417788 0.200777 0.486548
0.615319 0.183311 0.520531
0.376403 0.191024 0.436249
0.570173 0.198015 0.599871
0.617318 0.181007 0.497818
0.401613 0.197419 0.571535
0.433075 0.201071 0.519478
0.430695 0.207401 0.40426
0.429185 0.203084 0.58689
0.578056 0.204008 0.528897
0.440379 0.206967 0.552946
0.404083 0.199784 0.55904
0.433214 0.207954 0.554993
0.44472 0.207971 0.561092
0.495981 0.178674 0.622772
0.395951 0.187759 0.59676
0.593247 0.203501 0.4306
0.588198 0.20201 0.547885
0.377321 0.190675 0.418496
0.493956 0.200039 0.420588
0.525286 0.184553 0.475271
0.408256 0.194235 0.401397
0.617726 0.178147 0.528818
0.563345 0.19981 0.577519
0.543958 0.18951 0.590771
0.588765 0.195469 0.442282
0.508452 0.179618 0.46695
0.376699 0.182528 0.50658
0.472679 0.194581 0.559446
0.386538 0.18729 0.541439
0.512255 0.187302 0.546453
0.411228 0.192319 0.50085
0.555056 0.18324 0.613002
0.446186 0.196941 0.409717
0.377971 0.18162 0.562193
0.57874 0.199133 0.5708
0.419721 0.193369 0.510128
0.527829 0.193431 0.4301
0.614298 0.184965 0.568731
0.499975 0.179613 0.501963
0.498926 0.180029 0.505053
0.575925 0.190906 0.499746
0.440858 0.200225 0.566248
0.509424 0.191547 0.568254
0.422534 0.189478 0.37608
0.560389 0.204552 0.429764
0.439749 0.19806 0.408218
0.609766 0.188733 0.434218
0.560578 0.202794 0.413522
0.388243 0.188715 0.524297
0.6078 0.188331 0.563499
0.568704 0.205613 0.425946
0.450173 0.189122 0.484836
0.547562 0.173931 0.62347
0.587674 0.195609 0.570896
0.388486 0.188547 0.487778
0.401093 0.179701 0.613234
0.409256 0.185896 0.549164
0.615067 0.177062 0.549516
0.432499 0.190384 0.410348
0.556355 0.182975 0.597031
0.474747 0.184692 0.421346
0.496794 0.172303 0.470397
0.484679 0.181622 0.397605
0.585587 0.181339 0.513505
0.383655 0.177034 0.589626
0.41777 0.185764 0.519273
0.618811 0.175718 0.554636
0.567079 0.189818 0.45511
0.423418 0.185807 0.585896
0.413431 0.187565 0.44884
0.42462 0.187375 0.534268
0.419971 0.186901 0.535888
0.449561 0.185118 0.590637
0.607207 0.178253 0.461738
0.421577 0.188753 0.400695
0.378836 0.179019 0.510629
0.50568 0.183012 0.419612
0.445815 0.177738 0.616722
0.592031 0.178086 0.48322
0.415758 0.188628 0.415042
0.544996 0.187979 0.569756
0.444825 0.183783 0.508802
0.5703 0.189708 0.544042
0.450087 0.182501 0.51001
0.585354 0.180211 0.494693
0.476186 0.175768 0.513251
0.497838 0.172205 0.489419
0.549829 0.18653 0.547957
0.505031 0.180296 0.443184
0.55778 0.181367 0.488263
0.537431 0.185987 0.562573
0.51956 0.173736 0.503542
0.402442 0.177595 0.463566
0.379401 0.174598 0.416277
0.592218 0.173638 0.471827
0.609003 0.173856 0.555264
0.477323 0.177673 0.58443
0.49421 0.166906 0.470654
0.574404 0.184372 0.399968
0.420223 0.179138 0.528051
0.547664 0.163743 0.629878
0.442064 0.174866 0.373524
0.542372 0.175686 0.541212
0.547397 0.179184 0.56009
0.38808 0.176495 0.504264
0.489282 0.172242 0.448646
0.575281 0.177655 0.597915
0.460981 0.170963 0.619469
0.407386 0.177717 0.479812
0.631699 0.16622 0.43686
0.450007 0.172038 0.617627
0.450337 0.178743 0.397854
0.493364 0.176559 0.426502
0.494382 0.176199 0.554981
0.371101 0.169418 0.487565
0.461759 0.179546 0.560064
0.617442 0.175554 0.413411
0.465104 0.169998 0.482532
0.374239 0.169602 0.592176
0.376414 0.172698 0.529718
0.531359 0.172994 0.534644
0.616385 0.169079 0.48213
0.598311 0.177345 0.572247
0.478053 0.179057 0.564601
0.428456 0.179459 0.525562
0.577317 0.181347 0.449852
0.497375 0.171793 0.531846
0.471809 0.176603 0.41271
0.399684 0.163418 0.626814
0.37451 0.167455 0.433039
0.454656 0.171458 0.55484
0.624477 0.164626 0.563082
0.620101 0.166559 0.567088
0.480571 0.16162 0.474182
0.428543 0.172715 0.543504
0.534623 0.163571 0.482722
0.547998 0.172881 0.414959
0.604098 0.168511 0.613236
0.498325 0.167121 0.59788
0.559558 0.17407 0.391853
0.62895 0.164457 0.430418
0.529349 0.167519 0.589437
0.410097 0.171652 0.561033
0.462416 0.16605 0.374901
0.584094 0.173955 0.383269
0.620284 0.167027 0.584233
0.36544 0.162446 0.508316
0.59054 0.173843 0.404431
0.419902 0.168854 0.606819
0.504406 0.165545 0.606257
0.458304 0.169849 0.397092
0.453676 0.168737 0.601797
0.60217 0.169273 0.563224
0.468107 0.169183 0.594743
0.596394 0.169525 0.454363
0.516301 0.16444 0.372938
0.475737 0.162952 0.49832
0.471679 0.170172 0.426718
0.526153 0.167541 0.380987
0.586592 0.162469 0.632932
0.376544 0.165749 0.604175
0.545154 0.164408 0.620739
0.385249 0.167013 0.609994
0.598283 0.169186 0.557372
0.397504 0.163808 0.521055
0.369054 0.160296 0.451467
0.578805 0.162972 0.369056
0.364539 0.160125 0.569759
0.498441 0.162257 0.552139
0.466048 0.159128 0.47778
0.543834 0.164297 0.422458
0.384468 0.163939 0.433569
0.55 0.161386 0.462918
0.501079 0.162273 0.588938
0.451776 0.162163 0.376847
0.573264 0.16243 0.486338
0.605682 0.160627 0.626807
0.572179 0.163809 0.46412
0.502194 0.15939 0.521372
0.46333 0.162423 0.399167
0.499107 0.162517 0.554887
0.611899 0.161253 0.464694
0.55239 0.165049 0.397436
0.466991 0.162634 0.409238
0.617253 0.158573 0.524085
0.515305 0.161632 0.379871
0.546748 0.164088 0.574445
0.446868 0.159961 0.366683
0.590066 0.164062 0.449963
0.470704 0.162853 0.432733
0.556563 0.164239 0.578755
0.389426 0.162703 0.481714
0.416509 0.164427 0.460445
0.59752 0.161663 0.367428
0.447921 0.162968 0.453239
0.425118 0.164668 0.42855
0.602646 0.164931 0.41113
0.509176 0.160003 0.527697
0.54495 0.164398 0.416726
0.459559 0.162995 0.437293
0.393413 0.155875 0.612755
0.41765 0.157161 0.431847
0.368883 0.154999 0.500842
0.46861 0.154501 0.469727
0.502803 0.153875 0.626935
0.459727 0.154885 0.47903
0.459871 0.156728 0.425571
0.583768 0.156461 0.463982
0.632529 0.153305 0.53387
0.565381 0.156872 0.55478
0.563554 0.154622 0.629227
0.529013 0.154775 0.443743
0.546423 0.156066 0.4435
0.461324 0.155149 0.465367
0.565315 0.157689 0.375454
0.567164 0.157116 0.561453
0.4134 0.156534 0.59639
0.375124 0.156849 0.417318
0.626934 0.155471 0.586558
0.626997 0.155826 0.434792
0.590755 0.156055 0.544474
0.626371 0.153764 0.525795
0.635542 0.154577 0.595387
0.548186 0.157128 0.404124
0.457335 0.155724 0.376962
0.523329 0.155035 0.368004
0.412472 0.157185 0.396642
0.520953 0.154841 0.524765
0.574006 0.15686 0.549281
0.622904 0.155835 0.576314
0.388575 0.153529 0.638515
0.543084 0.155439 0.451515
0.432589 0.156644 0.593438
0.547693 0.156346 0.439722
0.450681 0.154509 0.627652
0.640491 0.152126 0.519867
0.389186 0.15 0.598894
0.576554 0.15 0.372925
0.596779 0.15 0.633209
0.509243 0.15 0.447424
0.517098 0.15 0.556238
0.441821 0.15 0.483552
0.490492 0.15 0.440539
0.626086 0.15 0.56749
0.58376 0.15 0.459629
0.469572 0.15 0.442389
0.620162 0.15 0.535711
0.379838 0.15 0.613039
0.352829 0.15 0.456745
0.400758 0.15 0.47458
0.466239 0.15 0.509764
0.600102 0.15 0.487095
0.439834 0.15 0.427218
0.51795 0.15 0.567985
0.55849 0.15 0.593345
0.535189 0.15 0.523983
0.503905 0.15 0.607289
0.371461 0.15 0.394688
0.611519 0.15 0.350018
0.572086 0.15 0.52954
0.627148 0.15 0.451837
0.393059 0.15 0.469984
0.547852 0.15 0.407204
0.643866 0.15 0.358863
0.481364 0.15 0.5341
0.397096 0.15 0.648828
0.508428 0.15 0.624438
0.624602 0.15 0.531545
0.482417 0.15 0.58267
0.369208 0.15 0.459839
0.450693 0.15 0.399294
0.611776 0.15 0.484376
