1368 0.012625
0.353648 0.21141 0.354234
0.406985 0.21119 0.324237
0.455095 0.208799 0.318279
0.499795 0.209809 0.319096
0.541538 0.210341 0.318715
0.591882 0.212927 0.325132
0.323773 0.215816 0.405395
0.382165 0.271187 0.380262
0.451105 0.2716 0.366151
0.49811 0.26894 0.364597
0.55545 0.272111 0.367861
0.622543 0.256183 0.381766
0.324154 0.197713 0.454377
0.364924 0.274076 0.450437
0.449581 0.281037 0.448288
0.499342 0.277307 0.445993
0.557988 0.282307 0.447767
0.637623 0.259405 0.45236
0.325743 0.209159 0.497943
0.365121 0.269465 0.498701
0.451826 0.278398 0.495647
0.500907 0.273512 0.496897
0.556823 0.279308 0.497788
0.642097 0.252871 0.500361
0.325972 0.214411 0.542622
0.368107 0.274948 0.557752
0.451329 0.284809 0.559591
0.498862 0.27951 0.557827
0.554737 0.284432 0.554117
0.641379 0.251751 0.548126
0.342322 0.207789 0.590472
0.374456 0.240058 0.629942
0.448464 0.250354 0.638662
0.500324 0.249134 0.635878
0.546412 0.262729 0.630532
0.620469 0.25358 0.611298
0.35554 0.249353 0.356662
0.341845 0.210966 0.597187
0.345759 0.262044 0.504404
0.552207 0.278557 0.49234
0.460991 0.279623 0.596371
0.550407 0.222153 0.313313
0.334691 0.224613 0.608583
0.352582 0.20932 0.611458
0.667842 0.196368 0.482104
0.472818 0.226157 0.309336
0.632306 0.214724 0.631148
0.616959 0.261719 0.603259
0.506046 0.27171 0.612285
0.496112 0.276103 0.519107
0.563249 0.278919 0.472792
0.667234 0.197992 0.466693
0.32063 0.230792 0.550389
0.36671 0.214818 0.336483
0.531015 0.241141 0.646006
0.361458 0.23328 0.628124
0.383749 0.267414 0.609709
0.444073 0.286177 0.562836
0.321152 0.225289 0.564113
0.51761 0.279422 0.566542
0.388934 0.20908 0.645283
0.663668 0.227628 0.562361
0.518831 0.276437 0.526102
0.452459 0.257236 0.630434
0.649666 0.240337 0.59488
0.46876 0.274171 0.49664
0.484275 0.224178 0.649439
0.655344 0.240448 0.57116
0.547249 0.277219 0.479373
0.659353 0.214751 0.588236
0.513269 0.243207 0.639833
0.320992 0.223824 0.406555
0.338601 0.237736 0.604161
0.33602 0.259005 0.437981
0.608049 0.27692 0.592377
0.639635 0.257641 0.441953
0.465122 0.275828 0.452329
0.548086 0.223476 0.313451
0.478717 0.250089 0.63421
0.469692 0.216199 0.655354
0.53816 0.277179 0.514016
0.508947 0.27358 0.496079
0.54762 0.214924 0.663386
0.580981 0.279588 0.398237
0.479465 0.268045 0.477707
0.623558 0.265362 0.520336
0.432258 0.286675 0.55398
0.37368 0.276185 0.552026
0.660134 0.240879 0.414251
0.392428 0.215813 0.651228
0.603125 0.282971 0.578188
0.476383 0.269855 0.462694
0.366714 0.246119 0.62042
0.5017 0.270647 0.477683
0.377293 0.277481 0.588855
0.593491 0.280168 0.415095
0.46512 0.277387 0.444776
0.324014 0.218764 0.531812
0.626066 0.262617 0.587915
0.356543 0.214008 0.627929
0.539161 0.205847 0.657747
0.671816 0.221308 0.466715
0.629855 0.259465 0.409278
0.521259 0.267749 0.617924
0.450231 0.271409 0.614438
0.320814 0.225394 0.558196
0.463826 0.274579 0.606316
0.625763 0.251064 0.608734
0.321338 0.242104 0.462456
0.325864 0.247442 0.463177
0.411312 0.236877 0.323984
0.660004 0.241626 0.45112
0.669831 0.230185 0.440255
0.535053 0.230532 0.316839
0.650423 0.249809 0.46143
0.642945 0.25072 0.57788
0.534405 0.279826 0.592969
0.341939 0.259835 0.468298
0.506058 0.263299 0.351603
0.612886 0.272173 0.524326
0.449233 0.266824 0.356233
0.656709 0.229321 0.368986
0.547569 0.277602 0.4976
0.372887 0.268569 0.602041
0.521086 0.25146 0.633754
0.328272 0.249272 0.495358
0.481421 0.276407 0.438044
0.669943 0.20572 0.478372
0.657629 0.237845 0.496243
0.513966 0.276797 0.535146
0.507126 0.2736 0.461574
0.59007 0.278519 0.471417
0.443135 0.229817 0.658726
0.350863 0.218022 0.351015
0.548349 0.280042 0.396238
0.540094 0.283664 0.424243
0.487149 0.245988 0.637309
0.466276 0.267003 0.362492
0.515891 0.273621 0.497094
0.643846 0.216563 0.364016
0.396464 0.226356 0.324017
0.667241 0.232774 0.455417
0.640745 0.217322 0.35638
0.448078 0.277679 0.464536
0.395446 0.205127 0.640338
0.325915 0.246674 0.486094
0.566113 0.279287 0.466402
0.670809 0.221155 0.45805
0.488495 0.275057 0.392042
0.520928 0.237463 0.321077
0.431975 0.228125 0.6626
0.436774 0.282099 0.520305
0.529628 0.224765 0.653495
0.6014 0.277488 0.431382
0.457216 0.278262 0.448619
0.581769 0.221277 0.667635
0.401792 0.246421 0.640106
0.332289 0.249603 0.54546
0.665982 0.199345 0.461844
0.385759 0.243259 0.632725
0.414173 0.280982 0.492013
0.35637 0.223156 0.341348
0.378504 0.219503 0.642962
0.49806 0.26981 0.480639
0.531382 0.272726 0.371929
0.521411 0.266992 0.617435
0.606157 0.224832 0.327516
0.579842 0.28028 0.513273
0.415059 0.280894 0.489542
0.320007 0.208626 0.481271
0.494147 0.278997 0.56796
0.364138 0.27345 0.569323
0.405825 0.286355 0.56676
0.590806 0.217901 0.661622
0.410782 0.27482 0.610655
0.47045 0.278589 0.423483
0.666175 0.201711 0.459129
0.568445 0.198002 0.663762
0.518784 0.279836 0.438348
0.583329 0.219848 0.666365
0.342704 0.259098 0.531684
0.335581 0.254106 0.511306
0.358745 0.270489 0.578843
0.666975 0.203505 0.464313
0.324998 0.221975 0.401423
0.505927 0.241728 0.324096
0.589981 0.2778 0.489676
0.597714 0.276478 0.468107
0.538169 0.255993 0.340129
0.462189 0.271766 0.376639
0.381241 0.273427 0.507581
0.634627 0.259249 0.437677
0.357477 0.266023 0.523497
0.415801 0.276147 0.374388
0.457262 0.272919 0.377098
0.405439 0.218923 0.657178
0.658723 0.229859 0.379631
0.322562 0.223178 0.527307
0.634965 0.256676 0.499671
0.321158 0.213479 0.491005
0.443532 0.247286 0.641348
0.528822 0.207401 0.651425
0.371161 0.275912 0.56942
0.56477 0.286174 0.5648
0.407928 0.231073 0.323121
0.346817 0.215331 0.609094
0.450481 0.267463 0.359549
0.563395 0.249275 0.331671
0.317982 0.22525 0.513916
0.434512 0.27821 0.605087
0.646032 0.219466 0.360562
0.631939 0.258009 0.508954
0.635461 0.253794 0.533151
0.544262 0.27936 0.540843
0.368133 0.270763 0.532927
0.431944 0.280065 0.494702
0.347016 0.261206 0.403072
0.341434 0.257352 0.538243
0.529228 0.222121 0.318449
0.322008 0.206862 0.464186
0.515476 0.249242 0.333069
0.490909 0.245669 0.328369
0.400728 0.220824 0.326198
0.391505 0.279018 0.400791
0.542029 0.281719 0.430452
0.653664 0.219956 0.376812
0.326583 0.219019 0.567641
0.652444 0.237213 0.538945
0.319642 0.216397 0.438878
0.469263 0.279644 0.573801
0.557767 0.221098 0.316613
0.412828 0.224298 0.320761
0.531133 0.275917 0.60084
0.662134 0.224054 0.398718
0.502417 0.245098 0.328127
0.520284 0.27187 0.498261
0.317994 0.226772 0.509557
0.552418 0.267996 0.362404
0.499599 0.273999 0.4516
0.548095 0.261783 0.6296
0.363925 0.269925 0.544091
0.320938 0.234509 0.426267
0.378687 0.274102 0.535944
0.403609 0.278335 0.495256
0.636908 0.257315 0.475837
0.610858 0.271437 0.513355
0.562724 0.281118 0.44485
0.392217 0.267552 0.61077
0.53767 0.233531 0.653442
0.499508 0.279189 0.42497
0.566807 0.24551 0.653204
0.584186 0.230037 0.319967
0.358714 0.224729 0.627132
0.402174 0.243876 0.334364
0.410151 0.286902 0.423982
0.40377 0.278619 0.392516
0.515173 0.276832 0.579697
0.488432 0.246344 0.330195
0.502349 0.222204 0.317766
0.512858 0.280292 0.419067
0.411973 0.277619 0.473848
0.331952 0.249765 0.50625
0.581065 0.284947 0.552503
0.595929 0.239282 0.330988
0.626374 0.2274 0.642437
0.566673 0.285547 0.565079
0.444721 0.283429 0.423542
0.467759 0.274335 0.445046
0.488814 0.273806 0.444744
0.34789 0.232543 0.352836
0.53259 0.222697 0.654651
0.607848 0.232277 0.332718
0.654557 0.204285 0.514228
0.602949 0.239811 0.646792
0.548954 0.276683 0.461993
0.646254 0.249079 0.476079
0.474579 0.21251 0.319505
0.38397 0.268 0.376592
0.474095 0.255621 0.625206
0.65693 0.207912 0.51603
0.532469 0.273159 0.517972
0.434099 0.276428 0.474045
0.332658 0.247369 0.548612
0.657578 0.228624 0.593413
0.455073 0.278193 0.399217
0.520475 0.263504 0.355558
0.516784 0.273227 0.602387
0.523423 0.276335 0.567356
0.331665 0.248592 0.489024
0.396478 0.271901 0.380558
0.572722 0.277796 0.522515
0.422582 0.282413 0.398721
0.343682 0.256886 0.552009
0.474535 0.248911 0.335186
0.658609 0.216003 0.520074
0.652302 0.219127 0.38228
0.428215 0.281534 0.53017
0.578038 0.276256 0.475747
0.51289 0.243784 0.63569
0.638718 0.25299 0.481037
0.632139 0.255277 0.547932
0.629755 0.257456 0.413817
0.552362 0.258715 0.347252
0.472353 0.264683 0.474351
0.399018 0.214391 0.644398
0.653287 0.204972 0.52771
0.450944 0.275622 0.501035
0.464226 0.239518 0.323447
0.576506 0.281333 0.415419
0.635374 0.238336 0.355587
0.640215 0.218693 0.359959
0.636846 0.249948 0.514755
0.458175 0.276776 0.525967
0.380155 0.271186 0.51616
0.419958 0.286772 0.416512
0.505918 0.207459 0.646126
0.471706 0.265435 0.476819
0.593141 0.273085 0.397692
0.58173 0.232881 0.662721
0.451724 0.236238 0.321215
0.375751 0.269161 0.501188
0.479444 0.25957 0.620116
0.397328 0.229631 0.329349
0.323863 0.238005 0.426468
0.36547 0.257781 0.369478
0.432431 0.281506 0.539351
0.449026 0.25548 0.626806
0.486163 0.220694 0.319528
0.345203 0.262679 0.432561
0.472502 0.250028 0.338566
0.440608 0.279069 0.528276
0.457793 0.264349 0.36174
0.655035 0.233739 0.561919
0.604662 0.254718 0.619268
0.407868 0.26453 0.61715
0.579262 0.260586 0.631694
0.579369 0.278122 0.455871
0.376704 0.277115 0.413674
0.426972 0.279055 0.458895
0.520902 0.274777 0.571054
0.656306 0.201784 0.505303
0.329751 0.245427 0.515154
0.485914 0.269084 0.454399
0.549693 0.277141 0.539242
0.55345 0.280088 0.430941
0.352471 0.22411 0.618933
0.383524 0.236316 0.338204
0.333393 0.231087 0.388523
0.524666 0.208645 0.647313
0.418183 0.277297 0.481927
0.5015 0.264884 0.475775
0.424679 0.234305 0.3239
0.385601 0.272371 0.525252
0.439276 0.245452 0.330934
0.39494 0.281878 0.413918
0.344016 0.243268 0.376465
0.628426 0.247062 0.604447
0.499858 0.272429 0.538358
0.648077 0.219413 0.613373
0.614878 0.241098 0.634519
0.377703 0.236916 0.342272
0.630316 0.255727 0.483884
0.348585 0.264749 0.426849
0.520823 0.211614 0.644902
0.403084 0.22685 0.330445
0.458379 0.259756 0.354599
0.471842 0.274136 0.552239
0.493917 0.265794 0.496421
0.583292 0.274686 0.491329
0.49881 0.264913 0.487996
0.480871 0.264463 0.492551
0.408986 0.274586 0.476169
0.319096 0.225035 0.469393
0.664017 0.22498 0.438062
0.654248 0.227988 0.589856
0.556824 0.272752 0.484266
0.386899 0.212295 0.634243
0.5199 0.237621 0.327537
0.385595 0.272118 0.461101
0.450692 0.221444 0.654667
0.461899 0.269379 0.492884
0.39014 0.27061 0.471229
0.323339 0.222423 0.424043
0.338831 0.251807 0.518681
0.390193 0.279116 0.411798
0.61671 0.257882 0.598375
0.660227 0.206036 0.493071
0.546911 0.271724 0.49668
0.639826 0.245227 0.506669
0.506087 0.273535 0.441662
0.531683 0.270683 0.38077
0.446923 0.272953 0.466016
0.337484 0.225345 0.592085
0.65213 0.234518 0.552933
0.654967 0.219233 0.401111
0.60026 0.273576 0.598427
0.350975 0.25867 0.553689
0.626777 0.254663 0.504151
0.52035 0.266509 0.519932
0.530017 0.204269 0.647737
0.546757 0.208308 0.65645
0.443347 0.268454 0.370783
0.616599 0.260203 0.407379
0.66105 0.23016 0.453602
0.582809 0.280127 0.544706
0.337206 0.250206 0.461061
0.418864 0.282989 0.557563
0.431331 0.27283 0.604908
0.65145 0.226247 0.383962
0.354204 0.239044 0.608202
0.439062 0.280432 0.554173
0.55842 0.272827 0.510412
0.60766 0.267436 0.521086
0.505781 0.268714 0.533342
0.606221 0.228416 0.646108
0.595302 0.22252 0.651286
0.345671 0.253575 0.39981
0.426804 0.277872 0.520881
0.456628 0.237452 0.641034
0.336424 0.242618 0.568764
0.359754 0.24071 0.611103
0.621194 0.258167 0.4101
0.581069 0.227254 0.661026
0.39958 0.235116 0.639934
0.544255 0.270777 0.466535
0.651456 0.223063 0.388544
0.448884 0.270488 0.481045
0.582769 0.278242 0.537458
0.619569 0.237544 0.347542
0.601614 0.27104 0.459091
0.524927 0.264471 0.47591
0.413442 0.278621 0.453789
0.351827 0.263326 0.432697
0.623612 0.253794 0.523962
0.366865 0.214112 0.611007
0.539983 0.19937 0.649869
0.414864 0.245045 0.63829
0.424281 0.274328 0.385352
0.415933 0.278973 0.59477
0.466588 0.257501 0.358882
0.567933 0.262882 0.623036
0.575695 0.278579 0.424238
0.368326 0.223243 0.621786
0.455056 0.261252 0.361842
0.624123 0.249501 0.596185
0.419854 0.278092 0.451893
0.544805 0.268601 0.500111
0.561173 0.2757 0.538497
0.483174 0.268249 0.395367
0.491669 0.263841 0.377393
0.523314 0.264198 0.510474
0.477952 0.214953 0.328002
0.593458 0.257057 0.620668
0.436443 0.276951 0.595894
0.554289 0.270778 0.508261
0.354695 0.222201 0.607296
0.323742 0.226801 0.466613
0.636246 0.24348 0.531639
0.545994 0.268638 0.470589
0.581359 0.276089 0.447355
0.47967 0.271603 0.41041
0.485824 0.225755 0.642329
0.334088 0.227012 0.564738
0.381606 0.230539 0.627827
0.56882 0.274035 0.459671
0.529754 0.216492 0.329221
0.375436 0.271571 0.571234
0.561307 0.24492 0.645851
0.38907 0.221114 0.631076
0.627023 0.234899 0.354036
0.546543 0.263587 0.369499
0.621977 0.250397 0.593848
0.420539 0.274347 0.500821
0.42161 0.274302 0.389149
0.529326 0.269422 0.598216
0.574035 0.272068 0.396027
0.463812 0.211839 0.649683
0.623694 0.255685 0.553258
0.593708 0.265049 0.608507
0.422033 0.275313 0.513705
0.599477 0.267615 0.497044
0.51726 0.268212 0.45035
0.415711 0.280484 0.588295
0.599738 0.235552 0.643005
0.433993 0.271495 0.60194
0.515175 0.249182 0.344921
0.569911 0.271216 0.468042
0.558329 0.269907 0.511646
0.568157 0.247227 0.642867
0.497448 0.261478 0.502504
0.62605 0.249792 0.516596
0.404013 0.269219 0.474862
0.447044 0.274088 0.596145
0.653933 0.213118 0.502748
0.644313 0.231229 0.5179
0.491393 0.260682 0.465174
0.392874 0.266786 0.472045
0.651441 0.218224 0.56733
0.481627 0.225373 0.326433
0.59005 0.234604 0.649451
0.471919 0.270649 0.559198
0.552554 0.259885 0.622679
0.333256 0.229322 0.521595
0.512707 0.262069 0.507621
0.358022 0.25491 0.510817
0.632273 0.243099 0.391121
0.355983 0.252449 0.487037
0.634138 0.239763 0.592508
0.613077 0.258841 0.488958
0.403724 0.272579 0.398946
0.329418 0.228876 0.453016
0.415858 0.229858 0.33569
0.465545 0.260054 0.373275
0.486066 0.262412 0.526331
0.528001 0.223433 0.331652
0.435388 0.238481 0.640329
0.547865 0.271671 0.401386
0.556522 0.25511 0.62763
0.531282 0.262788 0.524007
0.607299 0.227594 0.343184
0.655459 0.205486 0.480611
0.500623 0.265155 0.541791
0.474698 0.205018 0.648821
0.41496 0.273831 0.519786
0.492723 0.261227 0.519233
0.505881 0.267738 0.559534
0.38742 0.274002 0.41533
0.408525 0.272046 0.513207
0.423289 0.274578 0.454248
0.634055 0.228336 0.616172
0.562892 0.228078 0.328711
0.345131 0.220462 0.577957
0.33214 0.216412 0.439045
0.483497 0.261368 0.518535
0.369396 0.264803 0.448501
0.427731 0.273777 0.395083
0.420403 0.229194 0.647721
0.516865 0.259093 0.49599
0.521698 0.246598 0.62491
0.350911 0.240144 0.380105
0.374879 0.232604 0.613996
0.486501 0.234993 0.630522
0.484469 0.259106 0.519698
0.341981 0.22242 0.56468
0.441183 0.273857 0.430697
0.403583 0.271492 0.401497
0.56244 0.263634 0.613766
0.62922 0.241788 0.510327
0.386141 0.270311 0.567562
0.500153 0.264631 0.443854
0.649614 0.20862 0.49703
0.573988 0.261467 0.370441
0.359839 0.253653 0.512722
0.464217 0.261479 0.461186
0.643451 0.240776 0.421884
0.646014 0.213965 0.539749
0.471561 0.262934 0.395447
0.339028 0.241007 0.53219
0.490983 0.25525 0.468738
0.462299 0.243973 0.624765
0.486907 0.2425 0.343924
0.532633 0.245031 0.342888
0.575853 0.28184 0.5747
0.440957 0.25524 0.615635
0.608426 0.227491 0.346468
0.503949 0.240429 0.626636
0.46256 0.266534 0.536028
0.614381 0.250763 0.59525
0.641223 0.238746 0.461344
0.425609 0.227399 0.335326
0.581147 0.222638 0.649039
0.368389 0.265397 0.412182
0.51931 0.260426 0.53228
0.38575 0.221759 0.622096
0.349682 0.221558 0.580805
0.48472 0.252406 0.475121
0.357676 0.248841 0.49221
0.487768 0.211033 0.642491
0.612439 0.240393 0.612471
0.346235 0.234978 0.579895
0.610387 0.257407 0.413525
0.386055 0.267817 0.41018
0.37357 0.255271 0.469472
0.447441 0.264547 0.461555
0.403381 0.241014 0.62236
0.374392 0.266505 0.41552
0.605723 0.26325 0.547539
0.605593 0.258218 0.494961
0.335256 0.221923 0.437016
0.50541 0.231268 0.631464
0.442118 0.242778 0.342307
0.644507 0.218993 0.563712
0.361999 0.229926 0.603553
0.338935 0.226571 0.41254
0.41209 0.221731 0.632007
0.613651 0.240507 0.610765
0.378278 0.261822 0.589795
0.54766 0.271538 0.425056
0.335594 0.229789 0.470993
0.444018 0.216345 0.644409
0.619484 0.246695 0.5231
0.506451 0.265803 0.432186
0.419427 0.256718 0.358681
0.474579 0.264132 0.409264
0.552095 0.269347 0.404961
0.54328 0.26603 0.600818
0.512698 0.268508 0.419751
0.50632 0.25252 0.483934
0.475671 0.22271 0.638171
0.643586 0.212653 0.515119
0.524632 0.249481 0.353632
0.60274 0.227895 0.634143
0.360571 0.246748 0.487889
0.361146 0.254877 0.404421
0.61403 0.254822 0.432373
0.45864 0.257573 0.494521
0.460132 0.263632 0.541336
0.380311 0.26515 0.413869
0.40285 0.240045 0.618695
0.455537 0.222097 0.641425
0.537731 0.256985 0.519545
0.439718 0.264011 0.461647
0.600643 0.248216 0.371896
0.403482 0.26275 0.388302
0.458115 0.265986 0.429428
0.493349 0.248482 0.473311
0.409773 0.236211 0.627373
0.422132 0.274285 0.557916
0.459583 0.26245 0.399468
0.529322 0.231932 0.339969
0.45542 0.267919 0.417891
0.450854 0.270022 0.566974
0.352804 0.2496 0.45241
0.647559 0.215142 0.475281
0.567589 0.23307 0.647382
0.512934 0.245967 0.616084
0.57012 0.26996 0.540998
0.406763 0.26199 0.383082
0.366819 0.228687 0.601993
0.34062 0.221313 0.459341
0.463196 0.254338 0.481241
0.639188 0.226951 0.391632
0.542977 0.269248 0.41729
0.353334 0.245492 0.505018
0.487861 0.227932 0.631322
0.512819 0.248804 0.613027
0.590368 0.24601 0.620703
0.402674 0.228012 0.624754
0.388074 0.256163 0.388131
0.393732 0.260244 0.532786
0.494741 0.247309 0.495274
0.507051 0.256813 0.447397
0.462095 0.262316 0.43101
0.376854 0.262554 0.416832
0.508139 0.225296 0.630091
0.542998 0.224229 0.342053
0.433613 0.270756 0.561567
0.470855 0.252582 0.604101
0.5096 0.233879 0.34541
0.356204 0.244834 0.51608
0.424627 0.238439 0.632008
0.593615 0.259122 0.477884
0.590898 0.260236 0.401024
0.486842 0.199929 0.640695
0.392004 0.267158 0.578568
0.544887 0.219118 0.641627
0.491593 0.238084 0.351304
0.52736 0.262946 0.430935
0.343012 0.229673 0.462692
0.39426 0.261967 0.401491
0.604977 0.228585 0.625895
0.57724 0.261091 0.479506
0.629691 0.223877 0.375731
0.443671 0.228777 0.344269
0.456098 0.228907 0.344461
0.582741 0.261064 0.478634
0.38208 0.254756 0.525419
0.503971 0.2042 0.636272
0.348635 0.239879 0.51568
0.602528 0.253353 0.511944
0.390524 0.267193 0.421468
0.530812 0.259227 0.54697
0.548213 0.27001 0.582131
0.637613 0.213946 0.51901
0.367797 0.249907 0.580871
0.44078 0.253743 0.371515
0.366564 0.24971 0.567402
0.558616 0.257438 0.385393
0.464765 0.232768 0.624198
0.373622 0.259721 0.41958
0.592709 0.237649 0.620059
0.369976 0.244387 0.380524
0.616611 0.240649 0.586403
0.500495 0.259982 0.418941
0.432563 0.222721 0.63618
0.615433 0.216909 0.615954
0.381601 0.252131 0.531042
0.351294 0.233478 0.478351
0.479478 0.241139 0.477082
0.532595 0.259307 0.439059
0.346757 0.23368 0.455719
0.574423 0.253026 0.614557
0.519506 0.2269 0.625683
0.605338 0.250529 0.584506
0.643245 0.200753 0.475632
0.452775 0.234069 0.626639
0.405097 0.212212 0.617295
0.594057 0.221964 0.628965
0.425775 0.259996 0.477225
0.461439 0.23208 0.626129
0.513381 0.258508 0.407903
0.495835 0.243893 0.495256
0.624681 0.239224 0.563177
0.370251 0.226845 0.591895
0.489329 0.232865 0.620655
0.500412 0.247578 0.526186
0.613375 0.240899 0.508524
0.550412 0.254356 0.50356
0.502078 0.250198 0.534369
0.58208 0.267783 0.425214
0.373684 0.24371 0.46782
0.434602 0.260638 0.40694
0.515286 0.233591 0.352439
0.574281 0.259159 0.396714
0.610269 0.242629 0.584112
0.351472 0.244037 0.426735
0.453482 0.250158 0.491198
0.499699 0.22923 0.619881
0.607402 0.2267 0.36491
0.395008 0.255357 0.399909
0.360679 0.250356 0.418755
0.351151 0.228671 0.458859
0.35069 0.22814 0.456765
0.423816 0.236402 0.625598
0.580366 0.264259 0.438172
0.534417 0.246983 0.467713
0.548799 0.220353 0.636059
0.574945 0.255448 0.482193
0.441183 0.254384 0.496621
0.478597 0.237447 0.611861
0.552754 0.245526 0.361172
0.469711 0.240514 0.370429
0.475014 0.249486 0.540151
0.615638 0.239939 0.401287
0.426503 0.231604 0.352523
0.467235 0.250986 0.449005
0.472668 0.251371 0.54441
0.379067 0.216716 0.591999
0.552447 0.253289 0.524129
0.499523 0.247523 0.536537
0.407892 0.259554 0.403767
0.610408 0.239401 0.589992
0.539465 0.252574 0.602507
0.512984 0.25395 0.40427
0.397633 0.22549 0.608374
0.416795 0.268909 0.582742
0.411291 0.215375 0.617734
0.431986 0.259068 0.432641
0.357603 0.225313 0.46627
0.58789 0.255011 0.4084
0.485174 0.252416 0.584238
0.351165 0.224143 0.434976
0.558158 0.235201 0.356787
0.627184 0.224513 0.548892
0.62701 0.235218 0.4246
0.555573 0.234007 0.356323
0.625304 0.224085 0.474416
0.367906 0.239141 0.54922
0.612062 0.228598 0.372933
0.470118 0.239602 0.492448
0.3984 0.25037 0.3922
0.534797 0.24078 0.490412
0.474743 0.241518 0.52417
0.540963 0.208759 0.631032
0.626501 0.224744 0.394602
0.617217 0.228963 0.5909
0.480877 0.252698 0.58198
0.476172 0.248713 0.434971
0.567831 0.257779 0.453242
0.617668 0.238676 0.448151
0.391064 0.245333 0.517197
0.468834 0.253415 0.565301
0.433796 0.254883 0.395111
0.515047 0.24666 0.447813
0.498742 0.235764 0.491349
0.634634 0.20614 0.48586
0.619049 0.227841 0.481931
0.459478 0.244112 0.381567
0.498362 0.242545 0.384969
0.478582 0.239233 0.605045
0.549824 0.259741 0.418139
0.567039 0.254833 0.462886
0.391753 0.240052 0.520785
0.432152 0.25239 0.454938
0.496315 0.243508 0.547559
0.599698 0.247061 0.418187
0.62907 0.208909 0.546033
0.633789 0.222537 0.439993
0.409847 0.247317 0.518802
0.47499 0.23487 0.505338
0.627155 0.21569 0.475908
0.463124 0.221927 0.624129
0.564304 0.247124 0.515276
0.406285 0.242608 0.373264
0.590756 0.254425 0.561978
0.503908 0.21772 0.358242
0.49481 0.209376 0.627517
0.534659 0.237894 0.513368
0.367772 0.246744 0.431425
0.534671 0.237541 0.507404
0.538014 0.248229 0.543962
0.499299 0.22005 0.61814
0.401221 0.243054 0.483933
0.489193 0.230625 0.485152
0.397831 0.209523 0.607022
0.611739 0.228338 0.48267
0.372642 0.245724 0.411798
0.476158 0.238105 0.394746
0.381497 0.236177 0.51921
0.379296 0.240345 0.552266
0.443381 0.249057 0.457066
0.47961 0.247736 0.423994
0.51908 0.243684 0.549213
0.56856 0.250816 0.465056
0.458791 0.239815 0.473786
0.44559 0.24536 0.492636
0.442961 0.246302 0.496179
0.419436 0.242607 0.603452
0.396592 0.23548 0.504059
0.578664 0.250383 0.4048
0.444169 0.244886 0.398256
0.62557 0.215687 0.407947
0.372964 0.223595 0.484918
0.617569 0.231152 0.444638
0.443083 0.246881 0.53506
0.50402 0.225352 0.607152
0.564131 0.249674 0.403664
0.375117 0.221986 0.504314
0.621599 0.229271 0.441378
0.526223 0.232161 0.526621
0.405257 0.251296 0.579579
0.462524 0.228342 0.367058
0.397924 0.236756 0.476527
0.568962 0.249685 0.456127
0.410082 0.245755 0.535049
0.412147 0.241767 0.377699
0.47699 0.240757 0.551297
0.408344 0.252026 0.425632
0.600473 0.234142 0.529456
0.515931 0.215991 0.361078
0.622845 0.222703 0.409415
0.608508 0.229477 0.58579
0.535043 0.231141 0.478279
0.627836 0.203657 0.495853
0.510228 0.233781 0.532442
0.500422 0.239508 0.403922
0.631457 0.215824 0.449267
0.53732 0.232882 0.488288
0.374286 0.218827 0.525087
0.374811 0.21893 0.522958
0.5014 0.231683 0.461768
0.544563 0.236962 0.509253
0.440025 0.253617 0.556527
0.383096 0.23867 0.57129
0.40043 0.230919 0.585552
0.459213 0.230532 0.602548
0.520532 0.237959 0.432593
0.399389 0.23115 0.374909
0.511084 0.235708 0.438721
0.612953 0.228607 0.446312
0.622044 0.2198 0.41695
0.420536 0.241687 0.475391
0.513216 0.235972 0.55091
0.376686 0.237388 0.44011
0.434305 0.250961 0.557512
0.387564 0.226998 0.578701
0.529794 0.238881 0.403674
0.626778 0.196504 0.508764
0.484531 0.218251 0.369301
0.574954 0.224374 0.618511
0.525407 0.221839 0.482153
0.537334 0.224024 0.366314
0.493255 0.230915 0.39477
0.455061 0.23263 0.49497
0.588149 0.243611 0.415471
0.544616 0.231989 0.471897
0.507245 0.229862 0.53412
0.368076 0.230776 0.414639
0.445364 0.239094 0.39399
0.503605 0.220456 0.481798
0.409923 0.246623 0.429428
0.468352 0.238315 0.416792
0.60091 0.229654 0.467184
0.480805 0.216219 0.612867
0.551057 0.242162 0.451044
0.598206 0.230232 0.529509
0.581171 0.227167 0.372129
0.432009 0.219731 0.620258
0.54795 0.23889 0.533046
0.499887 0.230786 0.389417
0.403739 0.227051 0.488022
0.460483 0.209721 0.622119
0.388765 0.217907 0.508522
0.412402 0.231823 0.37744
0.384515 0.23698 0.425787
0.595828 0.232469 0.451407
0.473201 0.232661 0.551839
0.53621 0.237865 0.430624
0.51355 0.216269 0.600446
0.546273 0.239404 0.411438
0.405065 0.213643 0.597637
0.394815 0.23827 0.421681
0.505079 0.223058 0.595414
0.410205 0.235216 0.388091
0.56721 0.237112 0.596543
0.582551 0.229856 0.383071
0.450371 0.229954 0.381089
0.530037 0.221064 0.515255
0.41098 0.237935 0.548094
0.595033 0.22194 0.500784
0.508911 0.225024 0.593222
0.55455 0.230146 0.510864
0.599665 0.228441 0.45569
0.368242 0.214904 0.449891
0.423258 0.24211 0.5425
0.503356 0.22548 0.593232
0.379306 0.213979 0.538125
0.611779 0.209684 0.519639
0.533796 0.238071 0.426415
0.597966 0.22821 0.541665
0.480422 0.220167 0.513532
0.441562 0.230171 0.600522
0.543716 0.234098 0.451859
0.396027 0.223304 0.526118
0.449014 0.217779 0.616342
0.624699 0.199335 0.535634
0.402542 0.23114 0.405641
0.484268 0.208333 0.478935
0.538326 0.235625 0.579203
0.457154 0.224584 0.59435
0.398996 0.223989 0.575207
0.590842 0.228476 0.452521
0.558965 0.237116 0.547445
0.369927 0.208539 0.449476
0.431658 0.220636 0.369887
0.582396 0.22614 0.516043
0.566831 0.23361 0.591727
0.387821 0.211148 0.520462
0.4836 0.212665 0.504059
0.48367 0.216913 0.389941
0.476216 0.22047 0.404213
0.374162 0.212617 0.46058
0.411139 0.223835 0.529097
0.551543 0.22249 0.495187
0.451887 0.222458 0.507096
0.408867 0.22937 0.388201
0.49867 0.2134 0.598744
0.609401 0.21235 0.461717
0.371466 0.208712 0.458005
0.422258 0.232215 0.585373
0.491608 0.215936 0.381045
0.525058 0.229583 0.560808
0.439726 0.231234 0.58972
0.533432 0.225212 0.539621
0.482826 0.212115 0.468055
0.48218 0.214009 0.512649
0.571562 0.230067 0.595911
0.613251 0.203836 0.602104
0.471346 0.22002 0.527538
0.414167 0.224824 0.490084
0.404074 0.229227 0.573288
0.581772 0.232455 0.457079
0.406803 0.222178 0.55185
0.483629 0.205046 0.496241
0.410078 0.226098 0.405054
0.468666 0.21172 0.599999
0.529981 0.226992 0.567107
0.575914 0.228292 0.455965
0.416596 0.22759 0.441963
0.487761 0.214557 0.400231
0.424457 0.231155 0.422996
0.483328 0.20469 0.494073
0.525694 0.217463 0.38295
0.39971 0.193642 0.609056
0.456693 0.224438 0.434839
0.521006 0.208522 0.52595
0.557154 0.205803 0.616395
0.380738 0.2053 0.480073
0.581089 0.227724 0.44974
0.534669 0.218033 0.380121
0.618664 0.203323 0.414596
0.536518 0.222905 0.39691
0.434885 0.219868 0.511731
0.617934 0.193976 0.498629
0.461492 0.193973 0.624942
0.42353 0.214535 0.371896
0.481138 0.213041 0.531237
0.529999 0.222981 0.409184
0.39707 0.219189 0.456387
0.424323 0.226219 0.388509
0.424751 0.230837 0.432069
0.596272 0.210035 0.468879
0.504763 0.219803 0.413917
0.472047 0.221159 0.42143
0.428685 0.220178 0.596064
0.374509 0.212436 0.41295
0.547917 0.225911 0.39803
0.448439 0.222574 0.588991
0.411495 0.212484 0.535511
0.619921 0.193211 0.458893
0.609157 0.195569 0.511465
0.499531 0.213912 0.579177
0.543659 0.206916 0.499669
0.557481 0.217097 0.457601
0.44769 0.215917 0.456032
0.518873 0.196586 0.487334
0.386323 0.187556 0.601985
0.396377 0.216745 0.403519
0.57389 0.227332 0.552176
0.51676 0.1986 0.506902
0.540719 0.214525 0.450247
0.476423 0.208053 0.533588
0.481854 0.195747 0.48098
0.406371 0.220427 0.420224
0.602585 0.207058 0.543478
0.421476 0.21165 0.510847
0.556151 0.224148 0.414383
0.463894 0.203859 0.475046
0.600101 0.213155 0.561797
0.396611 0.214711 0.390725
0.434852 0.221785 0.411894
0.440142 0.214683 0.481448
0.617256 0.194718 0.593809
0.428439 0.215247 0.496093
0.515033 0.199341 0.468027
0.522081 0.198213 0.502395
0.597155 0.214314 0.424027
0.40929 0.20777 0.515898
0.605834 0.206665 0.403722
0.534853 0.202199 0.48812
0.4714 0.209269 0.592335
0.478138 0.214476 0.425261
0.551405 0.215123 0.458063
0.420752 0.221342 0.554683
0.40454 0.209941 0.444145
0.619238 0.183947 0.474692
0.472008 0.200091 0.597273
0.510489 0.203345 0.580008
0.435952 0.208601 0.483154
0.543003 0.204617 0.458948
0.548633 0.20582 0.591842
0.378529 0.199277 0.446706
0.380719 0.203441 0.41357
0.545769 0.1981 0.375989
0.530931 0.191003 0.60484
0.524212 0.194304 0.593492
0.514176 0.189143 0.37474
0.509714 0.206768 0.41876
0.567862 0.215642 0.448555
0.409402 0.211348 0.442996
0.520187 0.197973 0.455362
0.402116 0.210663 0.40747
0.48219 0.208074 0.559463
0.593224 0.194385 0.484979
0.53178 0.193744 0.485983
0.404363 0.211655 0.435863
0.513125 0.205646 0.575968
0.439258 0.205336 0.516088
0.609527 0.189027 0.493855
0.431444 0.206365 0.596982
0.477875 0.203801 0.587795
0.414486 0.197779 0.599795
0.539059 0.203577 0.381658
0.514403 0.191776 0.469738
0.533594 0.197418 0.467564
0.394324 0.20173 0.544834
0.427126 0.215102 0.409101
0.447527 0.210218 0.584586
0.45686 0.202286 0.522796
0.53576 0.205672 0.449566
0.411143 0.194424 0.588554
0.618735 0.179584 0.490968
0.585346 0.206166 0.428043
0.521661 0.192937 0.582155
0.565716 0.197564 0.472313
0.531169 0.191921 0.46066
0.415491 0.198863 0.48109
0.493253 0.195311 0.397599
0.379387 0.19191 0.454687
0.45689 0.194946 0.600625
0.491076 0.196776 0.407336
0.53539 0.201765 0.437012
0.49453 0.197678 0.553181
0.547064 0.204694 0.549329
0.406797 0.203046 0.405909
0.413964 0.200598 0.464666
0.442849 0.190307 0.614313
0.393863 0.195028 0.537599
0.404113 0.199678 0.456765
0.481283 0.18432 0.489204
0.465565 0.19962 0.408538
0.419461 0.200145 0.476426
0.597337 0.187712 0.490887
0.432728 0.206345 0.55274
0.585685 0.201858 0.39019
0.431813 0.205802 0.452399
0.437752 0.205417 0.448043
0.540013 0.195767 0.458424
0.492883 0.189385 0.601646
0.378042 0.193599 0.423606
0.468708 0.195135 0.532979
0.493563 0.181763 0.619474
0.379998 0.188976 0.478462
0.415361 0.198286 0.495323
0.591172 0.195071 0.59324
0.41387 0.198342 0.580793
0.408608 0.190533 0.493301
0.619206 0.176002 0.509558
0.454932 0.187087 0.499461
0.533393 0.18722 0.586988
0.454303 0.191352 0.452698
0.519968 0.180933 0.462876
0.520239 0.168519 0.624326
0.606632 0.184906 0.602623
0.381793 0.184868 0.49527
0.60675 0.188465 0.571462
0.450871 0.191964 0.454356
0.547946 0.189396 0.523973
0.471142 0.179636 0.480066
0.588209 0.195628 0.438129
0.495676 0.176188 0.62129
0.416382 0.191822 0.486857
0.61615 0.178232 0.52164
0.374693 0.183355 0.434118
0.572478 0.189615 0.602811
0.618615 0.176077 0.497906
0.39847 0.188351 0.573658
0.431603 0.192214 0.520502
0.429214 0.197761 0.403354
0.427177 0.193174 0.588622
0.57829 0.194483 0.530386
0.43883 0.197211 0.554276
0.401641 0.190694 0.560889
0.431677 0.19792 0.556376
0.443166 0.198111 0.56221
0.495735 0.173937 0.624082
0.392389 0.18113 0.600064
0.594956 0.194311 0.428576
0.58946 0.192915 0.549913
0.375053 0.183032 0.415632
0.493868 0.191052 0.419496
0.526421 0.178624 0.474903
0.40545 0.185875 0.398863
0.619104 0.173174 0.530452
0.565595 0.189454 0.579895
0.545787 0.181513 0.593232
0.59078 0.18666 0.440023
0.508722 0.173748 0.466323
0.374591 0.175538 0.508265
0.471484 0.186098 0.560752
0.383802 0.179558 0.543555
0.512413 0.179675 0.548242
0.409344 0.183986 0.501834
0.557269 0.176865 0.616234
0.444689 0.187846 0.408153
0.374174 0.174119 0.56519
0.581251 0.188637 0.573531
0.417885 0.184727 0.511199
0.528842 0.185006 0.428687
0.617771 0.177959 0.571855
0.499712 0.173696 0.5024
0.498623 0.174047 0.505605
0.577233 0.182541 0.500111
0.438852 0.190241 0.567801
0.509604 0.182925 0.569685
0.419556 0.181698 0.374165
0.561844 0.194117 0.427838
0.438102 0.188792 0.406659
0.612183 0.181342 0.431993
0.562284 0.192589 0.411419
0.386212 0.181053 0.526041
0.61083 0.180958 0.566318
0.570235 0.194705 0.423773
0.448142 0.181493 0.484923
0.549455 0.168676 0.626947
0.590604 0.186065 0.573758
0.386896 0.181214 0.488401
0.396961 0.173995 0.616886
0.406013 0.177403 0.551389
0.618026 0.171125 0.552217
0.430334 0.181282 0.408182
0.558837 0.175446 0.600932
0.47401 0.176544 0.419506
0.496428 0.167087 0.46983
0.484324 0.174738 0.395043
0.587296 0.174198 0.514504
0.379412 0.170492 0.59383
0.415469 0.177492 0.520715
0.62213 0.169846 0.557494
0.569245 0.180996 0.452955
0.420085 0.177058 0.58895
0.410931 0.178837 0.447434
0.422197 0.178648 0.535997
0.417421 0.178289 0.5377
0.447409 0.177105 0.592909
0.610053 0.17207 0.460113
0.418823 0.180107 0.397997
0.37624 0.17201 0.512447
0.506082 0.175358 0.417447
0.443757 0.171564 0.61938
0.594855 0.171645 0.482521
0.412968 0.179679 0.412608
0.546985 0.178899 0.57227
0.442588 0.176212 0.509762
0.571972 0.180568 0.546526
0.447841 0.175241 0.510981
0.587653 0.173215 0.49463
0.47494 0.170172 0.514185
0.497519 0.16702 0.489447
0.551373 0.178104 0.550362
0.505263 0.173383 0.441787
0.560058 0.174227 0.487932
0.538896 0.177501 0.56491
0.520191 0.168146 0.503955
0.399379 0.170021 0.462651
0.375646 0.167221 0.412518
0.595619 0.167212 0.470582
0.612728 0.167455 0.558252
0.476044 0.170043 0.586408
0.493779 0.162109 0.470076
0.577414 0.174711 0.39671
0.417409 0.171003 0.529846
0.549379 0.159548 0.634289
0.439637 0.168228 0.370686
0.543729 0.168429 0.543495
0.549478 0.170943 0.563122
0.385255 0.169388 0.505793
0.488774 0.165985 0.447328
0.578798 0.170073 0.603225
0.459624 0.165588 0.622084
0.404615 0.170152 0.479851
0.635443 0.16113 0.434708
0.448226 0.166203 0.620665
0.448397 0.171253 0.394841
0.493234 0.169058 0.424371
0.493848 0.168892 0.557242
0.368154 0.163746 0.488088
0.45973 0.171469 0.562293
0.621008 0.168487 0.410069
0.463393 0.164391 0.482403
0.369911 0.163664 0.596595
0.37263 0.165719 0.531927
0.532251 0.166426 0.536452
0.619328 0.164095 0.481628
0.603 0.169579 0.576134
0.476708 0.171093 0.566665
0.425845 0.17132 0.527204
0.580284 0.172669 0.447081
0.497117 0.165813 0.533434
0.470858 0.169269 0.410169
0.395636 0.158584 0.631539
0.37061 0.160487 0.430169
0.452399 0.163862 0.557232
0.62926 0.159136 0.566051
0.624915 0.160524 0.570361
0.479623 0.157282 0.473677
0.425413 0.164594 0.545721
0.536451 0.15881 0.482419
0.550222 0.16487 0.411869
0.608595 0.16241 0.617876
0.498215 0.160949 0.601075
0.562409 0.165598 0.388128
0.633133 0.158736 0.427885
0.530693 0.160988 0.593004
0.405785 0.163652 0.564029
0.461042 0.160426 0.371206
0.587765 0.165427 0.379273
0.625208 0.160846 0.588229
0.360935 0.157644 0.509574
0.594404 0.165395 0.400803
0.41634 0.162189 0.611328
0.504608 0.159997 0.609637
0.456721 0.16307 0.393645
0.451789 0.162174 0.60526
0.606673 0.162426 0.566601
0.466688 0.162403 0.597608
0.600351 0.162604 0.452322
0.517353 0.158722 0.369049
0.474616 0.158393 0.498713
0.470646 0.162718 0.424396
0.527666 0.160993 0.377305
0.589941 0.157899 0.637933
0.37224 0.160118 0.608909
0.547012 0.159228 0.625117
0.381023 0.161487 0.614603
0.602551 0.16235 0.560541
0.393469 0.156733 0.522781
0.364776 0.154702 0.449728
0.582254 0.155923 0.363866
0.359121 0.154425 0.573034
0.49838 0.155875 0.554429
0.46456 0.154367 0.477415
0.545667 0.157059 0.4197
0.38022 0.156661 0.430718
0.552642 0.155601 0.461796
0.501172 0.155755 0.592384
0.449912 0.155946 0.372726
0.576647 0.155934 0.485966
0.6099 0.155056 0.631704
0.575625 0.156689 0.462603
0.502312 0.154606 0.522484
0.461956 0.156113 0.395285
0.499073 0.155986 0.55726
0.616096 0.155596 0.463356
0.554829 0.157299 0.393554
0.465744 0.156114 0.405774
0.62103 0.154154 0.52557
0.516299 0.155561 0.375885
0.549008 0.156579 0.578126
0.444935 0.154829 0.362285
0.594124 0.156801 0.447783
0.469525 0.156139 0.430451
0.559318 0.156716 0.582852
0.385521 0.15622 0.481759
0.41307 0.15703 0.459394
0.601691 0.155434 0.362362
0.445751 0.156283 0.451943
0.421946 0.156914 0.42597
0.607068 0.157197 0.407534
0.50955 0.15487 0.529044
0.546883 0.157079 0.413688
0.457934 0.156208 0.435223
0.388829 0.15 0.618038
0.413933 0.15 0.42925
0.363578 0.15 0.501808
0.467301 0.15 0.469022
0.503081 0.15 0.631689
0.458072 0.15 0.478709
0.458237 0.15 0.422704
0.58798 0.15 0.462668
0.637448 0.15 0.535372
0.568442 0.15 0.557895
0.566016 0.15 0.63493
0.530264 0.15 0.442389
0.548502 0.15 0.441784
0.459729 0.15 0.464509
0.568378 0.15 0.370188
0.570411 0.15 0.564945
0.409319 0.15 0.60164
0.37006 0.15 0.413485
0.632641 0.15 0.590278
0.632128 0.15 0.432244
0.595021 0.15 0.547
0.63092 0.15 0.527242
0.64122 0.15 0.599068
0.550241 0.15 0.400346
0.455783 0.15 0.372211
0.524505 0.15 0.36333
0.408467 0.15 0.392161
0.521877 0.15 0.525924
0.577461 0.15 0.552228
0.628777 0.15 0.579795
0.384965 0.15 0.644058
0.545132 0.15 0.450272
0.429525 0.15 0.598418
0.549765 0.15 0.437783
0.449283 0.15 0.63265
0.64523 0.15 0.520751
