3204 0.012625
0.369316 0.432872 0.377425
0.459362 0.391758 0.330006
0.482273 0.292569 0.340586
0.489926 0.297894 0.351764
0.494571 0.344277 0.347435
0.531197 0.40515 0.328681
0.331302 0.411475 0.453829
0.415047 0.396442 0.406748
0.445245 0.304697 0.332309
0.498604 0.238081 0.303804
0.538664 0.330105 0.351165
0.589299 0.432601 0.402963
0.317288 0.370767 0.475735
0.331906 0.280044 0.447747
0.339444 0.459194 0.328478
0.514735 0.50705 0.291476
0.686601 0.419837 0.35765
0.657977 0.270051 0.457912
0.335622 0.3309 0.481483
0.3122 0.259822 0.500929
0.327086 0.53843 0.509863
0.529305 0.564349 0.508061
0.726806 0.451617 0.51937
0.66996 0.20061 0.497666
0.337753 0.379924 0.492441
0.368371 0.350372 0.52812
0.37199 0.360707 0.664837
0.502041 0.420435 0.735635
0.641401 0.3613 0.645341
0.647583 0.251992 0.522597
0.35788 0.421462 0.558442
0.412849 0.454176 0.591413
0.465016 0.321765 0.643322
0.493633 0.228305 0.671915
0.530084 0.258993 0.654574
0.568787 0.411099 0.561315
0.397325 0.451503 0.399075
0.35807 0.427272 0.557982
0.32148 0.223218 0.498111
0.711849 0.475368 0.501293
0.427223 0.308728 0.65959
0.498199 0.310076 0.36182
0.363392 0.437771 0.532964
0.364405 0.435933 0.576337
0.666838 0.346537 0.491771
0.48243 0.248016 0.371545
0.592224 0.421228 0.592105
0.57637 0.364916 0.555317
0.507064 0.249754 0.700374
0.518305 0.556633 0.597179
0.733024 0.412905 0.431618
0.67362 0.364337 0.484607
0.354366 0.302567 0.496103
0.403971 0.437522 0.355262
0.50857 0.2448 0.652985
0.401268 0.460751 0.582452
0.423031 0.39545 0.560812
0.363932 0.348341 0.649042
0.352086 0.35161 0.493535
0.559504 0.368204 0.725276
0.398109 0.420529 0.621535
0.635421 0.323444 0.510402
0.600258 0.511097 0.63428
0.459887 0.293569 0.646732
0.613403 0.393033 0.53714
0.419851 0.569633 0.508513
0.488288 0.258233 0.647194
0.634356 0.344985 0.520654
0.68589 0.50492 0.45632
0.63228 0.40298 0.537638
0.500833 0.233066 0.663176
0.341287 0.3907 0.459029
0.370486 0.431951 0.526286
0.338429 0.267497 0.460947
0.588995 0.329751 0.567832
0.647652 0.291537 0.457985
0.392552 0.508687 0.327754
0.49876 0.300542 0.363
0.477768 0.234183 0.674404
0.485336 0.300335 0.649355
0.667919 0.490147 0.582021
0.553178 0.563656 0.505355
0.511774 0.3614 0.649266
0.5769 0.335346 0.397484
0.457129 0.568617 0.432242
0.681656 0.224276 0.52537
0.345621 0.338563 0.623857
0.365315 0.35563 0.529897
0.635404 0.339551 0.46504
0.408142 0.428476 0.626569
0.607871 0.311476 0.575527
0.436159 0.55184 0.365799
0.408431 0.455833 0.573085
0.530383 0.565261 0.433999
0.397182 0.343057 0.552492
0.601845 0.327591 0.408181
0.392152 0.475418 0.300172
0.343035 0.343294 0.486458
0.603914 0.334467 0.548473
0.374625 0.450576 0.591398
0.510507 0.354555 0.656821
0.657784 0.253246 0.477921
0.613811 0.407945 0.434229
0.525001 0.239991 0.690354
0.445019 0.325466 0.628671
0.352359 0.338431 0.492634
0.438491 0.294666 0.661829
0.575993 0.409513 0.556844
0.351663 0.200957 0.472907
0.343623 0.193502 0.470509
0.465051 0.334262 0.341615
0.65212 0.23585 0.466122
0.646196 0.261298 0.471019
0.500547 0.25658 0.361485
0.663297 0.227739 0.465105
0.624474 0.343954 0.530244
0.559781 0.294288 0.668146
0.319633 0.203428 0.465221
0.503916 0.217175 0.317263
0.676271 0.259546 0.533896
0.453872 0.282789 0.331441
0.60695 0.451866 0.420176
0.696284 0.489354 0.519416
0.408937 0.379589 0.54948
0.51055 0.224031 0.67385
0.339835 0.18951 0.489856
0.444432 0.463376 0.268554
0.664678 0.304912 0.487055
0.649695 0.205756 0.490707
0.578792 0.494774 0.665556
0.54126 0.549756 0.36976
0.706499 0.291758 0.44555
0.467514 0.377214 0.649593
0.375058 0.442064 0.379665
0.571147 0.298447 0.338879
0.600378 0.354621 0.305156
0.484957 0.230581 0.669975
0.458896 0.252926 0.312747
0.577345 0.56203 0.509573
0.605613 0.447797 0.384436
0.459993 0.392719 0.339281
0.649082 0.237086 0.471041
0.59647 0.451024 0.376754
0.317902 0.498674 0.382109
0.39891 0.41081 0.61962
0.342449 0.182348 0.484084
0.725892 0.391282 0.41684
0.657393 0.269323 0.476507
0.481763 0.294861 0.269382
0.499679 0.225171 0.355316
0.454598 0.405118 0.64688
0.281185 0.413829 0.586742
0.504514 0.298927 0.640427
0.628481 0.311827 0.4173
0.364829 0.479278 0.32094
0.524636 0.391711 0.644705
0.437142 0.426602 0.603602
0.347358 0.279981 0.505765
0.674259 0.36834 0.481389
0.421599 0.444776 0.596017
0.262287 0.339024 0.507361
0.394953 0.447105 0.369542
0.402627 0.43861 0.612587
0.519692 0.567379 0.445219
0.529859 0.285972 0.321322
0.52508 0.240549 0.689948
0.534519 0.415158 0.341584
0.724839 0.325989 0.544686
0.258323 0.34652 0.499223
0.339077 0.303833 0.48009
0.485947 0.366709 0.74058
0.374538 0.335832 0.530787
0.374483 0.309648 0.573433
0.533656 0.395871 0.642935
0.426516 0.375275 0.582869
0.41658 0.375915 0.276682
0.672527 0.365503 0.479928
0.530746 0.381425 0.666048
0.569807 0.432286 0.275514
0.526546 0.392457 0.645672
0.338887 0.260951 0.509206
0.333976 0.215447 0.498118
0.378326 0.339166 0.529209
0.670344 0.348475 0.482417
0.33736 0.411116 0.452611
0.49522 0.208922 0.349909
0.720571 0.285676 0.485585
0.691612 0.2869 0.447126
0.514144 0.265626 0.335043
0.444678 0.2968 0.317527
0.314632 0.29365 0.513204
0.640008 0.317889 0.455752
0.33352 0.274117 0.51251
0.431103 0.350904 0.378623
0.439823 0.308497 0.323775
0.4209 0.425608 0.635176
0.618708 0.443481 0.431028
0.348038 0.3053 0.488453
0.678148 0.209619 0.498542
0.342619 0.289123 0.482828
0.462636 0.351262 0.638212
0.506443 0.33407 0.654455
0.379449 0.346573 0.535235
0.621931 0.328194 0.625214
0.464517 0.348475 0.340633
0.3631 0.438652 0.562809
0.451886 0.288666 0.331156
0.51111 0.319365 0.34227
0.355465 0.269756 0.488848
0.423443 0.326315 0.613778
0.602235 0.452511 0.389509
0.678682 0.208862 0.508877
0.661923 0.223644 0.524039
0.650636 0.408489 0.646516
0.342785 0.316869 0.521787
0.257151 0.422721 0.511589
0.378858 0.359958 0.447034
0.342747 0.27268 0.509914
0.496774 0.274239 0.361689
0.333506 0.316211 0.476368
0.502697 0.206946 0.33868
0.488213 0.196843 0.341275
0.457906 0.396391 0.335241
0.400525 0.347687 0.412122
0.611734 0.374882 0.302668
0.620145 0.449156 0.411622
0.343109 0.391258 0.504517
0.641017 0.241297 0.508691
0.339608 0.326121 0.471237
0.420405 0.337169 0.697939
0.498838 0.331286 0.353493
0.467479 0.341801 0.337437
0.546571 0.284313 0.672836
0.640248 0.419545 0.456344
0.494485 0.202389 0.343854
0.595433 0.557674 0.515876
0.357337 0.257471 0.488726
0.532143 0.330649 0.344798
0.515702 0.531179 0.319131
0.530234 0.265459 0.651581
0.351263 0.317825 0.522614
0.346097 0.291452 0.469036
0.346306 0.325372 0.530632
0.278964 0.302413 0.510754
0.680175 0.223101 0.471637
0.687445 0.259307 0.523096
0.683782 0.387736 0.361398
0.426767 0.392535 0.567519
0.508107 0.278517 0.642073
0.505996 0.396576 0.251417
0.520433 0.320177 0.638367
0.50969 0.365777 0.347455
0.389195 0.458579 0.584314
0.455021 0.388537 0.348199
0.379059 0.34467 0.401311
0.411055 0.342551 0.397887
0.545163 0.314562 0.714511
0.486811 0.195268 0.338463
0.491464 0.253682 0.362829
0.544978 0.36361 0.257646
0.276474 0.337932 0.444741
0.338976 0.202972 0.494927
0.644514 0.321504 0.590835
0.521994 0.389028 0.345656
0.56961 0.433701 0.593519
0.619804 0.327445 0.620403
0.372297 0.351984 0.321995
0.400845 0.478607 0.298075
0.475805 0.501004 0.282671
0.381104 0.454669 0.392008
0.505744 0.312425 0.641694
0.534129 0.412739 0.348137
0.653641 0.283703 0.497687
0.539211 0.402033 0.611066
0.679617 0.493253 0.396944
0.67225 0.214287 0.475171
0.485424 0.262738 0.353022
0.415822 0.408627 0.402292
0.468001 0.246467 0.677491
0.649542 0.279745 0.496414
0.651159 0.495295 0.599649
0.270811 0.433738 0.430163
0.348014 0.29372 0.504646
0.623222 0.400878 0.534232
0.415268 0.338342 0.325386
0.515185 0.236697 0.322656
0.529711 0.267303 0.696046
0.571672 0.356057 0.714502
0.334449 0.184531 0.485709
0.419924 0.38799 0.397314
0.703324 0.340751 0.573976
0.404704 0.322566 0.379057
0.350223 0.312365 0.511861
0.477798 0.195511 0.329523
0.637463 0.264402 0.494578
0.624124 0.446939 0.416344
0.308304 0.367876 0.594545
0.72864 0.325999 0.448076
0.501397 0.233527 0.667932
0.679093 0.217667 0.478392
0.647543 0.258699 0.528493
0.618258 0.402673 0.437866
0.520801 0.322193 0.338843
0.429612 0.565512 0.415864
0.407376 0.42011 0.623944
0.64739 0.284015 0.499907
0.318014 0.531993 0.531008
0.476056 0.21449 0.345272
0.609151 0.319308 0.380088
0.579228 0.449149 0.395832
0.597625 0.449865 0.379465
0.667905 0.201438 0.510394
0.350865 0.510406 0.625675
0.324675 0.309548 0.520451
0.381438 0.33766 0.380611
0.498622 0.322394 0.654919
0.428541 0.566631 0.425731
0.581258 0.380018 0.405021
0.523055 0.376624 0.63523
0.47433 0.234809 0.345198
0.312771 0.286632 0.504723
0.468187 0.242939 0.686578
0.456057 0.399317 0.340197
0.344567 0.290069 0.467961
0.407144 0.431511 0.4092
0.321893 0.364017 0.613971
0.457999 0.311494 0.638001
0.487164 0.246867 0.35951
0.346216 0.296104 0.455057
0.476476 0.200744 0.324664
0.296961 0.41774 0.612758
0.455039 0.273492 0.322997
0.6383 0.321672 0.515035
0.552806 0.386155 0.575228
0.433237 0.395339 0.58249
0.541174 0.328114 0.611145
0.699914 0.331071 0.412035
0.38369 0.347105 0.431657
0.287872 0.381814 0.39445
0.562413 0.338859 0.718027
0.658124 0.294975 0.496736
0.344319 0.220987 0.496573
0.467148 0.539572 0.329288
0.663024 0.396113 0.634426
0.630273 0.364579 0.330926
0.379619 0.451124 0.568316
0.432032 0.433807 0.356396
0.354393 0.433964 0.43705
0.504766 0.322383 0.654087
0.250894 0.367804 0.469277
0.530419 0.563832 0.426771
0.471 0.299502 0.33806
0.330633 0.308022 0.532188
0.47067 0.273256 0.331832
0.386995 0.334658 0.415191
0.37917 0.445555 0.425087
0.582641 0.405801 0.554301
0.523943 0.509256 0.677331
0.60835 0.428314 0.561057
0.556923 0.423498 0.590005
0.420176 0.44158 0.364209
0.684536 0.225115 0.480355
0.353329 0.304713 0.451548
0.502762 0.309063 0.65266
0.456844 0.391002 0.33849
0.46094 0.259458 0.320919
0.405518 0.424013 0.710671
0.508284 0.564841 0.505584
0.726722 0.310004 0.487685
0.521952 0.56895 0.473844
0.464946 0.568311 0.489724
0.275991 0.329322 0.45416
0.357115 0.233506 0.479136
0.653226 0.298181 0.472589
0.624212 0.398612 0.535516
0.727599 0.453407 0.472949
0.395946 0.422092 0.609533
0.499811 0.224142 0.34894
0.316103 0.290376 0.444375
0.471722 0.36436 0.656361
0.386149 0.562528 0.495728
0.298675 0.282757 0.45136
0.339776 0.350968 0.465903
0.334464 0.236769 0.500525
0.389888 0.343976 0.419822
0.579993 0.367163 0.554716
0.660747 0.289521 0.492498
0.695303 0.490487 0.51604
0.664966 0.203836 0.501814
0.53461 0.473698 0.272555
0.536422 0.284231 0.316143
0.311258 0.496034 0.388488
0.356221 0.424041 0.532412
0.639872 0.287895 0.513091
0.63981 0.425062 0.447231
0.578506 0.33735 0.571792
0.353617 0.328872 0.515156
0.681588 0.219139 0.504385
0.61042 0.521147 0.611349
0.507584 0.331787 0.657309
0.514209 0.354624 0.657164
0.434555 0.3283 0.344749
0.604918 0.408302 0.415251
0.654196 0.255797 0.471146
0.653627 0.316061 0.57908
0.331012 0.206862 0.466548
0.366351 0.333838 0.583829
0.423598 0.337931 0.606774
0.620285 0.445299 0.42267
0.386882 0.445119 0.551848
0.346201 0.357284 0.637356
0.724097 0.418085 0.561705
0.678621 0.268516 0.530964
0.548388 0.518996 0.658583
0.547569 0.41089 0.615031
0.540533 0.399449 0.632059
0.374585 0.391981 0.44543
0.295281 0.366605 0.577925
0.471668 0.319025 0.654129
0.352917 0.372519 0.507618
0.394065 0.44884 0.560104
0.609884 0.412332 0.421114
0.524684 0.381101 0.640089
0.426397 0.431861 0.609307
0.664092 0.514524 0.410415
0.626219 0.441476 0.427627
0.319818 0.527388 0.44858
0.664566 0.314057 0.572484
0.555724 0.431406 0.368811
0.67057 0.305593 0.441651
0.599169 0.553218 0.431753
0.314583 0.343586 0.408841
0.349248 0.304461 0.451915
0.674344 0.226688 0.523914
0.375784 0.436614 0.585938
0.513719 0.347939 0.662638
0.440812 0.414356 0.609786
0.420452 0.322836 0.372
0.410336 0.342076 0.586445
0.464945 0.245643 0.31279
0.542247 0.327051 0.616499
0.625509 0.324148 0.376829
0.383684 0.449244 0.592991
0.454354 0.282654 0.32628
0.586586 0.381472 0.550902
0.312768 0.351597 0.392121
0.689927 0.493176 0.527933
0.66932 0.361279 0.613236
0.468361 0.299893 0.270009
0.487856 0.262633 0.293164
0.620448 0.534006 0.570147
0.486083 0.2509 0.346089
0.553928 0.35556 0.585241
0.414557 0.324471 0.616022
0.718043 0.443025 0.555692
0.373059 0.441807 0.564715
0.353636 0.224441 0.477741
0.65848 0.225893 0.517514
0.67527 0.508831 0.426846
0.681107 0.328291 0.400536
0.446748 0.338546 0.264843
0.487708 0.252899 0.65385
0.345024 0.38121 0.505202
0.401243 0.441269 0.600661
0.715905 0.373109 0.405698
0.495253 0.305427 0.34525
0.384342 0.358794 0.537968
0.52061 0.311158 0.642518
0.402618 0.42868 0.606927
0.571868 0.443338 0.377379
0.53527 0.321643 0.338006
0.587967 0.373689 0.551648
0.269091 0.346302 0.530354
0.419367 0.32524 0.378595
0.544409 0.284979 0.674774
0.570601 0.32961 0.390087
0.480849 0.335916 0.659288
0.636426 0.294356 0.532789
0.565205 0.347627 0.576566
0.286047 0.345602 0.561454
0.697869 0.274376 0.502639
0.571886 0.506051 0.313399
0.402463 0.330767 0.586787
0.541943 0.402648 0.613335
0.421607 0.333007 0.610446
0.505023 0.228498 0.326454
0.725918 0.361042 0.423835
0.722532 0.41304 0.564694
0.526367 0.336352 0.635197
0.520741 0.560369 0.530122
0.67655 0.21828 0.515608
0.285745 0.311117 0.452712
0.419815 0.316128 0.634591
0.6552 0.2587 0.492865
0.646557 0.215155 0.501794
0.495368 0.557925 0.382092
0.296763 0.286575 0.451817
0.64363 0.360711 0.523852
0.485163 0.227842 0.35252
0.533382 0.390313 0.62663
0.41168 0.384225 0.709181
0.53318 0.300939 0.63975
0.345003 0.269692 0.492139
0.576344 0.555103 0.555757
0.324934 0.26653 0.50237
0.608587 0.433686 0.40958
0.307158 0.224842 0.483492
0.600407 0.391161 0.546048
0.689944 0.255033 0.488021
0.406392 0.349514 0.402002
0.344788 0.235956 0.47339
0.455332 0.372156 0.340067
0.452823 0.283423 0.315508
0.476544 0.552117 0.620778
0.497622 0.270477 0.34651
0.450839 0.393466 0.630486
0.573616 0.307208 0.341659
0.530455 0.306791 0.638084
0.647216 0.48135 0.621796
0.546386 0.416232 0.349721
0.667715 0.304266 0.488307
0.524527 0.49442 0.689258
0.487531 0.319032 0.65407
0.308235 0.325496 0.56307
0.506869 0.557163 0.594905
0.524537 0.404031 0.737151
0.38625 0.349466 0.425535
0.299892 0.306855 0.545962
0.305115 0.364375 0.390061
0.591265 0.427979 0.572352
0.504119 0.338253 0.341901
0.358157 0.415661 0.542253
0.332665 0.327092 0.469661
0.46995 0.561044 0.587143
0.336982 0.299228 0.44802
0.410855 0.319772 0.371983
0.433562 0.418361 0.62938
0.581531 0.560822 0.504913
0.513779 0.231035 0.678443
0.377835 0.443643 0.421729
0.393991 0.448326 0.587857
0.484965 0.249276 0.670116
0.473777 0.560192 0.591674
0.342736 0.39468 0.520431
0.360417 0.364272 0.333742
0.404169 0.350518 0.403407
0.546552 0.336272 0.616526
0.673234 0.218952 0.50684
0.384773 0.354518 0.544822
0.51692 0.488341 0.277971
0.66081 0.268925 0.493435
0.540968 0.374254 0.371787
0.326233 0.2766 0.50339
0.389891 0.534312 0.36079
0.636255 0.370209 0.458145
0.648457 0.278506 0.508015
0.443347 0.303106 0.295083
0.341181 0.278545 0.499696
0.496733 0.561657 0.398214
0.462978 0.281441 0.660524
0.487115 0.208794 0.323576
0.509184 0.263715 0.332389
0.602933 0.319223 0.605547
0.442736 0.359107 0.61729
0.551598 0.419524 0.352219
0.496266 0.242036 0.675084
0.376866 0.496042 0.663477
0.579598 0.374556 0.556441
0.664545 0.259179 0.467356
0.458681 0.34714 0.334992
0.534075 0.382943 0.639151
0.384814 0.361646 0.437753
0.600374 0.489331 0.656532
0.394543 0.430107 0.599373
0.36478 0.42186 0.548933
0.476636 0.567759 0.425046
0.311709 0.236326 0.48888
0.490477 0.299655 0.654005
0.567851 0.416181 0.57547
0.362333 0.41717 0.530666
0.607598 0.387724 0.417955
0.393482 0.36845 0.424515
0.308964 0.263747 0.457881
0.316681 0.489802 0.372176
0.423845 0.425792 0.595155
0.382809 0.360059 0.435448
0.641303 0.302315 0.544885
0.690132 0.269555 0.498838
0.334009 0.312085 0.469081
0.49645 0.251868 0.665864
0.462308 0.304873 0.330508
0.643715 0.350642 0.524671
0.384219 0.443921 0.567086
0.337477 0.399453 0.450852
0.42093 0.414809 0.612927
0.569592 0.416205 0.573189
0.403936 0.38431 0.547601
0.609518 0.349167 0.322629
0.343516 0.199152 0.476974
0.457555 0.379051 0.651594
0.673822 0.234899 0.522968
0.528806 0.41305 0.253509
0.442037 0.371842 0.36285
0.438462 0.330148 0.281237
0.581059 0.313869 0.34744
0.546169 0.30356 0.647305
0.542871 0.359935 0.257158
0.542991 0.565435 0.458376
0.483212 0.263673 0.657516
0.652462 0.248093 0.497236
0.511744 0.257954 0.325774
0.554998 0.408032 0.603787
0.306864 0.237779 0.484496
0.384914 0.386682 0.439451
0.627306 0.36978 0.435068
0.371515 0.557491 0.502547
0.369913 0.463711 0.678213
0.386845 0.365599 0.431063
0.421446 0.425782 0.59288
0.470944 0.347004 0.657299
0.671489 0.473557 0.598158
0.289195 0.452031 0.3852
0.567214 0.420956 0.380748
0.415635 0.384185 0.397603
0.387577 0.385412 0.288193
0.507451 0.563891 0.417989
0.427248 0.419155 0.6024
0.366874 0.335434 0.588234
0.424835 0.34096 0.324132
0.502405 0.259511 0.336172
0.397865 0.341846 0.301171
0.382872 0.337812 0.659265
0.328316 0.270892 0.459824
0.670579 0.27663 0.482176
0.523881 0.347203 0.643119
0.508313 0.234828 0.686329
0.666626 0.332336 0.595562
0.420423 0.389312 0.391415
0.387506 0.443177 0.572406
0.33417 0.233381 0.474465
0.395384 0.561472 0.443337
0.620401 0.436888 0.412888
0.590693 0.328782 0.316616
0.322879 0.248196 0.495443
0.48691 0.258262 0.665711
0.510044 0.238317 0.689644
0.550818 0.375747 0.590241
0.415926 0.42194 0.602274
0.406325 0.406627 0.40798
0.341543 0.315313 0.541288
0.512766 0.563959 0.500105
0.539756 0.50472 0.296019
0.394484 0.39537 0.279628
0.381868 0.363605 0.434845
0.497856 0.261068 0.664293
0.502874 0.310745 0.333833
0.364777 0.336883 0.617622
0.448933 0.28394 0.6736
0.498272 0.243055 0.327953
0.328897 0.281212 0.50072
0.440014 0.403481 0.612703
0.698659 0.277723 0.466907
0.584632 0.372672 0.403385
0.490783 0.333325 0.661836
0.397952 0.363772 0.555553
0.513328 0.309905 0.653905
0.490636 0.231611 0.317324
0.583779 0.374491 0.283487
0.331158 0.216611 0.472338
0.403242 0.379154 0.412743
0.560319 0.40644 0.593858
0.726637 0.316695 0.460285
0.600523 0.435546 0.37834
0.461837 0.321091 0.326244
0.473667 0.277812 0.320238
0.717307 0.289599 0.461226
0.336094 0.332963 0.527194
0.497686 0.313244 0.660184
0.331147 0.259887 0.496805
0.685514 0.273182 0.520123
0.378188 0.344837 0.426041
0.615189 0.415982 0.679631
0.581409 0.311141 0.651443
0.653345 0.2375 0.500101
0.389289 0.409352 0.536357
0.43296 0.342878 0.349633
0.375234 0.396623 0.526416
0.556596 0.314688 0.360724
0.467639 0.288236 0.663587
0.377393 0.362268 0.43794
0.553537 0.387101 0.591004
0.391925 0.434627 0.410887
0.59175 0.369207 0.556
0.507789 0.363836 0.250425
0.440166 0.402078 0.63027
0.579674 0.407446 0.585219
0.342794 0.339907 0.529337
0.316159 0.201896 0.476491
0.45973 0.566931 0.431723
0.599248 0.417685 0.288121
0.325916 0.249572 0.468112
0.552211 0.349785 0.601421
0.506234 0.256584 0.669113
0.588782 0.354138 0.564307
0.676295 0.339033 0.486541
0.462419 0.315748 0.648713
0.41098 0.40719 0.59996
0.555135 0.394814 0.604885
0.25902 0.39545 0.446452
0.467175 0.296405 0.659521
0.535557 0.321382 0.264759
0.516464 0.563611 0.499552
0.626246 0.342472 0.539861
0.390392 0.43601 0.567311
0.484311 0.257398 0.677878
0.53372 0.544536 0.624453
0.682088 0.24453 0.511125
0.713441 0.463843 0.536189
0.535313 0.523242 0.658785
0.621286 0.318592 0.390357
0.312417 0.273406 0.458357
0.399867 0.334127 0.369445
0.501537 0.266563 0.323977
0.573298 0.333788 0.390457
0.591667 0.360313 0.560851
0.349157 0.362441 0.451252
0.346936 0.547316 0.488086
0.492802 0.259082 0.676505
0.571767 0.423853 0.364596
0.402465 0.391014 0.410754
0.368486 0.37002 0.444844
0.322557 0.253709 0.468523
0.323616 0.261124 0.46811
0.435721 0.399699 0.607712
0.652463 0.325044 0.392871
0.626615 0.536607 0.408092
0.519033 0.316393 0.654857
0.733727 0.326575 0.466245
0.272505 0.480077 0.512064
0.470116 0.257902 0.683136
0.529726 0.344547 0.336907
0.463634 0.269942 0.309115
0.431491 0.509669 0.675705
0.603999 0.405343 0.40427
0.439893 0.377252 0.351877
0.401303 0.495771 0.313878
0.418206 0.482311 0.693195
0.397853 0.426105 0.571316
0.697244 0.404517 0.593162
0.525431 0.519856 0.665555
0.403835 0.364614 0.401921
0.582679 0.374481 0.561
0.539248 0.298431 0.655146
0.531768 0.309527 0.269884
0.408252 0.423877 0.589166
0.400499 0.338153 0.581852
0.417069 0.402661 0.601817
0.354056 0.352291 0.356724
0.315717 0.251239 0.469301
0.593601 0.343795 0.403163
0.470263 0.287338 0.71551
0.333152 0.354364 0.457799
0.529081 0.356533 0.333977
0.646455 0.306424 0.525588
0.630146 0.40566 0.435438
0.527123 0.353619 0.33096
0.678371 0.286738 0.478438
0.352789 0.374876 0.524222
0.580577 0.425336 0.370801
0.433233 0.567511 0.487125
0.405615 0.401722 0.402353
0.64609 0.535169 0.489631
0.440181 0.555097 0.600779
0.517775 0.309344 0.66176
0.611791 0.417999 0.398233
0.588032 0.383104 0.559298
0.458956 0.298282 0.710533
0.429589 0.431888 0.268638
0.708419 0.37165 0.396949
0.650493 0.353981 0.453678
0.319461 0.312194 0.526817
0.415642 0.351292 0.70193
0.410686 0.325978 0.363656
0.565072 0.491982 0.298165
0.524534 0.564837 0.483939
0.672391 0.302113 0.49195
0.681069 0.276654 0.483942
0.441744 0.320125 0.320491
0.498454 0.279852 0.293865
0.464567 0.266112 0.686265
0.600373 0.329865 0.329906
0.72014 0.370477 0.41535
0.322387 0.31618 0.530875
0.289814 0.398365 0.379138
0.506781 0.475393 0.706743
0.610542 0.348754 0.415104
0.652232 0.310035 0.523087
0.652598 0.36873 0.459163
0.312372 0.316408 0.55151
0.453181 0.563104 0.529902
0.678605 0.300626 0.481584
0.469417 0.303589 0.662362
0.722678 0.366575 0.562697
0.419909 0.40438 0.381514
0.625938 0.317544 0.579725
0.494073 0.292308 0.316021
0.491615 0.292928 0.664238
0.663087 0.496477 0.574122
0.358713 0.357736 0.44488
0.66102 0.509102 0.551814
0.633379 0.41369 0.660537
0.49233 0.273018 0.675105
0.272148 0.312079 0.476526
0.495748 0.566329 0.461437
0.404491 0.410083 0.589535
0.683896 0.281603 0.483421
0.381168 0.393539 0.434397
0.455192 0.298884 0.286094
0.327264 0.34174 0.522234
0.365806 0.383476 0.535698
0.306243 0.465144 0.362839
0.439659 0.379992 0.264404
0.583033 0.428311 0.699071
0.722231 0.357217 0.421737
0.374901 0.548784 0.413128
0.300773 0.517053 0.492993
0.283609 0.497855 0.5075
0.421856 0.384737 0.590008
0.296557 0.294367 0.513712
0.590549 0.332752 0.391722
0.405883 0.338905 0.346759
0.620091 0.402528 0.411535
0.299494 0.276078 0.480158
0.647446 0.371193 0.448517
0.311028 0.421898 0.627915
0.497553 0.259672 0.685695
0.589227 0.323808 0.368121
0.316525 0.322589 0.50083
0.645548 0.378838 0.447728
0.63253 0.487056 0.627959
0.402478 0.367809 0.566047
0.459367 0.298332 0.315761
0.287009 0.304548 0.458428
0.711998 0.363229 0.40628
0.349504 0.336568 0.559774
0.421617 0.387875 0.381685
0.429652 0.447658 0.712482
0.382879 0.365295 0.41004
0.667093 0.293704 0.533443
0.50165 0.307964 0.315073
0.617724 0.400946 0.412764
0.589312 0.3683 0.56444
0.634203 0.540079 0.445753
0.672126 0.299441 0.499826
0.570228 0.512893 0.649774
0.507921 0.316886 0.267604
0.661067 0.35724 0.463814
0.653284 0.531346 0.48242
0.328324 0.360496 0.520399
0.327076 0.357618 0.51898
0.527535 0.550574 0.373716
0.695008 0.474896 0.554018
0.352797 0.354495 0.636125
0.391241 0.39827 0.547768
0.408282 0.399527 0.568348
0.445572 0.309514 0.65306
0.568603 0.383302 0.273868
0.407124 0.414301 0.383138
0.547456 0.436457 0.268866
0.649881 0.364512 0.446777
0.62355 0.393275 0.419744
0.265377 0.375887 0.442282
0.563354 0.434629 0.709376
0.348323 0.355759 0.442188
0.355583 0.340019 0.621837
0.398371 0.403855 0.558905
0.556652 0.305188 0.299852
0.670124 0.302512 0.506835
0.479537 0.282778 0.300692
0.552254 0.366125 0.611018
0.597151 0.554002 0.452162
0.522229 0.329506 0.318668
0.492596 0.295307 0.277048
0.365689 0.554302 0.496382
0.607059 0.3289 0.40072
0.66933 0.513926 0.434637
0.559448 0.515912 0.652809
0.367332 0.403665 0.43351
0.411825 0.34447 0.343769
0.535704 0.561734 0.448139
0.376238 0.358824 0.407814
0.422906 0.346485 0.286728
0.678678 0.323766 0.461877
0.476311 0.282655 0.680367
0.678537 0.469773 0.369646
0.669174 0.298497 0.534769
0.55593 0.380464 0.378407
0.434758 0.383661 0.617669
0.678723 0.413583 0.61715
0.501959 0.286765 0.28788
0.270786 0.326436 0.486942
0.466723 0.314967 0.661755
0.305679 0.313882 0.513326
0.417832 0.388334 0.380347
0.368636 0.364728 0.431845
0.665222 0.31939 0.43868
0.422623 0.448349 0.708466
0.596964 0.378784 0.293669
0.509781 0.274319 0.684976
0.584567 0.326401 0.327559
0.408654 0.403006 0.582998
0.378614 0.365659 0.421676
0.503289 0.279274 0.690462
0.410811 0.393613 0.389508
0.569674 0.329591 0.616542
0.566839 0.364328 0.388232
0.433206 0.345873 0.332251
0.649457 0.505429 0.577469
0.363789 0.350607 0.564682
0.68996 0.299197 0.504133
0.510001 0.281214 0.691173
0.724321 0.426513 0.553594
0.666366 0.328717 0.446765
0.326276 0.340646 0.453639
0.331216 0.341356 0.590382
0.502684 0.28061 0.693353
0.34191 0.355794 0.537536
0.674047 0.280777 0.517347
0.588325 0.360949 0.29597
0.65493 0.30687 0.545698
0.477751 0.558728 0.552976
0.429384 0.343603 0.624761
0.645693 0.492594 0.357714
0.321521 0.313386 0.540393
0.454704 0.32587 0.643429
0.661348 0.292858 0.519415
0.39241 0.397649 0.401934
0.481578 0.564157 0.442396
0.569062 0.315147 0.661518
0.437124 0.315687 0.655974
0.394428 0.379185 0.564661
0.674767 0.311193 0.435781
0.656214 0.361794 0.621526
0.324462 0.347068 0.452026
0.421294 0.368212 0.356465
0.707291 0.30019 0.529793
0.576367 0.325601 0.620401
0.315994 0.323665 0.526367
0.487698 0.558351 0.520513
0.473074 0.300316 0.278762
0.450988 0.327671 0.279202
0.316894 0.322292 0.456319
0.321936 0.334548 0.563116
0.716208 0.463619 0.503955
0.356902 0.55063 0.530376
0.407037 0.397477 0.389042
0.492853 0.280981 0.689017
0.673362 0.346953 0.460169
0.317477 0.327753 0.457158
0.404182 0.364022 0.587164
0.484727 0.294325 0.291011
0.574824 0.370723 0.709697
0.414197 0.342461 0.624372
0.631871 0.4423 0.652022
0.473365 0.562589 0.405566
0.486044 0.557537 0.549344
0.573909 0.333761 0.612073
0.587143 0.39207 0.57582
0.441672 0.554348 0.59909
0.257608 0.36006 0.490168
0.392613 0.367421 0.566378
0.688964 0.31859 0.431557
0.362609 0.355214 0.567395
0.487479 0.561307 0.494421
0.396426 0.385048 0.395515
0.455654 0.293736 0.674931
0.574528 0.341207 0.701963
0.701532 0.331754 0.423592
0.338689 0.341832 0.388502
0.480982 0.322498 0.268556
0.374328 0.348401 0.372736
0.485914 0.562197 0.487875
0.523757 0.30132 0.305575
0.400069 0.392216 0.594421
0.382743 0.422961 0.291154
0.619715 0.506365 0.616661
0.544084 0.34066 0.644629
0.289889 0.302974 0.473548
0.686165 0.327877 0.422317
0.533083 0.311359 0.313089
0.624968 0.36635 0.416004
0.556448 0.303807 0.309983
0.270617 0.447876 0.542938
0.680282 0.326742 0.5042
0.467303 0.327903 0.665885
0.414897 0.371169 0.365451
0.481199 0.550765 0.615342
0.561969 0.320696 0.297037
0.321114 0.34662 0.435305
0.413628 0.355268 0.376015
0.356512 0.345751 0.369768
0.687087 0.320848 0.463884
0.516799 0.350079 0.254851
0.427318 0.372344 0.276378
0.412294 0.361174 0.607487
0.365375 0.394835 0.424281
0.567957 0.319631 0.342948
0.425422 0.330443 0.643899
0.322432 0.343195 0.570952
0.676821 0.36266 0.456822
0.681226 0.317129 0.513348
0.506269 0.302711 0.711582
0.680703 0.5008 0.511749
0.708622 0.444828 0.411211
0.335427 0.494854 0.363051
0.573407 0.557391 0.463925
0.386128 0.390718 0.585501
0.384541 0.399371 0.400196
0.650925 0.337701 0.592487
0.592991 0.552647 0.532093
0.62997 0.49908 0.352371
0.466335 0.54979 0.618352
0.478654 0.56314 0.451483
0.382082 0.37271 0.40178
0.657583 0.314346 0.542814
0.26954 0.373926 0.533585
0.60751 0.33897 0.339008
0.413959 0.56111 0.424693
0.630761 0.336253 0.566819
0.386002 0.406988 0.388567
0.388987 0.340064 0.356342
0.298746 0.502713 0.442818
0.600625 0.378924 0.573044
0.260683 0.429584 0.497079
0.563108 0.548589 0.401074
0.603776 0.550261 0.513043
0.635695 0.326719 0.40447
0.287814 0.329711 0.539836
0.607531 0.35481 0.403134
0.631836 0.542653 0.473823
0.456034 0.295922 0.686087
0.442637 0.399898 0.263422
0.683078 0.490112 0.406075
0.344128 0.340432 0.597404
0.324796 0.352276 0.403873
0.695684 0.347506 0.477463
0.461637 0.294446 0.683941
0.526306 0.307681 0.710308
0.284044 0.488083 0.448484
0.639698 0.520819 0.395362
0.562462 0.320017 0.647677
0.32312 0.354824 0.443212
0.365359 0.380567 0.418507
0.546776 0.318219 0.319926
0.52773 0.308318 0.678888
0.531452 0.304834 0.687689
0.510066 0.314862 0.2914
0.5315 0.36762 0.259613
0.71244 0.382474 0.403257
0.326891 0.349461 0.393868
0.575588 0.524862 0.348258
0.385647 0.383387 0.395958
0.458629 0.414609 0.732969
0.70337 0.306816 0.482657
0.611792 0.54926 0.463327
0.347127 0.346525 0.402358
0.532853 0.318964 0.714764
0.295725 0.501095 0.549483
0.690278 0.32907 0.4984
0.413004 0.354206 0.623254
0.467338 0.293675 0.701852
0.402406 0.37551 0.599812
0.542229 0.309688 0.311074
0.560256 0.550108 0.410052
0.610546 0.54083 0.410322
0.348709 0.345969 0.557961
0.391887 0.350643 0.371793
0.420058 0.338053 0.653764
0.404025 0.556647 0.567094
0.613541 0.501354 0.341117
0.389361 0.3668 0.594766
0.693065 0.342453 0.49739
0.660231 0.337198 0.389293
0.54422 0.316781 0.700773
0.739381 0.395383 0.451904
0.599795 0.533937 0.382766
0.260263 0.397852 0.453777
0.491597 0.332725 0.267557
0.310906 0.343952 0.44869
0.444337 0.315319 0.666959
0.484531 0.354473 0.256964
0.598161 0.429376 0.295187
0.513031 0.474146 0.703432
0.645087 0.410765 0.644373
0.383844 0.372902 0.386535
0.283512 0.380719 0.421219
0.444555 0.336883 0.646123
0.330734 0.336323 0.556738
0.299259 0.360064 0.420787
0.484374 0.561107 0.477232
0.428651 0.350834 0.286372
0.267108 0.406055 0.436788
0.701746 0.313563 0.491066
0.322946 0.40177 0.640149
0.593681 0.347479 0.380746
0.296986 0.434698 0.374508
0.31634 0.451277 0.352812
0.625217 0.526075 0.389844
0.488569 0.301935 0.690139
0.348743 0.369631 0.422433
0.447583 0.551043 0.607558
0.488669 0.321888 0.681374
0.284909 0.318384 0.475811
0.257617 0.391678 0.492616
0.588216 0.361872 0.590635
0.381282 0.358036 0.597325
0.258655 0.375891 0.488741
0.690198 0.340091 0.513353
0.405387 0.562558 0.495728
0.557825 0.321702 0.683331
0.379452 0.525036 0.36335
0.569459 0.543022 0.390516
0.515213 0.331569 0.688251
0.595552 0.374104 0.587096
0.290389 0.321869 0.49816
0.629668 0.353599 0.572388
0.366224 0.519226 0.368609
0.690569 0.457081 0.57215
0.457601 0.561413 0.456895
0.683697 0.337347 0.414333
0.49039 0.326793 0.683608
0.256102 0.410222 0.466362
0.686442 0.334345 0.521276
0.325036 0.367744 0.433319
0.588686 0.339386 0.635687
0.693649 0.340553 0.504251
0.359993 0.355707 0.592386
0.276854 0.467305 0.55062
0.3877 0.346922 0.350871
0.394202 0.350441 0.632025
0.698742 0.32683 0.551779
0.348999 0.450374 0.661367
0.340935 0.352353 0.588169
0.329925 0.40719 0.649032
0.376882 0.404565 0.689498
0.49065 0.331514 0.684031
0.384221 0.376257 0.591526
0.662979 0.33567 0.404153
0.659609 0.324788 0.56367
0.345445 0.365625 0.41334
0.495662 0.392867 0.258431
0.582263 0.54902 0.429151
0.375786 0.367101 0.371505
0.685746 0.336157 0.52705
0.613364 0.339151 0.649972
0.568751 0.328358 0.669096
0.685533 0.3368 0.420785
0.543658 0.55052 0.413095
0.301051 0.333041 0.51168
0.443431 0.431941 0.722473
0.331699 0.343195 0.558625
0.570679 0.485013 0.671768
0.262971 0.379676 0.504112
0.560286 0.331743 0.65393
0.399931 0.365531 0.30116
0.353631 0.368898 0.56864
0.629214 0.349278 0.605381
0.262336 0.405134 0.519148
0.57629 0.391013 0.282283
0.641665 0.34996 0.56392
0.533354 0.553711 0.512536
0.53288 0.55252 0.524133
0.736727 0.343179 0.504933
0.382093 0.386758 0.682826
0.528165 0.382609 0.734348
0.398101 0.368851 0.342595
0.658844 0.414343 0.33787
0.38957 0.35638 0.313062
0.653893 0.340031 0.426083
0.616922 0.360848 0.336471
0.308621 0.325934 0.536594
0.645873 0.341114 0.563072
0.665007 0.387075 0.35555
0.378396 0.553411 0.455634
0.547139 0.33325 0.672308
0.632078 0.352243 0.592314
0.280575 0.325513 0.492347
0.389724 0.373886 0.61112
0.311222 0.376225 0.586797
0.672874 0.332383 0.547981
0.377943 0.364361 0.326046
0.580038 0.335401 0.661798
0.447641 0.422693 0.265042
0.51907 0.554668 0.433715
0.471952 0.361048 0.258796
0.721895 0.328231 0.51909
0.362184 0.368086 0.596371
0.266193 0.401089 0.533756
0.667626 0.334548 0.550867
0.721992 0.4114 0.420308
0.38283 0.351777 0.639239
0.287883 0.396824 0.40085
0.281048 0.426227 0.572142
0.280948 0.40201 0.570433
0.43089 0.339518 0.672751
0.690398 0.331115 0.453285
0.379549 0.351976 0.348119
0.300981 0.330853 0.51848
0.52261 0.398522 0.261466
0.441985 0.335333 0.658399
0.716752 0.317347 0.475739
0.360631 0.367773 0.35866
0.599319 0.374044 0.682222
0.364994 0.550884 0.514824
0.675017 0.360784 0.587724
0.392382 0.558931 0.521129
0.725029 0.3278 0.492202
0.474967 0.553546 0.548954
0.522484 0.556249 0.481338
0.65389 0.435056 0.629034
0.532695 0.524918 0.322891
0.7058 0.476952 0.477221
0.599852 0.400946 0.68494
0.580557 0.553325 0.512843
0.274735 0.376976 0.439462
0.328451 0.363045 0.39501
0.714222 0.32176 0.460343
0.671327 0.335511 0.559864
0.474669 0.32564 0.712234
0.515237 0.554202 0.440061
0.618256 0.35842 0.354141
0.272147 0.426234 0.549382
0.550251 0.338002 0.679752
0.428655 0.372126 0.312407
0.647672 0.470705 0.620872
0.623034 0.419562 0.662522
0.2844 0.336487 0.514204
0.498402 0.548165 0.373369
0.608246 0.345648 0.643819
0.457264 0.330059 0.676923
0.259609 0.392737 0.463777
0.663563 0.359774 0.430897
0.444017 0.335346 0.666913
0.418545 0.372001 0.293103
0.502071 0.454414 0.268594
0.51636 0.482589 0.694524
0.287774 0.342612 0.498399
0.429854 0.454317 0.706675
0.640747 0.349274 0.407281
0.450663 0.559857 0.470858
0.351508 0.371709 0.598238
0.311803 0.339121 0.541507
0.625942 0.498482 0.614781
0.706363 0.336946 0.47998
0.645116 0.358419 0.585535
0.461644 0.413658 0.73206
0.282755 0.479404 0.551854
0.716678 0.368234 0.420277
0.534115 0.541146 0.615467
0.445042 0.406661 0.26642
0.389164 0.369553 0.633739
0.30102 0.36902 0.431032
0.425982 0.507566 0.671444
0.669954 0.343354 0.560029
0.663978 0.345567 0.565482
0.490731 0.55558 0.460205
0.313461 0.487644 0.596118
0.590225 0.549679 0.457312
0.595429 0.38432 0.301195
0.609039 0.363235 0.611695
0.505066 0.327429 0.707676
0.584434 0.346973 0.325204
0.658975 0.357622 0.426203
0.549271 0.341899 0.71248
0.303861 0.403831 0.609511
0.447582 0.35801 0.281143
0.606305 0.35293 0.35985
0.64046 0.369772 0.580583
0.293957 0.349995 0.519531
0.631815 0.362713 0.37201
0.400373 0.356041 0.651615
0.510896 0.328004 0.703669
0.43019 0.384755 0.279521
0.443165 0.336598 0.681868
0.66437 0.348758 0.57497
0.46491 0.322831 0.701299
0.700594 0.335557 0.436685
0.518397 0.348032 0.276584
0.474282 0.552489 0.512564
0.448158 0.48802 0.286424
0.533145 0.345271 0.276838
0.589086 0.359328 0.651024
0.355441 0.371633 0.608157
0.553345 0.33403 0.681334
0.366175 0.370332 0.611988
0.674336 0.347926 0.572935
0.272925 0.382097 0.52731
0.276443 0.359477 0.461639
0.584588 0.354333 0.342668
0.33573 0.372459 0.580094
0.523526 0.505131 0.672409
0.461214 0.556922 0.472688
0.596966 0.420721 0.295884
0.296562 0.381057 0.41947
0.627104 0.533116 0.421094
0.504884 0.343002 0.72441
0.434412 0.369495 0.286402
0.730477 0.434445 0.470663
0.608903 0.363594 0.628674
0.720962 0.429535 0.435379
0.534794 0.547303 0.578837
0.43881 0.408885 0.270703
0.524095 0.494975 0.681342
0.702481 0.330999 0.45495
0.583394 0.361388 0.310194
0.443023 0.436465 0.271271
0.716256 0.339742 0.520371
0.520484 0.360413 0.272309
0.595278 0.394479 0.684176
0.437484 0.37058 0.292296
0.712276 0.350304 0.426093
0.451419 0.530921 0.333371
0.604524 0.385367 0.674926
0.263799 0.374598 0.483712
0.282565 0.442458 0.423016
0.603243 0.365139 0.358035
0.40359 0.550698 0.403421
0.330276 0.465945 0.348473
0.650938 0.350708 0.387361
0.555133 0.540877 0.597829
0.593115 0.398824 0.293434
0.427554 0.540224 0.358348
0.36713 0.368589 0.631134
0.307422 0.470169 0.374395
0.279893 0.362957 0.512327
0.471399 0.555087 0.46128
0.507782 0.345049 0.708949
0.450477 0.557007 0.474991
0.431129 0.516007 0.325146
0.728399 0.386396 0.438113
0.708337 0.348128 0.52937
0.668814 0.448513 0.604938
0.57288 0.350783 0.676294
0.574555 0.526753 0.362039
0.610829 0.519297 0.372725
0.456369 0.556446 0.448193
0.578081 0.352487 0.323744
0.661787 0.438013 0.617716
0.378396 0.37057 0.657046
0.306054 0.387117 0.403689
0.650701 0.373505 0.581913
0.675908 0.352318 0.426706
0.713155 0.376805 0.562266
0.714943 0.345208 0.521169
0.643839 0.384423 0.583738
0.585564 0.383249 0.299049
0.441281 0.381566 0.27682
0.526226 0.359716 0.279493
0.359202 0.404711 0.319797
0.581305 0.539484 0.584094
0.696165 0.423185 0.580337
0.663316 0.360976 0.57697
0.380255 0.377193 0.638764
0.602522 0.532079 0.390828
0.408809 0.370752 0.688558
0.614153 0.510909 0.362243
0.442543 0.350259 0.682141
0.710933 0.35634 0.519973
0.344688 0.385463 0.636424
0.593669 0.364783 0.328962
0.603925 0.368884 0.650189
0.539176 0.542078 0.389601
0.553707 0.49864 0.664775
0.414408 0.558517 0.470547
0.508647 0.546483 0.384268
0.686182 0.360353 0.568719
0.722783 0.410744 0.4309
0.473139 0.554415 0.399862
0.725341 0.351082 0.531141
0.351218 0.381533 0.631492
0.268764 0.380184 0.471098
0.276355 0.436137 0.446688
0.450497 0.551404 0.542335
0.741357 0.370035 0.472947
0.395296 0.524819 0.354798
0.551084 0.458814 0.693924
0.592521 0.384151 0.681191
0.613715 0.52958 0.568123
0.505773 0.35402 0.725182
0.320553 0.396464 0.370421
0.609173 0.381608 0.345589
0.701794 0.463106 0.535692
0.699715 0.347082 0.440508
0.273425 0.419697 0.449627
0.589555 0.40273 0.292783
0.632252 0.402037 0.368298
0.480865 0.547288 0.606529
0.392921 0.383414 0.655425
0.512288 0.351073 0.717493
0.723082 0.349262 0.525778
0.473185 0.389662 0.731501
0.266564 0.386071 0.467058
0.42474 0.449467 0.28434
0.732077 0.349204 0.472452
0.272473 0.434203 0.464129
0.629997 0.393758 0.328851
0.388542 0.525956 0.363884
0.562076 0.538308 0.393671
0.278977 0.398684 0.544429
0.361843 0.544416 0.46583
0.648586 0.389215 0.610705
0.43707 0.552267 0.546962
0.726471 0.43319 0.503911
0.309301 0.395907 0.412477
0.607357 0.397258 0.667524
0.299144 0.429131 0.384809
0.629378 0.391242 0.366808
0.435813 0.361885 0.687047
0.69167 0.478638 0.433437
0.737335 0.383609 0.508083
0.652273 0.404699 0.600712
0.527022 0.537977 0.362243
0.465801 0.553225 0.469613
0.273068 0.437197 0.534654
0.320402 0.524159 0.492977
0.284467 0.415854 0.430259
0.290278 0.471364 0.570271
0.637139 0.440872 0.63671
0.620899 0.377191 0.633394
0.342122 0.401795 0.650099
0.516086 0.531203 0.637384
0.532307 0.549889 0.469941
0.317371 0.517793 0.461721
0.562345 0.403197 0.709696
0.36634 0.458992 0.322602
0.426606 0.366314 0.699069
0.42393 0.397961 0.28966
0.626675 0.399292 0.356076
0.724731 0.350617 0.477893
0.461487 0.382867 0.276035
0.283831 0.443932 0.439002
0.4274 0.373382 0.683134
0.295511 0.402432 0.570899
0.641521 0.496314 0.369785
0.285921 0.451274 0.435237
0.299848 0.501484 0.463175
0.33436 0.416409 0.627875
0.500403 0.36546 0.724717
0.575198 0.522681 0.359653
0.586915 0.397621 0.684142
0.728619 0.357378 0.488648
0.571627 0.405528 0.699789
0.403483 0.431716 0.292196
0.377209 0.394585 0.65276
0.45605 0.373951 0.722648
0.69548 0.364181 0.426337
0.287662 0.414129 0.432607
0.312196 0.411187 0.590235
0.281356 0.455027 0.453163
0.613072 0.386237 0.646436
0.67771 0.372674 0.574408
0.403641 0.384024 0.680685
0.327364 0.408848 0.633867
0.668391 0.405272 0.355311
0.482624 0.481359 0.27862
0.612356 0.407097 0.310187
0.691222 0.365531 0.559248
0.649525 0.40061 0.61142
0.727653 0.354838 0.463839
0.610739 0.389041 0.33546
0.568022 0.386998 0.293454
0.542446 0.397285 0.277144
0.489673 0.394411 0.27805
0.437576 0.415278 0.277695
0.708946 0.360588 0.550164
0.401235 0.385407 0.680121
0.378737 0.401721 0.657081
0.439324 0.412388 0.28305
0.509155 0.398409 0.283623
0.684637 0.475918 0.404344
0.620306 0.521382 0.391397
0.279561 0.473477 0.479334
0.487369 0.547453 0.503001
0.689987 0.372464 0.564849
0.576388 0.548176 0.496803
0.400317 0.517336 0.647004
0.679329 0.456461 0.574239
0.589011 0.409472 0.296295
0.35122 0.418665 0.660705
0.381113 0.549796 0.50311
0.685361 0.449383 0.57098
0.722645 0.362143 0.460335
0.584421 0.381441 0.669504
0.712044 0.363359 0.44586
0.601008 0.396454 0.326007
0.45505 0.364928 0.707672
0.596937 0.543035 0.45404
0.433022 0.416923 0.282913
0.476658 0.546823 0.510448
0.70104 0.446331 0.417683
0.443008 0.456873 0.706144
0.687164 0.481685 0.518462
0.66982 0.411313 0.355799
0.509987 0.540748 0.373723
0.623836 0.507544 0.371119
0.410439 0.415692 0.701995
0.449669 0.552608 0.466201
0.719968 0.370802 0.461825
0.390968 0.539212 0.391247
0.322769 0.469422 0.621494
0.509391 0.369873 0.71651
0.65979 0.51559 0.462724
0.283898 0.452839 0.552039
0.444775 0.548318 0.527959
0.304919 0.460677 0.389848
0.666419 0.401503 0.376319
0.570339 0.382145 0.687714
0.282466 0.477522 0.487543
0.721401 0.440526 0.4739
0.41211 0.46763 0.688139
0.326668 0.522944 0.543514
0.477315 0.473238 0.277115
0.472435 0.545579 0.603593
0.579774 0.538373 0.577939
0.280499 0.436605 0.5115
0.561426 0.546559 0.525951
0.450709 0.370193 0.709725
0.291515 0.448644 0.569808
0.576993 0.54754 0.521047
0.297255 0.41926 0.428733
0.668306 0.413852 0.585454
0.603077 0.542674 0.497698
0.568041 0.547021 0.478336
0.487833 0.418721 0.724786
0.558005 0.546434 0.520995
0.660175 0.423023 0.600592
0.567604 0.409762 0.28817
0.731948 0.408815 0.472073
0.284462 0.427304 0.450738
0.318747 0.502193 0.427881
0.512037 0.54794 0.472213
0.710441 0.407736 0.555197
0.674517 0.450915 0.584143
0.636727 0.527645 0.452669
0.710555 0.371097 0.538166
0.343897 0.534898 0.535849
0.431486 0.406907 0.710665
0.5196 0.411901 0.276494
0.305751 0.457956 0.392897
0.433516 0.546621 0.5739
0.590783 0.537786 0.565635
0.676074 0.411586 0.394114
0.394475 0.416115 0.687279
0.282628 0.460457 0.508968
0.418202 0.440315 0.298043
0.688751 0.475012 0.522462
0.390115 0.465473 0.678853
0.343201 0.446628 0.364903
0.404805 0.434835 0.693419
0.547931 0.381552 0.707092
0.686253 0.393593 0.40991
0.580019 0.40453 0.307808
0.616699 0.461354 0.644173
0.325155 0.460617 0.621786
0.414112 0.471303 0.304802
0.66889 0.414869 0.573388
0.585826 0.543112 0.456956
0.304092 0.504546 0.502015
0.435852 0.473453 0.292077
0.504757 0.428898 0.2855
0.682205 0.408515 0.380285
0.656521 0.425219 0.363131
0.548219 0.502536 0.657209
0.633473 0.422906 0.634329
0.679269 0.418801 0.582676
0.63253 0.461455 0.62913
0.390102 0.539718 0.398699
0.397879 0.550774 0.504838
0.496545 0.390039 0.711856
0.293202 0.455122 0.56676
0.604362 0.415218 0.658182
0.305633 0.452149 0.392559
0.672615 0.40821 0.376468
0.291022 0.434814 0.551219
0.290848 0.484479 0.532696
0.709111 0.385278 0.43532
0.698172 0.389283 0.556778
0.367143 0.450358 0.342876
0.666197 0.476074 0.570167
0.285598 0.465549 0.513723
0.72571 0.391821 0.509438
0.484422 0.472587 0.281529
0.285275 0.444154 0.460387
0.318361 0.448808 0.604266
0.579371 0.516876 0.362509
0.323753 0.448147 0.372988
0.449444 0.544944 0.554547
0.440166 0.545633 0.55182
0.286479 0.442319 0.481863
0.350881 0.534297 0.476134
0.572264 0.396312 0.679824
0.517693 0.456485 0.700397
0.584082 0.42135 0.677823
0.426624 0.447315 0.698541
0.389997 0.53602 0.598624
0.571548 0.536276 0.416636
0.492538 0.529642 0.636003
0.290075 0.437515 0.453368
0.334084 0.523428 0.466315
0.452149 0.425476 0.718297
0.530495 0.540831 0.435391
0.551062 0.440708 0.696276
0.30033 0.489981 0.452291
0.352532 0.429086 0.641405
0.306445 0.487211 0.568036
0.689712 0.386211 0.556233
0.293685 0.490021 0.528051
0.606188 0.512458 0.60502
0.461917 0.445639 0.281221
0.481143 0.391329 0.714271
0.297874 0.49161 0.52585
0.348175 0.498842 0.616901
0.713448 0.440466 0.460158
0.592024 0.542856 0.490519
0.683369 0.481841 0.505545
0.288942 0.461901 0.520025
0.713915 0.389798 0.529111
0.513994 0.537798 0.388256
0.681262 0.400633 0.559436
0.475793 0.465111 0.283081
0.598907 0.44584 0.317654
0.72194 0.426443 0.468537
0.2913 0.466318 0.540753
0.381564 0.540828 0.549727
0.665248 0.439441 0.364602
0.675868 0.48445 0.418342
0.362305 0.529244 0.579674
0.690676 0.473459 0.500132
0.287642 0.458105 0.462649
0.309059 0.503631 0.493961
0.33424 0.474888 0.623947
0.320048 0.49509 0.577153
0.684891 0.416032 0.564826
0.517888 0.446669 0.286548
0.705249 0.398703 0.521821
0.59936 0.540996 0.48939
0.406349 0.418892 0.683042
0.603881 0.438856 0.327278
0.502847 0.42777 0.715874
0.609348 0.537053 0.506664
0.437859 0.540644 0.599605
0.342862 0.450475 0.637809
0.346854 0.531073 0.527538
0.684852 0.441671 0.390959
0.711678 0.421605 0.538019
0.626457 0.441351 0.630762
0.338637 0.471196 0.366791
0.373404 0.466006 0.662026
0.409512 0.506953 0.653729
0.613937 0.534326 0.49435
0.408131 0.546891 0.525481
0.297075 0.461244 0.524016
0.458226 0.492589 0.300693
0.674055 0.43708 0.390153
0.643112 0.449168 0.592118
0.375098 0.453218 0.633324
0.534763 0.533159 0.398442
0.676587 0.443367 0.569598
0.696691 0.405662 0.436924
0.476369 0.48413 0.291054
0.4107 0.428618 0.675776
0.690507 0.471005 0.452067
0.693908 0.408032 0.425587
0.5958 0.452021 0.320953
0.583745 0.42055 0.657599
0.610459 0.536318 0.480095
0.720603 0.417977 0.47912
0.389964 0.449072 0.675835
0.37657 0.540723 0.494877
0.530938 0.504442 0.312551
0.672707 0.439069 0.387067
0.568798 0.412356 0.679588
0.290612 0.473061 0.476858
0.435249 0.545761 0.504387
0.404026 0.520033 0.634945
0.30561 0.488729 0.446707
0.357117 0.440259 0.643046
0.500847 0.471993 0.2897
0.337373 0.448571 0.619075
0.583976 0.443274 0.665769
0.487712 0.406483 0.71053
0.433482 0.54528 0.515183
0.352465 0.464408 0.64026
0.407725 0.545647 0.420268
0.6095 0.45301 0.623556
0.709543 0.408154 0.444534
0.430244 0.490591 0.318422
0.303782 0.465856 0.525824
0.609001 0.469136 0.333088
0.420325 0.514902 0.342496
0.526244 0.471264 0.29767
0.311442 0.499774 0.492609
0.375944 0.535916 0.419973
0.668788 0.480603 0.399803
0.601067 0.44492 0.633989
0.598814 0.464403 0.327792
0.67503 0.471118 0.402514
0.688396 0.405919 0.544022
0.605485 0.467105 0.639731
0.599263 0.458713 0.334266
0.675349 0.444201 0.565549
0.647609 0.464598 0.389383
0.700812 0.455587 0.485556
0.451263 0.539952 0.591704
0.464828 0.539485 0.50996
0.603646 0.499255 0.617418
0.336626 0.520199 0.518279
0.619297 0.483083 0.619536
0.416356 0.541251 0.564351
0.298101 0.479179 0.522706
0.350055 0.451282 0.626696
0.593631 0.491402 0.338902
0.496227 0.526679 0.348621
0.395045 0.487913 0.334135
0.627702 0.47008 0.345374
0.660567 0.485977 0.554365
0.412662 0.452856 0.683086
0.371368 0.475699 0.345659
0.31647 0.500675 0.500503
0.399133 0.545297 0.474313
0.455685 0.545805 0.436791
0.712733 0.405339 0.463738
0.632083 0.464434 0.358915
0.696122 0.41453 0.520551
0.340385 0.494056 0.600374
0.561696 0.424258 0.6643
0.552124 0.510647 0.3437
0.650798 0.504416 0.428858
0.303434 0.480266 0.516063
0.696291 0.447783 0.514026
0.635154 0.506774 0.555585
0.700295 0.42184 0.534352
0.396717 0.47004 0.335519
0.669728 0.431538 0.554486
0.494428 0.537649 0.508401
0.643231 0.510424 0.514219
0.559974 0.529933 0.420683
0.49069 0.490502 0.305997
0.502409 0.51315 0.327535
0.488177 0.470983 0.691077
0.591091 0.473433 0.328783
0.575279 0.434928 0.664476
0.384164 0.471152 0.344672
0.659357 0.486822 0.3983
0.413074 0.467572 0.332553
0.545149 0.422655 0.690714
0.681352 0.453729 0.547229
0.412639 0.44779 0.655471
0.344326 0.522243 0.524458
0.58121 0.529713 0.420336
0.558578 0.533527 0.448188
0.586268 0.528143 0.412889
0.657097 0.465275 0.377994
0.567655 0.528708 0.59459
0.322482 0.502597 0.498774
0.696675 0.422249 0.52056
0.416827 0.526121 0.618586
0.404358 0.484249 0.336082
0.445689 0.536548 0.533378
0.691813 0.422151 0.518832
0.362726 0.514483 0.392845
0.650642 0.502317 0.517567
0.374786 0.460555 0.635733
0.702775 0.41779 0.500986
0.376877 0.457052 0.647145
0.37086 0.522944 0.397754
0.330899 0.477321 0.590116
0.654634 0.476249 0.38544
0.382046 0.458057 0.642214
0.392348 0.509975 0.631023
0.585501 0.473257 0.644689
0.459879 0.536093 0.515588
0.641578 0.506187 0.5326
0.634455 0.463052 0.59164
0.486609 0.51271 0.649289
0.575247 0.439199 0.65784
0.475466 0.534017 0.611544
0.667816 0.43688 0.547192
0.344156 0.497509 0.40998
0.470705 0.49558 0.316769
0.34264 0.466417 0.592753
0.424871 0.474778 0.330834
0.507738 0.428157 0.693117
0.486969 0.540877 0.432532
0.412024 0.541305 0.527405
0.350537 0.523219 0.510376
0.580792 0.531135 0.448515
0.375468 0.524799 0.585024
0.384941 0.455586 0.64896
0.693321 0.43817 0.530034
0.417731 0.488909 0.352943
0.686134 0.432693 0.531296
0.570333 0.440906 0.64874
0.418824 0.499443 0.342397
0.699707 0.426199 0.489439
0.690948 0.435016 0.519306
0.550167 0.499754 0.640994
0.369055 0.529825 0.502953
0.367394 0.498413 0.38169
0.531393 0.530167 0.428515
0.642045 0.476679 0.404652
0.378705 0.526829 0.567166
0.32521 0.481245 0.501634
0.665859 0.441722 0.527409
0.484674 0.489451 0.671557
0.413339 0.478611 0.665235
0.473908 0.533072 0.514302
0.459967 0.485933 0.32352
0.483034 0.53355 0.383643
0.49531 0.437596 0.693516
0.345147 0.517518 0.501171
0.601339 0.478413 0.345334
0.661384 0.491238 0.436746
0.623468 0.467538 0.584078
0.672354 0.436479 0.53757
0.494962 0.534211 0.503426
0.675131 0.456113 0.428206
0.664079 0.496971 0.475162
0.436599 0.467575 0.678877
0.644718 0.47649 0.39059
0.343379 0.467274 0.569717
0.546161 0.526557 0.601058
0.484127 0.519631 0.635707
0.33355 0.50492 0.449752
0.590288 0.500797 0.361054
0.440991 0.530247 0.371021
0.336813 0.492253 0.569106
0.668619 0.451548 0.545569
0.388053 0.536916 0.452417
0.434531 0.513654 0.353571
0.495805 0.534964 0.466089
0.677476 0.461761 0.518326
0.328197 0.495675 0.474979
0.573839 0.505524 0.365373
0.332024 0.499698 0.464544
0.35099 0.517721 0.44534
0.652635 0.495038 0.432807
0.445302 0.445718 0.680401
0.643597 0.481203 0.406072
0.359904 0.520357 0.42082
0.656767 0.490618 0.525721
0.433211 0.455141 0.672474
0.375847 0.506807 0.384791
0.403267 0.531731 0.565109
0.379925 0.477628 0.641094
0.405947 0.483163 0.604108
0.633496 0.482511 0.393024
0.665685 0.48042 0.433796
0.412224 0.467169 0.636757
0.623666 0.483835 0.399062
0.681057 0.450604 0.4482
0.493057 0.457198 0.685172
0.595318 0.522596 0.575547
0.436621 0.469418 0.673529
0.339697 0.482856 0.580184
0.461513 0.450654 0.691018
0.551681 0.471581 0.327424
0.393702 0.48308 0.608101
0.45563 0.439155 0.674635
0.608671 0.471311 0.579947
0.409067 0.536274 0.532041
0.647695 0.483149 0.563052
0.360915 0.520238 0.437829
0.640242 0.471609 0.569129
0.588272 0.532397 0.535328
0.452575 0.521305 0.36585
0.340491 0.488222 0.46975
0.645645 0.497167 0.525332
0.496658 0.461808 0.677366
0.410985 0.502749 0.369213
0.335502 0.491219 0.517226
0.600584 0.492721 0.367165
0.556791 0.530323 0.485042
0.440752 0.53965 0.44931
0.608524 0.487842 0.605605
0.426195 0.509684 0.634697
0.34507 0.507665 0.518991
0.457731 0.442151 0.667105
0.606597 0.511693 0.578805
0.423773 0.517146 0.365021
0.683412 0.460284 0.478758
0.499286 0.438518 0.66809
0.546857 0.50223 0.632611
0.680568 0.459524 0.489999
0.477902 0.533875 0.574301
0.651993 0.475717 0.436723
0.610465 0.479951 0.605841
0.494945 0.533207 0.424907
0.513355 0.509783 0.3472
0.655526 0.484822 0.431109
0.674249 0.454574 0.50954
0.649696 0.48688 0.546373
0.481528 0.535541 0.445663
0.473356 0.527321 0.377386
0.345879 0.510064 0.461666
0.671216 0.467699 0.514495
0.643687 0.474811 0.56748
0.428771 0.540478 0.456883
0.372365 0.522926 0.433321
0.495576 0.43943 0.656279
0.519445 0.441356 0.662466
0.537473 0.45844 0.663602
0.505278 0.513836 0.624668
0.627656 0.506793 0.529323
0.501203 0.529222 0.474833
0.355672 0.500052 0.569548
0.497905 0.510975 0.355614
0.667817 0.464328 0.465739
0.539253 0.452298 0.664011
0.548333 0.447495 0.658106
0.395633 0.483703 0.63397
0.411715 0.537204 0.436739
0.344467 0.498913 0.47279
0.504218 0.447596 0.670453
0.379378 0.504459 0.403306
0.552029 0.458745 0.617412
0.347273 0.473938 0.543858
0.624722 0.471554 0.557343
0.515812 0.527095 0.43436
0.348468 0.497621 0.554693
0.391921 0.52551 0.4045
0.431169 0.498795 0.362125
0.556599 0.450646 0.649531
0.391979 0.518058 0.392659
0.482359 0.447811 0.675934
0.476667 0.531363 0.474574
0.519234 0.497408 0.64382
0.441069 0.462878 0.628447
0.509795 0.527051 0.418006
0.655942 0.461053 0.465721
0.366041 0.521706 0.454791
0.482 0.476129 0.670068
0.346765 0.496741 0.549763
0.507098 0.526898 0.413423
0.357175 0.503977 0.533764
0.363905 0.486609 0.571856
0.613543 0.480689 0.426815
0.579733 0.498284 0.609315
0.356893 0.476103 0.517496
0.616945 0.510703 0.532479
0.42386 0.477254 0.639875
0.615049 0.500749 0.410524
0.450993 0.515726 0.620035
0.595393 0.473449 0.42995
0.345636 0.478061 0.48358
0.406867 0.524062 0.396348
0.517775 0.507877 0.363594
0.633922 0.477884 0.555713
0.47239 0.446944 0.669998
0.564497 0.526091 0.539612
0.486965 0.464541 0.667096
0.47946 0.44211 0.66476
0.398562 0.508738 0.389148
0.398659 0.511137 0.389346
0.501015 0.475497 0.660889
0.455509 0.451688 0.650447
0.59017 0.518124 0.567254
0.420321 0.535499 0.473947
0.461137 0.528766 0.575176
0.533297 0.479701 0.339686
0.350793 0.486047 0.519798
0.428281 0.531064 0.491569
0.483896 0.470939 0.666126
0.658449 0.474382 0.486802
0.447814 0.458822 0.651674
0.64425 0.491962 0.450242
0.494 0.449855 0.665452
0.65319 0.463192 0.466578
0.525776 0.525068 0.520908
0.646137 0.468748 0.514077
0.365617 0.506083 0.512307
0.555329 0.523073 0.530176
0.593973 0.52003 0.509657
0.630833 0.484168 0.548998
0.358108 0.494432 0.461897
0.586235 0.519631 0.551614
0.464519 0.450253 0.658705
0.644345 0.459046 0.50336
0.373015 0.512713 0.51135
0.568847 0.517371 0.570482
0.441733 0.489485 0.370425
0.562286 0.508385 0.597703
0.639903 0.475652 0.457346
0.56481 0.492878 0.619325
0.352592 0.478087 0.490943
0.58553 0.51827 0.446522
0.50785 0.522998 0.440074
0.645707 0.479833 0.495008
0.59363 0.493887 0.392958
0.618028 0.510737 0.476083
0.450878 0.486621 0.362558
0.458844 0.52125 0.535173
0.529307 0.470765 0.652515
0.457956 0.500932 0.6372
0.591381 0.475182 0.566167
0.394583 0.524151 0.499078
0.523525 0.521524 0.549242
0.559416 0.477417 0.63463
0.390463 0.497277 0.601866
0.363672 0.49468 0.55892
0.531055 0.462081 0.653648
0.361547 0.498854 0.527591
0.540679 0.462042 0.650286
0.450607 0.525912 0.472985
0.515871 0.505302 0.623188
0.636182 0.496572 0.4936
0.419368 0.503805 0.391325
0.557803 0.514215 0.570454
0.428437 0.489848 0.626022
0.621932 0.479672 0.539462
0.517086 0.514982 0.405253
0.570042 0.513238 0.568392
0.581095 0.51881 0.50231
0.458439 0.516955 0.471137
0.382588 0.506576 0.562865
0.423757 0.521466 0.53337
0.368854 0.480156 0.451972
0.53908 0.476414 0.35871
0.549517 0.467975 0.606299
0.631692 0.494757 0.463815
0.460006 0.523693 0.444402
0.580842 0.517935 0.476943
0.455922 0.461908 0.641883
0.568565 0.478296 0.389816
0.520876 0.51171 0.598442
0.437682 0.519389 0.495403
0.624121 0.474068 0.532216
0.476525 0.516888 0.604193
0.641428 0.454828 0.501697
0.470137 0.458865 0.655093
0.637026 0.485152 0.491905
0.436666 0.490256 0.630532
0.48669 0.467445 0.352316
0.427285 0.527674 0.436742
0.629521 0.476394 0.524022
0.517946 0.518656 0.491141
0.461707 0.511047 0.378141
0.500925 0.489967 0.638163
0.491058 0.507489 0.375503
0.466925 0.447549 0.637354
0.44036 0.484612 0.384982
0.478106 0.472935 0.355019
0.447362 0.477619 0.389875
0.379712 0.506319 0.496384
0.642254 0.442694 0.478631
0.380937 0.484441 0.537066
0.509029 0.448565 0.619391
0.547629 0.508227 0.582279
0.617132 0.495688 0.509704
0.52031 0.508996 0.592948
0.636631 0.419395 0.491658
0.615123 0.470839 0.449666
0.44803 0.473568 0.625639
0.398121 0.511474 0.557674
0.467077 0.448418 0.614996
0.536408 0.515566 0.450538
0.385876 0.481023 0.543031
0.596749 0.498441 0.421197
0.440544 0.515951 0.473125
0.454357 0.515059 0.532111
0.442619 0.515641 0.584803
0.615327 0.440892 0.518964
0.513915 0.45892 0.632524
0.495485 0.516881 0.43742
0.61688 0.491097 0.533965
0.460319 0.50979 0.470249
0.491102 0.509205 0.604419
0.589687 0.504806 0.42125
0.576663 0.488704 0.395559
0.559308 0.504436 0.5854
0.549214 0.513572 0.555211
0.60668 0.498076 0.550195
0.559937 0.484704 0.380528
0.559883 0.480121 0.38258
0.538101 0.485826 0.367997
0.523965 0.470368 0.367679
0.385868 0.511647 0.439496
0.447763 0.473775 0.625433
0.460349 0.46296 0.600195
0.551488 0.508712 0.423176
0.577799 0.49763 0.570318
0.401997 0.509784 0.538824
0.558113 0.496255 0.588709
0.527661 0.506683 0.580544
0.621703 0.452401 0.511943
0.525002 0.459514 0.377879
0.583504 0.497349 0.415383
0.526972 0.491021 0.616985
0.47319 0.511508 0.536752
0.548421 0.502504 0.401819
0.505108 0.463903 0.37711
0.474553 0.501327 0.472458
0.547623 0.499395 0.395084
0.572657 0.457257 0.543634
0.48845 0.499527 0.610376
0.568622 0.48018 0.402899
0.393799 0.47959 0.535732
0.527243 0.461643 0.376981
0.466909 0.495643 0.3759
0.5341 0.479055 0.624011
0.55186 0.480141 0.6068
0.496826 0.495806 0.614436
0.449417 0.400242 0.56147
0.465069 0.509829 0.523251
0.456207 0.500662 0.385477
0.402943 0.491571 0.425944
0.433055 0.512804 0.523068
0.439407 0.455296 0.555241
0.457997 0.471275 0.390054
0.366382 0.475898 0.473107
0.573178 0.479449 0.411444
0.401175 0.47954 0.435689
0.381571 0.498652 0.505371
0.405492 0.489747 0.571054
0.39408 0.498117 0.526087
0.550117 0.504834 0.448978
0.463014 0.47093 0.391325
0.42695 0.509662 0.542703
0.4306 0.508179 0.563231
0.511797 0.505021 0.570222
0.47059 0.503689 0.395054
0.435987 0.483467 0.580902
0.604744 0.494479 0.467221
0.425946 0.508088 0.56164
0.435604 0.500379 0.590353
0.574026 0.504998 0.505365
0.490441 0.501372 0.59135
0.509466 0.46584 0.609993
0.435771 0.460399 0.417265
0.54467 0.384059 0.555848
0.376877 0.482911 0.486683
0.591431 0.499298 0.522146
0.561712 0.503989 0.446536
0.454199 0.482713 0.394254
0.418164 0.477989 0.553146
0.529865 0.446534 0.389384
0.384239 0.475733 0.502425
0.491678 0.458231 0.614473
0.617269 0.42583 0.50207
0.484181 0.437299 0.617045
0.396171 0.497772 0.533248
0.53277 0.508447 0.496731
0.370198 0.466409 0.483447
0.505943 0.504312 0.57667
0.628586 0.469891 0.471699
0.501511 0.508085 0.527645
0.545971 0.505035 0.451571
0.595333 0.475122 0.539586
0.559671 0.49196 0.578903
0.507871 0.503423 0.454347
0.416461 0.4984 0.429721
0.547384 0.497141 0.466609
0.543512 0.497865 0.455673
0.449866 0.504607 0.541056
0.584883 0.494466 0.515382
0.497678 0.501164 0.558904
0.581212 0.489275 0.545466
0.524546 0.50202 0.551669
0.600346 0.486485 0.498816
0.605018 0.480527 0.506525
0.448198 0.391253 0.560652
0.533081 0.469861 0.585323
0.450148 0.495829 0.49155
0.576812 0.496225 0.481755
0.487018 0.471527 0.608132
0.58709 0.427985 0.452718
0.54988 0.456579 0.409644
0.558642 0.492326 0.415963
0.488039 0.463948 0.608406
0.551828 0.478657 0.403373
0.582161 0.495364 0.491457
0.565759 0.493773 0.423613
0.48301 0.49145 0.393559
0.493656 0.459513 0.387545
0.598228 0.463283 0.454075
0.460678 0.490482 0.466275
0.582924 0.402735 0.45175
0.463873 0.454277 0.584775
0.611319 0.477631 0.463782
0.617361 0.41966 0.495889
0.532813 0.503454 0.503072
0.571664 0.47034 0.546353
0.516115 0.504576 0.534452
0.574247 0.496447 0.479409
0.478819 0.458661 0.387442
0.439794 0.437747 0.547303
0.435766 0.484439 0.563097
0.549584 0.491117 0.482571
0.420132 0.49168 0.542579
0.467915 0.497519 0.534753
0.454291 0.493353 0.504914
0.486611 0.494437 0.549849
0.421382 0.499702 0.456548
0.38856 0.41528 0.482103
0.585708 0.481636 0.530821
0.484032 0.483169 0.479637
0.594203 0.465704 0.455302
0.598208 0.480717 0.463392
0.445882 0.496038 0.423866
0.543467 0.369526 0.558895
0.568772 0.489914 0.539959
0.601883 0.417823 0.466643
0.501086 0.497177 0.536285
0.546347 0.492135 0.551135
0.397473 0.471217 0.498065
0.463817 0.486484 0.405378
0.498148 0.488795 0.407862
0.596624 0.485338 0.475894
0.542792 0.483459 0.566849
0.485621 0.494385 0.417879
0.588027 0.476284 0.531022
0.487135 0.491101 0.567803
0.598371 0.478555 0.499822
0.545435 0.489715 0.456711
0.531356 0.4747 0.397918
0.473376 0.490067 0.450638
0.475609 0.480035 0.601031
0.470975 0.467765 0.398073
0.481403 0.446177 0.606545
0.522592 0.460404 0.395048
0.62054 0.440112 0.481375
0.502998 0.485563 0.476808
0.398159 0.469748 0.483527
0.55027 0.484786 0.4987
0.50308 0.382886 0.59564
0.47815 0.48761 0.526036
0.606116 0.451394 0.493447
0.477534 0.487473 0.550172
0.520512 0.473553 0.571879
0.489055 0.480093 0.451918
0.538529 0.450425 0.557728
0.390689 0.443751 0.47486
0.552756 0.48069 0.465758
0.596857 0.456404 0.509706
0.460195 0.445201 0.567468
0.399374 0.444232 0.490863
0.410937 0.471807 0.508799
0.608346 0.396969 0.477264
0.403128 0.479494 0.468919
0.534803 0.48183 0.443673
0.555911 0.452971 0.424658
0.576957 0.468235 0.447092
0.466032 0.470421 0.583042
0.598159 0.464663 0.501218
0.392944 0.433126 0.483468
0.477787 0.476431 0.46023
0.584797 0.479503 0.467287
0.486854 0.482961 0.412748
0.508012 0.394638 0.594486
0.452868 0.486658 0.559854
0.490169 0.376857 0.604573
0.571272 0.442546 0.44225
0.424619 0.429215 0.443853
0.548227 0.480944 0.457888
0.427336 0.485079 0.441701
0.499194 0.486184 0.545638
0.50088 0.487768 0.513669
0.435281 0.364834 0.432624
0.407132 0.46876 0.473441
0.422382 0.476033 0.477823
0.471521 0.462535 0.474827
0.502886 0.475699 0.501775
0.595914 0.422541 0.469265
0.469436 0.478778 0.551454
0.526312 0.444561 0.571274
0.5202 0.482807 0.522131
0.536541 0.482449 0.515592
0.516814 0.392731 0.587715
0.557756 0.392417 0.436555
0.477115 0.474907 0.420794
0.493059 0.396705 0.596765
0.596088 0.435596 0.496889
0.535978 0.40938 0.417108
0.44432 0.387087 0.424293
0.458033 0.479607 0.544134
0.442766 0.457248 0.544223
0.507775 0.440388 0.404547
0.498368 0.465362 0.478862
0.569021 0.394324 0.445647
0.583635 0.367293 0.457147
0.597869 0.380884 0.506044
0.495137 0.472653 0.555257
0.468709 0.471923 0.497311
0.598547 0.364172 0.49626
0.452949 0.417502 0.415478
0.530549 0.473565 0.420875
0.45765 0.404025 0.563946
0.403409 0.44959 0.471743
0.490042 0.411016 0.396277
0.598448 0.384388 0.502749
0.478662 0.467231 0.411561
0.567664 0.427583 0.530389
0.495042 0.461012 0.575624
0.550635 0.39908 0.543583
0.463236 0.388475 0.57158
0.435749 0.460943 0.487528
0.568687 0.440159 0.525836
0.512955 0.469156 0.506372
0.494962 0.456346 0.417643
0.462823 0.466096 0.549103
0.429993 0.460605 0.489341
0.400752 0.389308 0.483299
0.514125 0.456363 0.561007
0.482201 0.438798 0.586648
0.552764 0.460107 0.447857
0.479875 0.455585 0.491752
0.479275 0.464003 0.517666
0.432383 0.374199 0.438706
0.453593 0.419985 0.552881
0.435076 0.424638 0.437578
0.598152 0.393911 0.4827
0.403917 0.426727 0.473509
0.453913 0.469499 0.528502
0.400726 0.385867 0.484283
0.520197 0.468809 0.539364
0.407631 0.38155 0.467355
0.455656 0.464057 0.457014
0.492061 0.391937 0.593438
0.472114 0.455572 0.417168
0.425726 0.317283 0.555763
0.594989 0.36338 0.493907
0.431734 0.459767 0.511201
0.573265 0.406935 0.524638
0.509969 0.442225 0.411272
0.41381 0.458521 0.472136
0.482624 0.448997 0.581178
0.420635 0.457767 0.487094
0.567035 0.459802 0.486205
0.433956 0.435295 0.439574
0.473423 0.450753 0.477522
0.425129 0.440161 0.498896
0.443742 0.448857 0.497434
0.476071 0.402507 0.402873
0.521847 0.461164 0.510997
0.420286 0.333791 0.447802
0.456429 0.444276 0.543333
0.510888 0.361071 0.408871
0.499422 0.445166 0.454508
0.511941 0.359304 0.408776
0.581879 0.348988 0.521461
0.508946 0.437298 0.47466
0.489157 0.396293 0.588583
0.456861 0.445481 0.471593
0.436515 0.447085 0.509106
0.493431 0.456137 0.531122
0.424239 0.425146 0.455604
0.506325 0.339931 0.589244
0.430114 0.341214 0.550338
0.595113 0.381846 0.475784
0.51442 0.449484 0.489986
0.46983 0.437558 0.478372
0.404832 0.385345 0.482339
0.505559 0.37145 0.586442
0.492979 0.399376 0.406902
0.456304 0.452864 0.533349
0.402379 0.359495 0.475465
0.530883 0.349754 0.574659
0.519926 0.363298 0.410385
0.541126 0.458096 0.515505
0.424314 0.325976 0.549755
0.58095 0.422224 0.50346
0.545674 0.41929 0.430661
0.401997 0.357332 0.513247
0.520395 0.429546 0.414822
0.539128 0.443288 0.474436
0.540851 0.302895 0.577037
0.423843 0.425227 0.489587
0.561465 0.428371 0.472304
0.413261 0.393154 0.489002
0.552704 0.436011 0.4972
0.423585 0.352286 0.539548
0.446202 0.412528 0.538791
0.534518 0.393698 0.424154
0.520746 0.451522 0.519511
0.491932 0.438753 0.545144
0.528445 0.429835 0.467849
0.535469 0.408104 0.426249
0.585624 0.35948 0.492421
0.528362 0.428418 0.474264
0.587765 0.32844 0.50666
0.441183 0.429958 0.442732
0.465245 0.350894 0.576028
0.543124 0.428472 0.47615
0.502245 0.422373 0.475826
0.540322 0.434319 0.455848
0.47017 0.418376 0.563272
0.409573 0.375687 0.503664
0.460413 0.35466 0.41635
0.502469 0.410937 0.416429
0.504949 0.432292 0.487758
0.533306 0.313007 0.579988
0.510149 0.446256 0.532264
0.471809 0.345958 0.408131
0.416578 0.409287 0.484478
0.477187 0.433343 0.503655
0.46403 0.43191 0.424584
0.45543 0.433929 0.496108
0.405871 0.360881 0.476732
0.440036 0.431583 0.518484
0.41733 0.34791 0.458576
0.535486 0.448012 0.515339
0.522798 0.40508 0.568132
0.42556 0.409702 0.487277
0.481097 0.413973 0.49515
0.421351 0.321431 0.545188
0.411218 0.341198 0.470169
0.510977 0.420416 0.452528
0.442091 0.392159 0.538481
0.556293 0.420249 0.50471
0.528871 0.424003 0.444431
0.581028 0.355134 0.490237
0.564257 0.408846 0.497899
0.556484 0.415263 0.494018
0.474737 0.397381 0.414916
0.586388 0.318411 0.487987
0.578372 0.337915 0.457538
0.433487 0.319386 0.431456
0.490803 0.375514 0.580276
0.58384 0.312223 0.521926
0.428388 0.418458 0.466928
0.57616 0.383633 0.499774
0.53021 0.438217 0.521491
0.589491 0.317003 0.463229
0.498014 0.412295 0.423041
0.454093 0.423768 0.519981
0.56436 0.406337 0.478018
0.522511 0.361002 0.41615
0.444401 0.420637 0.499732
0.440754 0.398305 0.534155
0.542596 0.426321 0.500247
0.419847 0.344451 0.535753
0.505161 0.412153 0.480208
0.474654 0.41301 0.490484
0.516979 0.41363 0.478195
0.451012 0.422826 0.518535
0.520658 0.416971 0.480784
0.581673 0.351905 0.490368
0.576756 0.302975 0.534584
0.449806 0.354248 0.429851
0.482114 0.408179 0.512715
0.500282 0.40338 0.430009
0.418124 0.357735 0.470317
0.428239 0.374965 0.458498
0.429115 0.35528 0.537836
0.455106 0.398484 0.431638
0.438756 0.330262 0.433544
0.580334 0.339064 0.508364
0.482368 0.385793 0.476377
0.515027 0.419239 0.535116
0.471373 0.39414 0.482643
0.567763 0.352792 0.455221
0.418065 0.367479 0.514549
0.487622 0.358707 0.579443
0.49299 0.300142 0.591764
0.526738 0.399562 0.474352
0.43927 0.34949 0.548814
0.509526 0.386626 0.422808
0.447318 0.403926 0.523732
0.518969 0.374224 0.567802
0.499866 0.399515 0.461434
0.510214 0.402883 0.458295
0.554319 0.398413 0.495223
0.525325 0.425616 0.516201
0.467843 0.314128 0.583431
0.59422 0.300708 0.468662
0.470385 0.306771 0.587605
0.563002 0.38711 0.518349
0.409311 0.305677 0.466095
0.42481 0.357206 0.532812
0.403946 0.316461 0.515551
0.42958 0.290498 0.569625
0.495563 0.368974 0.417993
0.499373 0.412897 0.539892
0.487064 0.387872 0.472054
0.433324 0.380033 0.519068
0.482159 0.395943 0.530329
0.582533 0.309681 0.494
0.425276 0.368873 0.471141
0.522112 0.381365 0.430226
0.418388 0.307799 0.542121
0.520111 0.406976 0.53163
0.500579 0.346611 0.573775
0.573616 0.306151 0.532459
0.409881 0.311613 0.475341
0.48993 0.329928 0.581109
0.484523 0.372526 0.564471
0.535166 0.345734 0.557784
0.45785 0.396074 0.441789
0.540876 0.387279 0.530851
0.491851 0.332022 0.415084
0.475893 0.304881 0.40732
0.412538 0.325037 0.484579
0.462264 0.391931 0.532688
0.535196 0.393952 0.532184
0.483801 0.384517 0.496283
0.505926 0.392033 0.49235
0.559508 0.259017 0.577265
0.546326 0.395529 0.518588
0.513623 0.389905 0.436148
0.45039 0.389285 0.471829
0.557058 0.373399 0.522224
0.554754 0.376716 0.479962
0.520222 0.401259 0.499307
0.489973 0.304964 0.408602
0.539543 0.332551 0.428307
0.488422 0.315386 0.585899
0.574455 0.350245 0.466671
0.47742 0.391412 0.54463
0.438559 0.292726 0.420076
0.571892 0.252115 0.573981
0.432127 0.364549 0.515095
0.522379 0.343564 0.424637
0.564614 0.348447 0.463733
0.52255 0.370628 0.54878
0.517719 0.299109 0.413317
0.414107 0.277717 0.547843
0.525562 0.381493 0.535809
0.509781 0.310026 0.415861
0.561704 0.343724 0.457982
0.476776 0.380988 0.515233
0.499681 0.378153 0.540416
0.443385 0.332839 0.437605
0.491648 0.329637 0.575319
0.436027 0.358751 0.456473
0.514035 0.373423 0.485191
0.416706 0.248827 0.578731
0.567819 0.329824 0.524806
0.469825 0.371532 0.432794
0.521768 0.374873 0.442829
0.510952 0.36847 0.470274
0.460851 0.381631 0.518406
0.43478 0.344403 0.538068
0.476102 0.305717 0.41113
0.462418 0.366753 0.470303
0.474815 0.365577 0.462372
0.497423 0.298387 0.411828
0.509839 0.374309 0.440541
0.404442 0.275512 0.506495
0.586489 0.242011 0.411911
0.41569 0.32715 0.514806
0.405559 0.242763 0.412674
0.502154 0.313534 0.415958
0.589819 0.281091 0.459434
0.507049 0.372362 0.454951
0.516054 0.394661 0.518429
0.482745 0.321235 0.579643
0.434917 0.34489 0.462438
0.525542 0.350893 0.438823
0.464473 0.356902 0.49725
0.531041 0.342123 0.550425
0.456804 0.262567 0.592993
0.585519 0.254578 0.545544
0.427526 0.333244 0.467547
0.424624 0.280366 0.562229
0.56417 0.336667 0.481368
0.586304 0.258111 0.498783
0.479635 0.284513 0.58909
0.436699 0.35031 0.489829
0.474308 0.360858 0.506392
0.469633 0.359321 0.539822
0.589166 0.278691 0.473425
0.411335 0.248651 0.414012
0.508735 0.351178 0.471388
0.461328 0.361343 0.532698
0.475211 0.34348 0.559741
0.423255 0.326996 0.483977
0.592725 0.255715 0.475002
0.447395 0.257697 0.592596
0.521972 0.367375 0.534286
0.460674 0.355392 0.493558
0.472916 0.299436 0.581949
0.504943 0.351796 0.484334
0.481622 0.364857 0.526091
0.502473 0.249864 0.592657
0.533374 0.310457 0.564872
0.504099 0.350353 0.483112
0.533959 0.354783 0.464401
0.590521 0.272146 0.474361
0.550553 0.348463 0.493435
0.486158 0.282863 0.588356
0.45596 0.294491 0.577855
0.564432 0.331946 0.49011
0.438253 0.323991 0.451528
0.45338 0.234367 0.600186
0.425771 0.232688 0.594815
0.568434 0.305164 0.524132
0.459663 0.346638 0.530911
0.572334 0.263064 0.551868
0.446638 0.337992 0.471667
0.44232 0.33384 0.456548
0.522556 0.316929 0.42916
0.522362 0.326428 0.433585
0.502785 0.354885 0.513259
0.523582 0.272513 0.41209
0.531258 0.353258 0.521233
0.428685 0.307874 0.541211
0.513392 0.340133 0.548906
0.433777 0.318179 0.54023
0.520771 0.333973 0.55488
0.541416 0.334459 0.459707
0.425671 0.288286 0.552369
0.547567 0.333524 0.527875
0.528304 0.349204 0.501166
0.462241 0.338937 0.497125
0.506832 0.301504 0.573812
0.478373 0.269774 0.590895
0.569724 0.299942 0.455403
0.431303 0.305379 0.547131
0.566242 0.307147 0.526223
0.583667 0.268613 0.489012
0.487918 0.325361 0.559577
0.542126 0.343327 0.524347
0.4283 0.314638 0.460523
0.449562 0.343038 0.508194
0.588134 0.249394 0.485979
0.547882 0.264416 0.410751
0.451179 0.323419 0.438933
0.540386 0.336048 0.472054
0.440923 0.308495 0.548876
0.450235 0.282481 0.420615
0.506011 0.320473 0.461079
0.580629 0.265365 0.527783
0.551375 0.321327 0.518579
0.561247 0.26231 0.560712
0.521664 0.281101 0.574112
0.517442 0.266592 0.413962
0.526545 0.321667 0.465169
0.462269 0.264062 0.409568
0.479425 0.313127 0.558959
0.535564 0.318232 0.479102
0.516978 0.317762 0.471706
0.453356 0.320526 0.46789
0.586002 0.241966 0.51025
0.438401 0.279544 0.569945
0.468865 0.312149 0.482913
0.528182 0.313262 0.553951
0.543292 0.317049 0.485268
0.471283 0.326958 0.539692
0.483447 0.322893 0.443557
0.471709 0.32965 0.532193
0.572366 0.284369 0.50056
0.473468 0.281747 0.416287
0.55479 0.305488 0.533573
0.428397 0.300326 0.455626
0.533408 0.317948 0.448841
0.495212 0.298212 0.56933
0.449616 0.331695 0.523809
0.445905 0.319737 0.491923
0.559246 0.309376 0.496515
0.518269 0.305596 0.565098
0.552327 0.314373 0.527667
0.525936 0.337956 0.526891
0.549163 0.314864 0.4864
0.457431 0.284547 0.576773
0.432991 0.290093 0.483002
0.446729 0.296571 0.437752
0.406011 0.238579 0.514241
0.593926 0.231073 0.535716
0.470185 0.311396 0.511509
0.551061 0.256446 0.56958
0.421461 0.271085 0.487476
0.426055 0.258219 0.568623
0.526432 0.308643 0.493648
0.573905 0.228276 0.584831
0.446771 0.214574 0.601649
0.543257 0.303757 0.535233
0.497693 0.259083 0.414277
0.484166 0.285791 0.570101
0.466645 0.299498 0.488511
0.43436 0.22538 0.596946
0.399507 0.224257 0.410026
0.524089 0.30074 0.472966
0.48862 0.231935 0.400854
0.568206 0.274197 0.534015
0.435053 0.253099 0.580896
0.479671 0.272137 0.579524
0.450015 0.303653 0.445246
0.469144 0.307607 0.448926
0.545187 0.303065 0.473982
0.428241 0.296188 0.516885
0.505217 0.322758 0.527004
0.404411 0.242467 0.456275
0.405938 0.238233 0.500112
0.529871 0.306373 0.460414
0.503652 0.304129 0.553997
0.409325 0.2399 0.417717
0.519471 0.220197 0.594484
0.50506 0.301712 0.465229
0.477493 0.311715 0.536636
0.532829 0.301866 0.487297
0.432614 0.278412 0.472385
0.540763 0.225205 0.591383
0.55149 0.249883 0.411315
0.424449 0.272474 0.528612
0.478261 0.284148 0.468377
0.540807 0.245337 0.577972
0.442364 0.28761 0.497887
0.445667 0.291204 0.449249
0.495511 0.291162 0.448788
0.5074 0.300307 0.506234
0.478724 0.298871 0.529668
0.455443 0.28855 0.465296
0.57122 0.260345 0.429578
0.4502 0.25958 0.579104
0.602026 0.202779 0.581966
0.453275 0.298607 0.535069
0.425541 0.268533 0.492251
0.436567 0.259292 0.573354
0.444369 0.233451 0.40171
0.503997 0.25114 0.414697
0.561809 0.26466 0.426856
0.501325 0.280233 0.486107
0.425161 0.267331 0.47444
0.480764 0.299359 0.527906
0.468313 0.297508 0.51487
0.532287 0.218498 0.594936
0.407122 0.234774 0.532988
0.486017 0.297147 0.535363
0.531388 0.28832 0.491999
0.579376 0.243533 0.495887
0.59159 0.227777 0.529352
0.464954 0.284408 0.472117
0.556231 0.229151 0.587687
0.585183 0.231731 0.478062
0.4789 0.237577 0.590592
0.515115 0.284841 0.465803
0.433549 0.217699 0.594868
0.544198 0.235484 0.405325
0.453097 0.270003 0.475075
0.433305 0.27285 0.533804
0.588642 0.23045 0.457051
0.53356 0.231239 0.583766
0.522605 0.237514 0.409198
0.52839 0.229588 0.403256
0.499105 0.26268 0.482606
0.436236 0.266529 0.489188
0.449941 0.252474 0.577638
0.464303 0.284932 0.52834
0.544974 0.258968 0.558622
0.476067 0.265178 0.481971
0.471022 0.278739 0.551365
0.455712 0.272925 0.56281
0.556717 0.258503 0.424729
0.420728 0.24601 0.483071
0.578501 0.237987 0.514426
0.4135 0.234676 0.419901
0.506496 0.271941 0.555629
0.507336 0.291614 0.519638
0.487094 0.215093 0.397578
0.479024 0.269969 0.563607
0.457572 0.273802 0.434737
0.53859 0.267238 0.479679
0.573998 0.257294 0.439904
0.602282 0.206649 0.41693
0.495931 0.268352 0.46709
0.475274 0.27362 0.458102
0.52761 0.207868 0.59901
0.537501 0.284262 0.513689
0.523295 0.278333 0.449662
0.560602 0.233925 0.404853
0.59772 0.215786 0.4441
0.418613 0.233525 0.574285
0.433399 0.258661 0.507609
0.545146 0.25046 0.423052
0.535914 0.267174 0.529615
0.441775 0.266388 0.539774
0.493304 0.260373 0.439158
0.526246 0.21641 0.588954
0.414114 0.231126 0.517495
0.424885 0.235794 0.572572
0.498487 0.271306 0.51807
0.559063 0.25635 0.474355
0.402422 0.21189 0.404631
0.467561 0.208975 0.394158
0.528468 0.265044 0.503527
0.501125 0.214514 0.589155
0.532488 0.269977 0.515096
0.454789 0.228636 0.585426
0.493745 0.263284 0.546153
0.399518 0.194288 0.605687
0.515484 0.261386 0.440599
0.520889 0.250983 0.425344
0.458765 0.258871 0.493678
0.515311 0.256552 0.557117
0.550135 0.261746 0.524904
0.473726 0.210226 0.592833
0.445223 0.266392 0.54693
0.539311 0.25514 0.553941
0.534187 0.270473 0.520754
0.501292 0.260135 0.499371
0.45702 0.264146 0.437786
0.569438 0.234566 0.413607
0.475792 0.261338 0.45086
0.430037 0.241454 0.571482
0.49355 0.260211 0.501438
0.528359 0.26956 0.531362
0.509751 0.260075 0.497579
0.511315 0.248885 0.482656
0.429711 0.244017 0.431384
0.547392 0.252843 0.438528
0.430015 0.202389 0.388735
0.450914 0.254538 0.546221
0.392133 0.205332 0.42308
0.518301 0.202284 0.595464
0.49878 0.24233 0.428753
0.510372 0.254636 0.53131
0.499226 0.244331 0.558584
0.480648 0.247643 0.445706
0.582711 0.226892 0.450865
0.479486 0.240219 0.47258
0.513368 0.247172 0.447598
0.532415 0.242798 0.490299
0.406298 0.210136 0.485988
0.448944 0.189354 0.604938
0.428258 0.237739 0.474511
0.395788 0.196719 0.502365
0.458888 0.247487 0.563848
0.427882 0.242304 0.430974
0.609709 0.189624 0.422841
0.525185 0.19688 0.602122
0.416086 0.227127 0.463946
0.469637 0.224344 0.412829
0.42758 0.241027 0.464867
0.549833 0.253731 0.441715
0.507646 0.225236 0.413803
0.399614 0.200908 0.590183
0.403199 0.2057 0.399989
0.45969 0.227238 0.580172
0.415943 0.223639 0.503496
0.507229 0.22485 0.413497
0.46165 0.247041 0.563993
0.50753 0.24063 0.464467
0.430615 0.242482 0.559603
0.393724 0.186969 0.611141
0.427802 0.21901 0.413668
0.451241 0.194919 0.387138
0.595418 0.192078 0.485553
0.477891 0.234906 0.532352
0.401889 0.200222 0.585432
0.508588 0.190122 0.602649
0.522467 0.236449 0.439239
0.54037 0.200659 0.392968
0.46741 0.234901 0.507035
0.405904 0.207213 0.577375
0.400358 0.193868 0.596289
0.584826 0.194166 0.596991
0.589311 0.204675 0.456699
0.496648 0.230599 0.498701
0.53976 0.207937 0.587511
0.474032 0.236165 0.547716
0.451134 0.237193 0.563076
0.49645 0.201169 0.397867
0.395612 0.205339 0.565269
0.569218 0.221232 0.491428
0.539551 0.230979 0.467787
0.554587 0.230088 0.503436
0.391618 0.188804 0.495016
0.486874 0.230446 0.504215
0.540502 0.235414 0.513553
0.464279 0.237236 0.511929
0.387813 0.19674 0.421236
0.493123 0.228107 0.468312
0.552276 0.187832 0.612523
0.502273 0.215826 0.413261
0.500891 0.228496 0.490828
0.566169 0.228549 0.471365
0.494108 0.234892 0.549366
0.59019 0.196539 0.479235
0.42269 0.197055 0.38803
0.59429 0.198018 0.576742
0.429953 0.226034 0.540805
0.450675 0.20634 0.40619
0.482843 0.221347 0.554132
0.485829 0.220859 0.535366
0.51989 0.21372 0.568901
0.498396 0.180195 0.608412
0.394205 0.199854 0.560352
0.421327 0.211236 0.574756
0.46552 0.225763 0.545111
0.535184 0.223054 0.550874
0.591052 0.195654 0.4142
0.593817 0.194645 0.452365
0.573981 0.192425 0.385506
0.527755 0.191911 0.392866
0.402401 0.205002 0.552644
0.473095 0.215672 0.571471
0.592174 0.190955 0.482333
0.490592 0.220736 0.518783
0.547518 0.217155 0.47599
0.47594 0.218274 0.499058
0.4788 0.192025 0.392057
0.565668 0.217908 0.537611
0.463097 0.217724 0.421629
0.482484 0.220177 0.532791
0.535385 0.221419 0.424941
0.45831 0.182795 0.603507
0.576648 0.206583 0.518649
0.614342 0.180444 0.558559
0.50575 0.208252 0.575944
0.613552 0.180208 0.591065
0.439076 0.229863 0.549294
0.442791 0.230563 0.52172
0.454914 0.193526 0.390578
0.568625 0.204347 0.401089
0.552552 0.22579 0.455511
0.484539 0.215454 0.480743
0.426503 0.210949 0.458967
0.449279 0.211657 0.422831
0.589165 0.187627 0.398603
0.494403 0.209965 0.539943
0.422122 0.21163 0.556448
0.486883 0.171688 0.613757
0.495895 0.207543 0.460124
0.517491 0.213184 0.531461
0.459842 0.190156 0.589647
0.459614 0.214039 0.531121
0.551654 0.212187 0.45698
0.608729 0.177531 0.532372
0.543927 0.212772 0.544606
0.560888 0.207634 0.510102
0.48448 0.206793 0.518068
0.470836 0.185233 0.593819
0.522754 0.188763 0.397494
0.477547 0.205141 0.42042
0.477887 0.171956 0.611503
0.592453 0.186872 0.504928
0.418577 0.20833 0.546406
0.579822 0.191845 0.587562
0.529991 0.207536 0.566066
0.476356 0.207077 0.568868
0.519949 0.210296 0.549401
0.467593 0.209063 0.471881
0.544766 0.19571 0.400355
0.508115 0.206735 0.423507
0.463546 0.213794 0.544907
0.486962 0.209328 0.53856
0.602506 0.176927 0.378078
0.525732 0.197976 0.580774
0.417364 0.20357 0.458469
0.531852 0.212398 0.541836
0.465499 0.210862 0.517128
0.5955 0.177243 0.61482
0.418195 0.173252 0.615681
0.470989 0.198389 0.526636
0.503448 0.197678 0.454564
0.534093 0.197637 0.500978
0.423242 0.195753 0.473137
0.484541 0.166835 0.618354
0.574124 0.194952 0.461207
0.606251 0.17872 0.551402
0.618645 0.169746 0.378604
0.478838 0.186063 0.400573
0.484635 0.200955 0.443541
0.59282 0.18084 0.393601
0.526676 0.192036 0.473265
0.404135 0.18635 0.513592
0.38291 0.179394 0.581921
0.514911 0.20064 0.431054
0.491148 0.197403 0.526112
0.494194 0.183628 0.39697
0.507714 0.192717 0.575034
0.425256 0.189224 0.398053
0.400219 0.191351 0.559005
0.390596 0.181984 0.532359
0.568196 0.196868 0.575305
0.517738 0.192691 0.469536
0.587185 0.185343 0.408096
0.485576 0.200612 0.445279
0.605557 0.178442 0.43707
0.447788 0.207493 0.439496
0.403801 0.184374 0.588185
0.614049 0.169368 0.515085
0.461328 0.201521 0.460948
0.460704 0.182578 0.592439
0.573776 0.194914 0.528617
0.549001 0.199459 0.509668
0.424172 0.196212 0.489501
0.541926 0.201359 0.523036
0.417308 0.176525 0.599669
0.598557 0.175314 0.485421
0.448831 0.194735 0.558268
0.571309 0.18604 0.485427
0.427923 0.187569 0.410721
0.471292 0.169419 0.376803
0.606476 0.173151 0.475351
0.389667 0.177904 0.389734
0.565795 0.193191 0.564288
0.397848 0.181796 0.547926
0.525735 0.172491 0.60946
0.473153 0.187937 0.530383
0.615466 0.168893 0.487673
0.594272 0.176399 0.523589
0.544782 0.189369 0.450279
0.539618 0.17155 0.615161
0.51289 0.1729 0.387423
0.618386 0.164566 0.522553
0.448805 0.186738 0.578784
0.586836 0.179991 0.470603
0.570448 0.174471 0.615683
0.4226 0.192495 0.427853
0.551495 0.1719 0.373518
0.531725 0.186598 0.575244
0.487432 0.186277 0.470001
0.623536 0.163364 0.532211
0.478861 0.190134 0.449488
0.537834 0.190827 0.540644
0.565812 0.191056 0.573249
0.427206 0.193333 0.568386
0.555721 0.191541 0.44284
0.525137 0.186577 0.42104
0.375536 0.167847 0.520005
0.411977 0.18542 0.529368
0.420311 0.190374 0.54043
0.522552 0.184861 0.496143
0.418117 0.182793 0.433011
0.4874 0.178485 0.418068
0.52412 0.171306 0.595593
0.600416 0.17084 0.462763
0.554081 0.168986 0.616342
0.469406 0.164429 0.373965
0.52629 0.168735 0.605238
0.559582 0.182053 0.522135
0.52668 0.176879 0.457559
0.412725 0.176031 0.479742
0.618688 0.165504 0.475345
0.584922 0.174664 0.589308
0.476196 0.180343 0.56933
0.508987 0.172147 0.399496
0.633539 0.161778 0.613959
0.560691 0.18214 0.522243
0.627277 0.163845 0.586696
0.505084 0.176574 0.509539
0.464501 0.183189 0.437954
0.372015 0.164558 0.540575
0.562309 0.179568 0.491745
0.44548 0.181863 0.51927
0.447454 0.181476 0.503074
0.559395 0.17717 0.398447
0.385086 0.17248 0.38704
0.510317 0.176887 0.515609
0.375085 0.166548 0.600528
0.510391 0.179393 0.553354
0.54315 0.172716 0.599594
0.622224 0.165033 0.427265
0.481794 0.166258 0.608439
0.490104 0.180114 0.42361
0.462826 0.183497 0.436566
0.541429 0.171154 0.384508
0.519439 0.17784 0.525843
0.370526 0.165137 0.583548
0.412166 0.165987 0.603218
0.510658 0.170249 0.535821
0.428162 0.169762 0.397896
0.389712 0.168576 0.414505
0.554591 0.172319 0.517026
0.466195 0.160205 0.37091
0.626496 0.161071 0.613569
0.395817 0.167604 0.540295
0.434745 0.173809 0.490819
0.433956 0.1694 0.59115
0.540101 0.169553 0.459658
0.56635 0.172884 0.442694
0.449565 0.172304 0.489686
0.589282 0.167212 0.395152
0.526968 0.169264 0.413819
0.61955 0.162677 0.604806
0.586814 0.168038 0.473668
0.525778 0.167169 0.490147
0.494413 0.165559 0.39142
0.443621 0.17498 0.424163
0.551714 0.170882 0.500627
0.491512 0.170128 0.458196
0.48336 0.169281 0.509529
0.609036 0.164269 0.54563
0.457615 0.17144 0.485995
0.534647 0.168195 0.489708
0.438772 0.165593 0.381904
0.44153 0.17323 0.575172
0.487211 0.162565 0.378624
0.501744 0.165895 0.394238
0.586972 0.169478 0.43421
0.414802 0.173749 0.432665
0.378781 0.163293 0.518574
0.560816 0.167828 0.605705
0.480156 0.169191 0.494285
0.583148 0.168917 0.490636
0.411038 0.163255 0.512425
0.536251 0.16119 0.394161
0.598357 0.161227 0.458741
0.437378 0.155772 0.361556
0.561453 0.164265 0.417255
0.462855 0.156253 0.367218
0.446748 0.15924 0.617249
0.489066 0.163956 0.557376
0.604202 0.159442 0.524553
0.46352 0.165194 0.44337
0.459835 0.16537 0.444014
0.545532 0.16509 0.556869
0.414737 0.163197 0.400629
0.400327 0.162212 0.393541
0.423766 0.164875 0.476615
0.395383 0.163004 0.411761
0.551685 0.156598 0.63191
0.549385 0.162295 0.468511
0.529581 0.15751 0.618409
0.51697 0.16417 0.571238
0.541086 0.162546 0.510332
0.542093 0.161278 0.391074
0.522003 0.16162 0.51891
0.387788 0.162807 0.429159
0.524675 0.161437 0.589941
0.562261 0.163783 0.460815
0.504537 0.164496 0.426653
0.3641 0.156842 0.60431
0.427553 0.166385 0.41909
0.371823 0.156008 0.633468
0.429246 0.165387 0.519916
0.605027 0.160745 0.440952
0.567192 0.161933 0.610094
0.579507 0.165505 0.566021
0.433537 0.166051 0.460684
0.536916 0.161205 0.393894
0.406312 0.157155 0.415274
0.563311 0.15684 0.523312
0.497718 0.156012 0.525911
0.490668 0.155762 0.59142
0.566927 0.157197 0.59164
0.459279 0.152857 0.362984
0.546814 0.153925 0.625958
0.589374 0.157074 0.578288
0.504999 0.15667 0.5606
0.493515 0.156802 0.565015
0.369892 0.154914 0.425042
0.525702 0.155432 0.397154
0.38003 0.155007 0.589954
0.482995 0.154994 0.391471
0.592353 0.156252 0.545297
0.444858 0.156821 0.491244
0.510229 0.155609 0.511785
0.575353 0.156963 0.444473
0.566078 0.158298 0.574246
0.598389 0.155768 0.445885
0.529604 0.155857 0.520931
0.598821 0.155568 0.604399
0.565898 0.157048 0.528507
0.434526 0.156511 0.589253
0.601417 0.155584 0.414722
0.59192 0.156187 0.428353
0.575021 0.156788 0.473383
0.572674 0.154805 0.628333
0.360427 0.153104 0.459181
0.524423 0.154947 0.598529
0.540598 0.154523 0.614755
0.52709 0.155602 0.452517
0.482396 0.156927 0.421101
0.60398 0.15481 0.525967
0.381155 0.156144 0.421141
0.485523 0.156934 0.573519
0.402397 0.15 0.59373
0.566254 0.15 0.548282
0.636047 0.15 0.623238
0.504179 0.15 0.601824
0.433407 0.15 0.577277
0.443304 0.15 0.361783
0.378346 0.15 0.497414
0.429571 0.15 0.52835
0.506276 0.15 0.619713
0.377815 0.15 0.538046
0.614495 0.15 0.481346
0.539309 0.15 0.498521
0.645688 0.15 0.507549
0.528588 0.15 0.54559
0.404064 0.15 0.5006
0.443817 0.15 0.519698
0.413576 0.15 0.402937
0.565046 0.15 0.608589
0.477345 0.15 0.45614
0.464774 0.15 0.453046
0.447919 0.15 0.427639
0.615273 0.15 0.362635
0.367689 0.15 0.427126
0.426852 0.15 0.638217
0.588749 0.15 0.584483
0.601622 0.15 0.548199
0.531555 0.15 0.611089
0.437042 0.15 0.455399
0.591963 0.15 0.416396
0.363669 0.15 0.541378
0.455783 0.15 0.401692
0.351437 0.15 0.52499
0.430395 0.15 0.502861
0.568864 0.15 0.422329
0.552658 0.15 0.503996
0.629565 0.15 0.444623
