1620 0.012625
0.360963 0.222386 0.361797
0.412734 0.211359 0.322751
0.455703 0.203781 0.308449
0.499717 0.20201 0.308691
0.538641 0.201572 0.312871
0.584307 0.2057 0.325596
0.320947 0.211592 0.408247
0.363839 0.288699 0.363285
0.446428 0.289898 0.33561
0.498024 0.285994 0.331614
0.56257 0.290073 0.339096
0.636478 0.265276 0.370107
0.320923 0.19553 0.456427
0.334141 0.290504 0.445403
0.442489 0.325231 0.440261
0.499283 0.322846 0.436755
0.569768 0.325299 0.442329
0.665942 0.269609 0.448761
0.314796 0.204443 0.497043
0.332986 0.285155 0.501114
0.444816 0.32336 0.497658
0.502331 0.319009 0.4982
0.56947 0.322029 0.498155
0.671497 0.259236 0.502115
0.318148 0.208681 0.54082
0.341547 0.290509 0.567789
0.444499 0.323812 0.573675
0.498286 0.319683 0.572694
0.563869 0.323728 0.564749
0.667426 0.25878 0.552925
0.344402 0.219354 0.583641
0.365785 0.237196 0.637979
0.444129 0.259671 0.66208
0.499919 0.259072 0.665995
0.550483 0.276657 0.660466
0.630454 0.26189 0.620543
0.348022 0.249628 0.350447
0.342417 0.217576 0.590546
0.316522 0.268008 0.506488
0.562966 0.32174 0.492263
0.455761 0.307725 0.621026
0.54911 0.210935 0.302255
0.32957 0.215897 0.605517
0.353318 0.217164 0.60457
0.671563 0.191262 0.480863
0.471538 0.213173 0.288439
0.627117 0.226738 0.626825
0.631686 0.273258 0.616852
0.507096 0.295522 0.642922
0.496451 0.320825 0.524731
0.578777 0.322007 0.471054
0.670663 0.194468 0.465847
0.305445 0.222726 0.552315
0.373402 0.218199 0.342809
0.531819 0.24386 0.670332
0.352631 0.228146 0.6322
0.365146 0.271446 0.628449
0.434974 0.324493 0.577051
0.310742 0.218304 0.564157
0.51925 0.318311 0.583621
0.392139 0.216279 0.643553
0.678927 0.219583 0.566337
0.522878 0.318899 0.532357
0.447493 0.271728 0.656773
0.662998 0.241779 0.598715
0.464955 0.320477 0.498364
0.483437 0.221582 0.674863
0.673133 0.239273 0.575865
0.555813 0.321365 0.477921
0.664929 0.214758 0.586508
0.513405 0.250259 0.667793
0.313424 0.217376 0.407411
0.329498 0.229859 0.605411
0.31189 0.259085 0.432397
0.625608 0.292982 0.608504
0.665798 0.266774 0.437334
0.460971 0.321816 0.444956
0.547052 0.212353 0.301372
0.47671 0.260665 0.664869
0.468545 0.211199 0.673942
0.545655 0.320016 0.517497
0.511616 0.318773 0.497162
0.547541 0.207991 0.67137
0.596582 0.306353 0.380956
0.478165 0.315509 0.475398
0.656698 0.280172 0.524151
0.418845 0.32544 0.56527
0.347236 0.29475 0.560863
0.676179 0.23709 0.409989
0.392846 0.217212 0.65302
0.621726 0.303684 0.591311
0.474152 0.31723 0.457262
0.355148 0.241425 0.628446
0.503543 0.317276 0.475517
0.355814 0.289338 0.607046
0.614018 0.305582 0.402821
0.460768 0.322987 0.435059
0.311419 0.2108 0.53127
0.645499 0.275322 0.600251
0.354982 0.212956 0.623724
0.537742 0.204707 0.663619
0.685639 0.21359 0.464915
0.651222 0.270395 0.400117
0.523678 0.289576 0.650647
0.442784 0.293325 0.639625
0.309064 0.217862 0.558708
0.45886 0.299724 0.633026
0.635978 0.258931 0.616431
0.297439 0.236412 0.460305
0.300951 0.243995 0.460735
0.410285 0.23063 0.311801
0.680363 0.23929 0.447881
0.686742 0.223625 0.437423
0.53497 0.221528 0.299997
0.675181 0.252833 0.459053
0.663376 0.257985 0.584306
0.538378 0.309543 0.617362
0.312614 0.26447 0.465474
0.506489 0.272424 0.319792
0.642781 0.291272 0.528367
0.44418 0.278133 0.325702
0.66259 0.224867 0.364911
0.556611 0.320987 0.498155
0.352895 0.272875 0.619927
0.522015 0.263626 0.664665
0.30263 0.247225 0.495889
0.478843 0.322502 0.42577
0.677174 0.198547 0.476871
0.680538 0.235189 0.496628
0.516685 0.319037 0.543186
0.508958 0.319886 0.456521
0.616802 0.309582 0.469851
0.439071 0.224658 0.673513
0.355733 0.223383 0.35609
0.554921 0.311812 0.374922
0.545945 0.32445 0.409543
0.485876 0.254409 0.667046
0.463171 0.282683 0.329495
0.519625 0.318492 0.49829
0.644497 0.222493 0.361914
0.399072 0.220962 0.318612
0.68535 0.227084 0.452708
0.640156 0.221033 0.353398
0.440528 0.323066 0.460374
0.400601 0.220531 0.637917
0.299898 0.243653 0.485751
0.582494 0.321864 0.464219
0.684457 0.214004 0.455879
0.487778 0.307117 0.365858
0.521358 0.231436 0.30057
0.427821 0.221433 0.672829
0.423637 0.325394 0.526453
0.52977 0.221188 0.672141
0.624991 0.303111 0.423138
0.451917 0.323496 0.44043
0.580375 0.21437 0.673465
0.393695 0.248394 0.653672
0.312428 0.246245 0.549643
0.670044 0.197149 0.461173
0.377202 0.242932 0.643398
0.392619 0.317023 0.493706
0.359926 0.223487 0.344324
0.376629 0.219522 0.645144
0.499366 0.316643 0.479001
0.535201 0.293983 0.342135
0.523816 0.289191 0.650165
0.602418 0.215217 0.32219
0.600959 0.3155 0.51575
0.393707 0.317398 0.490831
0.307517 0.202127 0.481011
0.492887 0.317555 0.586657
0.33842 0.28613 0.58167
0.385075 0.316073 0.57951
0.586918 0.217072 0.66545
0.392606 0.289454 0.63088
0.466718 0.321212 0.406808
0.671185 0.199302 0.458285
0.563398 0.199627 0.65978
0.521373 0.324576 0.426922
0.581308 0.214459 0.671482
0.317033 0.262218 0.536081
0.309576 0.254968 0.513361
0.33464 0.277549 0.592681
0.67299 0.199628 0.463174
0.319598 0.217689 0.403339
0.506285 0.236686 0.300916
0.616357 0.308599 0.489921
0.62582 0.303941 0.466235
0.540558 0.257609 0.315329
0.458969 0.297114 0.346623
0.352304 0.296156 0.511252
0.661135 0.271105 0.432297
0.327169 0.277029 0.528406
0.403733 0.29792 0.350895
0.453541 0.298598 0.347923
0.404635 0.217928 0.661057
0.666021 0.225694 0.376191
0.306185 0.214212 0.527667
0.666459 0.267242 0.501707
0.306868 0.206532 0.490592
0.439076 0.255175 0.662552
0.527536 0.209571 0.66172
0.346015 0.292559 0.582201
0.576109 0.324634 0.577822
0.408245 0.225363 0.312895
0.344853 0.217738 0.604104
0.445688 0.281239 0.328632
0.565384 0.242092 0.314366
0.299555 0.214904 0.514385
0.423017 0.30284 0.625719
0.647702 0.221399 0.357573
0.664088 0.26966 0.511678
0.664974 0.263421 0.537052
0.551537 0.320612 0.548674
0.338923 0.286976 0.539227
0.417162 0.323647 0.497047
0.325582 0.266404 0.393716
0.317369 0.259241 0.542977
0.528441 0.213415 0.304049
0.311284 0.202068 0.46457
0.516177 0.249002 0.308118
0.490383 0.241777 0.302703
0.404975 0.218301 0.322367
0.372205 0.303625 0.385371
0.548118 0.325034 0.417971
0.6577 0.222168 0.375116
0.320891 0.215668 0.565656
0.675404 0.236194 0.54281
0.308771 0.208928 0.439132
0.465193 0.316344 0.594327
0.555654 0.210917 0.307179
0.413816 0.219341 0.310837
0.534752 0.303745 0.627747
0.671668 0.220294 0.397285
0.502661 0.241649 0.303605
0.524697 0.316954 0.499631
0.298179 0.216794 0.510084
0.558654 0.28255 0.332769
0.499844 0.320436 0.444277
0.552269 0.276507 0.659103
0.335574 0.283728 0.551599
0.305396 0.226832 0.424468
0.351436 0.295325 0.542579
0.379169 0.310154 0.497446
0.668094 0.268323 0.475106
0.640975 0.292073 0.516608
0.576224 0.324593 0.43898
0.373134 0.274548 0.630627
0.538405 0.231031 0.672974
0.498981 0.322042 0.408775
0.569208 0.246111 0.670881
0.582664 0.219243 0.310308
0.351617 0.220755 0.628155
0.400297 0.240006 0.32343
0.39148 0.319819 0.412007
0.387464 0.305166 0.374395
0.516614 0.312421 0.602146
0.487697 0.243078 0.303997
0.502542 0.213304 0.300119
0.514487 0.32067 0.401066
0.38911 0.314 0.472693
0.30658 0.24895 0.507668
0.598464 0.318307 0.560932
0.595968 0.230174 0.32031
0.625149 0.230918 0.643889
0.578538 0.324096 0.578013
0.436437 0.324441 0.408553
0.463803 0.320956 0.435289
0.487383 0.320515 0.434831
0.34706 0.232896 0.352901
0.532641 0.218974 0.671511
0.606501 0.224187 0.324383
0.668492 0.205664 0.513855
0.603613 0.242271 0.656777
0.557549 0.321572 0.458708
0.673393 0.254738 0.475303
0.474612 0.205424 0.304972
0.366622 0.285048 0.359173
0.471396 0.272567 0.656418
0.671898 0.206773 0.516032
0.539097 0.3169 0.522254
0.420302 0.322309 0.472374
0.313767 0.243912 0.552673
0.668354 0.226415 0.595206
0.450656 0.313173 0.376696
0.522515 0.275347 0.323551
0.518933 0.301437 0.631246
0.525639 0.316114 0.584668
0.304982 0.248062 0.488912
0.380214 0.293617 0.361364
0.590888 0.317362 0.526173
0.41022 0.314575 0.379561
0.321738 0.259032 0.557824
0.472721 0.247153 0.307313
0.676848 0.212028 0.521096
0.657483 0.223132 0.381094
0.412545 0.322664 0.537256
0.601291 0.314173 0.474563
0.512997 0.254528 0.664644
0.668597 0.262799 0.480949
0.659754 0.268311 0.55272
0.651517 0.26977 0.405641
0.55637 0.262977 0.322223
0.470151 0.313398 0.471527
0.399995 0.223331 0.647015
0.66831 0.206863 0.527523
0.443532 0.321539 0.50412
0.461936 0.233073 0.299348
0.59262 0.315443 0.401665
0.640565 0.237205 0.346728
0.640844 0.223776 0.356269
0.666925 0.258731 0.517358
0.451533 0.321917 0.533236
0.351259 0.29352 0.520749
0.404943 0.321168 0.401668
0.50566 0.21256 0.661246
0.469405 0.313937 0.474495
0.61166 0.295756 0.381721
0.581981 0.228084 0.673328
0.448771 0.229314 0.299611
0.344697 0.29024 0.504074
0.477037 0.279508 0.652103
0.399659 0.225914 0.323387
0.30744 0.231521 0.424199
0.351192 0.266982 0.358132
0.418441 0.323156 0.54791
0.443696 0.273277 0.652155
0.485936 0.212549 0.30065
0.318908 0.267685 0.42542
0.470566 0.25015 0.310469
0.428944 0.322903 0.535572
0.454083 0.280109 0.329892
0.673251 0.232447 0.565955
0.613441 0.26627 0.632358
0.390132 0.276775 0.63719
0.58766 0.272779 0.653767
0.600963 0.315604 0.453048
0.352588 0.298664 0.401752
0.410896 0.321834 0.454466
0.522729 0.314067 0.590026
0.667785 0.202846 0.504651
0.305885 0.242876 0.516956
0.484606 0.316948 0.447547
0.558411 0.319362 0.546473
0.562661 0.324158 0.419725
0.345474 0.220674 0.618478
0.383191 0.236342 0.333611
0.327094 0.231174 0.38894
0.523419 0.213614 0.660339
0.397567 0.316576 0.482022
0.503436 0.313038 0.473392
0.423181 0.229483 0.308558
0.358603 0.296889 0.530856
0.436174 0.241535 0.31115
0.374644 0.309346 0.400642
0.335497 0.247264 0.372857
0.639089 0.256525 0.610622
0.500004 0.316566 0.547437
0.652017 0.224881 0.611014
0.616716 0.245887 0.641319
0.376569 0.238992 0.338541
0.66238 0.270045 0.484299
0.321516 0.27171 0.41844
0.519816 0.217788 0.660898
0.405666 0.225244 0.323916
0.455098 0.27075 0.324388
0.467824 0.317108 0.56601
0.494312 0.313705 0.497714
0.607996 0.309862 0.491481
0.500148 0.312934 0.487756
0.479444 0.313235 0.493186
0.384907 0.310383 0.475539
0.29663 0.217088 0.468448
0.680195 0.22124 0.435645
0.666179 0.228504 0.591451
0.569746 0.318033 0.483457
0.388101 0.22401 0.634128
0.520182 0.23395 0.306035
0.357013 0.299181 0.458673
0.448187 0.219812 0.670481
0.457344 0.317312 0.494095
0.361467 0.299336 0.470259
0.312161 0.215817 0.424363
0.3129 0.253629 0.521184
0.369167 0.305375 0.398382
0.631483 0.272489 0.610912
0.671401 0.204326 0.492334
0.555739 0.317019 0.497081
0.668424 0.252768 0.50856
0.506749 0.320384 0.431152
0.53547 0.297808 0.353136
0.439061 0.320225 0.46234
0.331335 0.224218 0.590291
0.672515 0.234913 0.557042
0.664116 0.222836 0.401026
0.616871 0.291083 0.616
0.327284 0.265535 0.560379
0.65874 0.269964 0.506562
0.524819 0.311875 0.524911
0.528121 0.210985 0.657362
0.545097 0.2093 0.662957
0.437394 0.291168 0.341609
0.637148 0.277235 0.396519
0.679497 0.227525 0.45103
0.601863 0.313985 0.551195
0.310836 0.251893 0.458116
0.40087 0.318843 0.568637
0.418567 0.298769 0.625264
0.659564 0.228346 0.381018
0.343495 0.237442 0.612482
0.427809 0.321704 0.565845
0.571939 0.317525 0.512403
0.637325 0.290085 0.524699
0.507037 0.314002 0.541128
0.603201 0.233966 0.652703
0.590974 0.227698 0.658171
0.327637 0.258594 0.392867
0.410305 0.320063 0.526707
0.454315 0.244958 0.664519
0.322994 0.240862 0.57211
0.348534 0.239742 0.616774
0.641873 0.27403 0.400611
0.580132 0.22447 0.670716
0.393885 0.239646 0.650255
0.551478 0.317559 0.463791
0.659851 0.226602 0.386562
0.441793 0.318536 0.480355
0.602816 0.312529 0.542938
0.621939 0.236941 0.337395
0.629875 0.297789 0.456344
0.529792 0.312565 0.473852
0.392702 0.316113 0.449233
0.323645 0.272546 0.425034
0.654976 0.270097 0.52726
0.365237 0.228358 0.608697
0.536988 0.207691 0.65441
0.407638 0.253498 0.653289
0.413402 0.304983 0.362658
0.398819 0.302594 0.613731
0.464194 0.271865 0.327091
0.576187 0.281328 0.647725
0.592515 0.317124 0.413013
0.362217 0.226032 0.623621
0.451448 0.277828 0.330724
0.637566 0.26394 0.604179
0.401456 0.318511 0.446572
0.553125 0.314741 0.500878
0.573851 0.318823 0.545011
0.481883 0.303735 0.369323
0.491221 0.290558 0.34597
0.528234 0.31055 0.513787
0.477974 0.21154 0.310768
0.603606 0.271667 0.637402
0.425332 0.306159 0.616081
0.566221 0.316152 0.509998
0.348631 0.227045 0.606522
0.300206 0.221207 0.465541
0.664141 0.253319 0.534685
0.553674 0.315891 0.468452
0.603034 0.313492 0.443221
0.477463 0.311624 0.388749
0.485182 0.229454 0.669347
0.323592 0.226514 0.565186
0.375286 0.234195 0.634205
0.58628 0.31801 0.457467
0.527812 0.212072 0.316879
0.350589 0.290907 0.585085
0.563447 0.250712 0.666029
0.385999 0.23097 0.635655
0.630161 0.236621 0.344542
0.55126 0.284809 0.33993
0.636174 0.266665 0.602588
0.401237 0.315308 0.504157
0.409748 0.305953 0.367686
0.53244 0.2999 0.626001
0.587471 0.30405 0.376962
0.463659 0.213885 0.666642
0.649944 0.274747 0.558671
0.608548 0.282708 0.626894
0.403603 0.316336 0.518522
0.629003 0.295216 0.498539
0.519933 0.31647 0.443386
0.398345 0.306735 0.606349
0.598804 0.242155 0.652893
0.421961 0.299658 0.622387
0.515697 0.255386 0.317662
0.588833 0.315232 0.466527
0.571899 0.315604 0.513688
0.571077 0.255757 0.662954
0.498272 0.310361 0.504808
0.656939 0.265526 0.51932
0.378276 0.304288 0.474253
0.438905 0.303885 0.618654
0.67091 0.214076 0.502673
0.670208 0.235763 0.519715
0.491483 0.310546 0.460913
0.364671 0.297891 0.471234
0.665402 0.223009 0.568281
0.481058 0.219712 0.302895
0.589565 0.238717 0.6608
0.467924 0.313878 0.575506
0.557458 0.279538 0.65055
0.310619 0.225692 0.522553
0.515848 0.309736 0.510628
0.327554 0.267397 0.513057
0.644926 0.252883 0.384374
0.324614 0.265029 0.48676
0.647695 0.252487 0.596344
0.645549 0.28174 0.490086
0.386369 0.302422 0.381679
0.308181 0.225834 0.451429
0.416459 0.232938 0.325641
0.463164 0.285345 0.341628
0.484507 0.311498 0.533177
0.526804 0.220276 0.314196
0.4315 0.250108 0.657491
0.554056 0.308323 0.38092
0.560843 0.272754 0.653711
0.53763 0.309294 0.528973
0.605133 0.229424 0.334467
0.666553 0.207857 0.480395
0.500591 0.311304 0.551103
0.475299 0.206432 0.665485
0.394016 0.31178 0.525089
0.492417 0.310497 0.524555
0.505798 0.311713 0.57498
0.364934 0.3014 0.402938
0.385358 0.307541 0.517698
0.406008 0.317761 0.449356
0.637259 0.23808 0.615948
0.5608 0.221315 0.316386
0.340677 0.233641 0.576867
0.319579 0.21565 0.439894
0.481823 0.311375 0.523946
0.338378 0.285542 0.443489
0.416956 0.309207 0.374024
0.417009 0.236126 0.658319
0.520684 0.307696 0.497063
0.522451 0.266739 0.65602
0.341693 0.249825 0.376709
0.366776 0.239464 0.619994
0.485751 0.249543 0.659701
0.483002 0.309663 0.525165
0.332444 0.230742 0.564215
0.431556 0.320347 0.41788
0.385908 0.302258 0.384677
0.570206 0.287165 0.638228
0.658395 0.256788 0.512361
0.362155 0.296755 0.580999
0.499981 0.314286 0.434241
0.665313 0.213674 0.496935
0.583743 0.283326 0.344264
0.329388 0.267271 0.514995
0.460703 0.312151 0.456295
0.662851 0.249259 0.418035
0.664418 0.221249 0.540618
0.469411 0.300464 0.369618
0.316249 0.241497 0.534548
0.491354 0.306397 0.46535
0.4602 0.264173 0.651668
0.486222 0.246725 0.31607
0.53336 0.24947 0.31886
0.58933 0.316463 0.589333
0.432959 0.281504 0.638219
0.606589 0.231796 0.337405
0.503645 0.259021 0.656292
0.457324 0.313988 0.544771
0.62773 0.270249 0.605555
0.665669 0.248384 0.46023
0.425971 0.231495 0.323587
0.578213 0.230628 0.659133
0.342267 0.284376 0.400517
0.522791 0.307347 0.539068
0.381663 0.234 0.626149
0.344535 0.236933 0.58036
0.484716 0.304038 0.472813
0.326828 0.26264 0.492263
0.48795 0.217295 0.663138
0.617377 0.256406 0.618737
0.336083 0.242153 0.582496
0.631056 0.280442 0.403763
0.363845 0.295553 0.396733
0.341334 0.279762 0.46781
0.440275 0.315117 0.457303
0.393725 0.255295 0.634675
0.348712 0.289534 0.404166
0.630379 0.289933 0.552676
0.636668 0.284948 0.496499
0.319169 0.22235 0.437178
0.504914 0.246144 0.658844
0.439838 0.24689 0.321786
0.66115 0.229496 0.564602
0.353744 0.238168 0.606744
0.326915 0.230681 0.413348
0.409656 0.242315 0.640052
0.619224 0.256738 0.616766
0.357425 0.276019 0.607488
0.554384 0.317514 0.411742
0.309573 0.230963 0.470001
0.444016 0.227138 0.658835
0.649125 0.266908 0.525764
0.50658 0.315113 0.418619
0.411292 0.27224 0.335527
0.472083 0.306147 0.387309
0.559439 0.30844 0.386148
0.547411 0.295811 0.626979
0.513941 0.312961 0.401942
0.508837 0.303499 0.483177
0.47516 0.22965 0.666582
0.664145 0.220483 0.515424
0.525611 0.261976 0.325013
0.598816 0.242224 0.640373
0.329484 0.263108 0.48752
0.338846 0.270807 0.395065
0.638015 0.280054 0.426514
0.454349 0.309472 0.495994
0.454805 0.311573 0.550612
0.356367 0.291745 0.401921
0.392885 0.25651 0.630718
0.454978 0.230948 0.662481
0.545237 0.305772 0.523164
0.429278 0.315263 0.457804
0.609087 0.267086 0.356609
0.387802 0.292702 0.36961
0.453197 0.314931 0.415256
0.494428 0.301022 0.470961
0.402738 0.253114 0.639289
0.404865 0.314258 0.569102
0.456287 0.302435 0.376016
0.528593 0.234494 0.318769
0.450599 0.312539 0.400047
0.444084 0.313105 0.583202
0.324886 0.261254 0.448816
0.665071 0.221594 0.475392
0.567629 0.239875 0.663222
0.513389 0.27241 0.646948
0.585705 0.313718 0.547104
0.392416 0.290851 0.363003
0.359065 0.241097 0.60584
0.318136 0.226155 0.458811
0.46015 0.306986 0.480228
0.648718 0.238607 0.388636
0.548534 0.313072 0.401142
0.324117 0.255855 0.505793
0.487375 0.242013 0.659473
0.513532 0.276607 0.644356
0.595551 0.265523 0.63471
0.397299 0.246007 0.633307
0.370943 0.283346 0.373187
0.368708 0.292359 0.538746
0.495685 0.299958 0.496059
0.508021 0.308747 0.439802
0.457695 0.312835 0.41728
0.351701 0.288536 0.405947
0.507412 0.242008 0.656194
0.540548 0.228708 0.324767
0.420494 0.315029 0.57418
0.468222 0.283554 0.633136
0.509322 0.24034 0.320593
0.327182 0.256543 0.517494
0.418907 0.258321 0.646723
0.624064 0.292461 0.477588
0.608236 0.290401 0.387083
0.487738 0.210874 0.655425
0.369782 0.292537 0.595232
0.543277 0.230109 0.658373
0.491134 0.248346 0.323199
0.530413 0.313397 0.417956
0.318087 0.235663 0.461476
0.37533 0.292897 0.386173
0.601606 0.246896 0.631032
0.601285 0.303925 0.478951
0.632945 0.240194 0.370505
0.443563 0.238375 0.326654
0.455677 0.236518 0.323004
0.609535 0.300484 0.478146
0.354404 0.281457 0.529685
0.503461 0.219526 0.652497
0.321433 0.246717 0.516701
0.631627 0.282725 0.514174
0.367616 0.299336 0.410444
0.534789 0.30666 0.555568
0.553105 0.307233 0.602648
0.660014 0.226055 0.519355
0.349514 0.267176 0.59152
0.43609 0.281633 0.344146
0.345627 0.27076 0.57596
0.565321 0.293296 0.362923
0.464341 0.254713 0.650332
0.347462 0.284945 0.409677
0.594494 0.26021 0.630753
0.357547 0.265075 0.372793
0.629762 0.267135 0.592453
0.499925 0.307007 0.401061
0.431452 0.243228 0.648906
0.611526 0.241942 0.613392
0.354918 0.279701 0.535434
0.322241 0.245012 0.477345
0.47925 0.295489 0.47533
0.536533 0.311462 0.429938
0.32216 0.242292 0.454046
0.582428 0.278929 0.634838
0.518611 0.248569 0.651634
0.620596 0.279557 0.595921
0.654438 0.212638 0.476861
0.452058 0.256109 0.649159
0.405184 0.245065 0.620819
0.588749 0.244993 0.634853
0.409096 0.310244 0.476785
0.461037 0.253075 0.651162
0.514546 0.301809 0.386893
0.496999 0.297244 0.495915
0.644947 0.263975 0.566862
0.362476 0.24872 0.59619
0.48884 0.256589 0.649358
0.501162 0.299673 0.531535
0.641592 0.266898 0.510356
0.5603 0.30517 0.503919
0.50263 0.30126 0.541163
0.601481 0.307472 0.415502
0.34414 0.271919 0.466515
0.425445 0.305376 0.387718
0.514676 0.246301 0.326716
0.586659 0.297722 0.379778
0.623811 0.272908 0.591971
0.32886 0.256392 0.422727
0.44927 0.304871 0.492011
0.499088 0.254677 0.647434
0.607135 0.247168 0.355663
0.377403 0.28862 0.385122
0.336477 0.26872 0.411966
0.326025 0.24147 0.457902
0.326166 0.240721 0.45586
0.417702 0.262195 0.639736
0.600804 0.307287 0.43264
0.539399 0.300533 0.465774
0.546811 0.237092 0.653169
0.597593 0.301587 0.481703
0.431714 0.308305 0.498885
0.477977 0.266557 0.640953
0.554653 0.265097 0.336507
0.469368 0.268369 0.341311
0.472612 0.301844 0.548246
0.628142 0.263741 0.395123
0.425843 0.251685 0.338661
0.464286 0.305212 0.442133
0.469817 0.302861 0.553465
0.375313 0.249726 0.594205
0.563626 0.304184 0.527083
0.499682 0.299487 0.543425
0.391708 0.296691 0.387224
0.62137 0.268444 0.596796
0.541801 0.28581 0.629464
0.513945 0.297492 0.382805
0.391728 0.252413 0.615649
0.398718 0.301677 0.599787
0.410039 0.249935 0.623467
0.419975 0.31191 0.421536
0.331008 0.244036 0.465661
0.604829 0.291886 0.397191
0.483492 0.293129 0.611147
0.33202 0.239373 0.435296
0.558069 0.253761 0.336615
0.647475 0.248122 0.549869
0.644626 0.258278 0.421913
0.555038 0.252234 0.336096
0.649679 0.24506 0.475678
0.346304 0.262709 0.551807
0.6141 0.251582 0.364714
0.468868 0.295384 0.49256
0.383455 0.284633 0.376843
0.540352 0.294599 0.490234
0.473487 0.296981 0.52873
0.53739 0.232703 0.644493
0.633948 0.246931 0.391746
0.625813 0.258556 0.592558
0.478716 0.294327 0.608263
0.47363 0.303587 0.423254
0.584235 0.309158 0.452504
0.640844 0.265442 0.447664
0.366705 0.280707 0.519544
0.465239 0.302111 0.582778
0.426046 0.297901 0.373556
0.516881 0.301681 0.441485
0.500431 0.290572 0.491308
0.650812 0.223245 0.486948
0.644777 0.252834 0.483288
0.458719 0.281604 0.355306
0.497852 0.280959 0.358857
0.477859 0.272447 0.633968
0.556024 0.308274 0.404285
0.584027 0.30661 0.462432
0.368972 0.27756 0.522444
0.420011 0.308533 0.450985
0.495872 0.296621 0.556044
0.617845 0.283073 0.411346
0.644662 0.234781 0.544307
0.651856 0.242634 0.440381
0.389628 0.292008 0.522141
0.474649 0.291154 0.506545
0.648274 0.236428 0.477488
0.464285 0.245643 0.648208
0.579884 0.300813 0.515566
0.397812 0.273122 0.357207
0.608216 0.294473 0.570247
0.502491 0.238034 0.334882
0.494652 0.230733 0.649381
0.540898 0.292047 0.515174
0.341745 0.272692 0.426136
0.540664 0.291859 0.508508
0.54279 0.299969 0.550394
0.498497 0.248038 0.64355
0.3796 0.287236 0.483981
0.49023 0.286618 0.484366
0.398861 0.246678 0.608367
0.637686 0.258287 0.484033
0.351356 0.27419 0.404095
0.475673 0.28369 0.37215
0.356864 0.268528 0.519405
0.358824 0.2726 0.556334
0.435969 0.306035 0.453187
0.477435 0.300736 0.408793
0.520757 0.296086 0.557955
0.586399 0.303302 0.464983
0.456284 0.297255 0.472046
0.43927 0.30233 0.493669
0.435392 0.303018 0.497813
0.408029 0.277056 0.618643
0.376166 0.27891 0.504174
0.591776 0.294356 0.393322
0.440393 0.292151 0.377793
0.633119 0.245709 0.408658
0.347233 0.256222 0.483539
0.637812 0.260662 0.445066
0.435471 0.301342 0.540656
0.50345 0.261334 0.633028
0.572761 0.298225 0.390307
0.350902 0.255776 0.501537
0.640762 0.256869 0.44155
0.531143 0.286782 0.530281
0.386577 0.288016 0.594074
0.463743 0.25718 0.342377
0.37717 0.282368 0.475937
0.585738 0.303597 0.45642
0.391004 0.291219 0.539468
0.403862 0.277639 0.360007
0.475383 0.295128 0.561277
0.390675 0.298439 0.415089
0.623758 0.271438 0.530228
0.513526 0.240285 0.339286
0.632709 0.251444 0.408278
0.617176 0.266462 0.589496
0.539517 0.287087 0.477601
0.643892 0.226576 0.496712
0.512509 0.288728 0.537184
0.499978 0.288112 0.384714
0.648479 0.238184 0.451299
0.54254 0.288667 0.487886
0.351068 0.251599 0.522341
0.351733 0.252318 0.520165
0.50274 0.288711 0.459068
0.551909 0.292386 0.509685
0.430523 0.304774 0.566876
0.366495 0.275904 0.580312
0.38958 0.271855 0.594886
0.459384 0.270008 0.625166
0.521759 0.297161 0.422378
0.394102 0.265878 0.36483
0.511836 0.294693 0.430657
0.632722 0.262002 0.44773
0.632606 0.252136 0.416954
0.405181 0.297415 0.474731
0.51408 0.291006 0.559511
0.35316 0.27338 0.437577
0.423174 0.303336 0.567049
0.377471 0.268315 0.585215
0.530983 0.288277 0.386178
0.639701 0.222422 0.508246
0.484593 0.249815 0.345033
0.573161 0.26029 0.629234
0.528615 0.277981 0.481488
0.535 0.253955 0.344878
0.492704 0.278767 0.374507
0.453132 0.291687 0.495135
0.603593 0.288639 0.408763
0.549605 0.289205 0.471554
0.50919 0.285953 0.538576
0.350843 0.261642 0.412637
0.443348 0.286859 0.373586
0.505581 0.277099 0.48093
0.393233 0.296907 0.42029
0.46641 0.29257 0.401244
0.626073 0.26749 0.468841
0.481738 0.247992 0.638045
0.557687 0.300062 0.450365
0.620353 0.27025 0.529664
0.582437 0.267468 0.359539
0.431556 0.257196 0.632232
0.555391 0.294262 0.536001
0.498924 0.276055 0.367639
0.388289 0.278894 0.487249
0.463781 0.239142 0.641594
0.371422 0.26369 0.50547
0.407548 0.272069 0.363146
0.364334 0.280193 0.420373
0.617769 0.275686 0.453437
0.472428 0.289649 0.560246
0.538804 0.298409 0.422064
0.512152 0.258943 0.62294
0.549122 0.293878 0.399446
0.403309 0.258526 0.60179
0.377515 0.284734 0.413783
0.504474 0.266799 0.619886
0.401898 0.278545 0.373599
0.571213 0.281135 0.612248
0.586667 0.276267 0.372435
0.452327 0.273411 0.359919
0.535061 0.278172 0.516347
0.395082 0.28754 0.552108
0.617965 0.264848 0.50035
0.50824 0.269736 0.617718
0.564638 0.288444 0.510014
0.621582 0.269508 0.458024
0.348776 0.249464 0.452091
0.409531 0.295602 0.547112
0.502888 0.269916 0.617986
0.363502 0.255381 0.534487
0.631246 0.243953 0.518451
0.536044 0.297513 0.41607
0.6163 0.271501 0.541594
0.482106 0.278205 0.51425
0.439543 0.274019 0.617335
0.54784 0.293576 0.451081
0.379725 0.269679 0.524883
0.452286 0.253633 0.633968
0.638194 0.229484 0.532202
0.391606 0.279066 0.395423
0.48578 0.265903 0.478178
0.538344 0.286963 0.597917
0.458291 0.27104 0.614489
0.389628 0.274283 0.58133
0.611418 0.276316 0.455459
0.567176 0.294657 0.550675
0.353603 0.247409 0.453062
0.433718 0.26063 0.355829
0.602379 0.277458 0.514709
0.570278 0.282017 0.605834
0.372923 0.258622 0.516357
0.485778 0.270962 0.50333
0.483926 0.26692 0.372108
0.476537 0.275085 0.389671
0.355074 0.252862 0.462097
0.398516 0.278284 0.528937
0.558659 0.282007 0.494027
0.451622 0.283516 0.507031
0.402404 0.274592 0.376036
0.498304 0.25725 0.620796
0.627181 0.249581 0.465392
0.353763 0.247877 0.460365
0.413228 0.283092 0.596353
0.490691 0.260362 0.360926
0.525152 0.287 0.573268
0.436236 0.280909 0.605107
0.537008 0.283122 0.543095
0.483882 0.270803 0.467241
0.484519 0.272492 0.512678
0.574689 0.278159 0.607934
0.608318 0.244053 0.593624
0.472972 0.279058 0.529327
0.401939 0.282682 0.48941
0.392286 0.279865 0.580983
0.602254 0.284636 0.459395
0.396259 0.276535 0.552251
0.486018 0.263363 0.494966
0.401911 0.278715 0.39436
0.471541 0.255456 0.621183
0.529225 0.285515 0.581189
0.592937 0.286308 0.459237
0.405244 0.288791 0.437965
0.487739 0.269454 0.38689
0.415028 0.292755 0.412267
0.485651 0.262926 0.492865
0.522805 0.263088 0.364281
0.408686 0.240131 0.603531
0.454738 0.288484 0.427664
0.52506 0.266649 0.526679
0.551081 0.247149 0.623775
0.364644 0.252142 0.479141
0.598449 0.283458 0.453555
0.531592 0.263317 0.362439
0.621915 0.246709 0.4193
0.535549 0.276058 0.383199
0.430253 0.283688 0.511277
0.628936 0.227318 0.499188
0.46662 0.225652 0.637222
0.426202 0.260262 0.361874
0.483762 0.272617 0.532624
0.529807 0.27985 0.396998
0.383694 0.273235 0.456658
0.420931 0.278212 0.372914
0.41475 0.29467 0.424014
0.614983 0.255381 0.472508
0.504465 0.278426 0.402094
0.471391 0.282069 0.41083
0.426225 0.272597 0.605712
0.364759 0.256988 0.416648
0.547861 0.280542 0.386726
0.449926 0.274442 0.605241
0.404125 0.271934 0.533123
0.627246 0.229006 0.464288
0.621479 0.23562 0.50962
0.499102 0.270705 0.596783
0.546762 0.26753 0.49834
0.563638 0.280887 0.460733
0.446343 0.281507 0.454879
0.519738 0.254053 0.486523
0.398576 0.235384 0.591115
0.390469 0.267595 0.39996
0.584531 0.287918 0.552466
0.519121 0.256815 0.50575
0.542157 0.277768 0.451263
0.479614 0.268527 0.534373
0.484178 0.252965 0.480643
0.396907 0.279109 0.414077
0.614859 0.25431 0.539564
0.415312 0.276373 0.508851
0.558713 0.287303 0.40936
0.465697 0.264015 0.474545
0.608327 0.264848 0.55956
0.394283 0.261871 0.387789
0.43136 0.283624 0.399556
0.437528 0.27998 0.480363
0.611373 0.240997 0.582658
0.422665 0.281902 0.494903
0.515432 0.257909 0.467759
0.524012 0.256175 0.501248
0.604633 0.269941 0.426977
0.402292 0.267723 0.512656
0.606001 0.256103 0.4076
0.536212 0.261308 0.487665
0.474314 0.258456 0.612688
0.477996 0.27832 0.417152
0.554363 0.278251 0.460417
0.413327 0.282671 0.55602
0.397231 0.272236 0.444794
0.622711 0.217752 0.47893
0.476038 0.247736 0.615308
0.509104 0.263301 0.593452
0.433815 0.275498 0.481947
0.543151 0.267564 0.461032
0.543569 0.262158 0.60091
0.368773 0.251119 0.452826
0.375761 0.256754 0.419379
0.539083 0.252021 0.368771
0.525836 0.239032 0.612659
0.520489 0.248093 0.604571
0.508705 0.239763 0.368471
0.509341 0.270629 0.41169
0.576951 0.282449 0.454676
0.402048 0.275401 0.442588
0.519915 0.259333 0.455326
0.3985 0.267689 0.404601
0.484226 0.271468 0.566254
0.604377 0.245346 0.486942
0.531562 0.251991 0.485537
0.396709 0.274099 0.434907
0.511516 0.267429 0.588913
0.440159 0.270761 0.513812
0.617389 0.229671 0.494648
0.434809 0.263067 0.603394
0.480674 0.257498 0.605536
0.419898 0.255305 0.598657
0.533822 0.257036 0.371605
0.514113 0.24928 0.469988
0.532937 0.257339 0.468311
0.390238 0.258019 0.539297
0.424021 0.279201 0.398371
0.452104 0.269372 0.595906
0.460851 0.264865 0.521145
0.535728 0.269365 0.450644
0.417896 0.258455 0.585614
0.620054 0.215632 0.492777
0.590671 0.272136 0.434301
0.518325 0.254942 0.590659
0.570768 0.262119 0.476182
0.52944 0.252471 0.461822
0.412057 0.265505 0.479947
0.492824 0.254042 0.391764
0.372467 0.245334 0.460507
0.463839 0.246054 0.61187
0.491425 0.258775 0.40196
0.534254 0.268371 0.436629
0.496628 0.261635 0.553901
0.547469 0.269512 0.547415
0.406677 0.264456 0.404601
0.410106 0.267631 0.465166
0.452004 0.237902 0.619149
0.391295 0.2531 0.530852
0.400141 0.263574 0.458845
0.484618 0.240069 0.488728
0.468233 0.262659 0.402253
0.416033 0.268446 0.475674
0.604596 0.237464 0.491877
0.433874 0.273874 0.550504
0.582442 0.26396 0.393732
0.429253 0.276802 0.452521
0.436503 0.275726 0.448083
0.538496 0.258711 0.460837
0.494219 0.237264 0.612975
0.375138 0.250811 0.432533
0.473668 0.257156 0.531713
0.494818 0.21843 0.62455
0.371607 0.24033 0.478518
0.412405 0.264597 0.492547
0.584547 0.255983 0.585295
0.418316 0.265812 0.579464
0.40765 0.255514 0.490273
0.61877 0.213359 0.507447
0.460531 0.249095 0.496995
0.527575 0.248948 0.590972
0.458027 0.258044 0.454946
0.5176 0.237698 0.464554
0.515796 0.205845 0.61585
0.592811 0.237859 0.586306
0.377381 0.238844 0.490757
0.602666 0.246452 0.561188
0.454619 0.259187 0.456363
0.549637 0.252275 0.51979
0.475849 0.233394 0.481211
0.59198 0.260203 0.447927
0.496751 0.212788 0.621899
0.415575 0.259957 0.485018
0.617425 0.217829 0.516593
0.375547 0.239632 0.445941
0.563187 0.250045 0.594927
0.617796 0.213344 0.498521
0.407507 0.254208 0.566575
0.434382 0.260344 0.516075
0.432594 0.264794 0.399244
0.434862 0.26008 0.588513
0.58777 0.258887 0.52432
0.444503 0.266043 0.550974
0.406928 0.255852 0.553364
0.435878 0.267704 0.552784
0.45008 0.266968 0.562253
0.496874 0.208942 0.622846
0.408141 0.236443 0.587588
0.595869 0.257777 0.437441
0.593669 0.254886 0.541599
0.380274 0.241808 0.429546
0.494719 0.258275 0.417396
0.522717 0.231819 0.47556
0.414202 0.250613 0.405933
0.616823 0.212758 0.522678
0.557961 0.262653 0.575576
0.536856 0.243225 0.590277
0.591057 0.251204 0.451585
0.507203 0.226833 0.46897
0.376009 0.229374 0.500266
0.477599 0.25266 0.561865
0.389142 0.238604 0.533085
0.51272 0.241511 0.543088
0.411274 0.250008 0.496962
0.545458 0.226866 0.605507
0.451086 0.256494 0.407952
0.387037 0.232039 0.551132
0.577158 0.2625 0.564295
0.420541 0.254103 0.505865
0.52557 0.251453 0.429949
0.608614 0.230695 0.557327
0.500752 0.227463 0.500357
0.499994 0.228303 0.503266
0.580478 0.248103 0.49817
0.448096 0.26139 0.566328
0.508666 0.250105 0.570603
0.433178 0.239335 0.379012
0.559615 0.267453 0.434023
0.444248 0.257771 0.406388
0.608369 0.23533 0.442706
0.557903 0.264968 0.416497
0.387318 0.23938 0.517355
0.604617 0.236113 0.553458
0.569236 0.270239 0.431275
0.454968 0.243675 0.484372
0.538286 0.210475 0.612529
0.585294 0.255137 0.563008
0.385857 0.237757 0.485947
0.416162 0.224164 0.600338
0.415795 0.245904 0.540506
0.609048 0.218422 0.538661
0.438361 0.253265 0.412119
0.546292 0.236582 0.589572
0.478056 0.245157 0.423004
0.4969 0.215558 0.473386
0.486039 0.233934 0.401258
0.586466 0.233727 0.509331
0.400336 0.228194 0.575563
0.421145 0.246286 0.513376
0.61124 0.216271 0.542563
0.566178 0.249152 0.462681
0.434629 0.248324 0.580708
0.416549 0.250124 0.453942
0.429201 0.249009 0.527675
0.424459 0.249018 0.528717
0.459718 0.239746 0.592364
0.604783 0.219249 0.468198
0.428997 0.24946 0.404421
0.381205 0.227354 0.503935
0.504948 0.241252 0.422008
0.455702 0.21908 0.613181
0.590732 0.225516 0.485645
0.42152 0.253989 0.419337
0.538835 0.248458 0.566245
0.451314 0.23997 0.505372
0.571157 0.250129 0.536011
0.456684 0.23741 0.50681
0.585311 0.232111 0.494384
0.480635 0.22465 0.51142
0.498038 0.216403 0.489623
0.546566 0.24397 0.541174
0.504336 0.233614 0.447042
0.553709 0.234307 0.488626
0.533031 0.244127 0.558355
0.517192 0.219573 0.501266
0.407861 0.233585 0.468132
0.392524 0.228745 0.431865
0.588373 0.221062 0.476942
0.599294 0.220336 0.542335
0.482767 0.232296 0.587098
0.494674 0.207284 0.474348
0.567199 0.248184 0.409954
0.426414 0.239998 0.520457
0.53757 0.197187 0.612632
0.454315 0.222123 0.380911
0.538348 0.228677 0.533838
0.541049 0.237255 0.551812
0.392962 0.227311 0.498366
0.490723 0.221761 0.454603
0.563084 0.235558 0.582431
0.468466 0.206627 0.615085
0.411767 0.234042 0.480224
0.620046 0.20114 0.447039
0.459602 0.212053 0.611683
0.458932 0.23461 0.404404
0.494269 0.233639 0.431522
0.496475 0.231286 0.550385
0.37793 0.212204 0.486925
0.469934 0.23831 0.557507
0.607379 0.224059 0.426007
0.471151 0.214494 0.484404
0.393653 0.21769 0.573923
0.384814 0.222698 0.520624
0.528432 0.222088 0.528444
0.609658 0.202602 0.485284
0.588296 0.233312 0.557912
0.483333 0.237246 0.564111
0.435042 0.239013 0.518996
0.574912 0.242813 0.460667
0.49854 0.221049 0.527401
0.476273 0.234074 0.418096
0.420392 0.203608 0.605975
0.388228 0.217194 0.448215
0.464708 0.229005 0.548338
0.60864 0.204785 0.547098
0.604334 0.209832 0.550681
0.483896 0.197707 0.478451
0.439204 0.232964 0.534336
0.526993 0.205104 0.483289
0.540275 0.233057 0.423903
0.584113 0.213905 0.589176
0.498781 0.213908 0.591649
0.549578 0.232113 0.403469
0.615804 0.203332 0.442314
0.52242 0.219897 0.581339
0.423907 0.23383 0.548365
0.469815 0.210387 0.387787
0.572087 0.23396 0.398355
0.601589 0.21343 0.565104
0.380734 0.204602 0.502408
0.579943 0.236041 0.418831
0.435669 0.222894 0.592745
0.503437 0.207421 0.597193
0.466359 0.223481 0.408559
0.464102 0.217196 0.595468
0.589226 0.220998 0.547629
0.475642 0.21818 0.592379
0.588845 0.219736 0.463539
0.509618 0.210018 0.386142
0.480388 0.203909 0.498121
0.476633 0.226425 0.434716
0.51867 0.215616 0.392596
0.56826 0.201738 0.608018
0.398228 0.209682 0.582187
0.535224 0.202496 0.604271
0.406956 0.210922 0.588858
0.586822 0.221494 0.542751
0.410789 0.217634 0.512206
0.384245 0.203212 0.462909
0.563499 0.21825 0.389019
0.386161 0.206866 0.552863
0.498527 0.212494 0.544443
0.472637 0.19617 0.481563
0.535842 0.22057 0.432722
0.401087 0.216901 0.448445
0.539217 0.207818 0.467858
0.500623 0.21395 0.580786
0.462447 0.208701 0.39265
0.563122 0.213094 0.486997
0.582913 0.200814 0.600575
0.562232 0.216752 0.470725
0.500687 0.201479 0.516994
0.470805 0.214117 0.414522
0.499088 0.213484 0.547034
0.600123 0.199443 0.47119
0.542123 0.221455 0.41165
0.473597 0.216692 0.422581
0.601864 0.19506 0.516907
0.509193 0.207933 0.3952
0.536216 0.220923 0.562432
0.459108 0.202976 0.383213
0.580174 0.218854 0.46086
0.476296 0.213628 0.443413
0.543706 0.223083 0.564925
0.401706 0.210424 0.482594
0.427144 0.222886 0.466828
0.578353 0.213004 0.389196
0.457829 0.213707 0.461393
0.437788 0.22757 0.440346
0.588099 0.222728 0.427103
0.50674 0.20316 0.522208
0.536646 0.221651 0.42775
0.467468 0.215121 0.447851
0.417406 0.202208 0.588319
0.433074 0.21729 0.4458
0.388192 0.196534 0.49651
0.474786 0.187393 0.475721
0.502039 0.184622 0.608044
0.467914 0.191596 0.482411
0.468495 0.208509 0.439239
0.571314 0.208407 0.47095
0.614619 0.185087 0.524645
0.552676 0.20952 0.54068
0.549105 0.192366 0.603617
0.521865 0.196539 0.45089
0.53629 0.204199 0.452115
0.469081 0.192571 0.471986
0.551239 0.211429 0.396002
0.553733 0.211448 0.545942
0.433334 0.215008 0.577206
0.397503 0.208335 0.436946
0.601896 0.198171 0.5648
0.609202 0.194873 0.44712
0.575407 0.206595 0.530497
0.608814 0.186949 0.518436
0.609528 0.192905 0.572255
0.538034 0.211383 0.419709
0.466716 0.200065 0.397316
0.515264 0.198699 0.386648
0.431638 0.215697 0.416451
0.515777 0.194812 0.51905
0.561058 0.209845 0.535358
0.599045 0.199072 0.556392
0.412972 0.185223 0.611442
0.533114 0.199917 0.458251
0.449229 0.213656 0.577991
0.537546 0.206052 0.449203
0.460154 0.189868 0.609314
0.622055 0.17819 0.515141
0.415338 0.201287 0.574857
0.559342 0.203872 0.398644
0.574633 0.189577 0.602739
0.506118 0.186972 0.455633
0.511888 0.194312 0.545533
0.454236 0.190608 0.484828
0.491718 0.188617 0.451719
0.600146 0.189695 0.548774
0.56861 0.200732 0.467418
0.47598 0.188527 0.454558
0.59754 0.186785 0.524792
0.406938 0.192487 0.585519
0.377351 0.180918 0.466363
0.418588 0.195165 0.477636
0.473576 0.186253 0.50725
0.582283 0.191604 0.487589
0.453715 0.20194 0.442747
0.512475 0.196917 0.555559
0.543249 0.201466 0.571858
0.526742 0.188756 0.517583
0.502103 0.189637 0.588005
0.399669 0.198102 0.420302
0.585521 0.187139 0.380283
0.557701 0.195412 0.51928
0.607049 0.184672 0.46093
0.412159 0.193567 0.474856
0.537359 0.201606 0.424064
0.614856 0.180634 0.384838
0.484773 0.189497 0.527909
0.418785 0.177118 0.6192
0.506121 0.181897 0.602163
0.603084 0.184743 0.522098
0.48624 0.201347 0.570925
0.390469 0.189098 0.46895
0.462313 0.199527 0.420479
0.592857 0.18673 0.486233
0.407993 0.183453 0.482696
0.561223 0.197242 0.416286
0.448558 0.19295 0.442624
0.517363 0.179568 0.458078
0.402113 0.189393 0.526618
0.440022 0.186906 0.487012
0.596556 0.184173 0.583358
0.46868 0.181552 0.510359
0.569468 0.1875 0.508255
0.379359 0.183854 0.429184
0.554375 0.192439 0.573334
0.4131 0.194538 0.436079
0.59958 0.185312 0.393353
0.45509 0.176871 0.612908
0.559301 0.189347 0.468072
0.584098 0.183592 0.509833
0.619506 0.176599 0.595267
0.50178 0.182783 0.444905
0.471535 0.17402 0.47635
0.415852 0.192475 0.522739
0.435279 0.192162 0.505332
0.403645 0.186598 0.459094
0.427079 0.196353 0.533881
0.5528 0.192843 0.556267
0.587312 0.183116 0.599243
0.419203 0.194644 0.572636
0.498565 0.184329 0.538518
0.503888 0.174918 0.482909
0.432655 0.189347 0.489692
0.526112 0.189159 0.571428
0.437923 0.197589 0.424528
0.457463 0.187211 0.587605
0.446132 0.187459 0.388815
0.604483 0.178216 0.379511
0.609473 0.174735 0.487852
0.463618 0.175237 0.373545
0.406278 0.17601 0.46785
0.44646 0.16864 0.620538
0.389553 0.179199 0.547831
0.553894 0.183912 0.441257
0.409952 0.176693 0.467275
0.424492 0.17961 0.490599
0.371953 0.166312 0.605717
0.498647 0.171718 0.601616
0.525148 0.176146 0.445566
0.544749 0.180141 0.578457
0.608577 0.170442 0.496348
0.533314 0.180018 0.574946
0.440871 0.182444 0.403727
0.404332 0.167618 0.622684
0.474584 0.175889 0.58779
0.614083 0.172363 0.446041
0.391279 0.177838 0.453364
0.373572 0.17194 0.573392
0.407423 0.173896 0.477115
0.582532 0.176397 0.603139
0.609442 0.175937 0.558903
0.436516 0.178773 0.59642
0.39987 0.179363 0.579255
0.573838 0.186067 0.419487
0.483029 0.177399 0.42003
0.554844 0.184603 0.415668
0.620623 0.170927 0.549813
0.608681 0.1754 0.594357
0.607226 0.169162 0.477681
0.585107 0.175788 0.378065
0.53668 0.18091 0.402749
0.520916 0.178725 0.401396
0.484408 0.169073 0.371505
0.456909 0.178718 0.395395
0.610758 0.174244 0.541187
0.435322 0.179257 0.595368
0.40225 0.162218 0.628091
0.445431 0.168695 0.378082
0.504792 0.16562 0.369759
0.567826 0.175447 0.444459
0.549022 0.172332 0.448401
0.409199 0.170028 0.495721
0.483861 0.163805 0.491872
0.61878 0.167201 0.555028
0.526917 0.166728 0.494437
0.447581 0.175798 0.55619
0.563422 0.172784 0.545212
0.54626 0.173739 0.4089
0.412436 0.172732 0.584665
0.442259 0.171634 0.500452
0.566293 0.172997 0.545514
0.62085 0.161679 0.469471
0.566602 0.167979 0.615279
0.622839 0.162498 0.459329
0.585681 0.166334 0.369765
0.464395 0.163566 0.619944
0.539141 0.167725 0.479096
0.444948 0.170357 0.383622
0.479908 0.163949 0.494915
0.573334 0.174528 0.452384
0.467007 0.173225 0.568383
0.561282 0.170699 0.51711
0.579583 0.174689 0.413863
0.4906 0.167989 0.44274
0.551107 0.173506 0.440263
0.448062 0.173477 0.581913
0.463121 0.164508 0.472194
0.634659 0.157357 0.464137
0.440927 0.17367 0.445783
0.420484 0.1772 0.5612
0.50405 0.16147 0.623773
0.558266 0.171044 0.48203
0.400994 0.164791 0.536698
0.467172 0.160712 0.503166
0.405944 0.166739 0.433854
0.623593 0.160952 0.391845
0.553987 0.161085 0.61809
0.402975 0.162586 0.497273
0.579732 0.163634 0.493469
0.445779 0.166476 0.574131
0.430032 0.167899 0.528127
0.474938 0.162704 0.405561
0.483298 0.16203 0.534942
0.525046 0.162363 0.522459
0.377249 0.159846 0.50097
0.521095 0.16109 0.503814
0.462679 0.159762 0.618606
0.400008 0.164995 0.547673
0.527969 0.161404 0.502938
0.373034 0.162765 0.437287
0.625089 0.160791 0.593782
0.539889 0.162063 0.498305
0.527531 0.160554 0.488129
0.493171 0.162307 0.588403
0.519852 0.160938 0.502077
0.627119 0.160626 0.608039
0.537012 0.164991 0.398806
0.590494 0.162299 0.490014
0.376728 0.161415 0.456439
0.417782 0.163808 0.460724
0.493836 0.158468 0.480857
0.5923 0.163575 0.549321
0.571061 0.16571 0.557593
0.557305 0.163535 0.476521
0.631462 0.157901 0.532143
0.434356 0.167244 0.522391
0.458522 0.163358 0.590138
0.509138 0.163979 0.383864
0.395787 0.158307 0.42741
0.464815 0.156057 0.525953
0.532935 0.156114 0.521511
0.642202 0.153124 0.391597
0.425585 0.156617 0.605203
0.383944 0.155434 0.502015
0.420465 0.155075 0.366215
0.571384 0.15658 0.52593
0.427258 0.158024 0.583354
0.363267 0.154017 0.369871
0.435387 0.157197 0.592113
0.538986 0.154602 0.625559
0.630469 0.155141 0.41854
0.566515 0.15703 0.370284
0.562805 0.15751 0.576494
0.396973 0.157511 0.57784
0.437426 0.15724 0.39913
0.641175 0.153368 0.59442
0.540908 0.155638 0.480677
0.410323 0.156822 0.507482
0.449468 0.156821 0.398442
0.504619 0.153622 0.356201
0.614355 0.156508 0.404336
0.627242 0.153889 0.365887
0.521788 0.15665 0.560597
0.598273 0.156322 0.606948
0.613284 0.156124 0.586471
0.567969 0.157707 0.574621
0.433268 0.157803 0.440559
0.442318 0.156113 0.494056
0.492251 0.151977 0.642112
0.391594 0.156895 0.54705
0.585309 0.156076 0.614784
0.392363 0.158203 0.424908
0.625276 0.155497 0.390158
0.362522 0.153997 0.539795
0.390623 0.15 0.522317
0.62702 0.15 0.447626
0.629547 0.15 0.55882
0.377018 0.15 0.361014
0.573176 0.15 0.554453
0.376826 0.15 0.502907
0.619494 0.15 0.511879
0.478498 0.15 0.386769
0.369007 0.15 0.456653
0.374079 0.15 0.580381
0.536737 0.15 0.438855
0.378153 0.15 0.395622
0.470157 0.15 0.516558
0.464866 0.15 0.514873
0.357672 0.15 0.468043
0.418877 0.15 0.475706
0.561869 0.15 0.629565
0.50949 0.15 0.585975
0.561896 0.15 0.605596
0.447452 0.15 0.590947
0.43945 0.15 0.54841
0.533697 0.15 0.464518
0.492735 0.15 0.553876
0.359476 0.15 0.446316
0.41256 0.15 0.470313
0.467292 0.15 0.596577
0.505351 0.15 0.467356
0.531811 0.15 0.590617
0.396986 0.15 0.461588
0.370389 0.15 0.624941
0.402251 0.15 0.545947
0.642447 0.15 0.556623
0.393956 0.15 0.519707
0.547 0.15 0.54808
0.456342 0.15 0.365857
0.477958 0.15 0.638885
