3744 0.012625
0.3754 0.475526 0.38307
0.450777 0.487072 0.316782
0.485209 0.416046 0.332795
0.489742 0.427643 0.341221
0.495439 0.47875 0.334349
0.553483 0.470517 0.313991
0.319826 0.490575 0.432312
0.419202 0.539979 0.402713
0.459007 0.403229 0.341178
0.495037 0.24374 0.313813
0.526727 0.450126 0.359969
0.607647 0.512936 0.376547
0.295795 0.472785 0.473718
0.341285 0.351204 0.464613
0.334429 0.41268 0.328837
0.522558 0.496054 0.239842
0.668571 0.379212 0.36381
0.65531 0.35791 0.472361
0.321348 0.466352 0.481855
0.323588 0.292943 0.494457
0.264508 0.544999 0.519195
0.547322 0.6435 0.517535
0.75095 0.430096 0.5238
0.658327 0.206276 0.495053
0.312878 0.496225 0.49618
0.362582 0.492713 0.519014
0.397075 0.369282 0.623339
0.499646 0.393593 0.743086
0.615452 0.341009 0.615647
0.644477 0.322389 0.507159
0.356239 0.499209 0.568318
0.376429 0.524855 0.62321
0.467752 0.462174 0.658496
0.492104 0.246242 0.667228
0.514762 0.330581 0.642974
0.587753 0.540168 0.584101
0.379183 0.524295 0.376459
0.35316 0.500097 0.570657
0.324346 0.228135 0.494511
0.749845 0.459603 0.499783
0.447953 0.389341 0.63217
0.492118 0.451775 0.352408
0.327717 0.517057 0.555064
0.361123 0.495765 0.585254
0.690644 0.458436 0.496961
0.488002 0.346536 0.364013
0.594939 0.491745 0.599924
0.58157 0.524418 0.547776
0.502827 0.258963 0.682255
0.534115 0.613308 0.649066
0.719003 0.375222 0.423552
0.700278 0.456639 0.482419
0.348055 0.426175 0.495769
0.395937 0.484218 0.359594
0.500826 0.302914 0.648041
0.363812 0.523444 0.615084
0.410363 0.553203 0.574235
0.394363 0.366899 0.608669
0.331732 0.490725 0.491904
0.553512 0.344887 0.705065
0.389589 0.475143 0.614983
0.652859 0.46544 0.509622
0.632954 0.489729 0.67139
0.471258 0.417314 0.650938
0.632975 0.510783 0.552272
0.381561 0.641298 0.520838
0.488989 0.344565 0.645464
0.652978 0.483191 0.522818
0.733028 0.497646 0.437219
0.648825 0.495374 0.555893
0.496713 0.265719 0.658937
0.324467 0.497802 0.44293
0.328552 0.529415 0.543884
0.339216 0.345068 0.471901
0.578471 0.468526 0.544154
0.655183 0.412679 0.471072
0.363093 0.478678 0.298074
0.492728 0.438218 0.355176
0.480729 0.255477 0.670572
0.48886 0.432086 0.659665
0.690988 0.465987 0.605156
0.581933 0.639762 0.513027
0.515984 0.478925 0.671712
0.555252 0.488458 0.423024
0.442281 0.644903 0.400272
0.674816 0.221512 0.517025
0.381249 0.358738 0.588369
0.360386 0.493423 0.522603
0.661436 0.480323 0.46429
0.388783 0.480867 0.627017
0.593397 0.421134 0.549545
0.401186 0.578367 0.307318
0.370621 0.537542 0.608915
0.549295 0.637025 0.398785
0.40032 0.503412 0.541527
0.580925 0.470678 0.439489
0.376346 0.43611 0.290414
0.324263 0.480822 0.485415
0.60836 0.476909 0.535807
0.359192 0.491371 0.602618
0.514414 0.468471 0.67552
0.659982 0.326553 0.483019
0.633705 0.525008 0.417718
0.516058 0.248587 0.674265
0.461652 0.467493 0.629974
0.33537 0.479016 0.490738
0.456773 0.375282 0.64073
0.594919 0.536294 0.57749
0.349097 0.242179 0.475899
0.347795 0.224422 0.475113
0.466151 0.464439 0.330926
0.65764 0.28924 0.473953
0.652813 0.361879 0.479922
0.498152 0.351702 0.358273
0.663444 0.254991 0.471902
0.639822 0.484934 0.52872
0.536275 0.347421 0.644754
0.331676 0.201893 0.471079
0.495808 0.213008 0.325907
0.660253 0.297784 0.517934
0.468084 0.376296 0.335743
0.639249 0.519496 0.384043
0.741799 0.479851 0.529351
0.39528 0.540231 0.553589
0.504497 0.235225 0.667099
0.350309 0.214858 0.488904
0.430139 0.435568 0.250922
0.673397 0.426108 0.492475
0.6508 0.241063 0.487598
0.60523 0.470515 0.694656
0.56674 0.580811 0.308325
0.679426 0.316101 0.456288
0.448398 0.485323 0.67569
0.376477 0.487083 0.379166
0.541369 0.353516 0.368034
0.577923 0.344107 0.342546
0.486075 0.253222 0.666751
0.470846 0.287832 0.32096
0.618813 0.629332 0.51884
0.614101 0.480195 0.363105
0.451466 0.496723 0.323673
0.657059 0.298341 0.477102
0.610532 0.481003 0.35348
0.293269 0.462954 0.36217
0.395671 0.477818 0.610465
0.356839 0.214661 0.4851
0.698486 0.364541 0.416749
0.659518 0.367203 0.483783
0.482426 0.300949 0.289976
0.49416 0.284163 0.34983
0.428739 0.489867 0.665116
0.296429 0.381625 0.581215
0.504307 0.434869 0.64702
0.608877 0.43657 0.450304
0.347492 0.440737 0.309557
0.536484 0.490238 0.670589
0.411451 0.531813 0.630867
0.351819 0.370046 0.500049
0.701561 0.458043 0.475957
0.387852 0.528113 0.625912
0.288843 0.337037 0.506465
0.387078 0.494535 0.364522
0.380775 0.492648 0.620146
0.532959 0.645753 0.418524
0.519919 0.357912 0.337452
0.51605 0.249942 0.67382
0.56034 0.483429 0.319211
0.69732 0.3258 0.531292
0.281993 0.343285 0.499499
0.332206 0.424743 0.488105
0.482112 0.345464 0.723365
0.37192 0.482426 0.516737
0.398026 0.413645 0.542266
0.547984 0.484623 0.661389
0.431927 0.531648 0.588912
0.422519 0.3795 0.310826
0.699914 0.459614 0.473831
0.546027 0.453754 0.677172
0.570633 0.393541 0.283382
0.539094 0.487396 0.669505
0.346091 0.321493 0.49819
0.333767 0.232281 0.493869
0.372582 0.491945 0.516483
0.694806 0.455035 0.480853
0.325137 0.497271 0.432211
0.489875 0.251159 0.345621
0.695794 0.295773 0.486075
0.669974 0.333051 0.460845
0.508133 0.336784 0.341536
0.457461 0.375851 0.333433
0.333795 0.356216 0.508913
0.655168 0.452856 0.464427
0.34569 0.340347 0.50278
0.448778 0.487798 0.392186
0.453185 0.394817 0.3403
0.396716 0.485322 0.639197
0.650219 0.522467 0.400237
0.34025 0.429302 0.492191
0.66732 0.205951 0.496262
0.338641 0.395988 0.490445
0.457595 0.484517 0.656944
0.508134 0.45895 0.668378
0.374056 0.497865 0.523352
0.592248 0.363526 0.589849
0.464701 0.476033 0.33038
0.35267 0.503697 0.578889
0.465754 0.384511 0.336761
0.507609 0.444594 0.341074
0.352542 0.365206 0.489318
0.448262 0.459489 0.598371
0.617242 0.488372 0.362368
0.666585 0.203754 0.504213
0.658488 0.247788 0.511438
0.638053 0.371647 0.633109
0.348911 0.430105 0.515172
0.260905 0.403445 0.516138
0.36979 0.518326 0.458614
0.35095 0.348655 0.500653
0.496045 0.388646 0.357446
0.323333 0.446931 0.481431
0.494116 0.231679 0.340469
0.484988 0.225915 0.345605
0.447484 0.492707 0.321544
0.419158 0.501806 0.436591
0.591046 0.352336 0.335317
0.63898 0.49672 0.381206
0.319461 0.501468 0.511501
0.6416 0.313005 0.496828
0.323107 0.465684 0.472864
0.432696 0.362364 0.656528
0.496329 0.470312 0.342607
0.467324 0.470165 0.325093
0.528085 0.340455 0.65214
0.670958 0.5101 0.434627
0.488879 0.234803 0.343904
0.64496 0.616626 0.529243
0.355083 0.342213 0.486791
0.525695 0.450079 0.350935
0.52346 0.539188 0.257585
0.514778 0.349444 0.641589
0.354803 0.439333 0.513866
0.336656 0.40765 0.481721
0.354026 0.440979 0.522066
0.305114 0.313597 0.506942
0.67591 0.225897 0.475488
0.669644 0.288303 0.512442
0.646406 0.365066 0.383301
0.419227 0.550675 0.581298
0.501574 0.396035 0.641855
0.506339 0.386503 0.265386
0.520102 0.459005 0.647448
0.514878 0.489648 0.33171
0.358574 0.512162 0.608579
0.449857 0.50127 0.337446
0.398355 0.464656 0.430755
0.431554 0.488258 0.42371
0.534372 0.321072 0.686985
0.484282 0.22034 0.346148
0.493202 0.348038 0.356807
0.540192 0.351791 0.282339
0.302867 0.358414 0.452474
0.341943 0.22474 0.491914
0.616011 0.374034 0.560235
0.537118 0.493076 0.323583
0.590703 0.512833 0.615695
0.591203 0.371032 0.585732
0.399006 0.361542 0.357634
0.38341 0.442604 0.284919
0.465777 0.485583 0.235782
0.369587 0.507002 0.376885
0.506839 0.450744 0.652019
0.558309 0.490594 0.323594
0.656192 0.395942 0.49728
0.557175 0.516483 0.639282
0.704086 0.462742 0.370621
0.668551 0.221737 0.478395
0.490512 0.35829 0.345147
0.414349 0.539703 0.39276
0.473471 0.276186 0.670757
0.653562 0.392108 0.495339
0.680024 0.464378 0.626147
0.283241 0.41359 0.423615
0.349187 0.399305 0.501829
0.645179 0.506596 0.553068
0.43256 0.408037 0.357711
0.505751 0.251847 0.328892
0.519128 0.292163 0.672745
0.561121 0.337905 0.687542
0.350287 0.204784 0.486329
0.429313 0.528388 0.401369
0.670066 0.34316 0.554079
0.430226 0.435921 0.405684
0.34976 0.433658 0.506167
0.478775 0.205816 0.342943
0.641467 0.373977 0.490862
0.643723 0.499225 0.386074
0.341996 0.370147 0.577589
0.696863 0.327312 0.45264
0.497303 0.260858 0.662273
0.673249 0.217767 0.480844
0.643188 0.335549 0.511088
0.637383 0.522082 0.424218
0.516962 0.441996 0.343135
0.394841 0.624696 0.371718
0.392872 0.482145 0.62152
0.65247 0.40216 0.497245
0.25988 0.528272 0.549214
0.478532 0.253298 0.338388
0.576759 0.413372 0.41956
0.606888 0.515477 0.36014
0.610602 0.482816 0.356165
0.657317 0.210424 0.504024
0.316887 0.481033 0.652394
0.340167 0.398733 0.516599
0.406615 0.42839 0.412276
0.499967 0.451061 0.666609
0.393581 0.631968 0.385186
0.581939 0.515108 0.410473
0.531054 0.498355 0.661031
0.480687 0.292312 0.337469
0.329426 0.344954 0.501289
0.473054 0.259213 0.677562
0.44525 0.497161 0.326622
0.336258 0.403397 0.481099
0.393407 0.541599 0.387936
0.354885 0.363209 0.589588
0.468611 0.452245 0.647484
0.490132 0.330855 0.3516
0.343318 0.404402 0.472997
0.477846 0.201651 0.337689
0.309029 0.382864 0.605524
0.469822 0.350978 0.330126
0.652801 0.460491 0.513721
0.560024 0.538571 0.59486
0.425924 0.543055 0.600423
0.534355 0.477155 0.615565
0.657767 0.348302 0.431066
0.388266 0.502224 0.453149
0.321793 0.372849 0.409461
0.550048 0.329069 0.689411
0.662622 0.413597 0.498961
0.340538 0.254428 0.491
0.446513 0.552527 0.269557
0.644936 0.359104 0.618954
0.597637 0.363571 0.369809
0.353702 0.5163 0.591192
0.417437 0.50774 0.348211
0.344341 0.515334 0.419297
0.506109 0.449657 0.664279
0.270436 0.366999 0.469917
0.549766 0.63199 0.386274
0.47481 0.429399 0.325532
0.348632 0.393495 0.521553
0.479288 0.375691 0.329725
0.400807 0.478789 0.442632
0.360776 0.533144 0.405126
0.599601 0.530967 0.572413
0.536939 0.504399 0.733539
0.616675 0.50399 0.583484
0.578977 0.52595 0.618137
0.406141 0.50822 0.353897
0.678687 0.226581 0.48216
0.349934 0.423032 0.470692
0.503748 0.436355 0.659104
0.448821 0.493682 0.327014
0.474537 0.319555 0.325811
0.398567 0.393276 0.696769
0.517036 0.645025 0.513048
0.70274 0.317414 0.48646
0.535547 0.64839 0.46489
0.456621 0.646708 0.48776
0.299163 0.352669 0.460264
0.350624 0.297106 0.478767
0.669753 0.427128 0.478872
0.644077 0.503963 0.552811
0.752558 0.429867 0.46015
0.388035 0.488687 0.60704
0.494191 0.271758 0.343881
0.33297 0.347766 0.460213
0.455212 0.475694 0.681538
0.329469 0.61904 0.505793
0.317353 0.314443 0.460504
0.322653 0.480086 0.460642
0.335545 0.270532 0.493353
0.403131 0.496226 0.444421
0.585544 0.522679 0.547792
0.662792 0.402311 0.495866
0.742006 0.482048 0.524375
0.657973 0.217483 0.497083
0.54515 0.445557 0.243886
0.523764 0.338791 0.33515
0.287203 0.459611 0.368952
0.330404 0.50928 0.549595
0.643888 0.412085 0.503992
0.664484 0.508807 0.423555
0.56537 0.483216 0.550614
0.350672 0.459508 0.508876
0.673729 0.215522 0.501103
0.649527 0.506599 0.654463
0.509308 0.454335 0.668961
0.519133 0.466922 0.674409
0.451124 0.432259 0.357187
0.614868 0.511456 0.400978
0.658315 0.338402 0.479561
0.626767 0.370243 0.550313
0.334939 0.222276 0.472025
0.396326 0.420879 0.55257
0.446122 0.47964 0.593204
0.645834 0.510971 0.391223
0.352015 0.532404 0.578212
0.378138 0.365033 0.601648
0.721331 0.378851 0.56476
0.662373 0.318972 0.516976
0.574459 0.513992 0.713101
0.566566 0.506029 0.636214
0.555432 0.491473 0.648859
0.363654 0.532257 0.44466
0.330033 0.369487 0.565877
0.470799 0.455454 0.670126
0.334286 0.501204 0.508263
0.35972 0.535254 0.589102
0.623908 0.51501 0.403339
0.53421 0.492727 0.664116
0.397808 0.518682 0.631499
0.7053 0.500308 0.377661
0.650681 0.511213 0.398038
0.266992 0.526593 0.427278
0.637817 0.363702 0.544933
0.578429 0.502317 0.340655
0.654073 0.388817 0.457809
0.649027 0.596213 0.394913
0.353581 0.37895 0.43205
0.346319 0.4187 0.47075
0.668661 0.235263 0.51414
0.368177 0.499242 0.591624
0.518093 0.458245 0.676222
0.420317 0.526386 0.633157
0.4473 0.440782 0.39081
0.436305 0.489354 0.570303
0.473792 0.274626 0.318884
0.535515 0.470136 0.618905
0.590098 0.397364 0.417651
0.364464 0.499547 0.604685
0.467555 0.372508 0.332775
0.597336 0.524542 0.554484
0.351658 0.369887 0.416662
0.733388 0.483029 0.544119
0.640486 0.348969 0.58963
0.471079 0.307556 0.291811
0.489413 0.283154 0.308203
0.668289 0.549614 0.612345
0.490251 0.324652 0.340743
0.545375 0.512434 0.590413
0.441789 0.443604 0.593463
0.730464 0.407572 0.565106
0.355499 0.513389 0.582725
0.346099 0.276284 0.477804
0.656073 0.25658 0.505622
0.718397 0.499545 0.399438
0.638772 0.359023 0.427961
0.450314 0.345036 0.293053
0.488549 0.322375 0.65136
0.324846 0.49892 0.509855
0.377974 0.506103 0.614545
0.681392 0.35987 0.413499
0.493751 0.433486 0.337863
0.374501 0.511727 0.529918
0.518914 0.444777 0.647282
0.386299 0.498967 0.612833
0.593901 0.502755 0.348499
0.526684 0.429806 0.349886
0.595558 0.51988 0.549826
0.299662 0.344511 0.525776
0.443092 0.45168 0.398821
0.527138 0.341395 0.654285
0.545893 0.478207 0.413268
0.474843 0.46632 0.680473
0.636623 0.415562 0.518002
0.55091 0.502577 0.570395
0.321403 0.352664 0.549131
0.678117 0.312754 0.501296
0.597318 0.483627 0.271084
0.43163 0.46638 0.563768
0.559484 0.511755 0.638078
0.445731 0.468276 0.594144
0.497452 0.245007 0.329577
0.690125 0.349426 0.428521
0.715183 0.374392 0.566075
0.527288 0.474977 0.648271
0.536044 0.638429 0.55055
0.669894 0.219317 0.508898
0.308575 0.34319 0.460938
0.44582 0.422041 0.611685
0.655638 0.338015 0.492061
0.648414 0.258134 0.492866
0.494574 0.609174 0.323773
0.316143 0.318958 0.46074
0.663962 0.483846 0.532077
0.486048 0.285578 0.343975
0.545811 0.502833 0.650343
0.416476 0.378936 0.675627
0.524908 0.429503 0.637369
0.345864 0.353506 0.490774
0.620593 0.608042 0.593169
0.334989 0.321845 0.495328
0.623739 0.503407 0.384498
0.313249 0.225896 0.483819
0.613979 0.516394 0.556841
0.67647 0.28385 0.488457
0.427 0.49596 0.427718
0.339378 0.289123 0.475655
0.453292 0.486104 0.335465
0.465765 0.358241 0.327589
0.46812 0.597186 0.678541
0.497526 0.366452 0.344355
0.435165 0.504787 0.648539
0.542656 0.369845 0.373065
0.525268 0.441042 0.638914
0.670308 0.441898 0.64297
0.568119 0.483191 0.332585
0.673944 0.422759 0.494193
0.534846 0.48229 0.736137
0.488278 0.452393 0.668187
0.34336 0.357465 0.544128
0.51795 0.616645 0.645562
0.523101 0.380052 0.734359
0.396298 0.502852 0.44758
0.332967 0.334614 0.530911
0.342398 0.371146 0.411373
0.601265 0.513898 0.593375
0.504989 0.466557 0.334588
0.345241 0.506052 0.555416
0.320243 0.459468 0.471643
0.457913 0.622256 0.632958
0.342874 0.393147 0.468112
0.439658 0.428957 0.396047
0.409815 0.50257 0.642029
0.624472 0.627201 0.511468
0.506981 0.243163 0.6688
0.362743 0.529212 0.403789
0.368406 0.51382 0.607183
0.486129 0.29367 0.664102
0.464293 0.620393 0.639203
0.328231 0.495144 0.530609
0.389135 0.372835 0.36874
0.424665 0.496785 0.428982
0.539821 0.473042 0.617447
0.669354 0.225401 0.501708
0.382306 0.503559 0.534902
0.525557 0.466884 0.236269
0.658441 0.356548 0.494317
0.540601 0.501551 0.35957
0.337673 0.343007 0.498178
0.349156 0.527811 0.315265
0.658376 0.496162 0.450044
0.649318 0.386942 0.501396
0.45529 0.348027 0.320193
0.345766 0.36404 0.496895
0.497394 0.622007 0.345684
0.472858 0.376978 0.65314
0.484596 0.210155 0.332123
0.505447 0.331058 0.338559
0.577245 0.39861 0.573207
0.449406 0.502951 0.623439
0.571714 0.483401 0.335925
0.493934 0.270068 0.666953
0.350619 0.461831 0.682136
0.585913 0.525489 0.552997
0.663498 0.333049 0.477142
0.45814 0.466216 0.330863
0.544797 0.485029 0.654657
0.385408 0.520245 0.451849
0.62642 0.454373 0.682979
0.382116 0.501277 0.604251
0.350706 0.51105 0.56265
0.469909 0.642601 0.392417
0.318172 0.249131 0.487358
0.492956 0.42508 0.659852
0.582847 0.531441 0.597563
0.334681 0.516949 0.543852
0.610778 0.508658 0.415117
0.408012 0.525358 0.437227
0.32112 0.296836 0.465176
0.296915 0.452002 0.356098
0.400371 0.530621 0.617282
0.385154 0.515702 0.451275
0.635297 0.410104 0.527684
0.674085 0.315966 0.499008
0.324827 0.439409 0.477705
0.493974 0.303764 0.658468
0.46657 0.422022 0.327666
0.66115 0.478294 0.530208
0.360384 0.523242 0.588142
0.329604 0.491333 0.43442
0.403477 0.508755 0.62245
0.584208 0.532289 0.59505
0.387273 0.538672 0.552057
0.579459 0.35459 0.363306
0.344293 0.228941 0.479332
0.438842 0.478985 0.664012
0.66599 0.251003 0.512389
0.529578 0.390765 0.261467
0.449406 0.498044 0.366932
0.446208 0.358999 0.311578
0.54716 0.381952 0.382521
0.531405 0.407946 0.637009
0.537938 0.349929 0.282025
0.566255 0.640568 0.437653
0.486327 0.344717 0.652834
0.654091 0.314025 0.49262
0.506861 0.307013 0.333484
0.569901 0.511078 0.621476
0.314416 0.248966 0.484136
0.382053 0.536833 0.441068
0.63209 0.49752 0.436781
0.309127 0.601625 0.51515
0.355383 0.421721 0.680629
0.394546 0.521103 0.444879
0.398733 0.530865 0.61449
0.459334 0.468738 0.676602
0.688885 0.437051 0.616584
0.288865 0.409874 0.37957
0.579146 0.508655 0.361827
0.428348 0.523316 0.40674
0.400082 0.370099 0.316247
0.514329 0.63223 0.373953
0.406249 0.525466 0.621416
0.398397 0.418918 0.55614
0.435901 0.421326 0.351841
0.501058 0.328299 0.339079
0.418064 0.362377 0.337761
0.410543 0.368323 0.618555
0.333475 0.340528 0.470313
0.666002 0.367812 0.48881
0.527593 0.474292 0.658217
0.503204 0.24337 0.674717
0.632204 0.350572 0.566122
0.43019 0.522801 0.397774
0.364754 0.522866 0.592715
0.332038 0.27209 0.476643
0.343964 0.616102 0.411779
0.634508 0.497207 0.387132
0.562242 0.340913 0.357846
0.32836 0.283396 0.490425
0.488242 0.320523 0.65849
0.504674 0.247116 0.67622
0.552923 0.520949 0.60404
0.396794 0.515972 0.615991
0.409115 0.538012 0.40108
0.357749 0.409659 0.526158
0.523455 0.645141 0.505399
0.557155 0.488893 0.249217
0.403397 0.374826 0.304567
0.384884 0.517252 0.449478
0.495641 0.327171 0.655252
0.501953 0.430337 0.33364
0.398597 0.387717 0.580009
0.462154 0.348958 0.653135
0.496118 0.280644 0.330636
0.338489 0.356758 0.498397
0.42484 0.521206 0.631024
0.681342 0.322033 0.47416
0.580122 0.509063 0.415132
0.488956 0.458511 0.677532
0.396666 0.517044 0.550083
0.512467 0.433345 0.65684
0.48885 0.245006 0.321653
0.572641 0.352628 0.31625
0.329929 0.237048 0.475802
0.420138 0.529119 0.421642
0.571751 0.516922 0.609918
0.699028 0.323561 0.463163
0.601413 0.47978 0.365027
0.461479 0.437498 0.323413
0.480145 0.372591 0.323303
0.691599 0.30391 0.466277
0.345067 0.443241 0.523966
0.499216 0.436457 0.666048
0.33699 0.317126 0.491054
0.668421 0.326425 0.512067
0.386673 0.490583 0.450153
0.610653 0.374595 0.667777
0.553135 0.366605 0.621775
0.654426 0.288431 0.492824
0.357095 0.541601 0.546734
0.44703 0.450147 0.364189
0.344028 0.530338 0.529592
0.528673 0.430061 0.380121
0.475397 0.393907 0.659356
0.376657 0.513878 0.452883
0.559559 0.521374 0.606549
0.38214 0.531592 0.395083
0.593474 0.510898 0.548582
0.506714 0.359802 0.272746
0.423404 0.502916 0.640827
0.579899 0.510413 0.589816
0.34923 0.455228 0.525533
0.329415 0.196037 0.479266
0.44589 0.643999 0.399595
0.592632 0.381794 0.30284
0.328714 0.295803 0.472641
0.544049 0.492298 0.603424
0.500864 0.309375 0.658105
0.581859 0.495816 0.545783
0.694393 0.44127 0.487906
0.467199 0.448293 0.658947
0.403841 0.512448 0.604998
0.563702 0.507174 0.617202
0.276133 0.389474 0.445434
0.474269 0.415288 0.662099
0.527753 0.325233 0.291842
0.528713 0.645131 0.5049
0.633463 0.471351 0.535703
0.369491 0.52965 0.586903
0.485793 0.303754 0.667658
0.556382 0.575903 0.685406
0.671065 0.261621 0.504717
0.739719 0.441232 0.548913
0.557773 0.526501 0.719378
0.590132 0.416813 0.428942
0.323964 0.322475 0.46706
0.426646 0.428171 0.398035
0.501945 0.332244 0.332001
0.549334 0.480444 0.415054
0.587671 0.501131 0.546469
0.340192 0.483898 0.449925
0.279631 0.5758 0.487863
0.492167 0.307961 0.665003
0.581079 0.487567 0.354106
0.414911 0.532445 0.413605
0.361211 0.512194 0.452091
0.326628 0.301808 0.473013
0.327608 0.320978 0.473629
0.423766 0.522452 0.622898
0.614654 0.390843 0.429947
0.676006 0.546715 0.367342
0.518381 0.438388 0.658001
0.70773 0.325829 0.466579
0.237983 0.454972 0.517084
0.474777 0.297828 0.672257
0.531652 0.455184 0.34265
0.474551 0.325624 0.3195
0.404485 0.499845 0.719386
0.605018 0.500083 0.396428
0.443931 0.489185 0.360308
0.37622 0.465467 0.290912
0.393392 0.454793 0.717527
0.383183 0.533028 0.588445
0.683913 0.377704 0.589346
0.54176 0.522467 0.728729
0.424207 0.506409 0.423586
0.583895 0.518904 0.554236
0.52604 0.400228 0.645829
0.524136 0.319101 0.296407
0.391759 0.523641 0.604351
0.427146 0.477853 0.561068
0.409855 0.515201 0.607807
0.389937 0.383048 0.391713
0.32147 0.287552 0.472972
0.57469 0.486696 0.431535
0.473465 0.308429 0.688835
0.326511 0.467194 0.452822
0.536612 0.460229 0.337166
0.649093 0.432746 0.518751
0.642407 0.509201 0.419908
0.535169 0.457707 0.335197
0.672098 0.381906 0.486795
0.344618 0.496913 0.526014
0.5856 0.488428 0.360341
0.405266 0.648428 0.484522
0.413564 0.52977 0.402043
0.707578 0.565711 0.488092
0.409262 0.599258 0.65329
0.515604 0.423529 0.659826
0.610593 0.487398 0.387617
0.59093 0.518022 0.558605
0.46464 0.328483 0.679686
0.42252 0.405471 0.269429
0.672625 0.360923 0.40894
0.662297 0.467349 0.446013
0.339626 0.392976 0.521251
0.426068 0.364853 0.661795
0.440402 0.423501 0.388651
0.585279 0.462822 0.26482
0.539509 0.646087 0.480316
0.673688 0.415112 0.498563
0.671151 0.354066 0.490473
0.448862 0.40979 0.337151
0.498575 0.315552 0.312178
0.470857 0.308384 0.670794
0.566722 0.354609 0.372689
0.685392 0.358676 0.420731
0.342161 0.400671 0.524086
0.316726 0.371394 0.392397
0.507241 0.45444 0.744358
0.597929 0.486916 0.435476
0.655197 0.435017 0.518788
0.669712 0.476787 0.444413
0.343497 0.361323 0.534864
0.433215 0.640957 0.550766
0.67739 0.406343 0.488672
0.473883 0.427185 0.667636
0.699446 0.346395 0.55454
0.425549 0.518351 0.386245
0.606321 0.405053 0.553869
0.494517 0.385161 0.324557
0.493532 0.401459 0.660728
0.689681 0.478992 0.600856
0.353194 0.489084 0.452618
0.702195 0.506156 0.581968
0.625389 0.375099 0.647124
0.493697 0.342513 0.661585
0.291797 0.329219 0.478424
0.498982 0.646457 0.446466
0.399044 0.518527 0.596381
0.673097 0.360517 0.490305
0.382427 0.534249 0.435155
0.463517 0.33112 0.309755
0.335882 0.447214 0.524519
0.354834 0.508939 0.535738
0.29876 0.423775 0.355871
0.438264 0.378153 0.289024
0.58909 0.395986 0.696647
0.684905 0.350317 0.428221
0.322484 0.566633 0.370867
0.243772 0.509758 0.49402
0.239217 0.478834 0.513264
0.42384 0.525789 0.594571
0.321086 0.328535 0.507387
0.564007 0.466413 0.425897
0.431841 0.414416 0.377108
0.619573 0.493052 0.403791
0.312264 0.314769 0.481255
0.656332 0.479054 0.437961
0.321049 0.383627 0.619895
0.49554 0.296692 0.670802
0.556146 0.421944 0.405027
0.324222 0.422607 0.505161
0.655211 0.485334 0.4357
0.658719 0.452288 0.652892
0.408749 0.518309 0.560781
0.465392 0.392092 0.323885
0.30733 0.338528 0.465209
0.674977 0.35741 0.416906
0.370796 0.425374 0.540362
0.432865 0.511557 0.393141
0.412918 0.417464 0.712807
0.402644 0.499489 0.431855
0.65603 0.390224 0.521558
0.501843 0.406197 0.323916
0.618337 0.496532 0.405194
0.584019 0.505965 0.5518
0.691523 0.567903 0.418382
0.670088 0.409334 0.504673
0.600653 0.501262 0.693749
0.50561 0.330222 0.292597
0.678428 0.464585 0.450119
0.714456 0.557281 0.476847
0.331712 0.463488 0.527644
0.330685 0.461329 0.525839
0.545962 0.589361 0.311135
0.717773 0.450929 0.572985
0.384684 0.371955 0.598292
0.373003 0.533691 0.554066
0.403248 0.537789 0.577864
0.460018 0.419363 0.645151
0.562674 0.362053 0.302924
0.41274 0.513562 0.385794
0.552382 0.409412 0.267401
0.656034 0.471354 0.438698
0.623986 0.498989 0.414008
0.289789 0.379426 0.446157
0.573019 0.401345 0.711258
0.348062 0.471392 0.449031
0.389995 0.374676 0.584361
0.386035 0.53569 0.568097
0.539576 0.327139 0.328342
0.668764 0.414991 0.508965
0.484415 0.339232 0.314197
0.550226 0.493074 0.614801
0.646352 0.608649 0.426261
0.525735 0.431813 0.332043
0.492698 0.31353 0.298303
0.300858 0.595939 0.505493
0.582012 0.457789 0.434632
0.719453 0.512218 0.408105
0.587889 0.507861 0.702376
0.368266 0.523765 0.4321
0.432839 0.42387 0.373069
0.55682 0.638994 0.42059
0.395055 0.485071 0.433188
0.431893 0.377618 0.324456
0.680037 0.422763 0.46214
0.481809 0.362482 0.665737
0.68825 0.429826 0.352525
0.65765 0.396024 0.523626
0.552256 0.502139 0.373538
0.43148 0.508938 0.623345
0.667268 0.371059 0.611499
0.500965 0.317435 0.308512
0.292534 0.342687 0.489087
0.468258 0.439183 0.668064
0.32656 0.380346 0.513744
0.430331 0.50686 0.3956
0.373045 0.503237 0.448398
0.652921 0.412506 0.453051
0.405782 0.419494 0.708986
0.582007 0.358556 0.326122
0.506182 0.326505 0.666191
0.55525 0.360653 0.36736
0.405901 0.527334 0.59114
0.393103 0.507516 0.439849
0.5028 0.329615 0.670153
0.422712 0.515174 0.400239
0.552932 0.436915 0.598592
0.556155 0.501167 0.397558
0.440545 0.44051 0.350881
0.683747 0.493812 0.610436
0.383234 0.454719 0.544272
0.676223 0.380021 0.506989
0.507359 0.330286 0.670163
0.730041 0.3905 0.559756
0.662344 0.426978 0.451247
0.328659 0.44427 0.457951
0.368288 0.374565 0.563064
0.502432 0.327629 0.672093
0.351929 0.458934 0.536372
0.662634 0.363502 0.511372
0.572496 0.347801 0.332137
0.643995 0.404051 0.530075
0.469958 0.637928 0.583279
0.447087 0.473903 0.612521
0.666655 0.458572 0.330616
0.345784 0.381201 0.527756
0.461234 0.457514 0.648721
0.656618 0.401473 0.513076
0.407307 0.517413 0.409371
0.477565 0.6455 0.418452
0.545893 0.372637 0.63666
0.453574 0.415108 0.639337
0.397413 0.517486 0.56121
0.652132 0.384766 0.453036
0.628699 0.352391 0.595501
0.328501 0.445299 0.453873
0.435254 0.466681 0.380914
0.682738 0.338208 0.519729
0.556484 0.420749 0.596945
0.33546 0.410401 0.524396
0.48553 0.640495 0.533994
0.476499 0.325648 0.298513
0.455528 0.358484 0.304477
0.322765 0.417471 0.468992
0.352522 0.384217 0.545404
0.749122 0.447366 0.503826
0.292295 0.575103 0.553105
0.418753 0.513612 0.398889
0.495142 0.338941 0.669657
0.680378 0.442473 0.448482
0.32186 0.425477 0.467374
0.425802 0.500425 0.574474
0.487371 0.340133 0.308817
0.566772 0.348936 0.685243
0.437736 0.456173 0.5997
0.637011 0.401497 0.655617
0.462279 0.629976 0.359535
0.482543 0.637195 0.578397
0.556068 0.43991 0.591559
0.577327 0.509877 0.572003
0.411083 0.600303 0.651667
0.276956 0.361249 0.490838
0.401574 0.506797 0.557505
0.657895 0.369679 0.447248
0.383557 0.45544 0.54719
0.487265 0.642573 0.493924
0.414186 0.506136 0.412024
0.465977 0.375152 0.657408
0.558505 0.335984 0.670568
0.662773 0.358555 0.438148
0.376927 0.389938 0.419919
0.482362 0.342421 0.290358
0.401684 0.421052 0.405913
0.485445 0.643 0.484505
0.517915 0.369289 0.326249
0.408321 0.504248 0.589042
0.38457 0.390554 0.307729
0.653087 0.480701 0.65047
0.543037 0.445931 0.641765
0.303896 0.348952 0.478333
0.650128 0.374766 0.440772
0.527038 0.387137 0.33449
0.613606 0.48529 0.42739
0.538371 0.337063 0.337427
0.264001 0.419697 0.550189
0.68652 0.427943 0.508816
0.462377 0.447116 0.672329
0.430757 0.471494 0.391565
0.475982 0.600523 0.673221
0.545508 0.337745 0.32882
0.340391 0.420047 0.449606
0.432663 0.470464 0.401642
0.392108 0.394619 0.404576
0.682189 0.40814 0.466698
0.514331 0.351298 0.279099
0.429888 0.386583 0.310864
0.43115 0.488424 0.590359
0.377442 0.514831 0.43076
0.540578 0.396894 0.372666
0.446559 0.4361 0.621813
0.355599 0.385231 0.552489
0.680325 0.442703 0.439516
0.679809 0.420801 0.515695
0.505489 0.330478 0.684707
0.735375 0.502259 0.521011
0.709153 0.412402 0.396796
0.315443 0.459982 0.346377
0.612349 0.627329 0.444433
0.402609 0.498886 0.576604
0.400001 0.509224 0.41004
0.622138 0.378272 0.566855
0.643132 0.608471 0.557551
0.655006 0.467901 0.321807
0.449522 0.593818 0.676136
0.473952 0.644803 0.432582
0.402115 0.494068 0.423879
0.648792 0.415196 0.531606
0.294236 0.367998 0.530038
0.572442 0.37117 0.381431
0.369649 0.617062 0.381724
0.618027 0.432171 0.552813
0.399222 0.499504 0.399481
0.418621 0.406925 0.388547
0.265883 0.487897 0.423284
0.58498 0.49287 0.562375
0.257458 0.415806 0.504353
0.601069 0.591429 0.345816
0.657852 0.6071 0.524779
0.608265 0.431428 0.439121
0.321523 0.354002 0.531179
0.589041 0.48142 0.427048
0.692001 0.584143 0.461642
0.465197 0.363602 0.663179
0.437906 0.390996 0.27673
0.709184 0.46458 0.379508
0.380255 0.383571 0.564707
0.362583 0.397172 0.428582
0.703478 0.415781 0.473792
0.46974 0.371142 0.664539
0.520205 0.332618 0.685265
0.25952 0.467816 0.431144
0.68391 0.509603 0.356861
0.545158 0.404222 0.62949
0.334518 0.438996 0.447811
0.381573 0.502488 0.433203
0.536366 0.383769 0.344334
0.522314 0.398719 0.66726
0.523582 0.372444 0.670108
0.507592 0.370029 0.313117
0.52899 0.36627 0.284253
0.679367 0.368791 0.41021
0.365799 0.387396 0.421229
0.609909 0.52325 0.291371
0.404302 0.496413 0.415314
0.447889 0.386917 0.730529
0.685682 0.367209 0.486361
0.66604 0.600543 0.44353
0.377638 0.423908 0.432591
0.525656 0.335185 0.689393
0.255725 0.472801 0.569132
0.690745 0.411625 0.501798
0.433573 0.46828 0.599431
0.473005 0.344337 0.67537
0.41897 0.493658 0.586023
0.531915 0.367459 0.335307
0.59728 0.600201 0.357741
0.660402 0.562789 0.3664
0.368956 0.436223 0.543155
0.413998 0.438811 0.40181
0.439152 0.426601 0.62319
0.354586 0.59649 0.606864
0.640822 0.469086 0.308438
0.416064 0.476994 0.573803
0.698132 0.41296 0.4993
0.620326 0.387828 0.42404
0.532712 0.348152 0.675833
0.728685 0.371338 0.444352
0.642475 0.542197 0.334385
0.272919 0.396497 0.450909
0.491791 0.352498 0.289017
0.323231 0.421469 0.457281
0.455663 0.407888 0.651073
0.48406 0.363342 0.276817
0.596242 0.394934 0.302803
0.515859 0.456363 0.741351
0.634275 0.377169 0.632036
0.402501 0.474641 0.413023
0.319141 0.390207 0.43069
0.452227 0.456013 0.640601
0.355826 0.404935 0.542255
0.335669 0.390909 0.436935
0.483683 0.642648 0.469038
0.434225 0.385886 0.32095
0.285283 0.398857 0.435144
0.686201 0.378436 0.49402
0.342266 0.370704 0.622159
0.56639 0.461232 0.415917
0.305182 0.396717 0.376022
0.316727 0.412067 0.35346
0.670504 0.522792 0.347745
0.491937 0.38111 0.672653
0.364729 0.472551 0.436799
0.419652 0.594975 0.663041
0.488586 0.426222 0.680573
0.299158 0.3625 0.480977
0.268608 0.39042 0.494904
0.566485 0.474774 0.57055
0.412635 0.455619 0.569752
0.27434 0.380822 0.489638
0.694121 0.414724 0.515354
0.355816 0.633049 0.504665
0.541142 0.365064 0.659559
0.338542 0.511289 0.320765
0.609408 0.575884 0.333279
0.514793 0.411822 0.681464
0.57349 0.480018 0.570399
0.310627 0.369398 0.501767
0.612367 0.442159 0.560539
0.327367 0.500278 0.331572
0.704663 0.429183 0.587099
0.443983 0.645848 0.436937
0.6448 0.379298 0.434144
0.489923 0.424915 0.682723
0.259911 0.4047 0.463757
0.688783 0.419551 0.522856
0.342583 0.441917 0.438989
0.568291 0.40077 0.605265
0.69635 0.40997 0.506093
0.392812 0.428167 0.562429
0.257749 0.433027 0.56204
0.41547 0.406361 0.383766
0.420866 0.430388 0.598365
0.675062 0.367873 0.537252
0.342811 0.409611 0.658221
0.375577 0.40132 0.561212
0.345894 0.374886 0.630127
0.38411 0.371232 0.660907
0.489541 0.426906 0.68488
0.408832 0.481032 0.573285
0.627025 0.401327 0.433534
0.640336 0.393593 0.545303
0.368083 0.454859 0.433693
0.496841 0.39614 0.269326
0.629112 0.600375 0.387612
0.397894 0.440328 0.403543
0.686953 0.419234 0.528275
0.585142 0.354012 0.615676
0.550071 0.37458 0.643751
0.649254 0.383253 0.437565
0.573216 0.609489 0.360512
0.319475 0.402785 0.514476
0.429031 0.400464 0.719411
0.356895 0.411107 0.545842
0.594823 0.462808 0.698367
0.279711 0.380006 0.504828
0.548499 0.408233 0.636505
0.412823 0.38615 0.335078
0.3764 0.455448 0.553498
0.604872 0.397035 0.580124
0.273877 0.390412 0.52105
0.569936 0.370296 0.312396
0.629964 0.433694 0.555769
0.555865 0.637534 0.524291
0.556319 0.634347 0.542572
0.718581 0.333819 0.498857
0.395579 0.376394 0.646159
0.523886 0.364198 0.722987
0.413683 0.429153 0.373588
0.636824 0.381191 0.354339
0.409757 0.377616 0.347686
0.638642 0.439355 0.442808
0.584133 0.380065 0.376747
0.334798 0.388041 0.530382
0.63337 0.423148 0.55251
0.625726 0.380428 0.384626
0.320496 0.60155 0.430626
0.541559 0.403755 0.658736
0.608037 0.413801 0.573035
0.301214 0.357055 0.495381
0.412434 0.466199 0.58645
0.343676 0.386961 0.574664
0.661469 0.40994 0.541348
0.401161 0.383052 0.360699
0.559488 0.375295 0.631635
0.439141 0.409757 0.265544
0.532594 0.63442 0.393905
0.470563 0.37248 0.276531
0.700052 0.343754 0.512246
0.393865 0.439793 0.567717
0.28137 0.38362 0.532627
0.656174 0.412015 0.543507
0.703428 0.38001 0.414435
0.410384 0.407907 0.601845
0.31625 0.386592 0.40952
0.290501 0.39457 0.57236
0.301372 0.382668 0.565338
0.439963 0.412123 0.644032
0.676827 0.402774 0.454516
0.40803 0.399691 0.382428
0.322963 0.397251 0.519518
0.523767 0.393188 0.274389
0.4487 0.437143 0.645478
0.695158 0.353148 0.477418
0.390331 0.408218 0.392652
0.586135 0.355543 0.655887
0.298457 0.58798 0.532096
0.645923 0.369665 0.571309
0.337878 0.613619 0.543568
0.70295 0.342314 0.489729
0.464451 0.635698 0.578724
0.53738 0.64266 0.474785
0.652245 0.396038 0.630087
0.549351 0.529538 0.261088
0.746154 0.464438 0.465093
0.593246 0.372914 0.667442
0.626685 0.622293 0.524814
0.299817 0.390311 0.444351
0.364261 0.404382 0.420371
0.688688 0.357171 0.464641
0.65281 0.395173 0.547464
0.476429 0.370838 0.685985
0.52674 0.638472 0.405439
0.582386 0.404862 0.393727
0.277652 0.400066 0.551311
0.54443 0.392736 0.663072
0.425985 0.444658 0.336836
0.66578 0.431013 0.63818
0.61887 0.381571 0.652282
0.309879 0.370276 0.514135
0.498488 0.595263 0.309642
0.583175 0.371223 0.611421
0.454153 0.425664 0.667561
0.269613 0.397963 0.46264
0.650949 0.44367 0.432519
0.447606 0.428101 0.651894
0.421274 0.40676 0.326358
0.506565 0.440337 0.246438
0.521329 0.470607 0.738651
0.304103 0.390585 0.502828
0.411006 0.427364 0.712693
0.616882 0.449485 0.433346
0.433953 0.64607 0.457445
0.383262 0.425909 0.570832
0.336231 0.403302 0.538072
0.657802 0.470637 0.645123
0.69846 0.390149 0.47927
0.622184 0.411182 0.570854
0.451223 0.38742 0.730733
0.254902 0.444701 0.566886
0.680415 0.365021 0.42543
0.557632 0.579257 0.67689
0.43845 0.399842 0.27506
0.412438 0.439721 0.601169
0.328729 0.410892 0.439527
0.395756 0.497615 0.71391
0.653244 0.401706 0.551055
0.645709 0.402455 0.554672
0.491461 0.641309 0.442956
0.285145 0.451841 0.616755
0.638313 0.611846 0.433139
0.581669 0.371527 0.333905
0.588562 0.423873 0.58924
0.504407 0.371587 0.686266
0.561195 0.376393 0.365015
0.643869 0.445867 0.433231
0.54077 0.348906 0.688513
0.322888 0.381124 0.59849
0.445348 0.391435 0.30345
0.572518 0.420196 0.399284
0.618999 0.431348 0.571294
0.315546 0.405364 0.52163
0.595851 0.424722 0.408108
0.421287 0.422493 0.615333
0.509178 0.378862 0.684875
0.428859 0.400525 0.306506
0.445301 0.408805 0.659065
0.640275 0.391311 0.560127
0.467985 0.386504 0.67805
0.670108 0.376093 0.444397
0.517523 0.382295 0.302343
0.463903 0.638599 0.520461
0.426865 0.467227 0.2566
0.529653 0.370417 0.305851
0.574296 0.394954 0.621514
0.386264 0.421063 0.576492
0.543978 0.38377 0.662134
0.396265 0.43126 0.578547
0.648251 0.380465 0.557862
0.294683 0.383219 0.52598
0.290758 0.391183 0.465342
0.558303 0.414305 0.380487
0.367424 0.422853 0.564871
0.537114 0.50452 0.729724
0.449831 0.643271 0.46095
0.592874 0.390557 0.308466
0.330776 0.401751 0.428411
0.679834 0.55174 0.381623
0.502922 0.347366 0.702028
0.433305 0.405957 0.314318
0.747733 0.412948 0.455913
0.589683 0.401699 0.60245
0.714742 0.394141 0.420602
0.563646 0.607016 0.629675
0.432763 0.400954 0.280738
0.53578 0.488575 0.731728
0.681897 0.383495 0.458051
0.56802 0.368368 0.348585
0.432355 0.41955 0.266017
0.702197 0.362202 0.515248
0.520363 0.38527 0.297871
0.588338 0.371989 0.664209
0.434429 0.417821 0.315039
0.674778 0.362419 0.433966
0.420766 0.539612 0.275325
0.592778 0.366387 0.650322
0.276061 0.389556 0.485159
0.291023 0.423984 0.414324
0.572051 0.431864 0.395356
0.35569 0.583944 0.354157
0.323636 0.425895 0.343901
0.614792 0.413502 0.421963
0.590111 0.5773 0.655828
0.583571 0.376895 0.319161
0.388569 0.555789 0.302083
0.395406 0.410875 0.593068
0.295942 0.430985 0.363813
0.299919 0.389029 0.513942
0.462981 0.641266 0.445036
0.505392 0.381816 0.692763
0.433086 0.64515 0.4637
0.397195 0.506782 0.276843
0.705763 0.367512 0.434455
0.699734 0.378693 0.525988
0.674295 0.408952 0.616763
0.560369 0.373427 0.649393
0.610849 0.534905 0.304822
0.650184 0.511236 0.327513
0.439835 0.644062 0.422454
0.559437 0.385793 0.361875
0.66105 0.396403 0.621821
0.401176 0.39759 0.616769
0.336879 0.400259 0.414598
0.630535 0.418701 0.573757
0.652202 0.418713 0.434524
0.692087 0.365637 0.557953
0.704046 0.367065 0.516673
0.625868 0.431129 0.578196
0.575717 0.376062 0.333162
0.437433 0.398208 0.29754
0.527224 0.395145 0.306538
0.373187 0.38205 0.343883
0.628273 0.568327 0.637536
0.696043 0.396918 0.586331
0.640529 0.39899 0.565961
0.40229 0.426316 0.604321
0.647632 0.54442 0.343019
0.416757 0.391422 0.651469
0.646997 0.492849 0.322427
0.438973 0.418318 0.659642
0.706958 0.378602 0.517315
0.369989 0.386838 0.605902
0.570547 0.392473 0.368626
0.587047 0.385351 0.621762
0.567553 0.587943 0.326544
0.578667 0.486168 0.704186
0.367512 0.638069 0.457669
0.515113 0.599222 0.320959
0.661948 0.381048 0.559939
0.704515 0.381867 0.422806
0.458869 0.621106 0.348138
0.710535 0.347062 0.524466
0.377267 0.397045 0.598156
0.275294 0.405631 0.471825
0.278391 0.4285 0.436351
0.424095 0.632199 0.573083
0.729433 0.359318 0.468143
0.354595 0.513435 0.308524
0.567438 0.43877 0.714286
0.58399 0.369012 0.657395
0.662616 0.551039 0.61272
0.502589 0.353057 0.706227
0.34986 0.388818 0.388746
0.58188 0.417479 0.379158
0.730956 0.447207 0.550891
0.674182 0.390546 0.442857
0.279499 0.419381 0.441844
0.58248 0.381142 0.316379
0.606384 0.433144 0.386477
0.474957 0.604474 0.663717
0.40572 0.424528 0.62282
0.508995 0.366831 0.700106
0.710052 0.351623 0.51963
0.467092 0.371188 0.721924
0.274215 0.404642 0.466841
0.413568 0.425564 0.281056
0.715028 0.348294 0.469206
0.263441 0.432872 0.457142
0.604512 0.379654 0.360535
0.346622 0.518441 0.318405
0.60094 0.577228 0.333776
0.295545 0.393023 0.544263
0.297407 0.584547 0.447745
0.631182 0.392873 0.596835
0.402438 0.626188 0.580881
0.746853 0.414819 0.504083
0.335027 0.416966 0.415814
0.598402 0.378877 0.647286
0.310546 0.400769 0.385567
0.599799 0.432806 0.391104
0.432237 0.414421 0.658792
0.72088 0.463231 0.408989
0.734673 0.366891 0.503438
0.640467 0.409954 0.596493
0.544795 0.570279 0.296704
0.455079 0.641048 0.456192
0.271085 0.417592 0.542
0.256837 0.53037 0.494647
0.305085 0.417106 0.425711
0.271804 0.429523 0.584149
0.64075 0.406772 0.64051
0.60275 0.388405 0.609106
0.359956 0.381241 0.625507
0.529594 0.561138 0.704615
0.552041 0.637615 0.453732
0.260256 0.519963 0.444619
0.564413 0.381744 0.699143
0.356188 0.425541 0.323811
0.429045 0.393677 0.662589
0.420067 0.417642 0.310065
0.600637 0.422816 0.379613
0.712054 0.361108 0.474229
0.454698 0.408765 0.283003
0.286709 0.435668 0.427241
0.423967 0.421561 0.650651
0.31492 0.399405 0.570269
0.665 0.470727 0.339553
0.287181 0.439484 0.422505
0.255996 0.49403 0.447768
0.34697 0.398315 0.614543
0.49612 0.36116 0.709294
0.611662 0.52823 0.301847
0.583779 0.380127 0.666251
0.717438 0.357303 0.483409
0.573502 0.383831 0.6869
0.396762 0.413492 0.302476
0.390986 0.410961 0.620134
0.45237 0.369368 0.701214
0.66383 0.399863 0.429563
0.307326 0.421704 0.427202
0.327786 0.408508 0.587724
0.269684 0.445516 0.439117
0.599731 0.388432 0.623902
0.654082 0.391887 0.568458
0.408216 0.401986 0.647733
0.343713 0.382636 0.618361
0.638561 0.382639 0.373299
0.477713 0.468404 0.234218
0.599449 0.37997 0.331995
0.673528 0.390168 0.556602
0.635741 0.397356 0.602043
0.709588 0.35627 0.461081
0.588346 0.404557 0.367093
0.566746 0.388809 0.323452
0.545232 0.396121 0.294232
0.492185 0.426892 0.275961
0.429854 0.410579 0.285098
0.691381 0.369992 0.545636
0.406473 0.400418 0.647237
0.38822 0.408599 0.626838
0.430993 0.419099 0.289358
0.515135 0.42717 0.284189
0.704864 0.449285 0.379948
0.666282 0.520975 0.347606
0.244336 0.461664 0.473767
0.484852 0.636216 0.504325
0.67018 0.389513 0.562253
0.620053 0.623945 0.497999
0.360458 0.504699 0.691955
0.691722 0.4344 0.59127
0.58464 0.389042 0.315632
0.35902 0.388807 0.641604
0.317973 0.603007 0.517775
0.697046 0.427178 0.586045
0.706127 0.368838 0.456852
0.578181 0.388523 0.645167
0.688716 0.38368 0.44385
0.587578 0.402946 0.353822
0.450083 0.393392 0.687379
0.649593 0.601784 0.426973
0.425457 0.416446 0.291431
0.466374 0.636106 0.51593
0.70483 0.424251 0.399209
0.422784 0.431819 0.718675
0.73463 0.481566 0.52972
0.643635 0.384006 0.369774
0.516924 0.58705 0.307021
0.655688 0.491553 0.333808
0.402335 0.399134 0.684605
0.428986 0.643697 0.448933
0.707817 0.379507 0.456668
0.34345 0.555881 0.344777
0.308558 0.427842 0.632158
0.504884 0.380739 0.705562
0.719389 0.532928 0.44439
0.27414 0.423616 0.562731
0.413371 0.633706 0.551977
0.297626 0.428755 0.379333
0.634288 0.401004 0.3908
0.56818 0.380442 0.666798
0.244329 0.465361 0.485973
0.743952 0.424297 0.458576
0.387413 0.442809 0.702934
0.268056 0.516337 0.568429
0.469243 0.462134 0.236745
0.459128 0.603383 0.66016
0.628323 0.573337 0.631319
0.270276 0.435584 0.522878
0.602425 0.623485 0.547815
0.446016 0.391323 0.687417
0.287548 0.417399 0.578683
0.624141 0.618542 0.539426
0.314971 0.432238 0.420324
0.66141 0.411382 0.591291
0.658218 0.605632 0.49884
0.605378 0.628816 0.467036
0.481167 0.399082 0.736451
0.596769 0.62665 0.539063
0.654935 0.408347 0.604274
0.568926 0.39574 0.306071
0.739122 0.397061 0.460968
0.285527 0.435703 0.439166
0.283252 0.496499 0.401536
0.523156 0.63928 0.458253
0.708932 0.388106 0.559687
0.683667 0.425982 0.600023
0.695633 0.557826 0.426752
0.703576 0.378323 0.538119
0.281801 0.545763 0.560185
0.422141 0.401531 0.689688
0.524631 0.41818 0.277887
0.299979 0.4299 0.382264
0.394446 0.605314 0.622115
0.642132 0.5772 0.613152
0.65536 0.405686 0.389795
0.388798 0.394177 0.667637
0.25499 0.452091 0.518099
0.405949 0.434422 0.299683
0.732065 0.474053 0.535755
0.369246 0.429896 0.68401
0.345432 0.436561 0.365991
0.389453 0.410923 0.685768
0.549091 0.383501 0.694725
0.663186 0.408565 0.405597
0.581055 0.405203 0.329114
0.63286 0.424892 0.659934
0.316163 0.420564 0.628522
0.394237 0.451722 0.291213
0.664106 0.422547 0.583689
0.634427 0.610116 0.431091
0.25013 0.499837 0.509211
0.416272 0.453265 0.273349
0.513084 0.446764 0.268506
0.654427 0.38658 0.387091
0.639195 0.406439 0.367259
0.574516 0.498101 0.704259
0.6298 0.398353 0.629654
0.675637 0.405164 0.590552
0.64748 0.427446 0.643714
0.340626 0.560257 0.352237
0.34036 0.617213 0.520221
0.491543 0.398841 0.714813
0.284152 0.423134 0.57811
0.603845 0.400231 0.648847
0.303321 0.425905 0.383639
0.642758 0.393379 0.386445
0.289802 0.422759 0.561395
0.251958 0.464187 0.548695
0.685268 0.395815 0.429592
0.690149 0.394563 0.559953
0.361084 0.439605 0.347556
0.685071 0.460944 0.593996
0.253838 0.456049 0.523857
0.729986 0.380758 0.50557
0.481133 0.465914 0.238507
0.27143 0.448353 0.448037
0.314201 0.421508 0.609618
0.617601 0.520646 0.305783
0.325621 0.422508 0.369499
0.419915 0.624062 0.593701
0.404791 0.621462 0.590287
0.261266 0.455585 0.48342
0.283156 0.570143 0.46637
0.574799 0.39424 0.662667
0.522693 0.445944 0.732383
0.590792 0.402891 0.671621
0.40589 0.430327 0.701908
0.339839 0.547902 0.643639
0.617441 0.587323 0.364467
0.492381 0.564222 0.701101
0.282951 0.448009 0.43924
0.272664 0.540516 0.450191
0.436248 0.401196 0.717336
0.551462 0.624248 0.391319
0.566363 0.424004 0.708712
0.267653 0.483182 0.432671
0.356546 0.411559 0.628837
0.273848 0.454811 0.589456
0.683237 0.405252 0.561045
0.250622 0.47325 0.543249
0.645622 0.501752 0.648242
0.446882 0.450061 0.261497
0.473475 0.394732 0.716933
0.252753 0.478145 0.541394
0.317275 0.469799 0.641242
0.72815 0.421771 0.43681
0.642592 0.613774 0.487275
0.73302 0.486972 0.510234
0.25922 0.454954 0.532576
0.718985 0.382445 0.529643
0.524063 0.594523 0.32206
0.679668 0.417182 0.568855
0.466863 0.465714 0.243894
0.607355 0.418063 0.314868
0.735966 0.410966 0.449916
0.26601 0.445249 0.557024
0.320073 0.571224 0.584503
0.656374 0.407462 0.359168
0.704776 0.472386 0.388538
0.306783 0.529945 0.616559
0.735973 0.475196 0.499619
0.265489 0.457874 0.449255
0.253059 0.504867 0.498129
0.316742 0.436642 0.637785
0.28326 0.470072 0.60173
0.685342 0.412603 0.575032
0.52824 0.44853 0.262573
0.722306 0.400883 0.524101
0.65309 0.608605 0.485126
0.392593 0.410622 0.666997
0.609522 0.41529 0.330593
0.500982 0.410337 0.733074
0.668474 0.595606 0.514728
0.400954 0.585542 0.656667
0.33802 0.418732 0.63698
0.281895 0.54778 0.54931
0.680951 0.410566 0.375469
0.725884 0.4002 0.544812
0.632185 0.415744 0.636255
0.328781 0.445944 0.356824
0.355601 0.43206 0.665524
0.371394 0.495794 0.693743
0.674022 0.59301 0.493515
0.354929 0.613183 0.552233
0.265839 0.458126 0.539887
0.435268 0.485859 0.260261
0.665548 0.411463 0.374401
0.651789 0.443582 0.607099
0.361572 0.447451 0.632664
0.562622 0.589574 0.33354
0.684846 0.430436 0.58606
0.686262 0.423212 0.419016
0.466223 0.482611 0.243354
0.38927 0.42457 0.665519
0.723833 0.464979 0.427396
0.680924 0.419682 0.409317
0.608396 0.425736 0.31298
0.592039 0.423279 0.652535
0.668394 0.599555 0.469735
0.73865 0.41349 0.466729
0.372594 0.415638 0.671049
0.309238 0.595078 0.504911
0.548296 0.503698 0.256756
0.66476 0.411676 0.37204
0.578162 0.407932 0.670693
0.251235 0.472125 0.470073
0.397614 0.636957 0.51342
0.359067 0.516965 0.687212
0.274904 0.485236 0.425515
0.354826 0.419953 0.635172
0.509676 0.468766 0.245944
0.333909 0.421787 0.620703
0.599572 0.42541 0.671662
0.480012 0.405223 0.723043
0.393451 0.633 0.532077
0.339349 0.434348 0.645501
0.357272 0.594638 0.372758
0.625919 0.438249 0.638058
0.701427 0.406087 0.428917
0.402089 0.4842 0.287919
0.267805 0.463702 0.544403
0.626324 0.431163 0.315489
0.380663 0.510522 0.293024
0.543497 0.466301 0.257365
0.255717 0.504449 0.496755
0.322487 0.559013 0.377634
0.688117 0.456468 0.370948
0.615497 0.437139 0.644083
0.616835 0.43401 0.311216
0.691296 0.448387 0.375911
0.701918 0.419861 0.555227
0.627022 0.438235 0.660458
0.616668 0.433343 0.321119
0.68445 0.434667 0.583046
0.655833 0.45322 0.364757
0.737959 0.4548 0.475857
0.420818 0.597915 0.647882
0.444645 0.634897 0.517125
0.637492 0.480942 0.652567
0.270578 0.533227 0.535015
0.64745 0.455525 0.646242
0.365632 0.593015 0.610132
0.255679 0.470011 0.538274
0.343676 0.430611 0.627452
0.623661 0.467895 0.304491
0.492756 0.559519 0.281156
0.367155 0.467317 0.315611
0.64137 0.432887 0.327824
0.688466 0.486338 0.583791
0.387909 0.436256 0.688534
0.352393 0.45643 0.335074
0.259145 0.507481 0.509594
0.339692 0.621743 0.464001
0.435198 0.636408 0.402439
0.717923 0.406535 0.445822
0.641344 0.440001 0.341857
0.72477 0.423736 0.526481
0.308154 0.467696 0.625985
0.579239 0.437466 0.664514
0.582056 0.517766 0.279508
0.699796 0.514015 0.393751
0.257681 0.477899 0.530949
0.733476 0.45185 0.51943
0.681121 0.520847 0.596033
0.722122 0.41516 0.543125
0.372005 0.45947 0.326269
0.679448 0.443187 0.574049
0.49481 0.632851 0.513417
0.710193 0.54462 0.530463
0.601859 0.593756 0.366897
0.490683 0.498713 0.251643
0.504529 0.531212 0.261389
0.479415 0.461299 0.737959
0.615258 0.447061 0.3032
0.590969 0.430147 0.66661
0.363745 0.46119 0.335752
0.680549 0.465266 0.366815
0.385485 0.47144 0.320059
0.561617 0.42249 0.700329
0.704036 0.450878 0.567658
0.383405 0.457896 0.66017
0.278316 0.538972 0.545413
0.632033 0.578406 0.370289
0.596507 0.61692 0.41302
0.636293 0.567063 0.362114
0.664147 0.438378 0.357245
0.609564 0.559172 0.652593
0.262203 0.51458 0.507416
0.72712 0.428123 0.526778
0.371468 0.543563 0.673422
0.374415 0.473391 0.31688
0.409909 0.626056 0.564354
0.725345 0.43714 0.52571
0.318389 0.507221 0.353935
0.716452 0.5306 0.536186
0.35799 0.449926 0.638725
0.729548 0.425008 0.501045
0.361406 0.43959 0.64627
0.321231 0.52481 0.35467
0.304185 0.454688 0.613463
0.66853 0.451923 0.358357
0.364125 0.448097 0.642497
0.349692 0.502676 0.672419
0.613591 0.457227 0.669348
0.433837 0.633852 0.528842
0.69957 0.531314 0.563683
0.6532 0.456896 0.613288
0.480286 0.539157 0.714569
0.592494 0.439656 0.663238
0.462703 0.591104 0.673385
0.683841 0.45518 0.569765
0.310467 0.494074 0.377558
0.451096 0.508728 0.262001
0.323194 0.455591 0.613319
0.394977 0.48302 0.309013
0.509561 0.438583 0.721475
0.482103 0.631737 0.395187
0.358252 0.610694 0.556475
0.281339 0.551043 0.524515
0.631516 0.602379 0.414968
0.320076 0.530071 0.626381
0.367121 0.442239 0.64738
0.723699 0.439838 0.541915
0.380842 0.501232 0.318254
0.71663 0.445358 0.545426
0.590039 0.455191 0.657037
0.382259 0.498145 0.304437
0.730529 0.438144 0.481583
0.727677 0.448393 0.527489
0.580146 0.506042 0.69155
0.29731 0.577717 0.516794
0.33533 0.495903 0.351466
0.55522 0.613273 0.376046
0.663042 0.477663 0.37083
0.319483 0.544169 0.606632
0.271214 0.504387 0.515681
0.700771 0.479632 0.550169
0.474735 0.49858 0.729257
0.377795 0.465546 0.686847
0.457412 0.631982 0.522711
0.433653 0.502994 0.276896
0.468529 0.596576 0.318204
0.490763 0.438795 0.726963
0.277008 0.544779 0.510294
0.628127 0.451797 0.317167
0.704398 0.501644 0.40574
0.647297 0.474585 0.612039
0.697428 0.45987 0.559456
0.495942 0.631496 0.504303
0.693155 0.463418 0.398484
0.723637 0.519459 0.463305
0.405702 0.464425 0.706042
0.660053 0.463801 0.361054
0.317639 0.473192 0.597299
0.579241 0.567115 0.662624
0.476527 0.557182 0.701189
0.282293 0.521369 0.423164
0.625884 0.495747 0.316469
0.402026 0.563793 0.310475
0.296045 0.482037 0.597618
0.689522 0.463659 0.570275
0.328698 0.595366 0.420229
0.392677 0.528507 0.295835
0.498737 0.632557 0.446394
0.723642 0.480318 0.531838
0.268212 0.521705 0.465719
0.6122 0.516464 0.308751
0.275525 0.523425 0.445186
0.294956 0.542173 0.414016
0.698033 0.508969 0.398802
0.415956 0.45818 0.697936
0.667768 0.48021 0.371224
0.30745 0.53132 0.380472
0.712148 0.51318 0.549829
0.399417 0.462736 0.690555
0.334911 0.50929 0.346453
0.345678 0.572298 0.61035
0.35467 0.461553 0.652401
0.360944 0.513719 0.644402
0.655301 0.47872 0.360097
0.701025 0.489069 0.40206
0.375881 0.484379 0.6569
0.651972 0.491729 0.362436
0.705718 0.466555 0.421074
0.486507 0.459391 0.730274
0.64431 0.547932 0.627308
0.402816 0.470047 0.703133
0.307369 0.471335 0.607962
0.437921 0.447219 0.718987
0.581818 0.473847 0.28974
0.353819 0.501115 0.639693
0.42481 0.46553 0.698824
0.638692 0.491432 0.615784
0.352039 0.601841 0.565138
0.674504 0.488005 0.594877
0.30577 0.546778 0.401752
0.661987 0.48037 0.598909
0.642729 0.595106 0.568769
0.416071 0.557104 0.302654
0.282357 0.530322 0.453033
0.706969 0.527294 0.551676
0.492037 0.472408 0.727702
0.367864 0.517746 0.322497
0.277095 0.513081 0.537943
0.632527 0.48632 0.32844
0.592945 0.626116 0.476285
0.406618 0.636939 0.419378
0.641855 0.474831 0.638286
0.383808 0.524021 0.690871
0.278541 0.530879 0.539525
0.424561 0.475542 0.697519
0.653536 0.523762 0.629714
0.379446 0.533435 0.309451
0.727635 0.476367 0.464915
0.498253 0.478209 0.715242
0.578059 0.517336 0.690762
0.726284 0.479996 0.483985
0.466269 0.616492 0.622992
0.689608 0.50132 0.402727
0.641695 0.466839 0.635274
0.492316 0.623087 0.377019
0.522058 0.541865 0.278483
0.693613 0.498243 0.396777
0.721277 0.483379 0.518191
0.686264 0.502786 0.579834
0.47356 0.632959 0.417078
0.448501 0.584063 0.310579
0.285463 0.541183 0.437982
0.722434 0.49163 0.527384
0.666347 0.48121 0.597582
0.385003 0.632992 0.430477
0.317167 0.554705 0.393642
0.493098 0.495078 0.709073
0.531708 0.483732 0.705846
0.559744 0.474839 0.698083
0.513617 0.560839 0.694308
0.686651 0.546094 0.561233
0.508259 0.630491 0.458428
0.306504 0.501251 0.603123
0.494519 0.553892 0.285635
0.71296 0.493277 0.442288
0.561918 0.470243 0.694133
0.573032 0.46598 0.679155
0.361129 0.482532 0.65626
0.358638 0.606333 0.394761
0.281204 0.539882 0.458626
0.505683 0.477526 0.718063
0.331753 0.522017 0.3608
0.583946 0.505627 0.654264
0.305608 0.495384 0.574679
0.654727 0.504082 0.595888
0.527661 0.62158 0.384748
0.297342 0.502081 0.586183
0.341043 0.550356 0.358077
0.388185 0.524025 0.309349
0.581523 0.469209 0.667404
0.343641 0.536106 0.346364
0.467977 0.467038 0.725064
0.465838 0.629327 0.459042
0.535106 0.527248 0.713065
0.402829 0.516334 0.668182
0.516757 0.611343 0.359429
0.704147 0.506358 0.442276
0.305518 0.564153 0.424252
0.468249 0.49092 0.726811
0.294636 0.503158 0.580857
0.511622 0.608887 0.353035
0.292392 0.528609 0.564722
0.321502 0.498368 0.605319
0.661436 0.529199 0.384828
0.618727 0.508081 0.655791
0.297051 0.527901 0.541613
0.674331 0.556604 0.56765
0.382664 0.496956 0.674152
0.663467 0.520133 0.36533
0.417041 0.556689 0.679889
0.644276 0.54565 0.387381
0.284321 0.535537 0.481715
0.358591 0.555585 0.346609
0.530533 0.552401 0.293547
0.66508 0.502747 0.592553
0.448681 0.475366 0.715968
0.614134 0.603051 0.577526
0.475765 0.488332 0.723841
0.461518 0.482423 0.716691
0.351893 0.5314 0.342667
0.351612 0.533286 0.342459
0.50227 0.50146 0.719691
0.419033 0.495778 0.686994
0.64094 0.556136 0.619419
0.367955 0.631954 0.461866
0.43431 0.606484 0.628054
0.561541 0.505025 0.284246
0.289768 0.524131 0.544184
0.379572 0.6317 0.493687
0.470717 0.493282 0.724003
0.716742 0.514207 0.48225
0.409618 0.493462 0.68613
0.698959 0.525803 0.420689
0.48867 0.48493 0.718508
0.703675 0.510801 0.444127
0.551418 0.625194 0.539778
0.706171 0.51992 0.532999
0.295108 0.553648 0.531846
0.602618 0.611286 0.560613
0.654453 0.595975 0.522118
0.669737 0.514876 0.588857
0.299381 0.545723 0.434136
0.640243 0.575545 0.598899
0.432923 0.489651 0.701352
0.703321 0.521899 0.514561
0.301222 0.565848 0.531168
0.618942 0.567889 0.627468
0.400854 0.535474 0.315957
0.603237 0.540645 0.658254
0.693122 0.525986 0.430295
0.600868 0.509376 0.666813
0.289706 0.539536 0.49687
0.640945 0.590104 0.410387
0.514568 0.624618 0.396147
0.709825 0.529541 0.498315
0.635652 0.516433 0.345648
0.681229 0.575553 0.462384
0.413183 0.532602 0.307212
0.427154 0.622416 0.568889
0.550185 0.497225 0.702762
0.426752 0.535312 0.695332
0.632259 0.524497 0.615072
0.326918 0.598858 0.512903
0.552958 0.614749 0.590268
0.590811 0.490617 0.669671
0.343794 0.509948 0.64215
0.311252 0.510427 0.594295
0.552513 0.49105 0.698615
0.296055 0.534339 0.557055
0.566561 0.485299 0.686812
0.419243 0.635674 0.457632
0.531171 0.554123 0.69443
0.701897 0.547931 0.49519
0.373495 0.546099 0.340406
0.6063 0.573096 0.629561
0.384198 0.519733 0.675734
0.667406 0.527361 0.581864
0.53055 0.593017 0.336373
0.620538 0.565629 0.625059
0.636466 0.605247 0.507736
0.429371 0.630924 0.453526
0.322316 0.532131 0.605017
0.368553 0.602089 0.571071
0.319235 0.544575 0.418792
0.572346 0.515741 0.30046
0.584685 0.521406 0.656189
0.692382 0.546205 0.441432
0.435281 0.630753 0.411851
0.632022 0.607387 0.462181
0.41976 0.508891 0.684859
0.609376 0.526298 0.337609
0.541752 0.577971 0.667289
0.390943 0.629474 0.498336
0.673402 0.529248 0.571165
0.461344 0.5864 0.669017
0.699772 0.524295 0.512162
0.44256 0.498987 0.705927
0.702165 0.541819 0.492753
0.394938 0.522778 0.681845
0.478732 0.535373 0.288685
0.379286 0.615337 0.395728
0.686855 0.532945 0.555535
0.534908 0.627372 0.485518
0.426371 0.566931 0.313195
0.504989 0.534059 0.70661
0.479733 0.573101 0.304507
0.436627 0.514691 0.685277
0.399943 0.547771 0.331445
0.459668 0.538303 0.290733
0.409351 0.555529 0.335773
0.307556 0.576798 0.507948
0.696909 0.522549 0.468764
0.320636 0.537123 0.573271
0.519855 0.53933 0.68074
0.588833 0.566562 0.644547
0.682815 0.562886 0.52618
0.541352 0.581649 0.660936
0.684293 0.521936 0.496004
0.668328 0.545213 0.420556
0.409911 0.52705 0.673864
0.337834 0.554223 0.601797
0.440786 0.540835 0.667554
0.562208 0.618782 0.411322
0.328498 0.536834 0.580792
0.649015 0.544753 0.373665
0.396836 0.631842 0.458622
0.417454 0.620142 0.566157
0.401035 0.579534 0.644415
0.667349 0.537826 0.549329
0.527172 0.526025 0.695318
0.493118 0.622443 0.393969
0.670483 0.542672 0.573979
0.430037 0.6282 0.451326
0.489084 0.581402 0.672566
0.642209 0.554536 0.372386
0.620997 0.529759 0.34265
0.602669 0.551113 0.646246
0.59746 0.591697 0.607736
0.656256 0.542556 0.597878
0.599644 0.52608 0.322902
0.599478 0.526156 0.326638
0.571175 0.529657 0.30285
0.549322 0.533592 0.303241
0.330062 0.564481 0.39878
0.409559 0.527193 0.673694
0.430334 0.555826 0.654045
0.592576 0.58875 0.36639
0.626317 0.544692 0.626123
0.338365 0.570528 0.578797
0.599893 0.543673 0.649202
0.556411 0.585147 0.643479
0.680947 0.540673 0.535125
0.552846 0.53916 0.316211
0.633633 0.548564 0.364482
0.551724 0.542779 0.684525
0.451668 0.621079 0.568913
0.587763 0.564747 0.33803
0.512413 0.552288 0.311859
0.454121 0.620682 0.450926
0.586125 0.556582 0.330947
0.619013 0.557871 0.588351
0.48276 0.570951 0.678639
0.6132 0.539681 0.3495
0.334538 0.550358 0.572665
0.556947 0.53694 0.315502
0.434121 0.55947 0.31093
0.562808 0.52309 0.683737
0.588334 0.523503 0.661645
0.498816 0.562572 0.683534
0.435807 0.569227 0.58777
0.43521 0.623899 0.545413
0.417864 0.565558 0.323576
0.353499 0.558892 0.382733
0.380163 0.611233 0.553807
0.401686 0.579862 0.599064
0.423483 0.560308 0.333676
0.303569 0.557558 0.456557
0.619692 0.544752 0.360196
0.353328 0.564435 0.397329
0.310211 0.570515 0.523401
0.35223 0.540712 0.618596
0.32755 0.566923 0.559641
0.587243 0.608852 0.409323
0.430379 0.564692 0.332914
0.371789 0.59213 0.588798
0.379621 0.581688 0.617754
0.528277 0.603738 0.625871
0.439875 0.58541 0.330702
0.391422 0.560937 0.633778
0.666065 0.574014 0.446747
0.372668 0.578062 0.615259
0.389979 0.559508 0.647201
0.630424 0.602514 0.514757
0.487708 0.589424 0.657266
0.521339 0.553327 0.676232
0.395879 0.573395 0.372248
0.562821 0.557448 0.578627
0.30823 0.57121 0.48692
0.652712 0.580644 0.553056
0.607411 0.60112 0.407095
0.416505 0.566616 0.336792
0.366901 0.563757 0.599692
0.561148 0.544234 0.333186
0.317089 0.566994 0.518221
0.487731 0.55006 0.678315
0.669478 0.540469 0.518389
0.474025 0.543877 0.67567
0.331955 0.562381 0.570324
0.562231 0.621894 0.495582
0.305743 0.561517 0.47997
0.517022 0.599691 0.636318
0.688836 0.542613 0.456684
0.50308 0.622071 0.550539
0.579942 0.611731 0.41315
0.644758 0.54788 0.586714
0.603813 0.549517 0.637945
0.516159 0.622574 0.417235
0.363343 0.580739 0.383432
0.583014 0.612687 0.439375
0.576713 0.61148 0.419698
0.409248 0.609594 0.584711
0.64682 0.587415 0.538738
0.498758 0.610559 0.606911
0.63337 0.563277 0.594827
0.557679 0.606571 0.597125
0.664063 0.577022 0.50557
0.669398 0.56847 0.522969
0.437183 0.566342 0.583451
0.565946 0.560419 0.645196
0.407283 0.625065 0.488756
0.630417 0.601261 0.471184
0.478824 0.561616 0.674137
0.628569 0.559858 0.42972
0.591249 0.553491 0.358703
0.604088 0.568465 0.359727
0.480866 0.558762 0.673235
0.593956 0.552443 0.345503
0.640023 0.596039 0.489621
0.614358 0.572618 0.371321
0.463502 0.584472 0.326445
0.489224 0.566292 0.323307
0.651627 0.56084 0.427794
0.425797 0.62204 0.44388
0.615723 0.555052 0.435635
0.438759 0.570843 0.637875
0.67044 0.558642 0.442628
0.667593 0.539616 0.508067
0.564842 0.61992 0.507581
0.620383 0.561141 0.594607
0.535695 0.617626 0.564786
0.626312 0.602492 0.46658
0.460025 0.567621 0.324951
0.40555 0.582427 0.582653
0.389426 0.57651 0.616266
0.588138 0.613705 0.469485
0.363071 0.577268 0.588684
0.440811 0.616385 0.568718
0.414146 0.623078 0.512126
0.476798 0.61345 0.591727
0.364729 0.609354 0.427299
0.336912 0.568042 0.474331
0.641573 0.568693 0.572516
0.471448 0.612341 0.458835
0.648374 0.565611 0.429039
0.657319 0.571536 0.441068
0.403732 0.601249 0.37653
0.55434 0.551647 0.577217
0.622361 0.578268 0.58621
0.647409 0.553353 0.457165
0.501917 0.617116 0.567647
0.594598 0.586674 0.602358
0.331529 0.581247 0.510238
0.429105 0.58522 0.346603
0.49336 0.592157 0.342642
0.657703 0.58156 0.463093
0.585627 0.573375 0.624364
0.470618 0.605623 0.360467
0.642827 0.563683 0.57344
0.480071 0.603245 0.6219
0.661711 0.574937 0.509342
0.58113 0.608185 0.421764
0.564638 0.559848 0.334367
0.450552 0.618427 0.416682
0.456575 0.570235 0.665494
0.442923 0.575449 0.337768
0.469203 0.556913 0.666991
0.548761 0.559318 0.331923
0.676948 0.54462 0.478922
0.510979 0.615998 0.45561
0.333709 0.589677 0.480315
0.595429 0.6093 0.500532
0.509802 0.544846 0.637099
0.458232 0.618317 0.547168
0.665763 0.559227 0.502069
0.460188 0.609931 0.593381
0.545525 0.587368 0.629315
0.481377 0.613898 0.414599
0.57714 0.576596 0.605228
0.332282 0.576895 0.462678
0.594045 0.60447 0.439049
0.658215 0.564457 0.533702
0.43668 0.581236 0.613906
0.340966 0.581026 0.49332
0.34708 0.588242 0.529167
0.653259 0.544525 0.478458
0.341707 0.592723 0.448466
0.565526 0.603399 0.397076
0.599357 0.566126 0.379057
0.628521 0.576385 0.413015
0.439441 0.577554 0.640941
0.660423 0.569147 0.515186
0.336523 0.576454 0.478264
0.458021 0.613249 0.429367
0.641866 0.583938 0.446773
0.472419 0.597711 0.352187
0.517995 0.549754 0.639118
0.416445 0.593428 0.612578
0.490937 0.536417 0.64565
0.615067 0.569818 0.408844
0.388268 0.584341 0.416629
0.58691 0.604344 0.424525
0.375742 0.59996 0.404225
0.499159 0.61168 0.584695
0.500601 0.619512 0.523029
0.434985 0.555978 0.426539
0.346591 0.59618 0.459195
0.363639 0.611728 0.468925
0.443426 0.610087 0.454778
0.50709 0.615046 0.501056
0.643664 0.56053 0.46062
0.445817 0.603804 0.597261
0.554583 0.575929 0.623314
0.543756 0.615084 0.542982
0.577953 0.611886 0.533117
0.530712 0.553016 0.630481
0.583115 0.558523 0.416391
0.455039 0.599758 0.366252
0.495924 0.551176 0.643302
0.652398 0.561824 0.511793
0.565895 0.558295 0.376451
0.434076 0.566473 0.401587
0.42516 0.603758 0.5884
0.403689 0.589595 0.586427
0.520596 0.571946 0.344622
0.502678 0.609595 0.4591
0.597009 0.558403 0.42977
0.609751 0.547152 0.457547
0.63555 0.538808 0.519543
0.494228 0.604247 0.60127
0.439181 0.61522 0.492507
0.631804 0.5336 0.503363
0.431875 0.571418 0.377643
0.56454 0.583144 0.361385
0.445491 0.572602 0.595886
0.347129 0.587189 0.456738
0.49215 0.560889 0.345297
0.637826 0.540741 0.516725
0.457814 0.590916 0.35301
0.612853 0.564742 0.56334
0.498057 0.588199 0.632778
0.579144 0.564079 0.56914
0.458976 0.565627 0.605245
0.384487 0.610718 0.487638
0.619504 0.570745 0.559875
0.527159 0.614325 0.513424
0.4917 0.590343 0.359572
0.435669 0.598916 0.593414
0.376173 0.607687 0.491528
0.359008 0.567385 0.478328
0.534111 0.595453 0.609441
0.474454 0.57572 0.642739
0.595926 0.590972 0.410395
0.46198 0.607 0.480845
0.460789 0.614412 0.52951
0.424583 0.563938 0.429348
0.431851 0.581736 0.584514
0.403614 0.587333 0.407917
0.641858 0.550829 0.488656
0.352595 0.582144 0.461416
0.417669 0.607994 0.56229
0.360337 0.565326 0.479979
0.546968 0.606427 0.57388
0.376737 0.565476 0.461798
0.416942 0.612791 0.429976
0.495207 0.552307 0.6385
0.447758 0.589561 0.363602
0.437043 0.51373 0.547809
0.628268 0.536866 0.501381
0.379473 0.601771 0.532622
0.617012 0.558192 0.550985
0.525129 0.577548 0.351411
0.357214 0.597942 0.457544
0.474479 0.582584 0.638012
0.364184 0.602334 0.487216
0.618381 0.59341 0.48323
0.397145 0.590352 0.408103
0.447798 0.606017 0.459839
0.373947 0.596239 0.509023
0.399272 0.608189 0.505106
0.470723 0.565919 0.355259
0.546969 0.611059 0.523051
0.415243 0.534553 0.463207
0.42812 0.594309 0.580128
0.520028 0.5477 0.377508
0.504849 0.604415 0.417578
0.520744 0.546288 0.378251
0.604046 0.530451 0.523078
0.520489 0.603167 0.453515
0.491549 0.558521 0.634276
0.418585 0.607899 0.455799
0.389266 0.602862 0.527307
0.488395 0.608465 0.557149
0.384736 0.586825 0.43374
0.50733 0.526903 0.613775
0.431585 0.538733 0.550243
0.635543 0.551039 0.478518
0.530334 0.607943 0.483387
0.44167 0.602988 0.464088
0.364877 0.568637 0.478207
0.513053 0.547321 0.623014
0.498331 0.565438 0.360073
0.424735 0.601728 0.567355
0.371089 0.553107 0.475407
0.53254 0.539816 0.597518
0.530573 0.54784 0.377599
0.586168 0.603042 0.534725
0.429005 0.525278 0.544218
0.633536 0.567518 0.523441
0.581425 0.568177 0.393306
0.375194 0.538678 0.510742
0.546653 0.571598 0.360143
0.571704 0.599743 0.455503
0.528095 0.482205 0.57877
0.375961 0.593176 0.491781
0.60411 0.586249 0.458495
0.372361 0.575405 0.488189
0.597315 0.593343 0.504188
0.412188 0.547381 0.541539
0.41873 0.583941 0.563442
0.560646 0.561527 0.388284
0.545999 0.60814 0.538135
0.490751 0.599565 0.579967
0.554319 0.596938 0.441937
0.566614 0.566516 0.386693
0.61664 0.543244 0.500768
0.553468 0.597758 0.454404
0.609296 0.515593 0.503427
0.407333 0.594168 0.413055
0.470009 0.55006 0.601995
0.577 0.595007 0.461117
0.508903 0.598101 0.456925
0.575232 0.591195 0.423165
0.459861 0.582304 0.60392
0.374863 0.560062 0.505095
0.466891 0.552973 0.397685
0.513743 0.574884 0.36638
0.513486 0.602309 0.478605
0.524871 0.499484 0.590582
0.524274 0.605135 0.559432
0.479681 0.545593 0.386217
0.371262 0.585129 0.481611
0.459854 0.6036 0.504447
0.440524 0.586391 0.37998
0.41958 0.605291 0.500795
0.374477 0.556414 0.476444
0.398847 0.59723 0.540727
0.401983 0.549182 0.465072
0.575293 0.603154 0.533275
0.543165 0.571895 0.609834
0.382081 0.58891 0.488132
0.469239 0.595967 0.488625
0.423615 0.523828 0.538726
0.3876 0.544947 0.475673
0.526353 0.596769 0.416083
0.42006 0.575525 0.555938
0.601743 0.585435 0.519469
0.558464 0.587749 0.404399
0.609956 0.545693 0.498369
0.608637 0.577556 0.510903
0.598564 0.585408 0.501075
0.469371 0.572934 0.370951
0.608406 0.516414 0.488859
0.595761 0.538616 0.465799
0.445463 0.520262 0.446544
0.49663 0.556531 0.618391
0.599849 0.49763 0.511641
0.386613 0.591241 0.453048
0.614682 0.559689 0.513747
0.566044 0.60047 0.543356
0.608556 0.514944 0.471848
0.506157 0.580646 0.374656
0.422202 0.599761 0.53998
0.604065 0.580627 0.473719
0.534551 0.550649 0.383919
0.405916 0.598706 0.5097
0.413857 0.579232 0.552855
0.581055 0.595274 0.50753
0.407424 0.542075 0.535493
0.513349 0.595602 0.465776
0.456524 0.595544 0.482936
0.533062 0.596385 0.462522
0.417314 0.59922 0.53811
0.539478 0.597108 0.467059
0.609766 0.543317 0.497851
0.585744 0.489988 0.518548
0.453675 0.556132 0.419279
0.473077 0.597731 0.518466
0.51121 0.582067 0.385867
0.391054 0.562035 0.471273
0.406271 0.57153 0.452
0.417116 0.553847 0.542242
0.437866 0.578987 0.400468
0.448304 0.534036 0.442051
0.601625 0.530181 0.509899
0.474695 0.584033 0.457978
0.536017 0.596364 0.562718
0.452991 0.588325 0.470212
0.585347 0.551575 0.458109
0.387958 0.559311 0.519054
0.49271 0.550261 0.611986
0.496319 0.486899 0.606419
0.547921 0.589401 0.458209
0.438315 0.550284 0.554212
0.525135 0.570851 0.380845
0.416902 0.589474 0.541796
0.531468 0.563884 0.600512
0.507625 0.589979 0.434548
0.524287 0.59147 0.428731
0.591351 0.581474 0.503246
0.555034 0.600372 0.532208
0.478108 0.516241 0.600449
0.613469 0.495827 0.476906
0.480529 0.503848 0.604458
0.600866 0.566518 0.535818
0.396709 0.502077 0.478781
0.406973 0.554257 0.537377
0.393822 0.505943 0.509408
0.452938 0.473481 0.557802
0.505406 0.561811 0.383408
0.507093 0.593742 0.568038
0.483857 0.585231 0.451759
0.404223 0.57545 0.53014
0.47668 0.591779 0.547083
0.600203 0.510886 0.492123
0.395253 0.572615 0.469295
0.542651 0.569766 0.392761
0.422089 0.51228 0.533278
0.544619 0.592167 0.556205
0.505817 0.546926 0.599852
0.582608 0.497468 0.517427
0.394605 0.510654 0.483566
0.493339 0.530307 0.603341
0.49002 0.568942 0.59579
0.539345 0.546363 0.57501
0.439721 0.583249 0.413804
0.570499 0.575045 0.552146
0.500936 0.538641 0.398162
0.482938 0.507517 0.399939
0.394302 0.528349 0.488766
0.445321 0.585531 0.550052
0.565374 0.579786 0.555923
0.477428 0.586488 0.488594
0.514615 0.590611 0.488094
0.537589 0.420217 0.559646
0.582583 0.581259 0.536924
0.531971 0.579594 0.397347
0.422449 0.586721 0.461359
0.587687 0.565147 0.536474
0.582489 0.575598 0.479225
0.540305 0.593852 0.502969
0.492192 0.507495 0.402737
0.542049 0.538387 0.421295
0.492156 0.511846 0.603759
0.598753 0.553161 0.471861
0.472758 0.58544 0.569012
0.457245 0.490112 0.432711
0.551402 0.407131 0.54688
0.407796 0.568768 0.5228
0.532363 0.549813 0.400483
0.583198 0.556082 0.466954
0.538526 0.573146 0.573728
0.510853 0.506 0.413149
0.426881 0.469088 0.53098
0.547947 0.580084 0.55873
0.509912 0.519705 0.410287
0.575401 0.551475 0.461013
0.467071 0.588664 0.518359
0.507228 0.582149 0.561616
0.449607 0.540425 0.442575
0.49537 0.535327 0.596821
0.421466 0.564192 0.4537
0.525273 0.58372 0.478442
0.443941 0.403635 0.558777
0.582099 0.527987 0.521146
0.468697 0.57316 0.402946
0.540325 0.574434 0.412349
0.521656 0.579256 0.454213
0.442617 0.586549 0.526985
0.428651 0.551469 0.541466
0.484184 0.513325 0.404036
0.445924 0.575429 0.457379
0.469214 0.575005 0.441842
0.496315 0.50424 0.408985
0.525058 0.57621 0.408723
0.403349 0.457541 0.502129
0.571422 0.38402 0.440765
0.400794 0.531818 0.51311
0.427149 0.394157 0.437521
0.505636 0.523626 0.408251
0.596938 0.47665 0.475814
0.519265 0.578551 0.430063
0.534845 0.593212 0.53304
0.488076 0.525515 0.599341
0.419162 0.55865 0.465657
0.538742 0.560488 0.416208
0.45182 0.573918 0.49345
0.537838 0.552096 0.568465
0.474877 0.43471 0.603001
0.58483 0.424123 0.521884
0.408472 0.550674 0.475195
0.445119 0.467246 0.546033
0.58258 0.551606 0.487997
0.591771 0.44448 0.496353
0.488513 0.472948 0.603727
0.415074 0.566084 0.493762
0.466133 0.578265 0.502341
0.46581 0.573967 0.552677
0.600585 0.476219 0.482681
0.431581 0.412181 0.437699
0.516825 0.571042 0.460053
0.453019 0.574365 0.542537
0.479749 0.560441 0.580731
0.40503 0.541613 0.489535
0.598493 0.437728 0.483678
0.469572 0.421307 0.595725
0.53889 0.577487 0.553869
0.446177 0.572503 0.490279
0.483128 0.500497 0.596857
0.510858 0.572942 0.477996
0.477499 0.582695 0.534073
0.498627 0.416048 0.601126
0.526553 0.51258 0.575817
0.509665 0.572025 0.476406
0.548176 0.567793 0.453646
0.600158 0.465294 0.483882
0.56821 0.56271 0.500232
0.492647 0.470152 0.6015
0.474012 0.492036 0.58455
0.581245 0.54595 0.496464
0.435741 0.537072 0.462255
0.47125 0.37415 0.602808
0.453342 0.367039 0.582142
0.577047 0.507648 0.513888
0.45493 0.567682 0.538029
0.564223 0.444362 0.529627
0.42911 0.560081 0.473167
0.43478 0.548815 0.461509
0.5253 0.536331 0.422057
0.528491 0.545176 0.421859
0.507566 0.57759 0.518786
0.509049 0.478005 0.420599
0.550017 0.571667 0.534253
0.433372 0.520172 0.536076
0.519998 0.559095 0.567902
0.436408 0.532029 0.538675
0.524713 0.549671 0.574691
0.549246 0.553757 0.457417
0.440649 0.48827 0.539559
0.561217 0.547716 0.535121
0.542776 0.57158 0.507515
0.452883 0.563698 0.495993
0.505172 0.502765 0.585641
0.487802 0.451991 0.605587
0.571763 0.516002 0.47001
0.440755 0.514084 0.54117
0.574471 0.51071 0.516993
0.590901 0.465363 0.491947
0.492907 0.545708 0.577287
0.559911 0.55927 0.535028
0.419152 0.530089 0.4745
0.438848 0.564376 0.510888
0.592147 0.432554 0.488895
0.526321 0.459611 0.428266
0.4589 0.538002 0.442924
0.550361 0.560191 0.471126
0.451945 0.521396 0.547457
0.46553 0.486684 0.427357
0.509124 0.550403 0.458818
0.585741 0.45403 0.514339
0.561635 0.539989 0.522295
0.545274 0.444814 0.540804
0.514845 0.474139 0.578235
0.504654 0.473407 0.421842
0.530974 0.552688 0.46369
0.472631 0.450949 0.407033
0.485884 0.53603 0.573778
0.541 0.550725 0.482421
0.519212 0.552063 0.472088
0.443783 0.545902 0.472104
0.588219 0.420221 0.500095
0.461579 0.468291 0.563207
0.462974 0.544679 0.485006
0.526726 0.530078 0.56939
0.549741 0.546911 0.489943
0.473669 0.557339 0.55045
0.490043 0.548359 0.437254
0.472218 0.561616 0.540495
0.578939 0.49502 0.496242
0.479534 0.490791 0.4128
0.557519 0.51819 0.53024
0.425913 0.512114 0.472913
0.535284 0.542305 0.450076
0.497696 0.506711 0.580814
0.446347 0.557902 0.527953
0.436774 0.546118 0.495444
0.567019 0.530633 0.49855
0.51475 0.513712 0.577814
0.560318 0.531389 0.528777
0.538788 0.565422 0.541483
0.555291 0.542824 0.491298
0.475253 0.482657 0.5834
0.42936 0.511232 0.490931
0.458219 0.509422 0.449556
0.413008 0.416143 0.504191
0.594405 0.384518 0.513101
0.469504 0.548796 0.516017
0.533519 0.435118 0.554548
0.420997 0.482327 0.494261
0.450325 0.435467 0.552702
0.530847 0.548442 0.499868
0.546693 0.369849 0.56053
0.466685 0.338652 0.598702
0.545129 0.525217 0.538792
0.491689 0.460225 0.41677
0.491105 0.493192 0.579584
0.463698 0.534343 0.492255
0.459407 0.358273 0.588951
0.421155 0.36066 0.434489
0.523661 0.539419 0.479007
0.49128 0.392365 0.400268
0.567465 0.476279 0.520241
0.461858 0.422614 0.573413
0.488799 0.467963 0.590488
0.456955 0.521613 0.455581
0.472767 0.535799 0.450576
0.546929 0.536242 0.480629
0.426299 0.51896 0.515532
0.510194 0.559166 0.538505
0.407383 0.412056 0.472808
0.410369 0.413739 0.495447
0.529752 0.539703 0.46542
0.504788 0.526287 0.566647
0.428695 0.403263 0.44229
0.505033 0.367891 0.596961
0.503083 0.536867 0.469536
0.481202 0.54678 0.547404
0.535117 0.539668 0.493545
0.431145 0.496781 0.483836
0.519249 0.377753 0.589668
0.532038 0.4371 0.4296
0.431217 0.491879 0.521821
0.476037 0.518479 0.472296
0.52367 0.419295 0.570758
0.443894 0.514957 0.501059
0.452912 0.507869 0.462031
0.494507 0.521946 0.455139
0.509558 0.542935 0.513539
0.482318 0.539075 0.538644
0.455799 0.515264 0.473253
0.557008 0.45003 0.456652
0.471692 0.445099 0.581363
0.577825 0.317052 0.551144
0.459689 0.528061 0.537884
0.42741 0.484627 0.497488
0.461485 0.439885 0.565452
0.465373 0.392116 0.408486
0.495859 0.451831 0.419293
0.543915 0.462073 0.451419
0.498668 0.520241 0.491887
0.424145 0.481483 0.486159
0.484105 0.540454 0.536903
0.469679 0.537472 0.520168
0.513096 0.364194 0.595917
0.418415 0.415915 0.516216
0.489848 0.534558 0.545149
0.531305 0.529311 0.499048
0.580596 0.436897 0.495054
0.591847 0.387146 0.509396
0.463402 0.515992 0.477593
0.529744 0.379931 0.576279
0.586191 0.413148 0.483152
0.485268 0.406301 0.599796
0.511055 0.522221 0.474369
0.458026 0.353059 0.585136
0.528685 0.408546 0.418468
0.457077 0.495999 0.481765
0.444234 0.494494 0.52765
0.587369 0.399342 0.47208
0.516618 0.399382 0.581701
0.511565 0.42587 0.417241
0.516983 0.401669 0.4102
0.497324 0.498015 0.487838
0.441403 0.487297 0.494534
0.471656 0.438784 0.578847
0.469723 0.524193 0.532715
0.532466 0.457786 0.545887
0.477449 0.498696 0.485175
0.480507 0.504771 0.556154
0.472551 0.481019 0.563571
0.538336 0.458069 0.447118
0.424134 0.453992 0.489907
0.577989 0.428167 0.50409
0.431884 0.406366 0.443772
0.506053 0.489773 0.557797
0.510442 0.538026 0.528644
0.48924 0.362616 0.397722
0.487885 0.482061 0.569798
0.467318 0.487574 0.442039
0.535626 0.500859 0.488161
0.565486 0.451966 0.465745
0.588437 0.320353 0.442851
0.492908 0.501104 0.474025
0.476531 0.503209 0.462437
0.509531 0.342854 0.598331
0.53835 0.523122 0.51797
0.517097 0.510239 0.462984
0.542807 0.392183 0.423891
0.592427 0.353239 0.465075
0.444584 0.397167 0.553428
0.442499 0.479433 0.507425
0.528605 0.456583 0.441161
0.533223 0.506145 0.53036
0.457517 0.486257 0.534327
0.49084 0.481603 0.447179
0.509561 0.374729 0.58865
0.423959 0.427583 0.507728
0.450849 0.40695 0.555162
0.499893 0.516948 0.52315
0.557416 0.474665 0.48472
0.425114 0.34914 0.428051
0.477284 0.347411 0.393568
0.526457 0.508997 0.508161
0.494036 0.37394 0.590212
0.5312 0.513409 0.519133
0.472789 0.399291 0.586102
0.49715 0.490145 0.547454
0.426388 0.2895 0.590222
0.508107 0.48555 0.454619
0.509583 0.466826 0.43717
0.465842 0.488406 0.496413
0.511874 0.469016 0.553893
0.543807 0.48864 0.519905
0.479849 0.361746 0.594259
0.462338 0.481846 0.541352
0.529245 0.463867 0.543693
0.53303 0.513202 0.523978
0.500646 0.499125 0.502274
0.466343 0.476832 0.446145
0.554071 0.400268 0.437065
0.478488 0.485478 0.45604
0.455676 0.417692 0.557639
0.494409 0.498937 0.504074
0.526783 0.512406 0.536243
0.508369 0.499547 0.501031
0.510619 0.480508 0.487931
0.443857 0.438417 0.45027
0.535411 0.46429 0.458883
0.452675 0.332215 0.401525
0.467511 0.471717 0.54212
0.410009 0.337988 0.447788
0.503282 0.346178 0.592588
0.494319 0.454967 0.434851
0.51025 0.494771 0.532061
0.500259 0.453318 0.556477
0.483127 0.466634 0.452027
0.578642 0.402049 0.468709
0.484316 0.465046 0.476357
0.508792 0.468949 0.459915
0.529702 0.471528 0.493632
0.412995 0.376953 0.487089
0.466731 0.310212 0.594522
0.433701 0.449291 0.48349
0.405108 0.335463 0.493795
0.475526 0.452521 0.565385
0.4421 0.435481 0.450646
0.5917 0.302055 0.449431
0.507848 0.325358 0.597705
0.42039 0.420483 0.47663
0.47898 0.407903 0.412094
0.432674 0.451555 0.477564
0.538577 0.465342 0.462198
0.502216 0.414975 0.418074
0.426199 0.317479 0.567746
0.426647 0.340051 0.422947
0.475888 0.410436 0.582454
0.424651 0.420634 0.498256
0.501998 0.413726 0.417626
0.4773 0.453329 0.566851
0.507581 0.464109 0.472016
0.453144 0.433107 0.544214
0.422507 0.274844 0.593488
0.44772 0.394834 0.431772
0.466285 0.319247 0.394015
0.585757 0.343829 0.488781
0.485548 0.464578 0.532764
0.427861 0.327834 0.560659
0.497451 0.31968 0.595084
0.515658 0.451958 0.451182
0.520536 0.339633 0.403448
0.47647 0.464472 0.507846
0.430408 0.351256 0.550747
0.427257 0.305661 0.575928
0.552689 0.320296 0.572476
0.583302 0.364165 0.471362
0.499421 0.458161 0.498922
0.517561 0.368491 0.582324
0.483683 0.454729 0.548081
0.470418 0.435978 0.558946
0.493167 0.349265 0.401747
0.415519 0.339422 0.536405
0.564476 0.417003 0.490038
0.53645 0.445053 0.475308
0.546603 0.440789 0.499806
0.401504 0.316713 0.488895
0.491557 0.459091 0.504353
0.534557 0.460321 0.509684
0.474302 0.467522 0.512514
0.407177 0.322415 0.44496
0.497513 0.447772 0.472593
0.525495 0.295402 0.600509
0.499014 0.400687 0.416551
0.503462 0.453158 0.491935
0.563225 0.430019 0.479724
0.496536 0.451087 0.54596
0.583046 0.35882 0.484367
0.44596 0.327208 0.404625
0.570014 0.334025 0.543934
0.448225 0.432477 0.527377
0.467547 0.373152 0.41417
0.488271 0.42955 0.550475
0.490029 0.443725 0.532845
0.508627 0.402345 0.561603
0.492543 0.30037 0.595769
0.412114 0.333187 0.531728
0.445908 0.37708 0.552968
0.477451 0.442539 0.543579
0.524083 0.431922 0.537854
0.572025 0.332682 0.439832
0.583429 0.34496 0.469914
0.544764 0.306802 0.405583
0.511363 0.331466 0.403276
0.419229 0.362096 0.526566
0.482171 0.40798 0.572372
0.582441 0.349249 0.487032
0.493727 0.448536 0.516964
0.542139 0.421916 0.478911
0.483162 0.441479 0.499022
0.482003 0.324913 0.395708
0.553431 0.414773 0.51876
0.47311 0.417547 0.425031
0.487712 0.444541 0.530875
0.525236 0.423638 0.435038
0.471212 0.311998 0.590541
0.567975 0.392589 0.504554
0.594625 0.288761 0.530469
0.497578 0.390472 0.572023
0.581396 0.284563 0.560323
0.459391 0.433806 0.537797
0.458692 0.452017 0.517384
0.468736 0.325875 0.397043
0.544865 0.346537 0.420908
0.544881 0.427244 0.466975
0.490877 0.433972 0.482269
0.436521 0.410426 0.472377
0.464397 0.405919 0.432797
0.563146 0.31729 0.42449
0.49455 0.425441 0.533837
0.44254 0.398958 0.533734
0.487142 0.283729 0.596262
0.49917 0.417423 0.46376
0.512523 0.439125 0.524302
0.470525 0.347069 0.578977
0.471821 0.434424 0.527079
0.543068 0.407688 0.465409
0.593641 0.297935 0.515726
0.530208 0.420177 0.529663
0.548422 0.406617 0.501023
0.48866 0.427529 0.514804
0.476447 0.337013 0.583159
0.508356 0.339012 0.408078
0.483283 0.402087 0.423427
0.482246 0.28921 0.594252
0.580009 0.344562 0.500643
0.436255 0.401336 0.525217
0.548317 0.337276 0.561569
0.515172 0.39789 0.55501
0.482581 0.398158 0.566002
0.511562 0.418778 0.538379
0.476502 0.425858 0.474992
0.524343 0.350837 0.412784
0.503936 0.407505 0.428369
0.475391 0.425741 0.540357
0.489768 0.425206 0.533497
0.571236 0.273491 0.405624
0.508183 0.372555 0.573824
0.427333 0.393535 0.473339
0.521837 0.428389 0.530491
0.475365 0.432453 0.515064
0.56188 0.27645 0.586219
0.447096 0.277122 0.594661
0.478857 0.414704 0.522342
0.503789 0.401624 0.459203
0.526395 0.405567 0.495456
0.434755 0.390393 0.480698
0.486404 0.271162 0.597544
0.564648 0.374417 0.47226
0.586806 0.306824 0.526087
0.584877 0.254682 0.409819
0.482489 0.339706 0.407044
0.489052 0.406084 0.44984
0.564328 0.304919 0.420674
0.522814 0.390326 0.473901
0.417546 0.346972 0.501457
0.410811 0.29451 0.553568
0.509892 0.400735 0.436826
0.492345 0.413884 0.520005
0.490503 0.331066 0.406165
0.496987 0.373324 0.566063
0.448863 0.341423 0.417082
0.418469 0.339757 0.530174
0.403964 0.309075 0.51138
0.540153 0.362492 0.551244
0.515749 0.393206 0.471215
0.562429 0.328794 0.433621
0.489846 0.406021 0.451643
0.584725 0.309671 0.462174
0.462029 0.407454 0.452664
0.430228 0.317566 0.561737
0.594326 0.281498 0.507011
0.471797 0.411186 0.467008
0.47079 0.335946 0.578368
0.559268 0.382056 0.511689
0.536544 0.403078 0.501564
0.43697 0.392728 0.489705
0.530219 0.413534 0.512633
0.444074 0.307719 0.576336
0.581161 0.321624 0.491792
0.464649 0.385018 0.542146
0.558412 0.367517 0.48734
0.450652 0.360987 0.43017
0.476047 0.277047 0.392747
0.586957 0.305411 0.485773
0.417403 0.292885 0.417443
0.540429 0.370793 0.539153
0.414245 0.328471 0.521868
0.508125 0.295161 0.591357
0.47975 0.39668 0.523166
0.594014 0.281876 0.492091
0.576902 0.330257 0.511915
0.533063 0.378522 0.459469
0.51728 0.283714 0.595255
0.500611 0.303923 0.404474
0.595184 0.268863 0.510996
0.463685 0.356644 0.562436
0.573682 0.347239 0.481519
0.537915 0.283265 0.592103
0.44177 0.375401 0.451088
0.525858 0.274711 0.396211
0.512057 0.36601 0.563165
0.492751 0.389959 0.473074
0.598387 0.258163 0.515987
0.485271 0.393149 0.456688
0.523304 0.398022 0.527048
0.537511 0.361135 0.54949
0.447888 0.368045 0.544288
0.540732 0.374719 0.456051
0.514028 0.379131 0.429998
0.397596 0.268692 0.504353
0.427104 0.366806 0.511887
0.437064 0.383005 0.520443
0.516685 0.385299 0.491695
0.437914 0.363375 0.457615
0.487916 0.365643 0.427963
0.505439 0.323649 0.577743
0.580609 0.316026 0.478892
0.526011 0.281769 0.592638
0.47512 0.270607 0.394645
0.507713 0.302954 0.584884
0.539885 0.374449 0.510354
0.519244 0.363972 0.465073
0.430002 0.353304 0.484296
0.594623 0.274381 0.485028
0.550237 0.322013 0.559806
0.478771 0.361669 0.55459
0.498276 0.328066 0.415009
0.597904 0.234644 0.577863
0.540849 0.373928 0.510348
0.59104 0.259516 0.552396
0.501964 0.374684 0.502218
0.475502 0.380095 0.44859
0.400351 0.266809 0.519053
0.545768 0.363043 0.490991
0.461394 0.380082 0.509986
0.46331 0.379957 0.498406
0.530861 0.328664 0.418861
0.414362 0.280974 0.416818
0.505023 0.376332 0.50707
0.412873 0.271638 0.571951
0.500582 0.37207 0.53817
0.517456 0.318279 0.581377
0.592318 0.27343 0.455429
0.48382 0.294751 0.586793
0.490225 0.370807 0.43323
0.474388 0.379699 0.447486
0.518785 0.298838 0.405605
0.510446 0.38067 0.515388
0.406956 0.274007 0.554008
0.442456 0.298149 0.574593
0.502036 0.366151 0.522041
0.453239 0.325923 0.420125
0.41673 0.3078 0.441226
0.534555 0.36019 0.50721
0.473557 0.264939 0.396566
0.588746 0.244464 0.576089
0.415628 0.312077 0.515506
0.455164 0.36287 0.48983
0.455784 0.322018 0.565267
0.528642 0.34742 0.468618
0.545186 0.345393 0.460324
0.466987 0.364468 0.48877
0.556247 0.305775 0.424655
0.510566 0.349088 0.429918
0.580459 0.262881 0.568178
0.568444 0.330485 0.485055
0.518063 0.347852 0.487196
0.490022 0.305826 0.410251
0.463223 0.359898 0.441192
0.534568 0.354359 0.496047
0.495121 0.357324 0.466588
0.487502 0.360797 0.501454
0.583847 0.291848 0.523861
0.472787 0.364799 0.48607
0.524237 0.34985 0.487162
0.458855 0.292846 0.405062
0.458082 0.342442 0.549682
0.48548 0.279098 0.401563
0.49399 0.312269 0.413102
0.563348 0.328903 0.45872
0.436753 0.350541 0.458143
0.403367 0.274051 0.502659
0.528731 0.303322 0.58117
0.487051 0.359764 0.490831
0.564016 0.335807 0.494736
0.431427 0.333667 0.499761
0.514927 0.311487 0.418132
0.574818 0.310884 0.47794
0.457244 0.254844 0.397403
0.533326 0.334239 0.438775
0.472007 0.258873 0.398344
0.467046 0.273579 0.589083
0.486242 0.344259 0.535085
0.578371 0.294816 0.514372
0.476977 0.350145 0.457656
0.474816 0.350404 0.458483
0.521847 0.349424 0.535963
0.442308 0.324487 0.428217
0.42991 0.307049 0.425082
0.447631 0.344047 0.481521
0.424019 0.313958 0.440455
0.526337 0.25044 0.593994
0.535976 0.32948 0.476424
0.510777 0.273689 0.586841
0.501688 0.339268 0.548608
0.524854 0.345016 0.501215
0.51866 0.306266 0.416107
0.511065 0.346765 0.507006
0.41378 0.298928 0.453901
0.505373 0.322541 0.566957
0.544125 0.332295 0.473063
0.498481 0.344336 0.443036
0.409933 0.256971 0.57126
0.452604 0.34418 0.44193
0.414524 0.231248 0.593441
0.449335 0.346594 0.505945
0.577066 0.301406 0.466646
0.533093 0.292691 0.580517
0.547469 0.333135 0.535955
0.457689 0.349094 0.47187
0.515347 0.311077 0.417961
0.434609 0.323048 0.444473
0.536598 0.330595 0.511112
0.494702 0.333468 0.510155
0.486867 0.313528 0.563329
0.531783 0.314919 0.562248
0.470376 0.25255 0.399656
0.522043 0.261853 0.588514
0.552579 0.313078 0.543626
0.495105 0.331154 0.535425
0.488598 0.328982 0.537937
0.403337 0.259888 0.449924
0.508197 0.310822 0.422675
0.421726 0.283698 0.55478
0.484236 0.297432 0.416553
0.562257 0.31309 0.523663
0.467444 0.331732 0.487681
0.504552 0.329419 0.500225
0.550206 0.318889 0.465231
0.532813 0.327309 0.54503
0.57069 0.305197 0.470059
0.51517 0.335419 0.507712
0.558085 0.286534 0.566239
0.537911 0.331193 0.514332
0.457768 0.313005 0.556108
0.566932 0.301648 0.446279
0.561879 0.310624 0.456679
0.553426 0.317095 0.483888
0.539428 0.258466 0.588514
0.397566 0.238633 0.470551
0.505383 0.305932 0.570305
0.516626 0.281852 0.582102
0.518456 0.317684 0.465411
0.485989 0.329819 0.439574
0.574757 0.292219 0.51549
0.411498 0.283247 0.447793
0.48401 0.325631 0.544665
0.438679 0.296225 0.554113
0.534267 0.320791 0.525535
0.593337 0.226667 0.58001
0.493955 0.296777 0.569449
0.45721 0.312553 0.539839
0.461806 0.254076 0.403092
0.412504 0.268588 0.490555
0.455056 0.316896 0.507359
0.496627 0.267963 0.582983
0.414825 0.272684 0.515101
0.582317 0.270685 0.49079
0.524329 0.310898 0.492723
0.599464 0.221466 0.502586
0.510529 0.325886 0.524663
0.432397 0.307638 0.491631
0.465749 0.316044 0.502643
0.443182 0.313686 0.434385
0.530315 0.291394 0.572772
0.489306 0.309963 0.467108
0.481249 0.314138 0.465325
0.468666 0.320356 0.450295
0.572104 0.245414 0.407468
0.405834 0.255357 0.452413
0.457708 0.237047 0.592672
0.548996 0.303944 0.548004
0.566899 0.294864 0.52529
0.510379 0.285079 0.576254
0.464221 0.318792 0.468057
0.557144 0.302977 0.447819
0.407286 0.25285 0.520876
0.471201 0.309883 0.427212
0.398738 0.229403 0.512632
0.457799 0.316816 0.493049
0.538862 0.310785 0.44897
0.531275 0.312722 0.49797
0.591713 0.253349 0.46673
0.430148 0.293148 0.486575
0.556762 0.279277 0.426053
0.508864 0.2903 0.424516
0.531991 0.308183 0.52656
0.462454 0.302866 0.472391
0.459838 0.24709 0.404101
0.491834 0.294566 0.492089
0.516059 0.313452 0.525713
0.432309 0.24038 0.402065
0.440753 0.261038 0.41009
0.52004 0.283376 0.47407
0.50324 0.245882 0.586816
0.57509 0.274424 0.443107
0.581698 0.256787 0.525081
0.551346 0.295096 0.540683
0.49218 0.279124 0.574608
0.41431 0.261391 0.543852
0.552435 0.29099 0.548819
0.503295 0.298396 0.431693
0.523233 0.265527 0.58021
0.458431 0.306807 0.45804
0.419044 0.265143 0.557641
0.439418 0.305226 0.458853
0.488764 0.295541 0.497298
0.410105 0.247195 0.432064
0.590482 0.23617 0.507788
0.565608 0.245202 0.407763
0.39949 0.226035 0.482292
0.521266 0.283654 0.473282
0.516106 0.298483 0.495144
0.550233 0.294744 0.49968
0.53506 0.307 0.520612
0.595658 0.230726 0.56297
0.552843 0.265236 0.416276
0.507147 0.287845 0.473304
0.542883 0.23437 0.590156
0.434595 0.255749 0.41334
0.560782 0.281289 0.44304
0.403268 0.227592 0.490513
0.543592 0.289119 0.530065
0.571801 0.274698 0.468435
0.450281 0.247519 0.407891
0.573997 0.235367 0.409309
0.408121 0.237294 0.490648
0.427923 0.28342 0.442172
0.561818 0.225369 0.589165
0.482805 0.28039 0.506639
0.516536 0.285112 0.453598
0.55013 0.247747 0.579621
0.40918 0.235811 0.436602
0.42425 0.27256 0.50905
0.497144 0.221628 0.591969
0.553226 0.279133 0.478181
0.55399 0.28217 0.470145
0.451281 0.285967 0.55035
0.445133 0.238643 0.584824
0.613189 0.191285 0.605265
0.423227 0.212648 0.598649
0.502624 0.227448 0.589847
0.481408 0.285404 0.526722
0.605543 0.211652 0.544018
0.596525 0.202623 0.598344
0.5369 0.284681 0.499265
0.504256 0.276933 0.569422
0.475291 0.289491 0.443095
0.404828 0.228453 0.45919
0.487692 0.286256 0.551428
0.430758 0.252878 0.57535
0.553963 0.267855 0.423088
0.523999 0.293869 0.544399
0.417995 0.260227 0.5282
0.443748 0.288838 0.493788
0.433552 0.273495 0.529428
0.56617 0.269152 0.460197
0.494524 0.273218 0.559169
0.557686 0.269465 0.533141
0.474466 0.276146 0.447533
0.439455 0.245203 0.411316
0.462451 0.274503 0.5134
0.50496 0.271315 0.45703
0.42543 0.262739 0.476334
0.483985 0.252226 0.575996
0.451359 0.274515 0.551813
0.520294 0.284977 0.523688
0.530504 0.281772 0.521871
0.440155 0.275776 0.536449
0.505263 0.26315 0.482977
0.497918 0.226862 0.404091
0.479867 0.214419 0.396064
0.534417 0.246406 0.57831
0.594659 0.220187 0.474097
0.543791 0.220608 0.590482
0.538103 0.278612 0.52836
0.42915 0.26723 0.43076
0.576015 0.247662 0.516084
0.47844 0.263886 0.568187
0.595139 0.222009 0.461873
0.601603 0.208481 0.472883
0.504072 0.205944 0.595422
0.41803 0.248903 0.447344
0.43217 0.253167 0.418274
0.495854 0.245512 0.415286
0.433907 0.231827 0.404277
0.501993 0.256117 0.420851
0.529858 0.259181 0.480149
0.51158 0.26182 0.475602
0.533309 0.217456 0.59191
0.536779 0.242073 0.411806
0.430731 0.261212 0.518662
0.46772 0.237191 0.414167
0.456379 0.268705 0.4416
0.592991 0.213297 0.521849
0.480051 0.204277 0.391926
0.427983 0.235681 0.414194
0.480324 0.25896 0.527877
0.524493 0.27013 0.526929
0.605445 0.199098 0.423459
0.414108 0.231764 0.490946
0.488165 0.253459 0.484609
0.423591 0.249756 0.438784
0.398885 0.218205 0.535657
0.393984 0.217741 0.553011
0.433252 0.229868 0.581421
0.515553 0.264663 0.560938
0.508523 0.250736 0.484136
0.432972 0.257092 0.478568
0.543519 0.251768 0.477099
0.482642 0.261404 0.44952
0.481485 0.237516 0.576831
0.458128 0.262885 0.538584
0.549213 0.261342 0.549584
0.494322 0.261719 0.447663
0.500328 0.260529 0.511266
0.498818 0.264809 0.543895
0.612193 0.186211 0.390532
0.496986 0.264284 0.533004
0.570259 0.220052 0.403411
0.551046 0.257708 0.466402
0.515531 0.197305 0.598537
0.570316 0.250728 0.480471
0.568723 0.254042 0.471937
0.593289 0.212738 0.490754
0.534547 0.261259 0.432819
0.516982 0.207395 0.593176
0.430806 0.249686 0.455537
0.486055 0.244259 0.508271
0.592412 0.20747 0.491176
0.41724 0.226888 0.485984
0.481666 0.245859 0.520621
0.424685 0.224501 0.41293
0.553449 0.247611 0.532159
0.3893 0.204265 0.543359
0.525499 0.248484 0.451953
0.442769 0.218297 0.584111
0.41644 0.225306 0.475705
0.399409 0.210639 0.52648
0.594072 0.208653 0.467743
0.461433 0.248111 0.551225
0.553797 0.243231 0.425985
0.559877 0.226285 0.411879
0.469025 0.198358 0.389452
0.453997 0.251843 0.463925
0.566066 0.24784 0.442253
0.53445 0.247079 0.563962
0.472146 0.214876 0.582788
0.498273 0.242169 0.491958
0.588506 0.219575 0.559154
0.526277 0.245796 0.568053
0.556287 0.205431 0.594519
0.519801 0.256931 0.52357
0.446515 0.257001 0.435698
0.449371 0.249158 0.55007
0.523264 0.249857 0.435723
0.45204 0.256028 0.436145
0.609901 0.190506 0.454882
0.506309 0.239856 0.48626
0.49388 0.250568 0.532865
0.610282 0.189784 0.456694
0.50183 0.21164 0.401816
0.479925 0.243769 0.514078
0.433195 0.216005 0.581418
0.482362 0.23434 0.525319
0.473744 0.23196 0.558753
0.425919 0.228659 0.489206
0.606691 0.187295 0.512535
0.410553 0.208078 0.411873
0.435905 0.243986 0.444365
0.489646 0.231932 0.50039
0.528579 0.22876 0.490092
0.569705 0.227631 0.560015
0.602223 0.191974 0.517199
0.402775 0.185747 0.613441
0.568581 0.211845 0.405947
0.493065 0.234921 0.456236
0.414163 0.187317 0.611874
0.563533 0.234894 0.431145
0.397234 0.203571 0.528908
0.444795 0.216298 0.57979
0.495132 0.231102 0.567113
0.446422 0.22648 0.571518
0.407823 0.211415 0.51504
0.499167 0.238911 0.529917
0.442261 0.236123 0.486863
0.528185 0.188161 0.602471
0.543663 0.233932 0.505731
0.526569 0.199444 0.394575
0.409268 0.216239 0.532676
0.559322 0.234685 0.428809
0.479617 0.205523 0.400437
0.54884 0.184831 0.60891
0.538871 0.236582 0.513603
0.59336 0.205641 0.537517
0.459883 0.188613 0.600387
0.579415 0.192839 0.601602
0.415152 0.216968 0.464076
0.584404 0.212907 0.425909
0.433092 0.219928 0.569241
0.612026 0.178666 0.488751
0.426859 0.224587 0.439163
0.459599 0.222295 0.475527
0.38602 0.186466 0.4537
0.390514 0.191331 0.410404
0.459238 0.227257 0.456646
0.513775 0.208146 0.580631
0.487394 0.223548 0.433515
0.503518 0.217024 0.482243
0.421296 0.217466 0.446523
0.515199 0.225401 0.511001
0.42782 0.212663 0.415069
0.448753 0.22693 0.462801
0.566035 0.2176 0.488593
0.593021 0.190725 0.594203
0.419748 0.198907 0.397214
0.552847 0.218054 0.477947
0.449207 0.21895 0.568759
0.590001 0.199738 0.422454
0.559829 0.223807 0.55609
0.531294 0.226426 0.437864
0.419069 0.215708 0.523824
0.549512 0.217585 0.478705
0.455921 0.221164 0.563151
0.43124 0.220787 0.474437
0.505874 0.227749 0.542891
0.429377 0.225083 0.519308
0.403079 0.178511 0.6193
0.603559 0.190614 0.437002
0.411246 0.206581 0.499083
0.427349 0.189552 0.605364
0.497078 0.193648 0.589492
0.44288 0.195168 0.392695
0.413033 0.208484 0.510652
0.562426 0.198828 0.394193
0.426121 0.208024 0.482452
0.612709 0.174679 0.507042
0.523488 0.212738 0.508382
0.468719 0.210239 0.478392
0.512099 0.21311 0.444362
0.61654 0.175955 0.413347
0.551714 0.207342 0.575155
0.387682 0.189116 0.544896
0.490679 0.209088 0.47409
0.412368 0.200372 0.457163
0.611745 0.175636 0.487852
0.525916 0.19034 0.591831
0.401118 0.199232 0.574411
0.479886 0.195927 0.577766
0.418829 0.205688 0.452985
0.596352 0.179165 0.379157
0.572029 0.207387 0.537126
0.53924 0.181697 0.60402
0.606696 0.179429 0.478996
0.48638 0.21058 0.42693
0.501615 0.208225 0.491082
0.54571 0.206883 0.476227
0.492723 0.212602 0.451285
0.540034 0.211197 0.50867
0.436843 0.212388 0.471664
0.43726 0.213101 0.564225
0.475429 0.210134 0.424894
0.553719 0.185874 0.383636
0.589473 0.193341 0.581364
0.477204 0.182074 0.384695
0.572107 0.210415 0.558908
0.518643 0.212962 0.434894
0.461502 0.21592 0.431177
0.41368 0.204341 0.539517
0.542803 0.207215 0.575441
0.44491 0.215176 0.515821
0.42504 0.199587 0.468238
0.504453 0.198513 0.465237
0.472831 0.166534 0.613982
0.499203 0.199364 0.462774
0.525049 0.164736 0.618924
0.603415 0.180373 0.41725
0.583516 0.183 0.59693
0.415829 0.182533 0.386821
0.445648 0.197237 0.41495
0.568581 0.182196 0.601777
0.416874 0.190744 0.410859
0.408423 0.190582 0.49276
0.479717 0.183348 0.585405
0.433527 0.189976 0.589574
0.568195 0.203446 0.555836
0.378688 0.181436 0.560732
0.601992 0.180485 0.405673
0.420432 0.196539 0.490019
0.545061 0.196303 0.482686
0.408414 0.190521 0.494434
0.429912 0.203501 0.534668
0.580681 0.177769 0.608997
0.469936 0.199038 0.485833
0.564817 0.174071 0.614277
0.567031 0.198636 0.528261
0.561332 0.20117 0.421541
0.581597 0.195348 0.436111
0.412356 0.192562 0.487215
0.511716 0.20215 0.568522
0.529722 0.202824 0.442528
0.438699 0.204652 0.545737
0.585948 0.186302 0.493968
0.498459 0.194556 0.415958
0.500022 0.203036 0.557275
0.548575 0.189077 0.397758
0.416364 0.194478 0.490133
0.419481 0.169833 0.619319
0.503421 0.187024 0.481422
0.585922 0.183394 0.450875
0.508954 0.188246 0.464969
0.411823 0.174612 0.608128
0.591328 0.180849 0.41985
0.447069 0.190884 0.488657
0.523313 0.18259 0.585585
0.445422 0.194141 0.456889
0.474831 0.183004 0.577141
0.620227 0.165854 0.452526
0.418773 0.187095 0.579114
0.45687 0.188747 0.516765
0.470527 0.189066 0.479154
0.415133 0.185964 0.522351
0.375111 0.172885 0.585578
0.520822 0.195063 0.556695
0.40294 0.173684 0.377639
0.469237 0.170312 0.378675
0.535286 0.18979 0.502659
0.605511 0.172799 0.461567
0.589033 0.180626 0.410401
0.545456 0.184506 0.404297
0.558931 0.188123 0.410847
0.553019 0.195303 0.43357
0.568411 0.187911 0.511568
0.54435 0.193827 0.541163
0.540875 0.184516 0.584784
0.464172 0.188585 0.533468
0.397342 0.176115 0.382607
0.618488 0.165599 0.627465
0.445006 0.193224 0.551062
0.460368 0.189773 0.481211
0.472833 0.189128 0.476711
0.451916 0.192363 0.465374
0.533237 0.173295 0.379411
0.420594 0.180327 0.51808
0.50101 0.178715 0.499239
0.454786 0.180064 0.524606
0.519789 0.178197 0.467498
0.547266 0.175162 0.590981
0.581316 0.178971 0.421652
0.555271 0.169003 0.374142
0.384748 0.172773 0.546649
0.443241 0.181771 0.497693
0.373575 0.16918 0.558761
0.577633 0.176586 0.502517
0.425759 0.181827 0.422012
0.430966 0.184536 0.450356
0.505623 0.162448 0.614055
0.501296 0.178138 0.485382
0.371645 0.162797 0.616377
0.444426 0.182424 0.468161
0.389908 0.170143 0.51953
0.390975 0.171469 0.527999
0.422803 0.181046 0.508582
0.537578 0.16967 0.378872
0.604822 0.168995 0.449455
0.374156 0.170931 0.566759
0.555593 0.184282 0.442819
0.54175 0.184056 0.571718
0.579074 0.165327 0.62088
0.508935 0.176958 0.410609
0.42911 0.184869 0.441952
0.409513 0.176674 0.503611
0.512604 0.176424 0.582898
0.535464 0.182597 0.440898
0.546022 0.161884 0.622136
0.415117 0.181377 0.551683
0.433879 0.172199 0.386045
0.596879 0.171812 0.534695
0.402058 0.173892 0.518626
0.417747 0.171803 0.515504
0.407643 0.171944 0.552863
0.43551 0.160042 0.625999
0.596052 0.167272 0.393904
0.422367 0.173402 0.449542
0.581701 0.171804 0.418911
0.560812 0.172009 0.506699
0.39046 0.166744 0.437385
0.557647 0.174719 0.420297
0.41581 0.167205 0.599
0.595734 0.162994 0.616732
0.518852 0.169406 0.584371
0.514694 0.171707 0.450478
0.493703 0.169536 0.487642
0.479095 0.172636 0.450778
0.445139 0.167083 0.596991
0.511867 0.174175 0.558587
0.549411 0.170997 0.487981
0.436932 0.168819 0.593442
0.528757 0.170471 0.466113
0.515603 0.173209 0.52114
0.419451 0.172036 0.484518
0.561884 0.174591 0.448919
0.364076 0.16017 0.396055
0.516676 0.16649 0.592176
0.483693 0.169662 0.578283
0.474673 0.161755 0.607267
0.583049 0.168963 0.467399
0.581117 0.174275 0.565506
0.594512 0.167892 0.406786
0.564871 0.176724 0.435009
0.430589 0.165187 0.377475
0.422683 0.174546 0.549979
0.58999 0.168249 0.453974
0.402884 0.16879 0.485377
0.457154 0.170921 0.509856
0.414568 0.163305 0.41067
0.402285 0.164136 0.577042
0.560331 0.166079 0.443405
0.614016 0.160588 0.393776
0.565037 0.167459 0.430615
0.572141 0.166595 0.419435
0.408616 0.161188 0.384863
0.509263 0.160718 0.385917
0.562486 0.164205 0.46564
0.580553 0.166036 0.574723
0.550845 0.16377 0.399223
0.530881 0.16401 0.413143
0.489102 0.156649 0.367483
0.536247 0.153486 0.635373
0.574527 0.16519 0.406901
0.444098 0.155817 0.630256
0.425841 0.165345 0.462341
0.541381 0.157278 0.363943
0.62612 0.155412 0.487055
0.404005 0.162454 0.472466
0.442716 0.166065 0.436849
0.42809 0.166283 0.532064
0.378389 0.156659 0.627719
0.634542 0.154517 0.433776
0.501977 0.162168 0.481738
0.487569 0.164719 0.421933
0.431928 0.165369 0.464721
0.460312 0.164389 0.575513
0.526935 0.165746 0.53167
0.450076 0.157411 0.620807
0.490952 0.162268 0.503754
0.540251 0.16504 0.443198
0.366603 0.154193 0.637099
0.559153 0.155497 0.632006
0.560014 0.16683 0.562712
0.586358 0.162917 0.390629
0.410374 0.155559 0.387832
0.551595 0.156973 0.526797
0.5006 0.157074 0.564715
0.369769 0.153679 0.368704
0.585002 0.152354 0.641885
0.560739 0.158007 0.419289
0.435934 0.156225 0.398467
0.545767 0.156352 0.481902
0.514824 0.155795 0.391156
0.4906 0.155778 0.468666
0.605173 0.15628 0.586052
0.389897 0.156944 0.572067
0.589173 0.156335 0.376977
0.48026 0.153055 0.361728
0.481304 0.155995 0.533161
0.471548 0.156622 0.559199
0.451263 0.157106 0.579492
0.396807 0.155697 0.507419
0.558221 0.156514 0.489827
0.593372 0.156888 0.558948
0.640553 0.151538 0.49077
0.462914 0.156517 0.40908
0.636115 0.153639 0.391016
0.372546 0.155146 0.556965
0.378955 0.155948 0.557696
0.361415 0.152541 0.520525
0.561211 0.156459 0.477258
0.574316 0.15831 0.422024
0.438136 0.157285 0.515398
0.514169 0.156361 0.404955
0.608979 0.154157 0.485964
0.620206 0.153292 0.517927
0.415415 0.154027 0.624336
0.386768 0.154379 0.369798
0.565827 0.15317 0.631445
0.559605 0.152243 0.638868
0.406673 0.15 0.565586
0.554105 0.15 0.552072
0.639938 0.15 0.364118
0.379014 0.15 0.369419
0.450455 0.15 0.628201
0.549664 0.15 0.419454
0.562656 0.15 0.559937
0.383638 0.15 0.427447
0.516503 0.15 0.442087
0.374601 0.15 0.436639
0.559726 0.15 0.649057
0.396776 0.15 0.382063
0.563956 0.15 0.585756
0.525823 0.15 0.515624
0.5869 0.15 0.488807
0.472666 0.15 0.592009
0.352142 0.15 0.474497
0.377329 0.15 0.374656
0.468738 0.15 0.367634
0.459638 0.15 0.571281
0.562153 0.15 0.395988
0.473563 0.15 0.458155
0.438809 0.15 0.584428
0.362214 0.15 0.602794
0.355741 0.15 0.433279
0.360263 0.15 0.644095
0.517455 0.15 0.615291
0.440713 0.15 0.539584
0.371854 0.15 0.475376
0.352857 0.15 0.638968
0.526995 0.15 0.567875
0.448358 0.15 0.593455
0.36063 0.15 0.41527
0.642282 0.15 0.560193
0.444458 0.15 0.423162
0.405895 0.15 0.511174
