1980 0.012625
0.37877 0.255451 0.380922
0.428354 0.219993 0.330952
0.459694 0.193858 0.313839
0.497099 0.188291 0.313526
0.528764 0.189832 0.322999
0.563525 0.215425 0.343704
0.335539 0.215163 0.423542
0.347034 0.286516 0.34914
0.438346 0.290884 0.30323
0.499002 0.282212 0.291833
0.572071 0.290038 0.314448
0.639279 0.261061 0.363584
0.33323 0.199444 0.463932
0.300184 0.285745 0.434402
0.427102 0.384694 0.422235
0.500781 0.382069 0.416885
0.591941 0.380729 0.430419
0.693784 0.258917 0.438561
0.321714 0.195376 0.494085
0.294726 0.280809 0.504662
0.429581 0.384612 0.501512
0.506033 0.381415 0.499768
0.595123 0.375513 0.501154
0.702176 0.246001 0.504774
0.330519 0.199989 0.528631
0.316445 0.279096 0.579719
0.429063 0.36965 0.601758
0.497991 0.369931 0.602904
0.58408 0.371631 0.588179
0.686182 0.242777 0.561422
0.352928 0.246807 0.568203
0.368739 0.232992 0.628076
0.436304 0.248276 0.679181
0.499227 0.246453 0.696336
0.558996 0.266549 0.688678
0.636629 0.260335 0.625622
0.35444 0.244999 0.357752
0.353505 0.240064 0.572387
0.287186 0.254246 0.509761
0.58532 0.377808 0.4941
0.445622 0.331944 0.662311
0.541631 0.191644 0.309341
0.343984 0.213442 0.584258
0.363373 0.244666 0.583956
0.663393 0.197766 0.481758
0.470219 0.18419 0.289942
0.61402 0.249996 0.611975
0.645713 0.269093 0.628986
0.509005 0.304468 0.68749
0.497988 0.382088 0.535085
0.60869 0.372875 0.467925
0.663587 0.202818 0.467414
0.30934 0.203259 0.544798
0.395387 0.242707 0.361459
0.532697 0.229212 0.688403
0.359845 0.223987 0.616684
0.351352 0.258974 0.637253
0.415878 0.367135 0.605474
0.319569 0.203404 0.55239
0.524885 0.362054 0.618528
0.402052 0.239337 0.628507
0.67416 0.200083 0.564519
0.531776 0.377562 0.545492
0.43812 0.263473 0.683743
0.66193 0.231787 0.595386
0.4576 0.38366 0.500752
0.481443 0.203155 0.686142
0.67333 0.219781 0.577236
0.574044 0.379887 0.476013
0.654523 0.21582 0.576093
0.513607 0.236694 0.692745
0.325119 0.210901 0.419202
0.338079 0.219039 0.589632
0.295345 0.242718 0.427177
0.645398 0.294191 0.6265
0.688891 0.254858 0.426925
0.453415 0.383598 0.42869
0.540391 0.192163 0.306998
0.47225 0.247485 0.697455
0.467374 0.194612 0.676268
0.562 0.377329 0.525894
0.517638 0.38068 0.498486
0.542501 0.201472 0.664159
0.621436 0.321585 0.353516
0.475467 0.380347 0.469701
0.697929 0.273098 0.53295
0.39211 0.365503 0.588083
0.317973 0.287849 0.572953
0.679508 0.218991 0.407332
0.402442 0.22932 0.636948
0.648083 0.314811 0.612487
0.470058 0.381252 0.445783
0.356342 0.232927 0.61957
0.507533 0.380437 0.470356
0.334351 0.279497 0.621582
0.643173 0.321981 0.378812
0.452972 0.382968 0.414614
0.321184 0.1959 0.522447
0.662818 0.269604 0.612819
0.368099 0.228698 0.599823
0.532473 0.207159 0.660558
0.686927 0.204118 0.463444
0.665008 0.263345 0.388995
0.528704 0.292492 0.6922
0.431309 0.300188 0.672799
0.317176 0.201779 0.547813
0.449566 0.314281 0.674008
0.641655 0.257995 0.619692
0.28407 0.210014 0.457691
0.282926 0.220563 0.457451
0.417538 0.222568 0.311803
0.694815 0.224628 0.441831
0.691346 0.20734 0.435315
0.531578 0.199171 0.297839
0.697424 0.239585 0.452291
0.672157 0.243259 0.589591
0.548803 0.33211 0.659227
0.283377 0.250441 0.460678
0.508954 0.261243 0.286088
0.684146 0.2935 0.537276
0.436174 0.274057 0.29666
0.647618 0.217071 0.373413
0.576325 0.378151 0.501293
0.338567 0.255658 0.627874
0.524479 0.253835 0.696164
0.282926 0.22497 0.496836
0.475208 0.38022 0.401343
0.672388 0.200959 0.476882
0.698763 0.219809 0.497416
0.522975 0.376981 0.560013
0.513064 0.380994 0.445833
0.662116 0.339218 0.465849
0.436597 0.21186 0.668415
0.375035 0.246952 0.375757
0.569954 0.341251 0.335852
0.55771 0.371775 0.379934
0.482923 0.23982 0.696017
0.457379 0.278985 0.292518
0.527682 0.37992 0.500007
0.627101 0.230783 0.372065
0.414733 0.219241 0.326674
0.694267 0.212316 0.448439
0.621661 0.227895 0.365162
0.424155 0.385247 0.4507
0.406983 0.25233 0.629067
0.28015 0.219126 0.485355
0.613651 0.371134 0.459603
0.684974 0.203848 0.454076
0.486494 0.331445 0.317643
0.520037 0.20893 0.290924
0.428535 0.215794 0.660859
0.397094 0.377002 0.538788
0.528163 0.206076 0.677941
0.661043 0.324434 0.405535
0.441503 0.384082 0.422345
0.571128 0.209081 0.660638
0.391215 0.24186 0.652814
0.30352 0.227865 0.548722
0.664173 0.205049 0.462522
0.377585 0.237816 0.637353
0.351347 0.357954 0.494787
0.380318 0.239542 0.364718
0.38652 0.228328 0.627378
0.5025 0.380277 0.474805
0.542262 0.296699 0.305391
0.528868 0.292292 0.691844
0.580883 0.211382 0.338309
0.639105 0.35407 0.520661
0.352986 0.358895 0.491146
0.315444 0.189033 0.481084
0.492288 0.361372 0.623242
0.31737 0.270948 0.593461
0.350788 0.334567 0.603649
0.575442 0.220861 0.654743
0.374516 0.286927 0.650511
0.459598 0.370855 0.374563
0.665747 0.205095 0.459214
0.551871 0.21654 0.648311
0.526703 0.379285 0.401589
0.571498 0.211859 0.659003
0.296559 0.245946 0.540018
0.288769 0.236714 0.515453
0.318859 0.257743 0.601863
0.668095 0.204072 0.46365
0.332191 0.21668 0.417509
0.505595 0.214342 0.286966
0.661762 0.337799 0.48987
0.671989 0.325857 0.461406
0.543113 0.244408 0.296669
0.452472 0.304849 0.307079
0.309614 0.302811 0.515894
0.685021 0.260889 0.420677
0.296141 0.26523 0.535936
0.386842 0.300483 0.326577
0.446029 0.307523 0.309233
0.411816 0.225503 0.645571
0.652495 0.217355 0.383352
0.312912 0.195268 0.521072
0.702234 0.256758 0.504807
0.312314 0.191109 0.489028
0.432103 0.244819 0.674653
0.523955 0.209306 0.665621
0.322028 0.28205 0.595384
0.599541 0.361046 0.604658
0.417987 0.218976 0.315717
0.356293 0.234557 0.583029
0.437781 0.278673 0.29843
0.560906 0.229153 0.309589
0.303785 0.191874 0.510677
0.404397 0.318148 0.657332
0.630305 0.225027 0.368701
0.701759 0.259349 0.516857
0.693281 0.250038 0.546008
0.568529 0.374361 0.566719
0.306954 0.279641 0.549418
0.387605 0.37629 0.500871
0.314562 0.253474 0.387754
0.300034 0.242632 0.546178
0.523747 0.193369 0.303581
0.318692 0.193457 0.468148
0.516769 0.231225 0.28835
0.489179 0.220506 0.283993
0.420753 0.222273 0.329439
0.343612 0.314178 0.363994
0.559693 0.37589 0.391961
0.64247 0.224829 0.384142
0.332134 0.209346 0.550609
0.688055 0.217366 0.547046
0.317204 0.198781 0.446126
0.457795 0.356844 0.63212
0.54574 0.195094 0.31628
0.423514 0.213439 0.315599
0.543675 0.320168 0.6706
0.66292 0.210602 0.403539
0.502232 0.221026 0.286229
0.534119 0.378486 0.501979
0.300589 0.192623 0.507338
0.567214 0.278176 0.309994
0.501709 0.381321 0.427815
0.561038 0.266758 0.686992
0.308156 0.272245 0.562667
0.305877 0.209996 0.428175
0.315743 0.295405 0.553408
0.332251 0.341317 0.498842
0.703177 0.259563 0.471131
0.684931 0.296827 0.522993
0.601768 0.377266 0.425734
0.358072 0.264396 0.642322
0.537962 0.215345 0.682237
0.500313 0.372701 0.375667
0.569855 0.229551 0.676645
0.569131 0.205845 0.321708
0.361465 0.223308 0.608691
0.408804 0.236499 0.323613
0.357997 0.347804 0.386641
0.362475 0.316891 0.348531
0.522384 0.346831 0.643771
0.486314 0.222647 0.283948
0.500446 0.191402 0.298193
0.519454 0.368349 0.363575
0.346129 0.352339 0.467568
0.28765 0.229052 0.509114
0.630408 0.350679 0.577763
0.580628 0.218536 0.326556
0.612435 0.238355 0.631836
0.602927 0.35931 0.604594
0.419125 0.370067 0.377121
0.456775 0.381979 0.414786
0.486007 0.381175 0.414022
0.362364 0.240227 0.368269
0.530638 0.20464 0.675103
0.58672 0.216547 0.335208
0.671609 0.199212 0.512731
0.598206 0.238887 0.65554
0.574996 0.380766 0.45211
0.700797 0.243411 0.471967
0.475212 0.189345 0.305659
0.351987 0.282335 0.346214
0.465552 0.266218 0.695489
0.67391 0.194955 0.514905
0.553485 0.375818 0.532063
0.393032 0.378141 0.467848
0.306677 0.226346 0.550536
0.660798 0.216791 0.587878
0.440252 0.344708 0.333574
0.527542 0.265635 0.289941
0.524226 0.31804 0.67746
0.53286 0.359539 0.620014
0.282448 0.22762 0.488974
0.362523 0.295873 0.342936
0.625339 0.359966 0.53407
0.385223 0.336987 0.345206
0.30851 0.242608 0.56022
0.469968 0.229224 0.283915
0.681205 0.194722 0.520337
0.645282 0.226774 0.388929
0.381091 0.36836 0.551836
0.642476 0.354868 0.471728
0.513476 0.243042 0.692741
0.701548 0.253341 0.47872
0.684541 0.256821 0.563808
0.667295 0.263988 0.39404
0.559597 0.253567 0.306207
0.465213 0.379559 0.464791
0.405856 0.242275 0.636795
0.671723 0.196113 0.525582
0.427187 0.383008 0.510102
0.459073 0.210456 0.287062
0.622172 0.343022 0.374629
0.629737 0.229704 0.352325
0.623754 0.230131 0.36626
0.699154 0.245863 0.522422
0.438396 0.380008 0.547533
0.310303 0.29823 0.527269
0.376425 0.350803 0.37247
0.504093 0.208593 0.669724
0.464289 0.379982 0.46875
0.629175 0.301949 0.362333
0.576104 0.215997 0.667187
0.446842 0.208494 0.292021
0.303888 0.292205 0.50759
0.472034 0.278331 0.695748
0.414675 0.226691 0.328418
0.305112 0.215288 0.42711
0.344991 0.260516 0.354632
0.390102 0.368633 0.5656
0.433715 0.268464 0.680039
0.484893 0.191351 0.297838
0.300037 0.254099 0.417743
0.467653 0.234689 0.285413
0.405098 0.375624 0.550676
0.446803 0.277553 0.296389
0.674399 0.213795 0.567253
0.621898 0.265714 0.643197
0.375039 0.270365 0.651938
0.598535 0.262928 0.671083
0.638381 0.356745 0.445972
0.322984 0.300782 0.385553
0.379174 0.371172 0.444051
0.529431 0.354835 0.627781
0.669464 0.201757 0.503959
0.291922 0.22205 0.517532
0.482943 0.380408 0.432277
0.57833 0.373138 0.563468
0.580567 0.375907 0.397009
0.356043 0.22513 0.598241
0.396173 0.240897 0.341504
0.336573 0.23224 0.401834
0.520477 0.212217 0.668411
0.358492 0.360963 0.479927
0.50732 0.377756 0.467565
0.4271 0.219925 0.305325
0.317241 0.306749 0.539603
0.435425 0.231676 0.298959
0.339182 0.32538 0.377297
0.340252 0.2456 0.37886
0.645309 0.257733 0.613108
0.500958 0.375875 0.565695
0.642664 0.233021 0.595985
0.612046 0.248229 0.639054
0.388276 0.245297 0.348138
0.700952 0.263398 0.482884
0.302105 0.258569 0.409154
0.517434 0.21335 0.671801
0.419122 0.227921 0.326884
0.448551 0.265202 0.293163
0.459849 0.370806 0.592741
0.495874 0.378828 0.499135
0.651208 0.345827 0.491656
0.503431 0.377965 0.486198
0.476722 0.379459 0.493113
0.33949 0.346225 0.470992
0.295015 0.191652 0.468356
0.682889 0.208567 0.433989
0.660489 0.221139 0.585052
0.595807 0.374044 0.483229
0.394219 0.247575 0.623101
0.518657 0.214682 0.293511
0.312793 0.310417 0.449592
0.445846 0.209398 0.668812
0.447983 0.381966 0.495608
0.314405 0.31515 0.464303
0.319781 0.208007 0.432893
0.293562 0.236748 0.523091
0.335833 0.318175 0.377571
0.646989 0.271576 0.623829
0.672434 0.203371 0.492108
0.575306 0.376063 0.499882
0.697497 0.240036 0.511936
0.509425 0.378904 0.408031
0.542894 0.309595 0.312299
0.421824 0.384003 0.453396
0.341458 0.225919 0.574212
0.678776 0.216749 0.560099
0.659161 0.221802 0.405796
0.634851 0.292062 0.63504
0.31129 0.250112 0.565257
0.698683 0.262851 0.510968
0.535011 0.374113 0.535572
0.524274 0.215378 0.664693
0.53957 0.212266 0.661174
0.427694 0.296663 0.310976
0.653772 0.280559 0.384007
0.688885 0.215543 0.446061
0.636152 0.347626 0.563551
0.287928 0.236122 0.453867
0.36829 0.350697 0.591661
0.399181 0.312891 0.654784
0.649219 0.226554 0.386667
0.346883 0.232856 0.600856
0.404626 0.367249 0.589927
0.599779 0.370828 0.518808
0.680906 0.296773 0.53237
0.510624 0.375029 0.556961
0.593525 0.239701 0.64875
0.581245 0.234279 0.653131
0.321413 0.247786 0.390912
0.376693 0.368526 0.53826
0.447726 0.232545 0.678913
0.323163 0.227101 0.56574
0.350211 0.235164 0.606736
0.658938 0.275174 0.388313
0.573041 0.217807 0.663721
0.394218 0.240957 0.646076
0.566359 0.37861 0.458066
0.651205 0.226564 0.392151
0.425883 0.38392 0.47802
0.638642 0.347231 0.552519
0.608375 0.231146 0.342756
0.673046 0.316806 0.449413
0.539162 0.376364 0.469118
0.353369 0.355499 0.437048
0.302203 0.260778 0.415348
0.693678 0.263024 0.536038
0.36812 0.254996 0.596118
0.531378 0.219758 0.658663
0.402041 0.251337 0.658234
0.392494 0.318884 0.329196
0.374702 0.311224 0.640106
0.459058 0.266693 0.29145
0.588303 0.277198 0.671359
0.622686 0.35148 0.388441
0.368603 0.238023 0.606857
0.444089 0.276232 0.29839
0.649969 0.266159 0.612369
0.365828 0.362857 0.433159
0.571827 0.374738 0.504503
0.600377 0.3675 0.559996
0.479387 0.332058 0.320949
0.490451 0.296834 0.302493
0.539427 0.373826 0.520791
0.478101 0.198038 0.305516
0.615573 0.270203 0.653837
0.404854 0.328977 0.650069
0.591442 0.372272 0.51609
0.354836 0.239125 0.590074
0.293975 0.19766 0.465295
0.689825 0.240327 0.541571
0.570242 0.37743 0.464156
0.639522 0.35438 0.4318
0.473431 0.356137 0.34721
0.4824 0.21316 0.687051
0.32841 0.217579 0.553464
0.378596 0.239903 0.623207
0.619077 0.366957 0.451588
0.521032 0.200095 0.316609
0.32628 0.283763 0.599018
0.565743 0.236921 0.676919
0.389484 0.246022 0.626954
0.617563 0.232937 0.35041
0.559794 0.285833 0.311758
0.65065 0.269446 0.6129
0.362876 0.363068 0.508731
0.386896 0.321949 0.334171
0.540649 0.318267 0.669665
0.61124 0.324438 0.346973
0.4624 0.204397 0.67105
0.677166 0.270252 0.571541
0.623756 0.283381 0.645499
0.365924 0.365029 0.527442
0.67549 0.312407 0.500687
0.525169 0.377657 0.426266
0.371872 0.318421 0.634361
0.593978 0.243789 0.653656
0.402617 0.317648 0.65347
0.516737 0.243443 0.292514
0.624339 0.363454 0.462524
0.600035 0.369594 0.520388
0.574693 0.243942 0.673846
0.501029 0.376592 0.508513
0.695783 0.258176 0.525816
0.330193 0.33515 0.469099
0.423904 0.32963 0.655572
0.67851 0.206158 0.502886
0.691862 0.220101 0.522594
0.492014 0.376543 0.451052
0.317071 0.316757 0.465503
0.664175 0.217866 0.565035
0.479983 0.198929 0.294112
0.584932 0.236092 0.660541
0.460439 0.364693 0.607544
0.567659 0.274511 0.679135
0.306452 0.208043 0.519032
0.523471 0.374701 0.516381
0.296729 0.258791 0.51717
0.646157 0.253619 0.381483
0.289509 0.258473 0.486511
0.655219 0.253925 0.598001
0.690915 0.284955 0.49057
0.359475 0.318428 0.356649
0.298803 0.208702 0.451719
0.42373 0.23832 0.321902
0.457691 0.289801 0.302873
0.482156 0.376421 0.545733
0.521779 0.206211 0.308461
0.426221 0.251211 0.665653
0.569248 0.344325 0.343087
0.57016 0.265129 0.678705
0.551352 0.371094 0.540763
0.587242 0.231861 0.339466
0.671664 0.213458 0.479999
0.501407 0.372421 0.571011
0.475285 0.196909 0.670992
0.352778 0.355057 0.535355
0.49299 0.376639 0.53452
0.507596 0.363703 0.607447
0.331683 0.313214 0.384211
0.339864 0.346083 0.525058
0.371952 0.365637 0.436934
0.632936 0.249773 0.607029
0.550174 0.210512 0.319716
0.341831 0.247054 0.568648
0.31998 0.212278 0.446469
0.479089 0.378278 0.533601
0.305228 0.283244 0.432098
0.394065 0.331781 0.33699
0.416415 0.241921 0.654679
0.529113 0.373325 0.498368
0.525593 0.262897 0.692989
0.342485 0.253023 0.380412
0.366431 0.247044 0.611883
0.482813 0.239403 0.689836
0.480674 0.376962 0.535115
0.332907 0.231954 0.554363
0.411527 0.371278 0.389408
0.358041 0.319574 0.359718
0.582504 0.291751 0.666008
0.693028 0.249526 0.516828
0.332762 0.300012 0.597368
0.501612 0.376561 0.412301
0.675022 0.212376 0.497222
0.592924 0.283015 0.325679
0.298587 0.25948 0.519329
0.453216 0.378976 0.444686
0.673815 0.239217 0.411439
0.673856 0.211234 0.541356
0.464459 0.329368 0.322224
0.30531 0.226252 0.533034
0.492005 0.374188 0.456888
0.453099 0.260742 0.684283
0.485039 0.234471 0.290305
0.533422 0.238306 0.300102
0.615776 0.341961 0.618118
0.420817 0.292317 0.665699
0.58995 0.236014 0.341291
0.50332 0.253272 0.690938
0.446874 0.374027 0.561811
0.643969 0.275401 0.619144
0.688381 0.24075 0.453452
0.431323 0.23613 0.316824
0.572356 0.236551 0.658112
0.319359 0.280101 0.386446
0.531278 0.370537 0.55445
0.383148 0.251363 0.618136
0.344063 0.252252 0.573922
0.483788 0.373247 0.466558
0.293016 0.256929 0.493236
0.486402 0.207105 0.675419
0.622433 0.266752 0.624012
0.335762 0.24085 0.576296
0.652663 0.292365 0.38968
0.334429 0.305966 0.379344
0.300571 0.282899 0.46121
0.423628 0.381335 0.446384
0.385725 0.260717 0.640824
0.322039 0.289917 0.389279
0.665767 0.305261 0.563326
0.683291 0.2946 0.498496
0.315736 0.216708 0.442344
0.504017 0.238105 0.686558
0.438564 0.245722 0.304982
0.66564 0.226878 0.563568
0.353662 0.246388 0.597548
0.328734 0.230856 0.421922
0.40632 0.261713 0.644166
0.625072 0.266978 0.621992
0.338259 0.266715 0.619899
0.569217 0.368542 0.384469
0.289974 0.212821 0.469108
0.442753 0.231103 0.662655
0.689848 0.263918 0.533924
0.50937 0.371699 0.388046
0.402952 0.271564 0.320572
0.466966 0.350726 0.34442
0.576957 0.348244 0.351941
0.557805 0.311726 0.665522
0.518663 0.363772 0.363298
0.51404 0.371718 0.48024
0.471467 0.214598 0.685214
0.679256 0.211905 0.516308
0.528152 0.25377 0.297128
0.594589 0.25674 0.642642
0.293571 0.259768 0.4874
0.322731 0.264743 0.385013
0.668237 0.293838 0.414594
0.444116 0.37773 0.498183
0.443727 0.371274 0.569858
0.327792 0.297783 0.386302
0.383627 0.263464 0.637882
0.450593 0.2237 0.67201
0.562119 0.368858 0.532962
0.406528 0.37851 0.447712
0.611995 0.270055 0.345707
0.367552 0.303869 0.34872
0.442873 0.369891 0.385151
0.496044 0.370893 0.464274
0.395362 0.261962 0.646501
0.372857 0.349677 0.592841
0.448267 0.336756 0.331126
0.525222 0.223121 0.304684
0.439252 0.360247 0.364105
0.429051 0.358694 0.616283
0.299113 0.254021 0.44195
0.679046 0.223606 0.4731
0.566448 0.2342 0.669127
0.515681 0.274866 0.691042
0.616889 0.357416 0.560605
0.374551 0.299628 0.342305
0.356575 0.252765 0.59973
0.302021 0.216242 0.459492
0.452449 0.37692 0.476749
0.646468 0.24492 0.39022
0.561884 0.36083 0.368658
0.296853 0.247442 0.507848
0.484639 0.232283 0.686438
0.516027 0.281795 0.689128
0.605748 0.271971 0.650755
0.392549 0.260567 0.636404
0.351978 0.291277 0.358819
0.327403 0.313091 0.549204
0.497905 0.370527 0.496857
0.51117 0.373845 0.4203
0.44878 0.370019 0.387924
0.32404 0.291679 0.391069
0.50639 0.236598 0.683238
0.533467 0.2215 0.315874
0.39394 0.356025 0.601237
0.461825 0.298643 0.678115
0.507951 0.230687 0.300039
0.302221 0.248429 0.519935
0.410602 0.265489 0.659579
0.673212 0.315777 0.475358
0.626625 0.305742 0.367861
0.487046 0.212375 0.667681
0.343873 0.296792 0.614099
0.541459 0.228969 0.671239
0.490269 0.241013 0.295648
0.537926 0.369561 0.387342
0.296456 0.225269 0.460415
0.349374 0.307564 0.36716
0.600441 0.265707 0.635442
0.645102 0.346736 0.47714
0.623542 0.251893 0.373132
0.444656 0.241409 0.31107
0.455701 0.233738 0.304526
0.656782 0.337084 0.476081
0.316402 0.288978 0.537616
0.501451 0.221972 0.670816
0.301851 0.235692 0.517337
0.678214 0.295497 0.519236
0.331958 0.315655 0.392105
0.545271 0.367698 0.577585
0.567363 0.339492 0.63957
0.680979 0.218539 0.521068
0.333954 0.262001 0.599634
0.426953 0.291653 0.315845
0.326774 0.264957 0.585643
0.5788 0.31734 0.33021
0.458899 0.252878 0.681779
0.321056 0.285544 0.395303
0.602563 0.27356 0.644666
0.346645 0.270587 0.367072
0.648099 0.279712 0.605812
0.501236 0.360078 0.362431
0.428073 0.258868 0.658173
0.612628 0.272705 0.613672
0.31878 0.287009 0.544375
0.291372 0.238462 0.47608
0.476936 0.368514 0.469922
0.544161 0.373344 0.407155
0.30097 0.235241 0.451696
0.595725 0.285568 0.65866
0.51908 0.247894 0.683222
0.641289 0.293115 0.613679
0.666793 0.227183 0.476385
0.445679 0.2576 0.675575
0.397132 0.277258 0.630144
0.588875 0.267984 0.642304
0.375319 0.365689 0.473364
0.455424 0.251084 0.679749
0.519283 0.346422 0.341249
0.49964 0.3688 0.496603
0.666248 0.269826 0.576766
0.353756 0.265044 0.597851
0.486403 0.255428 0.6876
0.5042 0.368736 0.543281
0.68783 0.270997 0.515317
0.583438 0.368162 0.508238
0.505125 0.368329 0.556128
0.633379 0.341123 0.391488
0.303934 0.277642 0.459397
0.404436 0.342796 0.350513
0.513753 0.240417 0.303071
0.609296 0.323807 0.351644
0.644194 0.288381 0.608037
0.315579 0.250305 0.419004
0.436966 0.375749 0.492952
0.497947 0.256012 0.685276
0.600206 0.262226 0.351228
0.353019 0.305024 0.367027
0.318141 0.2638 0.402035
0.302638 0.237619 0.455873
0.304016 0.236987 0.453979
0.406894 0.273917 0.656524
0.635207 0.351853 0.416708
0.549892 0.36923 0.459865
0.546492 0.240648 0.670021
0.640561 0.347504 0.480514
0.408961 0.374754 0.503239
0.473705 0.272235 0.688462
0.559183 0.26535 0.316012
0.465391 0.273325 0.301297
0.467057 0.368312 0.565185
0.640705 0.281177 0.386308
0.423448 0.268059 0.324231
0.457779 0.374731 0.424241
0.463376 0.367499 0.573523
0.363069 0.27851 0.602223
0.588618 0.364832 0.537437
0.501155 0.367241 0.558945
0.364628 0.319532 0.362188
0.639469 0.28413 0.611946
0.550551 0.301527 0.669238
0.518267 0.339644 0.335574
0.381027 0.272142 0.623978
0.371509 0.318485 0.627364
0.400152 0.280177 0.636319
0.393867 0.363053 0.394995
0.301917 0.2448 0.463435
0.628914 0.317191 0.375872
0.481615 0.328393 0.659554
0.3197 0.241306 0.4362
0.558192 0.256712 0.321119
0.671062 0.253196 0.555858
0.665497 0.269627 0.413259
0.55479 0.254682 0.32006
0.681603 0.25039 0.472996
0.323492 0.264098 0.55866
0.610187 0.267614 0.359971
0.463707 0.369631 0.492489
0.362848 0.300732 0.359328
0.55308 0.364781 0.490275
0.469124 0.369409 0.538606
0.536022 0.246103 0.667598
0.637789 0.266402 0.389625
0.641231 0.279306 0.602746
0.475767 0.331995 0.656188
0.468936 0.368164 0.396264
0.616569 0.363302 0.446165
0.675838 0.275537 0.438927
0.323114 0.304758 0.524809
0.458528 0.353856 0.619568
0.407259 0.327795 0.335203
0.521575 0.369445 0.422401
0.503941 0.364393 0.490468
0.671851 0.234202 0.486772
0.683337 0.259646 0.482063
0.452905 0.298878 0.315904
0.497814 0.299585 0.313388
0.473494 0.285795 0.683399
0.571993 0.359675 0.375366
0.618062 0.36123 0.458288
0.325742 0.305305 0.527972
0.392253 0.36975 0.43859
0.49524 0.364007 0.578131
0.645153 0.312169 0.394833
0.667453 0.246545 0.546373
0.670971 0.250008 0.434495
0.344606 0.339553 0.529568
0.471312 0.367008 0.510067
0.676639 0.245997 0.475674
0.46016 0.247308 0.677076
0.614119 0.356144 0.521346
0.385443 0.285978 0.342199
0.640217 0.327928 0.588124
0.500505 0.24035 0.310801
0.492663 0.232279 0.675878
0.556008 0.36214 0.521939
0.316753 0.272344 0.413667
0.555086 0.362374 0.513277
0.555956 0.36412 0.56926
0.497133 0.253886 0.680715
0.3318 0.325805 0.480994
0.490975 0.362527 0.481566
0.388094 0.283785 0.619507
0.682168 0.269793 0.482906
0.328403 0.279571 0.391179
0.472418 0.318808 0.324627
0.317482 0.282931 0.524592
0.330007 0.28405 0.566875
0.417034 0.376477 0.440848
0.473414 0.36078 0.374932
0.526511 0.362764 0.582052
0.6225 0.357598 0.461457
0.447827 0.372087 0.466011
0.421325 0.374521 0.495572
0.4149 0.373545 0.501313
0.388357 0.294548 0.640701
0.330347 0.316446 0.505172
0.617327 0.326826 0.368615
0.427398 0.331238 0.336479
0.646167 0.275135 0.404675
0.307242 0.268018 0.482052
0.671224 0.277236 0.437416
0.41458 0.365723 0.55527
0.503476 0.276606 0.680427
0.594817 0.34189 0.361805
0.313925 0.269242 0.503098
0.670289 0.272245 0.433956
0.542933 0.359166 0.54155
0.360987 0.3053 0.616523
0.460616 0.266947 0.308851
0.329747 0.319757 0.471557
0.619954 0.358934 0.451458
0.349608 0.33619 0.551868
0.389399 0.294144 0.340657
0.470634 0.361776 0.586165
0.355508 0.335037 0.39092
0.668156 0.293632 0.536583
0.511303 0.246733 0.314011
0.647631 0.277822 0.402403
0.637062 0.291546 0.604861
0.550832 0.360899 0.474658
0.670498 0.241353 0.497594
0.518438 0.361267 0.550615
0.500786 0.335613 0.337827
0.670201 0.250015 0.446009
0.555668 0.361425 0.487451
0.320277 0.265742 0.524961
0.319832 0.266969 0.522848
0.505937 0.363069 0.449004
0.571578 0.361812 0.51496
0.408541 0.359078 0.591986
0.34159 0.289179 0.594995
0.367556 0.295758 0.614901
0.453312 0.295166 0.66752
0.527256 0.362155 0.390772
0.382501 0.286782 0.352775
0.515534 0.36409 0.404845
0.669052 0.284042 0.441197
0.652424 0.282002 0.410423
0.369834 0.357009 0.470286
0.517729 0.359849 0.584291
0.321127 0.284415 0.426342
0.397252 0.354652 0.591487
0.354837 0.292567 0.601756
0.538581 0.336509 0.342407
0.667001 0.2418 0.508723
0.483135 0.26156 0.309786
0.581925 0.284399 0.649998
0.537779 0.355032 0.478018
0.536251 0.263804 0.316811
0.492041 0.31756 0.327218
0.44348 0.368469 0.4961
0.63188 0.325258 0.387703
0.564476 0.362668 0.468603
0.514139 0.359806 0.552015
0.331617 0.274428 0.404356
0.432708 0.32429 0.333285
0.509854 0.355326 0.476808
0.357791 0.338719 0.397087
0.460088 0.351516 0.363827
0.673293 0.29043 0.465378
0.479227 0.258725 0.679281
0.574937 0.370422 0.443021
0.665057 0.296579 0.535285
0.589519 0.291849 0.341311
0.423199 0.285395 0.654195
0.575713 0.360969 0.548486
0.498913 0.306045 0.321291
0.343684 0.331678 0.484574
0.461544 0.251056 0.671362
0.328599 0.299866 0.506199
0.393707 0.295488 0.34386
0.331681 0.301405 0.407255
0.660808 0.312516 0.449064
0.467673 0.359313 0.584078
0.547261 0.363539 0.395313
0.513932 0.286682 0.67085
0.561809 0.35015 0.367469
0.385887 0.295651 0.620282
0.343897 0.31669 0.396456
0.505588 0.296419 0.669218
0.383591 0.304791 0.352473
0.586093 0.312235 0.639874
0.599417 0.307825 0.350887
0.446353 0.299052 0.323384
0.548594 0.354622 0.522645
0.35771 0.334317 0.567448
0.667049 0.295118 0.50113
0.510223 0.301254 0.666793
0.591936 0.357183 0.515024
0.665435 0.300948 0.453952
0.319875 0.265545 0.447233
0.375291 0.349348 0.562493
0.503965 0.301249 0.667475
0.330476 0.283702 0.539032
0.672346 0.264999 0.521088
0.54449 0.360206 0.385532
0.655695 0.304498 0.547984
0.481924 0.358436 0.519011
0.428756 0.310356 0.650261
0.559414 0.366502 0.442747
0.336761 0.314971 0.529662
0.448012 0.274253 0.667713
0.667528 0.248123 0.53279
0.366852 0.313398 0.375906
0.485508 0.34929 0.474001
0.547541 0.330669 0.63732
0.453068 0.308593 0.657008
0.363659 0.309227 0.601164
0.655226 0.320095 0.451961
0.591022 0.357298 0.567041
0.323327 0.269747 0.448935
0.427046 0.292003 0.332578
0.647447 0.322416 0.51739
0.586302 0.318795 0.634274
0.332232 0.299606 0.518382
0.4866 0.353201 0.505091
0.481991 0.305655 0.3264
0.473153 0.333334 0.345198
0.318653 0.273493 0.457093
0.358021 0.338204 0.536551
0.58189 0.356733 0.495703
0.441811 0.363387 0.51044
0.384372 0.304677 0.355871
0.498244 0.287631 0.669797
0.66825 0.278076 0.462551
0.319828 0.269251 0.456551
0.389271 0.319671 0.624183
0.489146 0.285795 0.317687
0.531077 0.35038 0.606179
0.422491 0.326138 0.639029
0.548516 0.356324 0.557908
0.482997 0.353211 0.460353
0.485356 0.354491 0.51678
0.590657 0.312742 0.634
0.619625 0.289674 0.599729
0.470187 0.358796 0.537438
0.364318 0.346979 0.487557
0.364803 0.314506 0.60239
0.645609 0.334414 0.45605
0.36079 0.329967 0.565439
0.486851 0.347995 0.494506
0.37784 0.318896 0.371126
0.468941 0.285934 0.669601
0.536196 0.343422 0.61742
0.633008 0.343279 0.456222
0.372627 0.351074 0.421213
0.486148 0.326539 0.341633
0.388299 0.345298 0.383399
0.486292 0.347678 0.491948
0.525434 0.291178 0.321256
0.399292 0.295536 0.617112
0.445866 0.362722 0.40288
0.53582 0.348181 0.535872
0.554259 0.282938 0.65229
0.321489 0.282999 0.476952
0.639014 0.338149 0.44996
0.535404 0.29035 0.323378
0.644358 0.295843 0.414265
0.542495 0.32683 0.341593
0.406097 0.361138 0.515915
0.661913 0.259199 0.499746
0.467097 0.245818 0.664933
0.41776 0.298808 0.340494
0.484079 0.354002 0.541501
0.53663 0.340412 0.356905
0.341814 0.324174 0.450098
0.404789 0.314769 0.343737
0.386809 0.353164 0.399151
0.663055 0.293352 0.471226
0.505918 0.343651 0.361984
0.466552 0.351154 0.377464
0.409612 0.317698 0.634166
0.342342 0.291184 0.40996
0.5585 0.334443 0.350965
0.443753 0.320994 0.644077
0.366765 0.338131 0.540681
0.657275 0.266851 0.463962
0.661572 0.272589 0.509977
0.500843 0.322381 0.643115
0.562495 0.348979 0.499296
0.586896 0.358506 0.45888
0.434139 0.364682 0.444584
0.527359 0.339609 0.482995
0.388993 0.29833 0.601058
0.367568 0.310755 0.384466
0.616097 0.343006 0.565595
0.527999 0.342136 0.507451
0.551657 0.357597 0.442924
0.479271 0.351656 0.543086
0.484156 0.34077 0.47753
0.36666 0.329455 0.391636
0.653024 0.294537 0.542758
0.38248 0.350498 0.511235
0.574375 0.353287 0.386002
0.460736 0.350844 0.470066
0.639008 0.311935 0.568315
0.377589 0.301827 0.374783
0.413079 0.341946 0.365501
0.42066 0.365073 0.47699
0.625376 0.294668 0.587087
0.395751 0.358681 0.495081
0.521196 0.342921 0.459901
0.533517 0.34152 0.501385
0.637007 0.329916 0.41547
0.363948 0.338186 0.514255
0.626316 0.309507 0.397683
0.547397 0.345185 0.48601
0.472364 0.298169 0.66316
0.474837 0.352069 0.386669
0.571218 0.358008 0.457159
0.382632 0.343593 0.572714
0.362793 0.338916 0.43441
0.650509 0.261763 0.47986
0.475157 0.287007 0.664868
0.511951 0.320276 0.637475
0.415141 0.362074 0.478853
0.553726 0.351097 0.455993
0.549891 0.313699 0.635701
0.334324 0.292571 0.449719
0.349843 0.306799 0.411612
0.541486 0.295117 0.334957
0.526723 0.286101 0.653915
0.522789 0.300106 0.648023
0.506944 0.284972 0.331706
0.511842 0.343935 0.375474
0.608092 0.353173 0.452288
0.369586 0.343974 0.430144
0.525892 0.344633 0.443635
0.374616 0.319293 0.385424
0.482827 0.347895 0.59548
0.64992 0.298511 0.486939
0.541439 0.339092 0.482818
0.362984 0.338904 0.420246
0.514837 0.326805 0.631241
0.423791 0.357053 0.517194
0.654984 0.27435 0.494683
0.424272 0.318879 0.633498
0.480172 0.305381 0.655315
0.405312 0.312506 0.621771
0.536824 0.300412 0.333394
0.51969 0.337245 0.463148
0.541964 0.343348 0.462663
0.355343 0.319961 0.544301
0.403164 0.335648 0.36683
0.44828 0.325779 0.635023
0.456319 0.351703 0.525979
0.544017 0.352348 0.440545
0.399362 0.322732 0.609271
0.648214 0.26374 0.493039
0.62259 0.341939 0.425726
0.521494 0.317782 0.631756
0.604667 0.341941 0.47726
0.537265 0.340686 0.454207
0.382581 0.345827 0.476419
0.491408 0.323029 0.351359
0.336261 0.293271 0.459424
0.463563 0.293464 0.654771
0.4901 0.333682 0.364485
0.541247 0.352368 0.417963
0.497438 0.346241 0.572996
0.560618 0.348793 0.561254
0.384499 0.323264 0.383431
0.380775 0.345971 0.459747
0.453465 0.284286 0.652213
0.355436 0.320719 0.53352
0.366958 0.337534 0.453954
0.485849 0.33212 0.487469
0.463975 0.336642 0.366603
0.389188 0.350023 0.471407
0.646993 0.29355 0.491789
0.415601 0.352378 0.563731
0.599524 0.324055 0.376884
0.408607 0.361171 0.442248
0.419669 0.362598 0.435478
0.547959 0.345577 0.455133
0.494431 0.283789 0.657609
0.347217 0.307393 0.428331
0.473213 0.345126 0.539092
0.49442 0.257324 0.656323
0.331126 0.285397 0.478134
0.381504 0.344546 0.490361
0.603486 0.317041 0.602239
0.396533 0.329931 0.603824
0.375476 0.337134 0.487587
0.646533 0.264417 0.505985
0.456372 0.34201 0.496067
0.530652 0.314474 0.62885
0.452224 0.349977 0.447713
0.523219 0.330128 0.457319
0.512432 0.264973 0.638706
0.606111 0.306594 0.593259
0.339217 0.294382 0.490225
0.628168 0.308283 0.565102
0.44785 0.351128 0.449324
0.56728 0.339809 0.524138
0.475727 0.327195 0.479936
0.629037 0.330756 0.447139
0.49625 0.258442 0.650611
0.387774 0.344523 0.482039
0.648652 0.268282 0.514218
0.346685 0.299752 0.447598
0.571904 0.316862 0.616306
0.645298 0.265422 0.498232
0.383473 0.32691 0.580603
0.4152 0.351334 0.518294
0.417804 0.334627 0.369092
0.424421 0.329551 0.618632
0.628106 0.32226 0.526745
0.435126 0.350009 0.563627
0.378925 0.329647 0.562225
0.420354 0.350244 0.566279
0.445595 0.348315 0.583792
0.496339 0.255502 0.648394
0.39676 0.309325 0.601391
0.62938 0.329677 0.433093
0.62881 0.316861 0.544388
0.356795 0.31313 0.42819
0.494966 0.340662 0.386658
0.529793 0.324385 0.470804
0.397709 0.325217 0.387283
0.645041 0.266878 0.518724
0.570092 0.33775 0.600266
0.539393 0.313736 0.622064
0.62833 0.325195 0.452449
0.511207 0.322083 0.464801
0.342661 0.288488 0.499627
0.477224 0.340715 0.587111
0.359646 0.313374 0.53278
0.517295 0.334156 0.555939
0.381267 0.33604 0.494191
0.543482 0.292593 0.628905
0.445046 0.337173 0.378841
0.366883 0.30726 0.549044
0.601224 0.336341 0.578947
0.394066 0.343055 0.504667
0.530562 0.340207 0.404806
0.630165 0.294276 0.55369
0.505354 0.32302 0.500248
0.504685 0.323844 0.503948
0.618946 0.324543 0.498435
0.444481 0.344569 0.589992
0.509852 0.333494 0.602043
0.430342 0.309196 0.359235
0.575446 0.356201 0.424557
0.435322 0.336932 0.377573
0.639285 0.30224 0.443715
0.57137 0.347434 0.399207
0.353678 0.311548 0.51621
0.630276 0.299802 0.551306
0.590217 0.355833 0.4226
0.44961 0.339391 0.482131
0.53256 0.275029 0.631964
0.611418 0.326829 0.573444
0.348573 0.305425 0.485377
0.413946 0.302443 0.611487
0.391058 0.334103 0.544249
0.63498 0.282311 0.532611
0.427682 0.33902 0.387418
0.547649 0.313104 0.614588
0.477058 0.337893 0.399438
0.49988 0.312056 0.472028
0.484762 0.320581 0.371247
0.622656 0.310349 0.508201
0.389723 0.312895 0.582159
0.396305 0.339418 0.512613
0.633988 0.280131 0.535477
0.592924 0.34007 0.464389
0.427093 0.331468 0.606646
0.393697 0.341582 0.450428
0.408626 0.344058 0.530287
0.400893 0.341644 0.531336
0.461899 0.311553 0.630002
0.637811 0.285174 0.470517
0.416579 0.331885 0.381015
0.349601 0.29584 0.502594
0.506295 0.332966 0.395678
0.461985 0.279257 0.642007
0.627854 0.301715 0.485962
0.403385 0.339442 0.399489
0.543288 0.336275 0.589161
0.446384 0.338038 0.504556
0.599408 0.333077 0.540134
0.453491 0.335323 0.506712
0.622379 0.311011 0.493983
0.482982 0.322507 0.514659
0.501472 0.31378 0.489023
0.55703 0.335541 0.549534
0.507062 0.33085 0.436585
0.571275 0.330627 0.488015
0.537206 0.335852 0.577784
0.523367 0.316652 0.50068
0.380272 0.324836 0.468508
0.375586 0.319756 0.434246
0.624342 0.30143 0.478334
0.623488 0.294285 0.536392
0.48482 0.308556 0.627326
0.497858 0.304277 0.474327
0.581518 0.337385 0.398391
0.406329 0.339368 0.520163
0.529324 0.268552 0.623306
0.457673 0.299632 0.359125
0.546483 0.325748 0.539545
0.54676 0.331953 0.563911
0.36292 0.309404 0.496446
0.492451 0.321537 0.450973
0.569167 0.322842 0.597871
0.474259 0.26447 0.64233
0.384198 0.32667 0.478819
0.631685 0.26729 0.454024
0.466603 0.275504 0.639031
0.458154 0.324576 0.380174
0.495504 0.333077 0.413548
0.498126 0.328911 0.56563
0.350469 0.279848 0.489311
0.470701 0.334722 0.577488
0.628762 0.303989 0.427073
0.473011 0.312607 0.484941
0.388911 0.305873 0.573411
0.358938 0.301777 0.517752
0.535543 0.320428 0.533956
0.631415 0.269067 0.486176
0.610407 0.314279 0.557958
0.483991 0.331354 0.590753
0.420809 0.3409 0.518884
0.607375 0.331527 0.463035
0.503073 0.320336 0.53414
0.475856 0.329807 0.39519
0.427945 0.294131 0.609001
0.367929 0.303743 0.457747
0.46613 0.329643 0.559202
0.622404 0.278632 0.536486
0.619212 0.286513 0.540815
0.487872 0.295255 0.480224
0.431027 0.336448 0.536784
0.532118 0.304206 0.481821
0.545113 0.33156 0.406617
0.58503 0.30857 0.585877
0.499068 0.293227 0.623997
0.552366 0.322064 0.38502
0.629269 0.275325 0.449614
0.521058 0.307187 0.610817
0.408885 0.3346 0.551371
0.472713 0.2981 0.367018
0.581256 0.324023 0.390236
0.61155 0.295101 0.55643
0.361775 0.284776 0.501092
0.599595 0.331112 0.414176
0.438382 0.310048 0.613594
0.502606 0.284544 0.625235
0.467364 0.319955 0.388242
0.469563 0.293704 0.629221
0.610569 0.305519 0.542208
0.479408 0.294206 0.630229
0.621682 0.303957 0.46667
0.505323 0.294119 0.363444
0.483272 0.304384 0.499446
0.477621 0.330056 0.422578
0.514841 0.302109 0.367599
0.557756 0.285842 0.604591
0.399757 0.30456 0.580994
0.528726 0.278755 0.62094
0.408591 0.304741 0.591371
0.61 0.306879 0.53788
0.391922 0.318018 0.507434
0.363852 0.284826 0.47216
0.561115 0.307645 0.38031
0.380591 0.296442 0.543127
0.50028 0.315647 0.554318
0.477345 0.294108 0.483971
0.539571 0.325647 0.420635
0.383625 0.313767 0.455942
0.545321 0.310145 0.46709
0.500361 0.304308 0.610596
0.466963 0.301517 0.376979
0.582347 0.31707 0.486143
0.57434 0.296861 0.589243
0.582596 0.320612 0.472411
0.503241 0.304505 0.519744
0.472889 0.316586 0.398941
0.500607 0.316568 0.558038
0.622665 0.27762 0.474601
0.543338 0.319066 0.394677
0.475296 0.321794 0.408075
0.618133 0.274733 0.510388
0.5056 0.29947 0.375412
0.535834 0.321989 0.578164
0.465885 0.291157 0.369789
0.609905 0.313039 0.464596
0.478377 0.318246 0.43963
0.543583 0.323836 0.579223
0.37906 0.30335 0.483651
0.411376 0.329661 0.467166
0.577545 0.307922 0.390542
0.45936 0.317489 0.462001
0.431735 0.336846 0.437334
0.610354 0.319948 0.427914
0.509917 0.306259 0.525591
0.540056 0.325829 0.41341
0.469403 0.319596 0.447076
0.422442 0.310892 0.591393
0.426971 0.329594 0.449125
0.375334 0.286815 0.495215
0.480777 0.282649 0.479298
0.500165 0.262293 0.616028
0.473522 0.290332 0.484834
0.47162 0.316094 0.436203
0.5949 0.312 0.473448
0.622012 0.256682 0.515817
0.557549 0.313834 0.539649
0.538026 0.2788 0.605883
0.523089 0.301469 0.450058
0.53959 0.310115 0.451419
0.475225 0.289322 0.475221
0.547289 0.306011 0.384975
0.557891 0.315649 0.545674
0.436149 0.321856 0.591565
0.388505 0.309622 0.446721
0.603676 0.28734 0.550224
0.620315 0.27539 0.455733
0.594343 0.30718 0.523268
0.618061 0.263255 0.510971
0.603942 0.27927 0.554912
0.538606 0.316702 0.406717
0.471675 0.297838 0.386315
0.509754 0.287585 0.371315
0.431293 0.327547 0.410153
0.517992 0.298695 0.520383
0.572224 0.314504 0.531462
0.605487 0.287909 0.542957
0.429383 0.280498 0.599762
0.536003 0.30438 0.457886
0.456168 0.314779 0.599761
0.541013 0.312458 0.448287
0.469847 0.266405 0.621661
0.622591 0.244106 0.50856
0.418076 0.317675 0.575354
0.555552 0.305829 0.395812
0.560567 0.286566 0.590209
0.507586 0.289497 0.458351
0.511347 0.300806 0.549986
0.460712 0.294203 0.485267
0.494623 0.291673 0.455065
0.604053 0.279425 0.534177
0.585699 0.309315 0.470609
0.481598 0.289665 0.458924
0.607315 0.274509 0.514989
0.417235 0.305257 0.579921
0.374314 0.26647 0.476126
0.409941 0.304375 0.477288
0.477309 0.288494 0.509083
0.599052 0.291386 0.486538
0.45883 0.312517 0.445214
0.51097 0.303869 0.564237
0.537052 0.308445 0.581097
0.528006 0.292764 0.517235
0.500117 0.284487 0.603527
0.402452 0.310466 0.429766
0.570214 0.286947 0.397319
0.565055 0.302247 0.513778
0.613986 0.265673 0.468317
0.402593 0.298374 0.476413
0.537067 0.313121 0.415654
0.591121 0.265548 0.410832
0.486309 0.295723 0.530926
0.438378 0.266514 0.603618
0.502818 0.267128 0.608223
0.610652 0.268031 0.512993
0.488029 0.306304 0.592463
0.381475 0.280759 0.476081
0.467653 0.311692 0.414849
0.606199 0.277607 0.486075
0.40689 0.289491 0.48201
0.562365 0.31453 0.417729
0.456428 0.305079 0.447804
0.517249 0.280516 0.461623
0.400189 0.297347 0.517107
0.446327 0.295368 0.485317
0.583736 0.288236 0.56355
0.473261 0.284446 0.511105
0.578157 0.296081 0.501525
0.3854 0.281176 0.448202
0.545333 0.302561 0.573065
0.412965 0.311477 0.445518
0.587017 0.285094 0.413194
0.467693 0.256917 0.612023
0.564903 0.297527 0.47103
0.593406 0.284701 0.502332
0.593669 0.261296 0.566085
0.502873 0.287785 0.449149
0.479049 0.264884 0.480882
0.41194 0.307646 0.513716
0.436351 0.305595 0.498536
0.401442 0.291553 0.466844
0.424838 0.315345 0.527249
0.548874 0.301624 0.551521
0.570307 0.287391 0.578673
0.424575 0.316185 0.571043
0.497816 0.29117 0.539736
0.505153 0.269993 0.48523
0.434461 0.301245 0.485992
0.519792 0.297114 0.580853
0.444578 0.317466 0.425679
0.467372 0.288229 0.600413
0.459137 0.286287 0.390308
0.579955 0.271416 0.406406
0.608394 0.252623 0.488161
0.47455 0.261912 0.375948
0.412091 0.28205 0.472874
0.46268 0.246628 0.608486
0.40096 0.282994 0.5317
0.551302 0.297962 0.448015
0.415299 0.285208 0.471877
0.42898 0.293086 0.486082
0.407198 0.25402 0.571525
0.496669 0.260883 0.599137
0.522513 0.281151 0.450081
0.532912 0.289987 0.576777
0.603538 0.251333 0.493661
0.523857 0.288732 0.577238
0.454742 0.293474 0.409754
0.431581 0.256615 0.594808
0.48063 0.275633 0.594513
0.60592 0.255915 0.459876
0.397374 0.278172 0.465423
0.399253 0.265971 0.54719
0.414895 0.279965 0.478768
0.562205 0.278897 0.580507
0.598507 0.264515 0.538437
0.452955 0.28337 0.594249
0.417239 0.294598 0.564203
0.57592 0.310701 0.429886
0.4875 0.288272 0.422947
0.549384 0.303181 0.419917
0.608892 0.247071 0.531506
0.584259 0.271218 0.566658
0.601288 0.250613 0.481553
0.564559 0.278038 0.401584
0.528519 0.286392 0.403137
0.514922 0.281562 0.401362
0.487384 0.252998 0.377842
0.468658 0.280712 0.400088
0.605385 0.257177 0.525496
0.451715 0.285257 0.593251
0.432294 0.24596 0.595246
0.464286 0.261894 0.391949
0.499209 0.249098 0.379708
0.565138 0.290462 0.45546
0.542331 0.2802 0.45644
0.419558 0.280071 0.490187
0.488369 0.252787 0.492612
0.601936 0.247546 0.533966
0.522372 0.262517 0.494981
0.457998 0.290757 0.5502
0.557857 0.280954 0.531291
0.536509 0.286791 0.416721
0.431583 0.295395 0.57093
0.453422 0.277497 0.496784
0.561196 0.281417 0.530855
0.603733 0.230509 0.477242
0.544475 0.256566 0.591137
0.605344 0.232941 0.470406
0.558537 0.263212 0.398875
0.47525 0.236399 0.608733
0.532748 0.263578 0.4815
0.463167 0.267662 0.39683
0.485237 0.2534 0.494889
0.572872 0.288506 0.462312
0.474681 0.283862 0.569443
0.557114 0.275852 0.508958
0.574115 0.299373 0.430874
0.494953 0.267451 0.452487
0.544191 0.284912 0.449484
0.462414 0.288674 0.581359
0.473186 0.251015 0.478306
0.609563 0.215253 0.474057
0.455063 0.282985 0.455847
0.431372 0.300015 0.548912
0.501401 0.231305 0.607121
0.551805 0.273761 0.483314
0.417431 0.276243 0.520613
0.475789 0.250234 0.50042
0.422508 0.283511 0.450251
0.591366 0.249632 0.42558
0.534156 0.244621 0.592537
0.420183 0.267834 0.492385
0.573167 0.268641 0.490446
0.460985 0.281537 0.566042
0.440522 0.282875 0.517587
0.484077 0.265014 0.418519
0.485612 0.260512 0.52738
0.519337 0.261554 0.517351
0.402202 0.248997 0.495559
0.516107 0.255148 0.502368
0.474471 0.235764 0.603609
0.418466 0.27771 0.529032
0.521739 0.256308 0.501818
0.393154 0.256849 0.458574
0.590114 0.243806 0.558408
0.531722 0.258452 0.497156
0.521178 0.251283 0.489493
0.492266 0.265137 0.580513
0.515128 0.254353 0.50098
0.588287 0.23995 0.567746
0.525938 0.269124 0.410482
0.581983 0.261964 0.488586
0.396885 0.252365 0.470159
0.433335 0.271745 0.469074
0.496496 0.241244 0.484275
0.580562 0.265472 0.52778
0.559331 0.27398 0.537974
0.546077 0.261946 0.479879
0.612594 0.224411 0.518663
0.445627 0.279186 0.51354
0.471421 0.268776 0.583044
0.503936 0.256889 0.396252
0.419361 0.27014 0.448838
0.474008 0.24847 0.517544
0.524348 0.252525 0.515131
0.602116 0.222977 0.428362
0.451335 0.261355 0.582277
0.411852 0.247497 0.496336
0.450676 0.245183 0.399885
0.558947 0.257101 0.512881
0.450353 0.274947 0.565931
0.406653 0.231488 0.413816
0.457807 0.2694 0.575191
0.523868 0.228107 0.597804
0.600359 0.235954 0.444253
0.541576 0.25052 0.398929
0.54344 0.264182 0.554206
0.426649 0.273011 0.552356
0.459816 0.265053 0.420985
0.598441 0.221056 0.556944
0.529561 0.244259 0.48323
0.429861 0.263759 0.499543
0.46828 0.260155 0.419071
0.498741 0.224354 0.383656
0.585362 0.25644 0.434784
0.584672 0.229366 0.410395
0.51285 0.258041 0.546374
0.565235 0.255756 0.568684
0.580156 0.249731 0.551751
0.548305 0.264735 0.550945
0.452881 0.263324 0.456184
0.45799 0.249299 0.492919
0.493795 0.20573 0.611773
0.418523 0.262205 0.52689
0.554835 0.250832 0.577181
0.416748 0.268925 0.447353
0.589435 0.242866 0.426393
0.400638 0.234398 0.519856
0.421516 0.24679 0.510014
0.595735 0.22383 0.463937
0.596111 0.224262 0.533099
0.420243 0.230596 0.407179
0.553735 0.250187 0.531536
0.411386 0.23561 0.497076
0.592633 0.22561 0.50405
0.486405 0.239458 0.41282
0.400889 0.234197 0.470973
0.415151 0.248042 0.549063
0.525802 0.242213 0.451006
0.414426 0.250024 0.431488
0.479052 0.230681 0.509237
0.475525 0.232171 0.508055
0.392956 0.222457 0.477013
0.441673 0.240203 0.481662
0.538281 0.226078 0.590664
0.502094 0.248469 0.566922
0.536843 0.245775 0.573415
0.466439 0.254719 0.570958
0.458217 0.2526 0.532215
0.522998 0.23188 0.470956
0.492351 0.24301 0.537657
0.393434 0.230123 0.465089
0.436429 0.241358 0.478426
0.478156 0.245279 0.577652
0.504653 0.225407 0.47487
0.51705 0.247843 0.569675
0.424395 0.244267 0.473316
0.413318 0.226218 0.581374
0.429702 0.258259 0.526738
0.606605 0.211916 0.533119
0.423559 0.24842 0.508383
0.532711 0.247886 0.531655
0.472789 0.230941 0.396321
0.484493 0.207186 0.609224
0.421781 0.233011 0.504819
0.437133 0.250163 0.546474
0.573321 0.231236 0.480646
0.533202 0.229227 0.497325
0.561102 0.234983 0.506313
0.404987 0.220839 0.49877
0.607336 0.205389 0.512099
0.49915 0.226479 0.454743
0.604404 0.206034 0.541872
0.482316 0.222749 0.400895
0.542542 0.239131 0.418702
0.578318 0.226723 0.484747
0.409574 0.224227 0.511485
0.454652 0.235133 0.511601
0.573727 0.238128 0.424628
0.562925 0.24376 0.456378
0.44884 0.243085 0.527628
0.5639 0.234717 0.503923
0.405742 0.226675 0.470355
0.426647 0.231481 0.488722
0.428189 0.248853 0.552107
0.43196 0.245668 0.530165
0.589728 0.220479 0.5469
0.509699 0.216341 0.391821
0.614728 0.192802 0.50645
0.535829 0.229784 0.496963
0.449926 0.224009 0.591321
0.559539 0.223397 0.399884
0.496725 0.229344 0.579882
0.538396 0.231739 0.503441
0.474624 0.227358 0.52423
0.42128 0.240908 0.564987
0.442585 0.238482 0.505374
0.577316 0.241371 0.438651
0.58048 0.22799 0.526226
0.571545 0.224219 0.575501
0.422247 0.230556 0.42817
0.437005 0.237363 0.566575
0.455893 0.232552 0.550982
0.543399 0.221177 0.500577
0.459638 0.215162 0.496993
0.393242 0.201129 0.502377
0.476014 0.219953 0.414734
0.595084 0.206842 0.42139
0.60149 0.192972 0.583743
0.393417 0.186785 0.600937
0.50941 0.213207 0.460298
0.578488 0.2197 0.553356
0.609012 0.195874 0.453425
0.485745 0.215477 0.407337
0.438125 0.201331 0.602018
0.565655 0.224504 0.474484
0.598552 0.207887 0.451258
0.546013 0.223497 0.412399
0.555482 0.206004 0.59338
0.542249 0.219929 0.49408
0.584673 0.211172 0.487098
0.443443 0.23284 0.57407
0.446449 0.215629 0.482455
0.510004 0.223057 0.426509
0.59301 0.207869 0.419922
0.537288 0.210343 0.588317
0.408139 0.214873 0.473475
0.468049 0.206419 0.485013
0.456055 0.230722 0.543482
0.419928 0.223984 0.463503
0.413652 0.212521 0.581251
0.500242 0.212631 0.40085
0.407343 0.22059 0.565641
0.542579 0.223862 0.571507
0.487088 0.196022 0.608041
0.468663 0.208098 0.490558
0.422788 0.220457 0.565887
0.452444 0.216677 0.452109
0.58996 0.185374 0.603375
0.591461 0.201691 0.463858
0.461158 0.212633 0.414511
0.388465 0.190625 0.504095
0.549684 0.215753 0.419102
0.456766 0.220166 0.428463
0.521227 0.197218 0.392818
0.419517 0.205595 0.478969
0.442674 0.220429 0.451086
0.567439 0.223045 0.439332
0.578767 0.189596 0.600731
0.549651 0.212469 0.412296
0.571606 0.221424 0.438387
0.610832 0.188356 0.535126
0.557918 0.214634 0.568515
0.565891 0.201527 0.393194
0.58382 0.206604 0.555037
0.607992 0.184141 0.39666
0.573529 0.20894 0.493794
0.479863 0.20209 0.521703
0.479072 0.193641 0.489264
0.547329 0.217074 0.549634
0.43256 0.211723 0.495915
0.557649 0.217163 0.558762
0.464612 0.20623 0.511535
0.406695 0.203246 0.49751
0.404124 0.204309 0.575888
0.538218 0.217416 0.431095
0.497069 0.212339 0.435162
0.441255 0.218649 0.417646
0.555846 0.219109 0.423153
0.562737 0.213843 0.533922
0.453486 0.219344 0.573442
0.427685 0.21566 0.415159
0.416769 0.19509 0.479699
0.449734 0.198158 0.467915
0.471398 0.197465 0.454268
0.606197 0.185432 0.46602
0.580171 0.193416 0.398122
0.612244 0.180741 0.510787
0.42571 0.208198 0.541844
0.556158 0.178151 0.61461
0.524512 0.201971 0.434934
0.559178 0.206887 0.455996
0.401025 0.192353 0.490727
0.580508 0.194215 0.513665
0.559762 0.202509 0.533408
0.593478 0.190195 0.526389
0.426631 0.199398 0.39772
0.611054 0.183594 0.5582
0.491207 0.188509 0.494729
0.55987 0.19979 0.512792
0.51992 0.189988 0.469715
0.500581 0.191522 0.397884
0.506022 0.198959 0.422081
0.488333 0.205005 0.566925
0.549449 0.201037 0.410176
0.546729 0.193779 0.588118
0.418281 0.197232 0.399904
0.567241 0.210378 0.435327
0.427158 0.192609 0.386461
0.526729 0.188555 0.596217
0.579231 0.198616 0.54244
0.415731 0.177996 0.614983
0.432386 0.201042 0.496721
0.530693 0.194637 0.467365
0.519643 0.189211 0.482532
0.533917 0.197306 0.462674
0.581759 0.197177 0.413063
0.530799 0.203934 0.533365
0.414128 0.186006 0.475377
0.604201 0.17854 0.513018
0.457823 0.192315 0.536355
0.434634 0.193265 0.402767
0.470236 0.181892 0.49845
0.611524 0.175889 0.51221
0.42761 0.198603 0.430756
0.565469 0.189728 0.516155
0.395609 0.178863 0.595915
0.606312 0.178783 0.490281
0.410371 0.184032 0.589292
0.432407 0.199969 0.433928
0.40822 0.191195 0.544167
0.579218 0.190847 0.417299
0.401103 0.178732 0.599367
0.442353 0.197441 0.548819
0.552891 0.192156 0.573903
0.47396 0.17922 0.490064
0.56435 0.190591 0.525533
0.60349 0.177804 0.590379
0.490929 0.192585 0.551645
0.554197 0.183269 0.596379
0.488494 0.189039 0.535117
0.61725 0.175489 0.558605
0.386599 0.180031 0.412263
0.482373 0.179953 0.390564
0.390217 0.186965 0.564096
0.433842 0.184731 0.38335
0.504749 0.174499 0.613104
0.485914 0.186026 0.453953
0.454674 0.185684 0.494097
0.429861 0.189008 0.483987
0.531191 0.183508 0.479383
0.442022 0.194288 0.526715
0.409458 0.181062 0.596697
0.590019 0.183557 0.527056
0.410165 0.170894 0.374267
0.605193 0.173401 0.531778
0.569579 0.170401 0.616232
0.442146 0.182129 0.402761
0.606497 0.172937 0.481271
0.600637 0.173477 0.515916
0.529464 0.184115 0.562303
0.432803 0.179665 0.476146
0.394053 0.175799 0.399209
0.509276 0.175384 0.463742
0.613589 0.17083 0.395669
0.440107 0.18276 0.517695
0.376506 0.167985 0.474678
0.627616 0.164412 0.542635
0.486309 0.184272 0.566978
0.441297 0.185474 0.573513
0.478692 0.172216 0.492811
0.457968 0.169742 0.375646
0.489268 0.181904 0.432296
0.492317 0.172026 0.608156
0.422214 0.179111 0.474398
0.566416 0.182515 0.400477
0.568786 0.185514 0.45185
0.617569 0.168446 0.599194
0.619777 0.169699 0.549995
0.488362 0.172671 0.490158
0.594914 0.177578 0.436283
0.566149 0.18169 0.481935
0.454636 0.182995 0.578208
0.599368 0.174733 0.399435
0.377307 0.174019 0.56009
0.525651 0.182837 0.542963
0.489883 0.182317 0.551461
0.405963 0.179897 0.441249
0.548568 0.185344 0.426586
0.461853 0.182944 0.423161
0.408375 0.172725 0.529307
0.605994 0.168893 0.55338
0.433911 0.175084 0.444976
0.450641 0.171851 0.402856
0.489002 0.167407 0.464765
0.58953 0.169235 0.520247
0.384404 0.167856 0.450335
0.544103 0.174923 0.428693
0.389773 0.169435 0.442816
0.411298 0.17313 0.435941
0.572194 0.176378 0.443839
0.446754 0.167905 0.611569
0.606709 0.167366 0.400784
0.410181 0.172911 0.423261
0.577031 0.171885 0.525871
0.439493 0.169799 0.602297
0.393166 0.169084 0.395556
0.446126 0.172279 0.516715
0.412264 0.172632 0.580106
0.366526 0.158643 0.621196
0.605606 0.167385 0.390774
0.580331 0.174398 0.441718
0.395376 0.16334 0.620169
0.618834 0.163872 0.379173
0.606133 0.167496 0.443321
0.490807 0.168997 0.595409
0.557572 0.174508 0.548832
0.449087 0.172544 0.585136
0.398279 0.172499 0.545586
0.463843 0.168873 0.600751
0.558813 0.167102 0.374195
0.370518 0.160963 0.613565
0.443289 0.16133 0.630463
0.627155 0.161125 0.609714
0.44648 0.170723 0.497127
0.583593 0.17295 0.558492
0.403649 0.164418 0.424668
0.609582 0.16303 0.578305
0.554281 0.164656 0.527202
0.460628 0.163369 0.4032
0.36287 0.157593 0.443783
0.578829 0.164203 0.525464
0.496772 0.161828 0.599088
0.398129 0.161134 0.374355
0.385443 0.161619 0.490379
0.571709 0.166014 0.405632
0.530663 0.16214 0.492717
0.454682 0.165047 0.440899
0.583609 0.163977 0.586893
0.446233 0.16599 0.563229
0.406164 0.162802 0.486594
0.437132 0.156795 0.635605
0.570859 0.166307 0.560723
0.429877 0.164306 0.396192
0.594295 0.162416 0.474876
0.51281 0.15551 0.633415
0.534165 0.165346 0.571041
0.597013 0.161986 0.486791
0.481023 0.162962 0.531
0.617537 0.159909 0.415449
0.593608 0.162348 0.596162
0.493822 0.163771 0.439686
0.518706 0.163409 0.409423
0.590872 0.164337 0.429249
0.608715 0.160392 0.510385
0.586276 0.164375 0.547197
0.482192 0.163551 0.444542
0.480138 0.163822 0.413784
0.395985 0.163408 0.438952
0.594739 0.162099 0.516937
0.602097 0.164051 0.573019
0.448658 0.164936 0.44493
0.398283 0.156696 0.416393
0.511389 0.151928 0.642474
0.543434 0.153526 0.633159
0.540914 0.155736 0.605763
0.5034 0.157092 0.566761
0.578952 0.157063 0.528485
0.504576 0.155358 0.465858
0.40317 0.157226 0.53738
0.509177 0.156476 0.401391
0.624337 0.154145 0.443329
0.545611 0.155513 0.612212
0.55994 0.15547 0.620419
0.400273 0.15616 0.596874
0.429358 0.157893 0.426581
0.37632 0.155517 0.447645
0.513708 0.154535 0.622197
0.368305 0.155205 0.381541
0.605468 0.15265 0.643155
0.366964 0.154961 0.545682
0.63384 0.154112 0.589355
0.514323 0.155975 0.447163
0.397692 0.157124 0.525829
0.402379 0.156578 0.401926
0.414228 0.155251 0.37004
0.568964 0.155656 0.621556
0.391998 0.156284 0.390022
0.482383 0.15479 0.622895
0.483769 0.155722 0.457396
0.51825 0.156962 0.577838
0.392218 0.152649 0.640843
0.510855 0.156374 0.436096
0.642822 0.152284 0.426503
0.403569 0.156923 0.432437
0.484422 0.156197 0.594482
0.395308 0.157048 0.522651
0.509323 0.156509 0.432955
0.392711 0.15 0.510634
0.375608 0.15 0.569065
0.639837 0.15 0.375343
0.571693 0.15 0.585023
0.354935 0.15 0.514342
0.582038 0.15 0.531133
0.407607 0.15 0.615905
0.60078 0.15 0.398213
0.455838 0.15 0.564808
0.647345 0.15 0.35661
0.352582 0.15 0.460105
0.400694 0.15 0.391063
0.528753 0.15 0.403789
0.620858 0.15 0.573634
0.461853 0.15 0.632211
0.542093 0.15 0.521593
0.489842 0.15 0.612142
0.472153 0.15 0.637201
0.379353 0.15 0.373457
0.381999 0.15 0.376084
0.507961 0.15 0.600047
0.420269 0.15 0.641348
0.569504 0.15 0.551157
0.436932 0.15 0.449951
0.462137 0.15 0.534759
0.550552 0.15 0.368686
0.368375 0.15 0.505077
0.443396 0.15 0.466083
0.486454 0.15 0.605843
0.618954 0.15 0.477601
0.42242 0.15 0.631487
0.605971 0.15 0.430697
0.502467 0.15 0.62788
0.643783 0.15 0.426751
0.514571 0.15 0.504619
0.632815 0.15 0.526711
