2304 0.012625
0.389868 0.310111 0.393083
0.445271 0.244596 0.339392
0.467765 0.194003 0.330295
0.494131 0.186795 0.333292
0.516066 0.1993 0.343183
0.541335 0.252078 0.351274
0.347273 0.249173 0.441018
0.356419 0.276671 0.356413
0.431186 0.28042 0.291338
0.500253 0.262506 0.27715
0.574515 0.284262 0.311103
0.619515 0.263257 0.374999
0.338914 0.224794 0.470006
0.29108 0.269365 0.427635
0.408481 0.427619 0.400834
0.503677 0.427823 0.39226
0.618782 0.41722 0.414192
0.695325 0.242524 0.433718
0.3368 0.204558 0.488736
0.283345 0.263801 0.508205
0.411498 0.435201 0.503623
0.510941 0.433637 0.500668
0.626117 0.41399 0.505325
0.709749 0.226241 0.505212
0.345246 0.218781 0.514907
0.322928 0.264866 0.57874
0.410423 0.396964 0.635046
0.499235 0.405383 0.63648
0.609381 0.395314 0.614895
0.681177 0.226299 0.561154
0.361056 0.285019 0.555961
0.386191 0.248677 0.603991
0.436339 0.233723 0.67224
0.498107 0.229876 0.701828
0.561099 0.248246 0.69114
0.624499 0.255192 0.613172
0.377339 0.262612 0.379371
0.364547 0.279281 0.557155
0.285753 0.234366 0.510518
0.612948 0.4194 0.495814
0.434031 0.32612 0.691784
0.527366 0.188379 0.332965
0.364645 0.242981 0.560272
0.375084 0.290412 0.568313
0.657858 0.217796 0.484502
0.472826 0.167574 0.314467
0.602903 0.282799 0.600266
0.636718 0.255336 0.620936
0.510693 0.292052 0.716051
0.501499 0.432285 0.545712
0.642481 0.407999 0.463479
0.658368 0.223297 0.471894
0.329578 0.19767 0.529393
0.414415 0.294114 0.371819
0.528671 0.216408 0.684999
0.38064 0.245728 0.589799
0.361942 0.247807 0.623298
0.392762 0.387327 0.637346
0.339558 0.206744 0.533565
0.532653 0.389702 0.656035
0.409755 0.280285 0.617385
0.653637 0.198784 0.55089
0.543737 0.424693 0.560715
0.434153 0.246426 0.683417
0.642762 0.234609 0.580193
0.45016 0.436344 0.501866
0.482216 0.193415 0.674503
0.653508 0.216183 0.565477
0.596709 0.425211 0.472605
0.635534 0.236713 0.559801
0.5119 0.222678 0.693707
0.342856 0.230948 0.437053
0.358909 0.237925 0.566838
0.305685 0.230022 0.430072
0.645674 0.277962 0.627235
0.685683 0.239402 0.42427
0.444654 0.432647 0.408806
0.527019 0.186916 0.330205
0.470226 0.229603 0.702288
0.471801 0.19268 0.661624
0.582644 0.424026 0.535521
0.52521 0.432635 0.499261
0.531081 0.212371 0.651046
0.632483 0.309988 0.341059
0.47181 0.434561 0.462358
0.712296 0.253973 0.53853
0.363956 0.385001 0.616128
0.321299 0.274444 0.574565
0.662112 0.211461 0.416274
0.414437 0.265488 0.621337
0.6578 0.301046 0.621781
0.465318 0.434238 0.431408
0.374895 0.245639 0.595628
0.51179 0.43329 0.463569
0.33993 0.259769 0.616191
0.657967 0.311513 0.36426
0.443529 0.427739 0.389976
0.340326 0.202896 0.50946
0.655639 0.253697 0.608458
0.385431 0.272232 0.577068
0.523724 0.221279 0.655212
0.67671 0.201599 0.465833
0.651659 0.256113 0.392807
0.533122 0.276274 0.715808
0.42166 0.284127 0.68278
0.337534 0.202776 0.530035
0.439006 0.303478 0.69774
0.62946 0.25527 0.607411
0.298201 0.189263 0.458163
0.292312 0.198022 0.456359
0.432933 0.224341 0.326883
0.68851 0.210759 0.442843
0.675778 0.197549 0.440667
0.523022 0.186792 0.316117
0.69859 0.223354 0.449836
0.658216 0.232778 0.581589
0.563163 0.324334 0.688601
0.280756 0.227249 0.455884
0.510428 0.238665 0.280196
0.703576 0.27814 0.54614
0.431479 0.260018 0.292162
0.621278 0.234686 0.394948
0.601006 0.422396 0.504442
0.351465 0.242241 0.614152
0.524566 0.237615 0.705638
0.288968 0.202511 0.495868
0.471361 0.423663 0.37212
0.666171 0.212205 0.479274
0.696045 0.204031 0.497085
0.532465 0.423368 0.579761
0.51803 0.432089 0.431969
0.69962 0.339856 0.459769
0.446132 0.219668 0.651177
0.391681 0.297715 0.391838
0.583768 0.337688 0.311115
0.57358 0.398282 0.346135
0.481779 0.223711 0.698627
0.450625 0.261518 0.281208
0.537696 0.431148 0.501421
0.601726 0.26342 0.391457
0.434393 0.237814 0.341507
0.683816 0.201437 0.45076
0.593994 0.261139 0.385396
0.404247 0.432936 0.437807
0.409247 0.290645 0.623725
0.287418 0.194794 0.484305
0.648669 0.403786 0.452785
0.672512 0.201451 0.457674
0.48478 0.329521 0.278993
0.515443 0.191411 0.304153
0.439824 0.234985 0.642681
0.366408 0.414079 0.550837
0.522002 0.198359 0.665286
0.679967 0.311202 0.389685
0.428244 0.430136 0.40069
0.553915 0.223739 0.643239
0.40122 0.248559 0.635301
0.316153 0.218398 0.538829
0.658252 0.224142 0.467372
0.391877 0.250467 0.61649
0.308708 0.375502 0.497245
0.402612 0.286521 0.381131
0.401726 0.262078 0.607796
0.505666 0.433612 0.469109
0.548409 0.28485 0.289725
0.53331 0.276166 0.715454
0.555603 0.243227 0.356322
0.679279 0.36946 0.528887
0.31029 0.377808 0.492371
0.335165 0.193834 0.47911
0.492144 0.387772 0.663267
0.32548 0.25429 0.588709
0.330661 0.323415 0.617068
0.559725 0.239004 0.641204
0.372587 0.273226 0.645312
0.450118 0.400908 0.335723
0.658475 0.222274 0.464328
0.539687 0.244712 0.644925
0.534709 0.419051 0.371301
0.554494 0.22766 0.643058
0.303274 0.232121 0.536542
0.293696 0.218548 0.513475
0.330386 0.241652 0.591847
0.661244 0.219054 0.467973
0.34683 0.246422 0.435857
0.503361 0.194459 0.297313
0.700776 0.339356 0.489883
0.70551 0.31897 0.454032
0.539291 0.231688 0.301509
0.44381 0.296107 0.285342
0.287687 0.29245 0.520592
0.681118 0.245631 0.417733
0.296604 0.249889 0.536872
0.383838 0.28523 0.326072
0.437077 0.299905 0.288029
0.423672 0.259711 0.62922
0.629052 0.234734 0.402935
0.333753 0.19395 0.508566
0.712979 0.236882 0.505491
0.331858 0.191779 0.484507
0.434123 0.235544 0.664854
0.517553 0.216648 0.660272
0.327496 0.264242 0.593362
0.624289 0.370621 0.629867
0.435072 0.22495 0.331308
0.371636 0.274583 0.564223
0.432041 0.265631 0.29174
0.545494 0.225287 0.321817
0.326164 0.184632 0.500949
0.390827 0.304547 0.671622
0.603276 0.254084 0.390113
0.713634 0.239551 0.518933
0.696984 0.232439 0.549599
0.590846 0.411057 0.588803
0.305948 0.267586 0.552361
0.353626 0.414427 0.502764
0.329327 0.245685 0.398512
0.308413 0.230667 0.540787
0.515307 0.184546 0.323344
0.334676 0.201109 0.470731
0.514915 0.212004 0.292465
0.488391 0.198907 0.290857
0.438376 0.244738 0.340822
0.338101 0.298291 0.357326
0.57572 0.407697 0.361556
0.620504 0.250539 0.40341
0.346385 0.228494 0.532425
0.678969 0.202896 0.543746
0.335286 0.205309 0.45559
0.448047 0.374256 0.671169
0.529092 0.197753 0.338223
0.440228 0.220304 0.331461
0.556029 0.307697 0.697077
0.642396 0.22567 0.419331
0.500691 0.200684 0.293504
0.545805 0.429526 0.504124
0.32238 0.183505 0.498981
0.567427 0.271186 0.311047
0.504633 0.430495 0.407288
0.562934 0.24846 0.68854
0.312506 0.2594 0.562231
0.325882 0.205936 0.438921
0.307866 0.284516 0.558695
0.292983 0.34569 0.502677
0.712632 0.239544 0.467483
0.708814 0.282861 0.528943
0.630862 0.409743 0.408229
0.365614 0.253166 0.629661
0.531566 0.203892 0.671849
0.501682 0.40483 0.336709
0.559628 0.218503 0.664765
0.546575 0.215774 0.343148
0.38184 0.253559 0.582387
0.42379 0.245365 0.336251
0.334941 0.344729 0.368465
0.354255 0.303388 0.339948
0.5303 0.356776 0.68368
0.485633 0.201073 0.289613
0.497364 0.179179 0.31755
0.525878 0.393841 0.320827
0.306049 0.36607 0.461336
0.29381 0.21005 0.507091
0.65773 0.356565 0.594625
0.557428 0.232606 0.345207
0.593967 0.257699 0.614923
0.627098 0.366996 0.628779
0.397485 0.392945 0.341294
0.44842 0.427466 0.389948
0.485237 0.42754 0.388253
0.384744 0.27649 0.389935
0.523568 0.200199 0.662052
0.561974 0.241516 0.354083
0.663701 0.202957 0.509738
0.584446 0.24324 0.641452
0.596903 0.424773 0.442454
0.706779 0.225576 0.470092
0.478036 0.181518 0.323865
0.362809 0.275789 0.356608
0.460782 0.24808 0.706258
0.662629 0.196116 0.510771
0.571648 0.423095 0.543491
0.362263 0.41862 0.46115
0.319738 0.218765 0.539357
0.637448 0.227477 0.569585
0.427046 0.34383 0.303631
0.529778 0.245549 0.284745
0.531338 0.308723 0.709551
0.542601 0.3852 0.657671
0.285585 0.204441 0.487912
0.365196 0.286343 0.346774
0.663179 0.380527 0.546124
0.367825 0.326903 0.325659
0.319171 0.23421 0.551771
0.469282 0.208006 0.286968
0.66733 0.187524 0.515209
0.625165 0.251195 0.406352
0.346453 0.395854 0.567376
0.684332 0.369872 0.467293
0.51217 0.22889 0.697189
0.711002 0.234332 0.476546
0.68326 0.239359 0.566312
0.655678 0.255885 0.396656
0.553998 0.24664 0.312225
0.458995 0.433899 0.455963
0.412545 0.275618 0.626185
0.661291 0.197057 0.519472
0.407774 0.433189 0.514753
0.4613 0.192534 0.300181
0.643251 0.345711 0.35316
0.603831 0.242897 0.37287
0.596735 0.261342 0.385958
0.707695 0.227058 0.524091
0.423268 0.429204 0.563486
0.292992 0.288369 0.532566
0.354117 0.352581 0.348994
0.501277 0.212118 0.662679
0.457793 0.434331 0.460994
0.629851 0.295554 0.357942
0.560711 0.22038 0.649661
0.452417 0.194988 0.307905
0.286736 0.280105 0.51133
0.466617 0.260678 0.713501
0.432088 0.2459 0.341144
0.323437 0.211072 0.437456
0.363473 0.26192 0.370289
0.359286 0.397398 0.586033
0.429088 0.251338 0.679361
0.485027 0.178789 0.316324
0.307331 0.243019 0.419996
0.466837 0.214573 0.286331
0.376744 0.413365 0.566774
0.440263 0.263253 0.287662
0.657122 0.209617 0.556795
0.614159 0.257815 0.633439
0.378192 0.259394 0.640145
0.595009 0.245484 0.663122
0.67706 0.372608 0.434905
0.323476 0.281378 0.38186
0.343363 0.404237 0.430628
0.538423 0.375845 0.667069
0.663948 0.209352 0.502998
0.302469 0.206309 0.513197
0.481412 0.432388 0.413115
0.604308 0.40724 0.58384
0.602892 0.403645 0.369614
0.375942 0.257053 0.57395
0.414327 0.267577 0.355246
0.352034 0.261502 0.420127
0.515063 0.215943 0.663475
0.316168 0.384504 0.477425
0.511488 0.43146 0.460028
0.43896 0.217424 0.319348
0.297891 0.29776 0.547121
0.442031 0.223284 0.306854
0.327351 0.307309 0.366035
0.359649 0.263461 0.396737
0.633949 0.257208 0.60182
0.504502 0.423724 0.586645
0.62488 0.256018 0.578603
0.597894 0.255983 0.625297
0.407213 0.275506 0.362904
0.71347 0.244301 0.480582
0.309502 0.246803 0.4119
0.512767 0.212853 0.66606
0.435031 0.245634 0.33798
0.444047 0.24976 0.288152
0.450929 0.408793 0.624583
0.498335 0.432539 0.499654
0.692088 0.354959 0.492334
0.507217 0.431983 0.48348
0.473906 0.434023 0.491728
0.299814 0.355846 0.465742
0.315511 0.180365 0.469236
0.667127 0.204231 0.440232
0.638796 0.232157 0.568708
0.626854 0.413959 0.482671
0.400024 0.284157 0.612352
0.514192 0.198839 0.303641
0.287982 0.300389 0.440223
0.454077 0.216596 0.654122
0.436983 0.435456 0.495479
0.284085 0.308166 0.457227
0.33582 0.218526 0.446074
0.300018 0.22224 0.519807
0.328484 0.298984 0.369068
0.63903 0.259193 0.617066
0.667064 0.210283 0.492762
0.599971 0.421449 0.502628
0.704464 0.222497 0.512763
0.513986 0.422365 0.379642
0.550514 0.301022 0.288663
0.400827 0.431689 0.441349
0.356836 0.252108 0.555182
0.664924 0.207052 0.553168
0.642598 0.238142 0.418305
0.635176 0.277083 0.634387
0.321357 0.241868 0.558044
0.712312 0.24454 0.512718
0.548165 0.423697 0.548002
0.518226 0.223221 0.663227
0.529852 0.224883 0.656195
0.420194 0.291312 0.299102
0.642308 0.277691 0.384967
0.679419 0.207034 0.448451
0.66599 0.352888 0.578082
0.290967 0.216787 0.451338
0.341399 0.356954 0.61134
0.386928 0.300451 0.66608
0.628366 0.245603 0.403752
0.365456 0.250615 0.579651
0.378468 0.391081 0.61969
0.633212 0.407321 0.527511
0.702903 0.282894 0.540561
0.517002 0.42415 0.575317
0.580452 0.252867 0.635361
0.568895 0.249709 0.64049
0.336893 0.249108 0.40476
0.339291 0.396411 0.550571
0.449747 0.222694 0.670181
0.337685 0.230947 0.549297
0.368148 0.251304 0.585204
0.646625 0.271512 0.389937
0.55776 0.225835 0.648754
0.403943 0.25655 0.629992
0.585617 0.426017 0.449775
0.63193 0.246032 0.407965
0.406488 0.434976 0.473095
0.671342 0.353767 0.566054
0.583808 0.249465 0.360728
0.699022 0.308356 0.439238
0.550458 0.428226 0.462739
0.316634 0.367635 0.423313
0.307204 0.249648 0.416426
0.704942 0.245788 0.541029
0.376762 0.291811 0.582183
0.5244 0.23454 0.661361
0.407131 0.254385 0.645483
0.380487 0.304086 0.317386
0.364105 0.298936 0.646892
0.454324 0.24982 0.283304
0.590444 0.258475 0.667566
0.648703 0.360366 0.365463
0.383267 0.271525 0.585636
0.438059 0.263587 0.290426
0.641663 0.260102 0.605168
0.32759 0.384523 0.41708
0.595607 0.421585 0.508384
0.631763 0.393747 0.578227
0.475725 0.332814 0.281762
0.489638 0.284566 0.278535
0.553741 0.425373 0.528739
0.479882 0.190325 0.318581
0.611331 0.258469 0.646265
0.388201 0.319659 0.669908
0.622766 0.412088 0.523836
0.370752 0.271223 0.57176
0.311289 0.184855 0.46659
0.692053 0.224844 0.543267
0.591357 0.424491 0.457497
0.675635 0.368145 0.417357
0.466726 0.371612 0.304727
0.482556 0.203187 0.679359
0.341339 0.230514 0.536358
0.391358 0.266118 0.604309
0.655879 0.396896 0.442415
0.511226 0.199725 0.331081
0.331416 0.266308 0.596766
0.557661 0.224369 0.668602
0.397468 0.275194 0.613396
0.591957 0.252438 0.369073
0.562937 0.279953 0.306052
0.643438 0.261738 0.606992
0.320258 0.38661 0.514432
0.374017 0.305824 0.321506
0.552454 0.306682 0.697142
0.62411 0.312362 0.333055
0.46733 0.208824 0.659572
0.676238 0.25168 0.575859
0.622417 0.268888 0.640946
0.324724 0.387853 0.537802
0.706291 0.302992 0.502961
0.532304 0.425717 0.404612
0.358218 0.307192 0.644451
0.582607 0.249991 0.641317
0.388694 0.306483 0.66799
0.515554 0.227555 0.291312
0.663587 0.390917 0.456074
0.633782 0.406002 0.529515
0.567346 0.232416 0.663955
0.505197 0.430626 0.511805
0.708283 0.241075 0.529056
0.292244 0.338155 0.462776
0.409651 0.321906 0.67954
0.672601 0.204092 0.502028
0.690311 0.205114 0.521592
0.492565 0.430809 0.438624
0.28519 0.311616 0.458568
0.650563 0.225411 0.55409
0.480669 0.184121 0.308725
0.572868 0.240768 0.647171
0.450923 0.396966 0.643446
0.570739 0.255288 0.678704
0.32119 0.201658 0.510089
0.533504 0.427739 0.522749
0.294355 0.246127 0.517698
0.628102 0.26409 0.391623
0.280327 0.240672 0.48605
0.644312 0.254626 0.58922
0.711692 0.269429 0.48927
0.34995 0.307694 0.346578
0.312582 0.19819 0.455406
0.434431 0.248127 0.329537
0.45018 0.279526 0.285424
0.48129 0.428813 0.558175
0.513433 0.199889 0.320631
0.427634 0.253116 0.65695
0.583917 0.344156 0.316762
0.570304 0.246397 0.675018
0.569369 0.418813 0.554852
0.566196 0.257405 0.35401
0.671208 0.221044 0.48175
0.504892 0.419916 0.594435
0.478187 0.201365 0.659804
0.313679 0.366798 0.548388
0.4953 0.429347 0.544657
0.511264 0.39833 0.643305
0.326357 0.293354 0.376985
0.300754 0.35295 0.534826
0.334169 0.393284 0.421505
0.620368 0.26783 0.592295
0.532221 0.215272 0.333668
0.351909 0.270724 0.557085
0.328596 0.220145 0.455599
0.477694 0.431431 0.54258
0.296715 0.270652 0.426235
0.376868 0.320169 0.318695
0.42214 0.260046 0.642308
0.539612 0.42695 0.499278
0.526634 0.247537 0.707804
0.359892 0.271456 0.395709
0.378906 0.269794 0.592497
0.481567 0.226582 0.693348
0.479671 0.430351 0.544571
0.341588 0.249336 0.540786
0.386965 0.39685 0.357843
0.347714 0.30936 0.349061
0.588436 0.275379 0.668078
0.704132 0.234216 0.518699
0.330132 0.283391 0.599828
0.50469 0.422716 0.384975
0.673167 0.212884 0.497799
0.587955 0.27622 0.329291
0.296379 0.2482 0.519761
0.444161 0.432291 0.42954
0.662611 0.23271 0.415685
0.665732 0.207185 0.536
0.456802 0.329192 0.286657
0.315405 0.219467 0.52504
0.492547 0.429571 0.446288
0.448087 0.246017 0.689519
0.484447 0.217841 0.2888
0.528569 0.228647 0.302552
0.633621 0.337473 0.637432
0.412529 0.280103 0.671159
0.56943 0.261308 0.355402
0.502075 0.2393 0.701359
0.435042 0.423925 0.582649
0.638258 0.266541 0.614049
0.69009 0.22931 0.450699
0.440559 0.242456 0.322413
0.562443 0.246577 0.649328
0.32798 0.26615 0.388399
0.54349 0.419017 0.572951
0.390426 0.282103 0.604698
0.355431 0.276579 0.563099
0.482157 0.429747 0.458373
0.285042 0.241814 0.493667
0.486412 0.20487 0.666557
0.614238 0.27096 0.614851
0.350103 0.256414 0.562184
0.650793 0.287747 0.384735
0.333746 0.289907 0.375049
0.284224 0.269592 0.455581
0.403064 0.43006 0.432014
0.390189 0.267927 0.629191
0.326126 0.274955 0.388225
0.680418 0.290114 0.573884
0.708097 0.281718 0.49975
0.32465 0.220813 0.451369
0.502431 0.22731 0.689904
0.441483 0.241729 0.306709
0.655178 0.230838 0.556039
0.368045 0.268973 0.580606
0.338931 0.254857 0.434981
0.406605 0.278621 0.638491
0.616906 0.270557 0.612588
0.347879 0.254007 0.609972
0.588289 0.395754 0.352614
0.297928 0.195322 0.468869
0.447432 0.243168 0.655414
0.702633 0.248434 0.53904
0.513586 0.410228 0.351792
0.407168 0.267987 0.325855
0.458706 0.363241 0.303998
0.593876 0.352385 0.324527
0.568876 0.296041 0.683843
0.524909 0.389761 0.319241
0.520042 0.427711 0.476109
0.472652 0.205769 0.677716
0.67591 0.205482 0.514714
0.527479 0.241441 0.293747
0.587484 0.269766 0.633971
0.283138 0.245081 0.487196
0.33602 0.258625 0.393208
0.672445 0.282837 0.40614
0.431352 0.432968 0.498751
0.430467 0.419131 0.594553
0.329487 0.281841 0.383714
0.387612 0.270635 0.626644
0.454878 0.224426 0.662222
0.584042 0.417276 0.544782
0.379566 0.422833 0.434523
0.596518 0.276802 0.354657
0.36512 0.297071 0.346882
0.428867 0.405555 0.349071
0.497611 0.427568 0.455654
0.39752 0.269828 0.637499
0.345996 0.358472 0.613647
0.436613 0.337996 0.299652
0.518192 0.216117 0.30911
0.423638 0.380114 0.322963
0.410491 0.379428 0.651298
0.298199 0.243363 0.440133
0.681268 0.223247 0.473871
0.556978 0.231404 0.660934
0.516445 0.259295 0.712631
0.650349 0.375819 0.577528
0.373614 0.293097 0.343736
0.368795 0.27471 0.584365
0.307847 0.207844 0.46151
0.442391 0.433012 0.471001
0.629985 0.262779 0.401435
0.578965 0.380044 0.332828
0.294724 0.235378 0.507258
0.483779 0.221888 0.686837
0.517237 0.267053 0.713872
0.603061 0.266719 0.644712
0.395272 0.276685 0.627201
0.357759 0.288215 0.362692
0.306913 0.306225 0.558882
0.500856 0.427291 0.496871
0.51597 0.422589 0.395351
0.436811 0.407988 0.352875
0.326807 0.277648 0.389484
0.504496 0.227654 0.686541
0.521774 0.223555 0.319639
0.36774 0.369717 0.6286
0.45329 0.288829 0.701898
0.504717 0.221286 0.300124
0.302703 0.24076 0.518233
0.409865 0.265543 0.653637
0.707318 0.30762 0.471136
0.631376 0.303436 0.359741
0.487034 0.219345 0.663271
0.341879 0.282455 0.614356
0.534438 0.226178 0.669582
0.489347 0.229092 0.290829
0.549274 0.404538 0.351845
0.298511 0.212281 0.460542
0.346179 0.299165 0.362572
0.5956 0.278528 0.629096
0.68827 0.360282 0.47401
0.601645 0.28068 0.385513
0.448608 0.243839 0.310868
0.459126 0.230388 0.303863
0.698295 0.341554 0.472549
0.305869 0.283623 0.542316
0.499292 0.222861 0.669689
0.305148 0.227317 0.513716
0.703938 0.284016 0.524921
0.322488 0.299203 0.383161
0.560677 0.40848 0.60538
0.58197 0.344465 0.668108
0.680974 0.209726 0.520087
0.345278 0.258068 0.589574
0.420222 0.290588 0.305989
0.337619 0.259197 0.57886
0.589725 0.312277 0.314199
0.455576 0.240442 0.686456
0.324871 0.273915 0.394729
0.600677 0.274397 0.639644
0.362986 0.278784 0.378783
0.645854 0.2748 0.604405
0.50213 0.38596 0.318062
0.426921 0.268461 0.654648
0.609978 0.29239 0.610991
0.31139 0.282031 0.548808
0.283952 0.221445 0.474079
0.473398 0.427244 0.462496
0.555699 0.414627 0.378055
0.301526 0.226457 0.452181
0.599047 0.274499 0.657811
0.517765 0.239305 0.693008
0.643184 0.284588 0.615778
0.673317 0.236452 0.477329
0.442011 0.244834 0.676761
0.392641 0.295245 0.630195
0.587032 0.280847 0.637862
0.336613 0.40006 0.468431
0.452424 0.239126 0.682312
0.524877 0.359862 0.297221
0.50303 0.426132 0.496607
0.663998 0.260592 0.579239
0.363012 0.281698 0.587449
0.484025 0.242431 0.699731
0.509407 0.422693 0.556776
0.706707 0.257092 0.518734
0.613047 0.412916 0.513707
0.510265 0.420814 0.574326
0.65808 0.344284 0.371349
0.288513 0.267397 0.453963
0.384647 0.343389 0.325428
0.51076 0.234231 0.299738
0.623568 0.316241 0.33645
0.645215 0.282614 0.609294
0.323062 0.254952 0.424733
0.421054 0.431985 0.491986
0.496157 0.244783 0.698545
0.583839 0.285196 0.359191
0.350651 0.300425 0.36333
0.326301 0.260212 0.407407
0.300083 0.230121 0.455804
0.302257 0.230812 0.454462
0.403853 0.273158 0.653217
0.668075 0.364391 0.397981
0.563793 0.422651 0.451283
0.541879 0.237104 0.671344
0.684091 0.364351 0.478341
0.380933 0.422556 0.505385
0.468722 0.257901 0.70667
0.556503 0.265055 0.316788
0.460353 0.26396 0.28647
0.461689 0.421197 0.586179
0.633858 0.290134 0.385131
0.423484 0.275274 0.323834
0.449913 0.426195 0.401718
0.456571 0.417035 0.598685
0.364229 0.294623 0.59742
0.620159 0.40342 0.550771
0.505168 0.420171 0.578073
0.352961 0.314132 0.350054
0.638458 0.280032 0.61092
0.560141 0.286416 0.687034
0.523422 0.348936 0.292212
0.38225 0.285778 0.615913
0.356635 0.309717 0.637917
0.394698 0.293438 0.63772
0.365025 0.383494 0.365258
0.294152 0.236726 0.461897
0.642844 0.315741 0.361018
0.479036 0.331611 0.699945
0.321939 0.251531 0.44166
0.552057 0.261379 0.32273
0.671628 0.244019 0.558865
0.660127 0.268421 0.410938
0.548689 0.259357 0.320983
0.692951 0.242982 0.4704
0.328543 0.263224 0.555444
0.593587 0.290254 0.366442
0.457181 0.428196 0.491038
0.361786 0.300522 0.357978
0.570391 0.41966 0.489364
0.464904 0.425637 0.549101
0.533834 0.246104 0.676371
0.626283 0.287256 0.393565
0.639966 0.281282 0.601419
0.471502 0.337346 0.69665
0.463052 0.413128 0.363536
0.653436 0.395279 0.435091
0.68029 0.265937 0.429782
0.297647 0.303468 0.531316
0.448952 0.380723 0.659321
0.389407 0.320942 0.316016
0.528266 0.419479 0.397263
0.508094 0.423315 0.488976
0.68037 0.235038 0.487645
0.698746 0.250243 0.479988
0.444137 0.298027 0.293876
0.498129 0.295356 0.284872
0.46739 0.274715 0.707609
0.591789 0.381955 0.341771
0.656559 0.393238 0.45055
0.300543 0.305015 0.535083
0.360069 0.410925 0.422476
0.496791 0.41241 0.60561
0.659266 0.309023 0.380845
0.67122 0.243534 0.549242
0.668344 0.246459 0.432256
0.306491 0.348062 0.540645
0.467558 0.426017 0.513199
0.688287 0.242542 0.473949
0.457853 0.237713 0.680323
0.653277 0.387591 0.530673
0.388425 0.292401 0.346996
0.660905 0.325844 0.604016
0.497761 0.242859 0.303399
0.491146 0.227443 0.678197
0.576792 0.416598 0.530271
0.318752 0.268595 0.41377
0.575012 0.417395 0.518902
0.575428 0.407294 0.594234
0.495156 0.245301 0.694035
0.291725 0.331672 0.478852
0.491314 0.423024 0.477543
0.382211 0.301278 0.620125
0.701152 0.25964 0.480165
0.336313 0.275549 0.393917
0.466866 0.321715 0.287048
0.305076 0.282584 0.528218
0.331826 0.281927 0.568154
0.393253 0.42456 0.42475
0.467451 0.395233 0.33376
0.536515 0.406794 0.612421
0.662747 0.387272 0.454399
0.435948 0.429605 0.456895
0.398401 0.427098 0.495393
0.388893 0.424006 0.502818
0.381089 0.291856 0.643183
0.293823 0.319979 0.510602
0.635088 0.327221 0.350322
0.411728 0.332298 0.312886
0.643888 0.291986 0.401511
0.289564 0.263111 0.481434
0.675374 0.269744 0.427914
0.387819 0.41053 0.573839
0.502072 0.266137 0.705732
0.614508 0.34883 0.337436
0.301303 0.269487 0.504798
0.671823 0.266197 0.426214
0.559336 0.412786 0.556123
0.352019 0.297966 0.621029
0.455894 0.265254 0.295613
0.291666 0.323827 0.46602
0.658739 0.389688 0.441772
0.318811 0.340607 0.56584
0.38773 0.296279 0.340189
0.465037 0.407873 0.616939
0.334863 0.333547 0.374874
0.689787 0.283382 0.546622
0.508225 0.252418 0.305079
0.645105 0.290663 0.398927
0.640553 0.291067 0.607983
0.566291 0.417955 0.469715
0.682391 0.240867 0.499403
0.527594 0.416044 0.568225
0.5021 0.346893 0.294707
0.67214 0.247068 0.441605
0.574052 0.417542 0.48572
0.314233 0.270976 0.525413
0.312874 0.271875 0.523644
0.509813 0.421557 0.435625
0.598008 0.413271 0.52171
0.382394 0.385138 0.622999
0.342402 0.285863 0.594432
0.361244 0.297313 0.616308
0.443144 0.287634 0.688441
0.535953 0.402682 0.352771
0.385114 0.301851 0.356252
0.521313 0.41097 0.37144
0.67819 0.277924 0.430631
0.654339 0.291602 0.404694
0.328391 0.388848 0.464682
0.525156 0.405204 0.615965
0.314209 0.283436 0.422117
0.369547 0.376535 0.620547
0.351762 0.295684 0.602437
0.548526 0.346381 0.304573
0.680265 0.243179 0.511022
0.480868 0.262516 0.293059
0.585881 0.286368 0.652495
0.549053 0.415471 0.473733
0.535505 0.267604 0.308505
0.491557 0.321952 0.287195
0.429771 0.427938 0.495705
0.653098 0.326435 0.368837
0.585359 0.417313 0.46244
0.522108 0.415451 0.569963
0.336502 0.28171 0.407198
0.418306 0.3265 0.31015
0.514682 0.417555 0.471963
0.333949 0.341521 0.379883
0.449893 0.376758 0.321094
0.695389 0.282176 0.456754
0.475797 0.249663 0.695222
0.598193 0.41856 0.429291
0.688637 0.287899 0.545146
0.590521 0.299382 0.336652
0.415819 0.289266 0.661192
0.603502 0.404269 0.565104
0.499571 0.307403 0.287538
0.301762 0.346414 0.484329
0.458342 0.244182 0.678106
0.300134 0.305857 0.51077
0.390139 0.302245 0.340627
0.3236 0.294899 0.401113
0.689278 0.311007 0.438369
0.461396 0.407088 0.614591
0.560571 0.402573 0.361798
0.51548 0.280049 0.701007
0.578311 0.370696 0.333296
0.376082 0.304495 0.624435
0.329706 0.312027 0.385443
0.506556 0.29104 0.701614
0.377195 0.308819 0.346202
0.597938 0.313206 0.657048
0.607933 0.310553 0.340287
0.437144 0.303942 0.302931
0.567537 0.412885 0.53105
0.330995 0.343142 0.581868
0.696453 0.288992 0.503579
0.51289 0.296372 0.700531
0.626605 0.401564 0.522602
0.689011 0.296315 0.443102
0.310564 0.270966 0.444743
0.340835 0.374555 0.579854
0.505198 0.296882 0.701269
0.320001 0.289387 0.543204
0.692193 0.258821 0.52597
0.557836 0.395385 0.348625
0.678898 0.299702 0.559511
0.481471 0.41989 0.524626
0.416853 0.311673 0.671207
0.576355 0.420147 0.427926
0.303866 0.319935 0.539407
0.439631 0.265156 0.678419
0.67851 0.245823 0.536489
0.35612 0.319941 0.365299
0.484197 0.415157 0.468154
0.561372 0.340416 0.671854
0.442741 0.307704 0.685676
0.350045 0.313132 0.609915
0.690325 0.322436 0.441706
0.621989 0.388488 0.588521
0.311871 0.277287 0.445544
0.4189 0.304776 0.32178
0.689058 0.33022 0.52418
0.600794 0.322544 0.655638
0.304808 0.30761 0.524478
0.486866 0.416772 0.50744
0.478591 0.312316 0.290811
0.466955 0.349338 0.303476
0.302954 0.276416 0.452737
0.320055 0.355154 0.549401
0.612851 0.407002 0.497344
0.4272 0.424964 0.514183
0.377459 0.312222 0.348714
0.496737 0.282687 0.700547
0.685953 0.273527 0.452189
0.305396 0.274136 0.453
0.370803 0.320242 0.639182
0.48698 0.288791 0.291762
0.540977 0.386229 0.644099
0.406918 0.332224 0.665775
0.566561 0.407333 0.578983
0.481178 0.41751 0.450752
0.485803 0.417301 0.522089
0.603175 0.316113 0.651382
0.625311 0.30509 0.60474
0.466208 0.419525 0.547539
0.320291 0.376496 0.487688
0.348522 0.316496 0.613251
0.684922 0.345398 0.446778
0.333974 0.343744 0.579703
0.486702 0.413835 0.494153
0.363059 0.326377 0.355362
0.461546 0.280582 0.695774
0.547146 0.372154 0.656687
0.674186 0.365544 0.44716
0.336779 0.377067 0.401065
0.4837 0.341534 0.298448
0.364415 0.360521 0.357821
0.485864 0.413746 0.490912
0.528758 0.294353 0.296097
0.385831 0.317358 0.627585
0.433207 0.410924 0.371893
0.551014 0.408271 0.54885
0.560431 0.286298 0.666579
0.294829 0.288409 0.475119
0.678085 0.354643 0.439461
0.539732 0.295203 0.302187
0.658558 0.309363 0.402607
0.552605 0.336278 0.306007
0.373949 0.41305 0.521152
0.682722 0.262328 0.501838
0.464811 0.247764 0.67461
0.40839 0.312349 0.32907
0.483986 0.415702 0.553129
0.547182 0.360706 0.316201
0.306629 0.332442 0.438405
0.390062 0.316711 0.328711
0.356962 0.374919 0.371814
0.69242 0.290925 0.464759
0.508209 0.372081 0.31593
0.458988 0.389343 0.335599
0.391983 0.323548 0.655341
0.33503 0.30426 0.40648
0.571884 0.344572 0.32116
0.432428 0.327405 0.676822
0.328978 0.36294 0.553683
0.676263 0.273718 0.456143
0.686733 0.272521 0.513958
0.503863 0.333795 0.68722
0.585936 0.409114 0.499635
0.618181 0.407189 0.450893
0.416508 0.423317 0.428427
0.536733 0.406473 0.48014
0.374272 0.326196 0.611694
0.35593 0.324708 0.373888
0.64645 0.362413 0.582265
0.540246 0.407806 0.511347
0.565738 0.415867 0.427591
0.477787 0.41462 0.554816
0.482563 0.410003 0.472832
0.345555 0.338772 0.374624
0.676351 0.294489 0.553158
0.340982 0.391984 0.515959
0.595997 0.383733 0.354582
0.452694 0.417297 0.462431
0.660432 0.319755 0.580304
0.371278 0.322931 0.368381
0.392483 0.359758 0.335126
0.396852 0.421912 0.471109
0.635769 0.312881 0.595112
0.360967 0.406983 0.494582
0.52848 0.408784 0.451038
0.546545 0.407209 0.502955
0.666542 0.341282 0.396727
0.320157 0.366217 0.521786
0.645581 0.324106 0.379317
0.56277 0.40886 0.483359
0.466125 0.298638 0.696482
0.469943 0.397629 0.347547
0.595335 0.412974 0.44826
0.351589 0.372699 0.59321
0.326982 0.363323 0.420631
0.677447 0.276186 0.476884
0.469144 0.286056 0.696268
0.517869 0.335397 0.682498
0.388598 0.417977 0.473619
0.569939 0.41232 0.446412
0.563696 0.326043 0.667931
0.312088 0.304063 0.442492
0.332504 0.319935 0.401888
0.54735 0.308577 0.31082
0.531663 0.28848 0.685254
0.529519 0.306106 0.686166
0.507121 0.300607 0.303548
0.51596 0.382298 0.329503
0.645757 0.393195 0.442441
0.332818 0.373561 0.413974
0.533938 0.409408 0.426963
0.357593 0.334238 0.369497
0.479995 0.394908 0.632041
0.688547 0.306276 0.485644
0.554181 0.405687 0.47947
0.330968 0.358293 0.4036
0.521009 0.347638 0.676109
0.398988 0.417719 0.522666
0.683772 0.280196 0.495141
0.409082 0.332194 0.660634
0.476542 0.311493 0.694999
0.386441 0.326804 0.640475
0.542819 0.311197 0.305107
0.526756 0.40551 0.455249
0.553691 0.408455 0.454682
0.323043 0.334689 0.55748
0.38276 0.350848 0.340701
0.438063 0.341459 0.671373
0.448256 0.417079 0.53352
0.555233 0.413322 0.423555
0.376986 0.33876 0.629857
0.676273 0.27943 0.49293
0.658635 0.37018 0.408058
0.529772 0.337529 0.677121
0.645566 0.388331 0.474475
0.547776 0.4072 0.443878
0.341821 0.390947 0.472396
0.490271 0.345977 0.306777
0.308919 0.307995 0.453161
0.455522 0.297603 0.685351
0.488275 0.366022 0.319129
0.552201 0.40618 0.388983
0.49978 0.404 0.601041
0.583192 0.400253 0.5839
0.365678 0.342243 0.364248
0.341053 0.388904 0.451664
0.44441 0.290182 0.675389
0.31854 0.338753 0.545374
0.326831 0.369074 0.444755
0.485227 0.404243 0.485571
0.4557 0.368596 0.324625
0.351709 0.397922 0.465606
0.685096 0.304325 0.491749
0.38907 0.40134 0.585877
0.62023 0.342246 0.355581
0.380107 0.412922 0.426418
0.395633 0.416467 0.416739
0.561502 0.409584 0.445268
0.492559 0.287106 0.691305
0.323515 0.323407 0.417863
0.469996 0.411374 0.549873
0.491965 0.265977 0.680691
0.30127 0.299448 0.476618
0.33975 0.388461 0.489928
0.621606 0.329609 0.622197
0.373083 0.347412 0.625839
0.331709 0.378218 0.487301
0.674531 0.281497 0.508051
0.447443 0.412514 0.494933
0.541093 0.336481 0.671087
0.441906 0.416159 0.433039
0.531156 0.401331 0.44796
0.513747 0.289787 0.672067
0.622421 0.328216 0.610034
0.306296 0.313074 0.492189
0.651555 0.327985 0.57673
0.435585 0.416909 0.435161
0.595295 0.401102 0.53222
0.472194 0.402042 0.476047
0.668745 0.357638 0.435745
0.4942 0.27232 0.67828
0.348228 0.393247 0.479012
0.676521 0.281362 0.517851
0.318649 0.321161 0.439286
0.587847 0.344038 0.64298
0.674875 0.283756 0.499043
0.357372 0.356711 0.599756
0.385229 0.411104 0.523581
0.398465 0.360761 0.338887
0.40694 0.353071 0.648459
0.670915 0.345761 0.53519
0.417627 0.409778 0.586992
0.34829 0.364877 0.577859
0.395869 0.401774 0.590017
0.432652 0.398014 0.61653
0.494554 0.272964 0.675694
0.376743 0.336205 0.618802
0.665304 0.355439 0.418114
0.66456 0.336503 0.555297
0.328736 0.337567 0.416291
0.494696 0.388705 0.344126
0.539224 0.39741 0.464976
0.376535 0.35665 0.364304
0.67329 0.284599 0.522493
0.590418 0.371763 0.631973
0.551388 0.342164 0.660791
0.669535 0.353578 0.442262
0.516811 0.397074 0.457543
0.312601 0.311617 0.503756
0.473492 0.395322 0.621526
0.323359 0.338114 0.54401
0.526448 0.400474 0.578748
0.338499 0.381841 0.494972
0.552754 0.320334 0.660042
0.432534 0.379691 0.339314
0.338878 0.339632 0.560405
0.628127 0.360843 0.60027
0.355743 0.395347 0.506277
0.539796 0.393975 0.367138
0.654967 0.319521 0.561652
0.511081 0.397587 0.502371
0.510479 0.398162 0.507222
0.664721 0.361181 0.501116
0.431112 0.391328 0.624808
0.513713 0.378597 0.643277
0.418004 0.343134 0.337909
0.600342 0.406134 0.402914
0.419558 0.377786 0.339568
0.67172 0.323829 0.432815
0.593483 0.389309 0.369843
0.313402 0.334853 0.524799
0.658317 0.322834 0.560212
0.620987 0.398245 0.401557
0.437588 0.411729 0.477201
0.537244 0.30557 0.663594
0.6376 0.349707 0.590957
0.308123 0.32957 0.486618
0.396801 0.336157 0.63193
0.355199 0.381957 0.555905
0.666229 0.307278 0.538173
0.408586 0.384968 0.35236
0.56066 0.348299 0.649551
0.473347 0.396002 0.36321
0.5032 0.391085 0.466916
0.482101 0.362036 0.326415
0.668873 0.344523 0.512153
0.366667 0.351681 0.599985
0.358149 0.394284 0.516044
0.663357 0.30703 0.540887
0.630086 0.393266 0.45765
0.408908 0.365232 0.638378
0.358356 0.394915 0.439786
0.375826 0.401817 0.538463
0.365544 0.396001 0.539587
0.45519 0.336138 0.671366
0.676923 0.309694 0.465611
0.395855 0.369326 0.350373
0.314515 0.322628 0.508254
0.509047 0.387883 0.353929
0.455363 0.297734 0.673103
0.676005 0.333786 0.484578
0.376667 0.376848 0.371401
0.557535 0.383471 0.624927
0.432682 0.41133 0.505001
0.635379 0.374386 0.5525
0.443418 0.409019 0.508113
0.669928 0.347074 0.494962
0.482237 0.398139 0.520415
0.50553 0.391918 0.488339
0.579642 0.397021 0.567055
0.511957 0.402771 0.4151
0.600947 0.396816 0.485225
0.550535 0.390343 0.610804
0.534549 0.393001 0.503128
0.338 0.373368 0.464135
0.341329 0.365984 0.421994
0.673521 0.338823 0.47513
0.659452 0.328459 0.542755
0.483551 0.337261 0.674099
0.500954 0.385961 0.470088
0.607378 0.377542 0.371294
0.371506 0.400329 0.525151
0.533013 0.313051 0.657156
0.450535 0.336277 0.327345
0.566244 0.39497 0.553131
0.564171 0.393414 0.589454
0.320307 0.344453 0.501205
0.494041 0.399017 0.438978
0.588254 0.363332 0.6279
0.469703 0.284615 0.676858
0.341425 0.377981 0.476331
0.659273 0.309085 0.450038
0.461157 0.297965 0.673086
0.450364 0.373611 0.340548
0.496702 0.397171 0.380015
0.501068 0.397447 0.592313
0.318532 0.31474 0.491411
0.466026 0.396871 0.607999
0.658102 0.335461 0.411692
0.469208 0.393141 0.482499
0.366475 0.355775 0.588707
0.320943 0.333926 0.52596
0.552351 0.393748 0.546535
0.669697 0.304207 0.484814
0.639563 0.348262 0.570555
0.481753 0.38692 0.628587
0.392664 0.407943 0.5235
0.649317 0.378413 0.455681
0.509049 0.395855 0.547268
0.47182 0.388617 0.356742
0.415329 0.345127 0.63324
0.330375 0.346814 0.452173
0.461101 0.402515 0.580014
0.65386 0.320231 0.540349
0.650911 0.328196 0.545925
0.488728 0.380689 0.477875
0.409403 0.407619 0.546807
0.543083 0.384891 0.478761
0.557795 0.38871 0.372709
0.605729 0.351622 0.608128
0.501299 0.328452 0.669593
0.565843 0.367966 0.351916
0.658924 0.318424 0.444521
0.527646 0.351277 0.656064
0.378324 0.392058 0.565915
0.468887 0.343128 0.327166
0.603914 0.364178 0.365588
0.636672 0.3379 0.564275
0.327086 0.328562 0.505921
0.631665 0.372057 0.391622
0.426947 0.350333 0.645927
0.505318 0.320929 0.668516
0.461878 0.377722 0.348564
0.464998 0.323551 0.671724
0.645192 0.347162 0.55045
0.476963 0.322852 0.675606
0.667434 0.34429 0.460633
0.507204 0.336521 0.322828
0.48228 0.387482 0.501355
0.474616 0.400763 0.39546
0.518484 0.345023 0.324278
0.566187 0.340681 0.628303
0.377987 0.356589 0.599396
0.534187 0.32218 0.658865
0.388151 0.35267 0.612774
0.646569 0.349482 0.545811
0.351768 0.377519 0.509812
0.325447 0.331922 0.471421
0.573998 0.355171 0.355141
0.352151 0.351568 0.551979
0.504364 0.392906 0.576418
0.47539 0.380841 0.482563
0.550678 0.393071 0.390595
0.34542 0.369477 0.450238
0.559014 0.390063 0.460541
0.501724 0.350911 0.656242
0.462858 0.355899 0.338752
0.619518 0.383665 0.483441
0.590241 0.353443 0.611196
0.619452 0.386349 0.467201
0.509401 0.387789 0.528811
0.46881 0.3829 0.361949
0.504592 0.39283 0.58214
0.668314 0.323341 0.471732
0.554737 0.37423 0.358731
0.47159 0.39059 0.374236
0.658885 0.324508 0.511203
0.507485 0.351152 0.332867
0.548191 0.382277 0.612488
0.462384 0.342395 0.334759
0.654058 0.363013 0.457859
0.476005 0.399002 0.421651
0.558196 0.381679 0.612745
0.336855 0.357461 0.484094
0.379466 0.39657 0.460027
0.596636 0.358054 0.369476
0.451595 0.398459 0.453652
0.412001 0.407448 0.419365
0.64565 0.363848 0.410296
0.518489 0.388413 0.536801
0.551379 0.389342 0.380213
0.464267 0.399586 0.433412
0.403694 0.364966 0.619034
0.404043 0.40305 0.436586
0.337885 0.344248 0.498365
0.480375 0.372924 0.477347
0.502695 0.318457 0.654493
0.470639 0.379013 0.483648
0.467254 0.397879 0.416797
0.637417 0.374249 0.468938
0.654616 0.307252 0.515932
0.581825 0.387959 0.550812
0.543467 0.338013 0.637911
0.531551 0.386561 0.437399
0.551031 0.391584 0.440896
0.473431 0.377627 0.471977
0.55711 0.359388 0.353
0.581481 0.387909 0.559652
0.421117 0.376061 0.62511
0.354111 0.37236 0.439447
0.630221 0.342229 0.555122
0.656712 0.328144 0.451732
0.63285 0.366439 0.528688
0.654892 0.31677 0.510817
0.625468 0.337456 0.558243
0.549186 0.380729 0.371234
0.468999 0.362481 0.348222
0.511933 0.339974 0.332259
0.41304 0.393133 0.382127
0.529698 0.384342 0.530222
0.603419 0.383728 0.539291
0.636003 0.342102 0.547531
0.419731 0.349847 0.621233
0.546816 0.387607 0.449691
0.449126 0.367675 0.637831
0.552721 0.393184 0.435899
0.467451 0.31415 0.659896
0.650851 0.298583 0.508118
0.394406 0.379515 0.600528
0.56868 0.367411 0.368305
0.571037 0.353363 0.613578
0.513425 0.379134 0.450014
0.518146 0.384576 0.570918
0.454314 0.383989 0.482671
0.498002 0.381922 0.445989
0.637516 0.339996 0.536283
0.624625 0.378028 0.465295
0.48165 0.380868 0.451456
0.647221 0.335929 0.515225
0.396567 0.370359 0.603517
0.339927 0.331528 0.477742
0.376479 0.380434 0.47334
0.473909 0.378988 0.514697
0.643044 0.357253 0.484622
0.450812 0.396371 0.431327
0.51648 0.383337 0.592996
0.548107 0.37289 0.615292
0.543153 0.380684 0.524394
0.501695 0.345302 0.645841
0.374071 0.38155 0.414603
0.584217 0.358872 0.381192
0.594155 0.382601 0.513756
0.655181 0.32673 0.466378
0.367388 0.372425 0.473725
0.547441 0.383987 0.382909
0.605586 0.344041 0.402722
0.48601 0.383563 0.543226
0.433211 0.338469 0.624373
0.505267 0.330182 0.647857
0.649607 0.328369 0.512671
0.486927 0.369279 0.633523
0.343927 0.346722 0.47665
0.462585 0.38821 0.385036
0.651435 0.341567 0.484265
0.375383 0.370493 0.479771
0.582904 0.386273 0.393808
0.448307 0.3925 0.435915
0.524745 0.372338 0.453876
0.366188 0.372552 0.519928
0.434064 0.387443 0.481256
0.604123 0.358221 0.573401
0.468419 0.377471 0.516969
0.613234 0.372864 0.498933
0.358123 0.354479 0.446398
0.558172 0.374827 0.601634
0.384726 0.387614 0.435017
0.60966 0.356371 0.39814
0.466568 0.321144 0.646878
0.59195 0.381627 0.465393
0.633477 0.355754 0.501277
0.602854 0.338412 0.565125
0.508178 0.380325 0.436995
0.478734 0.36193 0.480323
0.379326 0.385237 0.514929
0.41671 0.394906 0.49494
0.369421 0.36898 0.463978
0.398165 0.396231 0.531977
0.566814 0.38166 0.567766
0.58487 0.361547 0.596627
0.403375 0.386643 0.595197
0.50067 0.380636 0.55526
0.510427 0.364328 0.485074
0.414554 0.391786 0.480894
0.525398 0.369068 0.617244
0.431356 0.396107 0.403109
0.463967 0.351536 0.64016
0.457269 0.360805 0.360332
0.594383 0.353113 0.395933
0.646441 0.322066 0.486839
0.476485 0.330311 0.34564
0.384813 0.369388 0.470081
0.462825 0.320675 0.636992
0.373804 0.364775 0.535926
0.567182 0.386386 0.437976
0.388692 0.373222 0.468322
0.406702 0.385648 0.48126
0.401721 0.351512 0.577137
0.498203 0.335688 0.636152
0.530712 0.37517 0.438001
0.540442 0.367156 0.607809
0.640534 0.325607 0.491815
0.529475 0.366815 0.610864
0.4493 0.377009 0.382638
0.428243 0.343679 0.60969
0.479665 0.348892 0.634633
0.639778 0.330463 0.459707
0.368201 0.358921 0.464329
0.382779 0.352307 0.550786
0.388686 0.369799 0.476045
0.571826 0.35854 0.599009
0.626259 0.335594 0.537102
0.448375 0.355125 0.62641
0.396644 0.378287 0.579914
0.605892 0.385492 0.413418
0.488793 0.37884 0.396482
0.562566 0.3825 0.39433
0.635674 0.315605 0.529266
0.597488 0.351088 0.570587
0.640065 0.327828 0.480549
0.575717 0.358852 0.386282
0.533935 0.363164 0.369504
0.518202 0.360482 0.367132
0.489369 0.325844 0.352081
0.468095 0.363312 0.369997
0.638837 0.325614 0.524085
0.446919 0.357116 0.625197
0.431684 0.337044 0.607117
0.467435 0.346269 0.367661
0.499651 0.324311 0.356163
0.590071 0.380172 0.449786
0.553794 0.37451 0.449785
0.395051 0.373388 0.4872
0.489451 0.355245 0.495112
0.628158 0.322229 0.530494
0.531262 0.360588 0.497465
0.451654 0.384329 0.565628
0.581572 0.372233 0.533216
0.54482 0.371981 0.389368
0.417107 0.383567 0.592718
0.444377 0.375938 0.49594
0.586338 0.371752 0.532124
0.633112 0.311473 0.478806
0.544484 0.33793 0.612223
0.634758 0.312932 0.472455
0.56321 0.348089 0.386372
0.477207 0.31387 0.639879
0.543061 0.359659 0.479312
0.464901 0.353729 0.371773
0.485495 0.356035 0.497949
0.603743 0.374258 0.457293
0.4733 0.373188 0.599241
0.580848 0.369581 0.505431
0.602234 0.382364 0.416529
0.499208 0.367894 0.443273
0.556065 0.378707 0.440602
0.458958 0.368539 0.614
0.472257 0.353228 0.478386
0.629739 0.293575 0.478306
0.449001 0.379668 0.449008
0.412322 0.390547 0.559044
0.502872 0.310618 0.632948
0.570313 0.367676 0.479497
0.392999 0.371806 0.521717
0.473818 0.354936 0.504853
0.402659 0.377686 0.444536
0.608407 0.345554 0.424075
0.532349 0.329787 0.615809
0.398881 0.366651 0.489992
0.605251 0.359211 0.486176
0.458243 0.376075 0.590189
0.423358 0.383485 0.51891
0.486461 0.364037 0.395565
0.484293 0.363464 0.538715
0.528152 0.363621 0.52562
0.382399 0.343677 0.49556
0.52282 0.357368 0.506973
0.476382 0.318337 0.634652
0.394828 0.373349 0.531679
0.529958 0.357846 0.506092
0.371653 0.343647 0.460979
0.599712 0.332006 0.549479
0.542324 0.358291 0.498182
0.528457 0.352577 0.490213
0.492505 0.352985 0.613494
0.521515 0.356662 0.505242
0.590555 0.33314 0.558811
0.530483 0.357833 0.382992
0.61774 0.349259 0.485507
0.373355 0.341747 0.472315
0.418295 0.374212 0.465159
0.499519 0.346032 0.484789
0.611456 0.351128 0.524732
0.580449 0.367596 0.539283
0.559481 0.359353 0.477008
0.633761 0.294926 0.516487
0.431326 0.379925 0.514837
0.470381 0.354373 0.617714
0.505337 0.342797 0.370955
0.402372 0.368661 0.445721
0.470531 0.355963 0.52595
0.53295 0.357418 0.521506
0.60896 0.316643 0.437699
0.450582 0.354151 0.606961
0.394245 0.348731 0.495825
0.457193 0.341854 0.387848
0.580519 0.357414 0.50827
0.44735 0.374646 0.586524
0.409914 0.334974 0.420115
0.456561 0.363705 0.601619
0.521123 0.314033 0.620033
0.619967 0.324349 0.449696
0.541889 0.338951 0.383966
0.551487 0.362263 0.564549
0.411852 0.376549 0.560038
0.459555 0.367267 0.403038
0.602696 0.309336 0.542745
0.537218 0.347134 0.481711
0.412822 0.369592 0.496569
0.469901 0.362971 0.399742
0.497294 0.309381 0.372843
0.607592 0.352218 0.432759
0.588116 0.334745 0.418305
0.51592 0.360663 0.561798
0.570246 0.355044 0.572554
0.595306 0.343141 0.54367
0.558801 0.36246 0.557447
0.448918 0.36745 0.45181
0.453108 0.356121 0.494155
0.495506 0.285513 0.623861
0.398773 0.364607 0.528381
0.553651 0.347957 0.588726
0.399665 0.366664 0.444479
0.604727 0.342942 0.427668
0.389107 0.333979 0.518326
0.406523 0.355608 0.509313
0.619584 0.31425 0.468595
0.61663 0.31035 0.525397
0.426104 0.338131 0.409327
0.569249 0.353631 0.529195
0.397571 0.340025 0.497139
0.618087 0.314752 0.501086
0.48944 0.344142 0.397714
0.383409 0.33072 0.475264
0.405607 0.354692 0.551943
0.53176 0.34906 0.442095
0.406399 0.355153 0.431084
0.477917 0.341821 0.515423
0.474131 0.342913 0.514233
0.378571 0.315528 0.481432
0.4341 0.350786 0.482518
0.532292 0.318388 0.605536
0.501884 0.351309 0.590167
0.534911 0.346094 0.591174
0.467203 0.356034 0.59671
0.452699 0.361399 0.540819
0.528482 0.337491 0.46705
0.491987 0.351649 0.550051
0.377992 0.323109 0.471491
0.426763 0.35226 0.479131
0.478991 0.34331 0.60739
0.508588 0.332227 0.473951
0.516449 0.349041 0.592409
0.40989 0.352154 0.474096
0.418472 0.336429 0.581298
0.413454 0.368175 0.528203
0.620766 0.290279 0.525642
0.408434 0.357731 0.507343
0.540659 0.35417 0.537686
0.478213 0.327385 0.383702
0.488319 0.290026 0.623475
0.410948 0.345672 0.504425
0.430453 0.363449 0.553014
0.59712 0.334553 0.480664
0.538166 0.337969 0.496691
0.57694 0.341666 0.500963
0.396309 0.324169 0.498758
0.621139 0.283735 0.509788
0.501772 0.337071 0.452031
0.611919 0.288709 0.529984
0.485334 0.323773 0.393093
0.546156 0.34667 0.409228
0.602485 0.327659 0.484507
0.401306 0.331558 0.510716
0.450737 0.348111 0.515597
0.585861 0.353481 0.42683
0.57977 0.351655 0.458101
0.442281 0.356409 0.533143
0.58143 0.34091 0.498465
0.392087 0.327721 0.475596
0.416432 0.345199 0.489735
0.420762 0.363835 0.557542
0.420904 0.360676 0.532554
0.600102 0.315779 0.533419
0.504959 0.309053 0.38651
0.62019 0.264921 0.505469
0.541217 0.33828 0.496068
0.455194 0.321994 0.606111
0.55376 0.323766 0.404302
0.497055 0.329983 0.603334
0.544381 0.340512 0.502767
0.473104 0.340331 0.533947
0.418262 0.357374 0.570433
0.435427 0.351756 0.506605
0.595143 0.348549 0.442423
0.601813 0.326346 0.517446
0.564491 0.333073 0.567981
0.421873 0.347194 0.431249
0.438662 0.353917 0.576785
0.457121 0.346494 0.562401
0.546993 0.33146 0.498128
0.460228 0.328628 0.500647
0.394274 0.297489 0.499952
0.479823 0.332445 0.408946
0.593582 0.31193 0.437011
0.581071 0.291793 0.558373
0.42107 0.27296 0.579024
0.511373 0.323334 0.459938
0.583801 0.32694 0.535696
0.612493 0.278917 0.46451
0.487284 0.322392 0.403299
0.452006 0.294567 0.602473
0.582759 0.332212 0.476511
0.609616 0.300346 0.461222
0.544558 0.331621 0.410102
0.542073 0.303802 0.591225
0.545969 0.329772 0.492044
0.60374 0.31016 0.488163
0.447805 0.345722 0.587657
0.446127 0.329073 0.486673
0.511024 0.338047 0.41823
0.591836 0.315191 0.435408
0.528922 0.308658 0.597127
0.399334 0.318997 0.479535
0.470188 0.317807 0.490111
0.456336 0.345216 0.553071
0.411731 0.335193 0.469346
0.423418 0.328569 0.577785
0.497488 0.314196 0.398349
0.411955 0.328977 0.561793
0.535599 0.33217 0.578968
0.490395 0.279729 0.615378
0.470356 0.320107 0.495264
0.426275 0.341715 0.567498
0.45495 0.331561 0.457439
0.564724 0.283684 0.574987
0.605658 0.297712 0.472106
0.467423 0.327588 0.414185
0.395634 0.283223 0.50076
0.548973 0.332379 0.420709
0.461878 0.339269 0.427802
0.511255 0.293394 0.398902
0.416431 0.319118 0.484919
0.443687 0.335795 0.456636
0.576663 0.338469 0.447888
0.557532 0.290367 0.57928
0.545257 0.324213 0.415705
0.581572 0.336866 0.448562
0.611509 0.265147 0.522586
0.548668 0.325783 0.563002
0.550948 0.302749 0.409725
0.584247 0.313819 0.534836
0.582163 0.273936 0.426589
0.58663 0.317409 0.492174
0.479765 0.317231 0.527454
0.481915 0.303601 0.493505
0.54316 0.329344 0.545088
0.430684 0.32867 0.498569
0.551981 0.328508 0.550036
0.466179 0.321156 0.516792
0.40591 0.310036 0.498351
0.417825 0.313113 0.56687
0.539056 0.332703 0.429014
0.49699 0.328141 0.43418
0.449203 0.336146 0.418756
0.557862 0.337382 0.4261
0.566336 0.325649 0.523394
0.459226 0.332465 0.58768
0.435521 0.33304 0.419909
0.418164 0.308002 0.486514
0.453994 0.310411 0.476078
0.474717 0.309722 0.462724
0.610236 0.268423 0.475596
0.565514 0.303412 0.421298
0.609764 0.255572 0.506368
0.428584 0.329527 0.541252
0.534677 0.260315 0.596615
0.521474 0.315989 0.435359
0.563652 0.319162 0.463249
0.405338 0.294585 0.493405
0.586619 0.300631 0.506172
0.556195 0.316551 0.522783
0.599065 0.284348 0.515885
0.442344 0.306179 0.407682
0.598051 0.266409 0.535159
0.492836 0.297787 0.496125
0.559099 0.311933 0.505933
0.521029 0.294887 0.470701
0.495218 0.292815 0.406735
0.50162 0.316331 0.424394
0.48988 0.317161 0.579094
0.540913 0.31334 0.418052
0.533318 0.29857 0.584293
0.434636 0.306394 0.411915
0.570983 0.327425 0.446788
0.447161 0.289597 0.399615
0.518051 0.283181 0.597201
0.58112 0.309954 0.524419
0.44087 0.260763 0.594637
0.434242 0.318064 0.49991
0.53157 0.301297 0.468126
0.520362 0.295075 0.481293
0.534398 0.305751 0.464485
0.575327 0.316552 0.432742
0.526174 0.321009 0.531188
0.419698 0.296294 0.484193
0.601917 0.261861 0.507124
0.463667 0.308 0.539146
0.448979 0.304127 0.41419
0.475356 0.289594 0.501723
0.605197 0.251568 0.506402
0.435225 0.319287 0.442395
0.562579 0.301117 0.507658
0.425177 0.274779 0.574064
0.605447 0.259748 0.492819
0.432714 0.294227 0.575857
0.439277 0.319788 0.44502
0.418869 0.304309 0.536271
0.571481 0.310395 0.437357
0.429159 0.274905 0.578269
0.450716 0.315525 0.549714
0.538851 0.305694 0.564219
0.478981 0.284472 0.494381
0.559609 0.303234 0.514532
0.575224 0.277228 0.558269
0.491335 0.306087 0.55358
0.536046 0.284018 0.58366
0.488674 0.303007 0.535916
0.597645 0.251811 0.533676
0.412693 0.279915 0.437145
0.483963 0.274691 0.406976
0.41089 0.283474 0.546796
0.454209 0.278265 0.400437
0.500805 0.253369 0.603292
0.488114 0.294744 0.463385
0.461393 0.296645 0.498607
0.435304 0.303214 0.49047
0.530326 0.286668 0.47864
0.448286 0.312925 0.527983
0.433945 0.283179 0.580065
0.590506 0.282458 0.514984
0.440214 0.257193 0.404204
0.596102 0.257259 0.517307
0.542331 0.255034 0.588093
0.456198 0.291957 0.419081
0.601294 0.253543 0.486562
0.59398 0.261007 0.507924
0.520746 0.296769 0.55428
0.44174 0.289465 0.48515
0.422812 0.277504 0.426233
0.507823 0.276334 0.469896
0.580918 0.255644 0.42998
0.449293 0.297417 0.517949
0.398149 0.247719 0.482297
0.602529 0.226182 0.522402
0.489241 0.295196 0.567308
0.455885 0.300858 0.571131
0.483265 0.273494 0.495033
0.471027 0.252321 0.399226
0.488772 0.29356 0.44416
0.493119 0.256015 0.59761
0.430873 0.29006 0.48419
0.548676 0.291366 0.421769
0.567574 0.295982 0.464469
0.579859 0.248602 0.561878
0.598663 0.241535 0.527443
0.490856 0.273855 0.492136
0.58445 0.279017 0.456614
0.565523 0.287599 0.48478
0.467177 0.295327 0.578202
0.573367 0.275942 0.431028
0.403665 0.257042 0.538237
0.518542 0.297526 0.534889
0.491137 0.293767 0.547949
0.420331 0.290004 0.460269
0.539359 0.300109 0.437661
0.467885 0.298993 0.43647
0.424185 0.282609 0.522832
0.586266 0.25886 0.52898
0.446122 0.287003 0.462283
0.463356 0.279042 0.424283
0.489864 0.262899 0.474712
0.580155 0.268887 0.509349
0.408283 0.257873 0.46776
0.532569 0.284557 0.440902
0.413013 0.265622 0.462995
0.428335 0.286174 0.456791
0.564754 0.285621 0.460137
0.465058 0.250988 0.593969
0.57564 0.260959 0.434224
0.429778 0.287918 0.445247
0.567582 0.279213 0.512818
0.460065 0.263847 0.586691
0.424991 0.268326 0.42612
0.457532 0.280666 0.515288
0.436501 0.285398 0.564837
0.406818 0.210821 0.580752
0.572737 0.258054 0.427283
0.572111 0.283504 0.460466
0.430614 0.235991 0.585909
0.580734 0.235577 0.418879
0.58823 0.255306 0.46279
0.492528 0.264888 0.584658
0.541845 0.286469 0.531477
0.465468 0.280772 0.576992
0.419408 0.275384 0.532568
0.47555 0.260608 0.589456
0.533865 0.25088 0.402131
0.410329 0.222449 0.574917
0.463884 0.223557 0.60371
0.583686 0.225299 0.568268
0.457945 0.275808 0.499778
0.568144 0.284196 0.532473
0.428414 0.272474 0.449791
0.577005 0.256962 0.54431
0.538589 0.269599 0.515324
0.471345 0.265593 0.42838
0.397018 0.229759 0.462354
0.564655 0.268195 0.512268
0.495706 0.253473 0.582222
0.433261 0.245496 0.410944
0.41068 0.246713 0.493092
0.548873 0.273213 0.431414
0.521256 0.257192 0.490632
0.465404 0.26801 0.460727
0.555938 0.273447 0.555587
0.462159 0.273286 0.550336
0.425403 0.262644 0.492817
0.46063 0.214232 0.603049
0.549998 0.275834 0.536476
0.451991 0.268084 0.424487
0.581746 0.253263 0.482424
0.503821 0.212279 0.603006
0.521156 0.271401 0.555082
0.582648 0.251233 0.489445
0.486666 0.26356 0.522753
0.583718 0.241605 0.445699
0.561428 0.265687 0.560704
0.492622 0.26246 0.457233
0.508304 0.264758 0.428301
0.570989 0.268046 0.453835
0.588257 0.239632 0.5031
0.568877 0.270318 0.524705
0.484646 0.260729 0.462355
0.483305 0.267309 0.435703
0.421301 0.26286 0.460868
0.57915 0.25575 0.506949
0.574058 0.264751 0.540379
0.460889 0.267976 0.463763
0.42914 0.258562 0.445137
0.502883 0.198753 0.605558
0.522438 0.21352 0.598831
0.521689 0.242525 0.580778
0.501293 0.25625 0.549606
0.559655 0.257501 0.513995
0.496678 0.236873 0.476258
0.428236 0.256526 0.525216
0.501411 0.250267 0.42631
0.590487 0.223573 0.463313
0.524362 0.237446 0.584439
0.532994 0.23277 0.587145
0.434371 0.251605 0.567478
0.449646 0.262608 0.451761
0.409303 0.235962 0.465684
0.504647 0.22263 0.593679
0.409204 0.229697 0.41971
0.565937 0.205083 0.595296
0.401303 0.225489 0.525365
0.588801 0.218157 0.552242
0.505082 0.245154 0.462862
0.423463 0.251774 0.516975
0.433776 0.258451 0.434241
0.44493 0.237473 0.408106
0.539028 0.234114 0.585696
0.428221 0.249464 0.426192
0.486462 0.222048 0.595813
0.483968 0.238827 0.472329
0.509689 0.256464 0.560112
0.429982 0.204232 0.597103
0.503 0.248968 0.455213
0.601428 0.206751 0.452414
0.430173 0.258363 0.456938
0.488207 0.250171 0.575271
0.421626 0.24966 0.514607
0.502001 0.250121 0.452803
0.423189 0.23563 0.505862
0.414185 0.228751 0.540534
0.59604 0.203515 0.416389
0.542339 0.250056 0.554587
0.395195 0.206986 0.505616
0.557895 0.245451 0.515392
0.441148 0.230323 0.578437
0.564308 0.240375 0.434954
0.470878 0.244856 0.545381
0.603538 0.188469 0.397837
0.393019 0.208962 0.471196
0.435291 0.243899 0.428423
0.513501 0.239274 0.429683
0.579819 0.228548 0.540468
0.47494 0.2085 0.598467
0.526598 0.240667 0.511768
0.490897 0.226491 0.583516
0.480655 0.202289 0.60249
0.420356 0.226476 0.414243
0.422426 0.229114 0.416595
0.501701 0.236578 0.574746
0.449982 0.204241 0.599441
0.544245 0.247445 0.529897
0.455213 0.238217 0.468759
0.475374 0.240316 0.523199
0.52744 0.224337 0.404092
0.404884 0.219078 0.50063
0.458858 0.230782 0.478702
0.48905 0.231979 0.579339
0.584911 0.219406 0.483
0.451665 0.214469 0.592213
0.572022 0.236694 0.456563
0.497746 0.212108 0.594419
0.600529 0.203547 0.452521
0.506972 0.233054 0.499878
0.593581 0.205583 0.511913
0.421899 0.22075 0.492724
0.52388 0.226015 0.505785
0.5493 0.230348 0.500595
0.577518 0.220791 0.536079
0.40423 0.215277 0.457114
0.54376 0.232809 0.521363
0.461241 0.199854 0.598079
0.600703 0.193344 0.498155
0.428212 0.224807 0.491589
0.531727 0.231258 0.526972
0.436625 0.212113 0.399217
0.53144 0.232955 0.542476
0.593975 0.204761 0.445364
0.537438 0.236122 0.558004
0.394923 0.202991 0.478102
0.545767 0.230865 0.461661
0.50761 0.223267 0.457795
0.585409 0.208764 0.490905
0.569862 0.21815 0.416633
0.559404 0.227894 0.476629
0.443586 0.212065 0.398038
0.472258 0.221443 0.505302
0.521899 0.224082 0.575404
0.472029 0.232934 0.55861
0.589083 0.19636 0.574454
0.44006 0.226369 0.483317
0.504873 0.225269 0.5123
0.538758 0.23233 0.568989
0.425431 0.227091 0.557571
0.419764 0.222078 0.527881
0.525608 0.218206 0.581136
0.416939 0.218061 0.505548
0.531668 0.220353 0.579833
0.471303 0.215836 0.467164
0.50881 0.229954 0.552544
0.570717 0.223466 0.490079
0.423878 0.207606 0.407649
0.526202 0.217375 0.524936
0.43918 0.216433 0.571648
0.589533 0.197749 0.542296
0.516646 0.217644 0.440714
0.534974 0.219156 0.527083
0.546639 0.216588 0.496318
0.47745 0.200712 0.465818
0.429547 0.217406 0.528209
0.451773 0.215491 0.505921
0.391158 0.200585 0.4401
0.540198 0.204577 0.401767
0.570091 0.193467 0.593126
0.576539 0.210028 0.459823
0.473783 0.213883 0.447329
0.548694 0.214873 0.478421
0.447891 0.197974 0.593459
0.574139 0.196493 0.395661
0.50815 0.217207 0.539612
0.459932 0.203424 0.483879
0.595508 0.192205 0.540313
0.481068 0.219003 0.544754
0.60334 0.187785 0.49585
0.468355 0.197129 0.591755
0.583434 0.202518 0.488016
0.447795 0.21808 0.56999
0.470462 0.197333 0.388803
0.448298 0.221549 0.444495
0.591993 0.194574 0.526945
0.511967 0.205737 0.487631
0.470152 0.214391 0.421418
0.502971 0.216669 0.565486
0.498437 0.21297 0.422946
0.446273 0.185565 0.608037
0.422649 0.19637 0.392386
0.459091 0.196933 0.388917
0.419706 0.18551 0.386269
0.42206 0.198827 0.482901
0.613069 0.179642 0.450019
0.398996 0.189251 0.530604
0.530574 0.17491 0.610324
0.524972 0.20572 0.533288
0.575398 0.200129 0.508648
0.508305 0.205412 0.540083
0.619286 0.176481 0.475135
0.602754 0.184514 0.42104
0.435109 0.193771 0.589029
0.434076 0.207625 0.525347
0.430554 0.176573 0.614386
0.529659 0.201676 0.464601
0.394229 0.188761 0.543135
0.57592 0.20055 0.423131
0.463879 0.194889 0.466424
0.465748 0.200886 0.508881
0.455434 0.208545 0.540219
0.61482 0.174297 0.547777
0.526801 0.185857 0.594795
0.50458 0.203468 0.447717
0.579043 0.198731 0.53131
0.478371 0.190344 0.465589
0.489797 0.206222 0.549703
0.566255 0.207924 0.430594
0.572891 0.196269 0.406251
0.534716 0.207695 0.538767
0.523162 0.204598 0.519508
0.568112 0.207655 0.53457
0.558926 0.200178 0.40636
0.563413 0.196902 0.400513
0.53787 0.198927 0.410135
0.528673 0.189468 0.39495
0.41956 0.206713 0.442805
0.434905 0.193826 0.588906
0.41684 0.174596 0.608903
0.54328 0.197597 0.439964
0.558344 0.19835 0.546197
0.430405 0.194137 0.516404
0.543772 0.197228 0.551028
0.513938 0.193843 0.538174
0.607052 0.17435 0.524041
0.537792 0.178684 0.385454
0.573063 0.192032 0.418325
0.524432 0.19539 0.56174
0.473328 0.190399 0.516185
0.543043 0.197003 0.429
0.507643 0.178269 0.386929
0.488027 0.180068 0.471706
0.543617 0.195695 0.424753
0.606252 0.173497 0.59179
0.487015 0.193788 0.561092
0.578009 0.183084 0.394419
0.390233 0.179907 0.543543
0.53951 0.179895 0.386995
0.461409 0.190076 0.408309
0.537816 0.192156 0.574044
0.55633 0.193383 0.574972
0.496195 0.193879 0.562958
0.379367 0.163586 0.623188
0.469689 0.188214 0.508715
0.452757 0.191718 0.411673
0.396336 0.18524 0.410695
0.449734 0.191848 0.505863
0.385603 0.17156 0.599196
0.42524 0.177669 0.382177
0.391378 0.184327 0.457381
0.584794 0.180271 0.39264
0.387532 0.181753 0.411197
0.415811 0.18766 0.490236
0.40334 0.187384 0.563091
0.413654 0.178618 0.512428
0.545712 0.183946 0.455596
0.431146 0.173059 0.382751
0.438771 0.185413 0.522267
0.437932 0.187027 0.537484
0.502658 0.182793 0.542466
0.469351 0.182932 0.418011
0.405873 0.175815 0.584582
0.577054 0.182542 0.457627
0.435196 0.186888 0.536399
0.4319 0.188815 0.563162
0.559035 0.184087 0.509795
0.485744 0.182631 0.560224
0.526535 0.170634 0.599267
0.387486 0.170632 0.378174
0.617301 0.162403 0.625996
0.404518 0.177969 0.472879
0.570585 0.183769 0.523618
0.554424 0.185828 0.449105
0.42884 0.176621 0.391332
0.389024 0.174299 0.574085
0.554608 0.168998 0.374686
0.39569 0.174651 0.496287
0.492048 0.168645 0.602777
0.618166 0.166099 0.513604
0.471127 0.166197 0.613033
0.412235 0.178052 0.520267
0.525474 0.181066 0.505354
0.390852 0.175912 0.471958
0.49882 0.182811 0.547688
0.598167 0.176141 0.44805
0.492819 0.18088 0.518285
0.542634 0.182989 0.459474
0.596628 0.175242 0.565526
0.555126 0.186893 0.559262
0.513168 0.17939 0.459075
0.409687 0.17251 0.414613
0.547924 0.172545 0.473032
0.544191 0.173351 0.460955
0.447287 0.174893 0.528759
0.572889 0.173525 0.523017
0.490067 0.172765 0.547898
0.577481 0.174258 0.555318
0.516556 0.17328 0.542032
0.582134 0.171366 0.501276
0.58809 0.169746 0.51249
0.376929 0.159623 0.625456
0.571993 0.168265 0.603669
0.459572 0.168439 0.491217
0.567728 0.173822 0.482466
0.477779 0.166212 0.593607
0.622098 0.163402 0.387261
0.577788 0.165622 0.376834
0.560996 0.174699 0.415598
0.480509 0.164725 0.59975
0.563461 0.171102 0.395733
0.570472 0.173691 0.494822
0.566164 0.175628 0.418857
0.476558 0.171405 0.407478
0.487922 0.166869 0.383303
0.60619 0.166513 0.40676
0.472747 0.166976 0.46304
0.629545 0.160784 0.379182
0.408911 0.164662 0.614341
0.593138 0.170822 0.436843
0.620157 0.163197 0.497916
0.52738 0.172591 0.514561
0.595177 0.168294 0.582671
0.506028 0.17273 0.530516
0.566521 0.173812 0.480043
0.454313 0.166207 0.379248
0.380301 0.163623 0.603455
0.406196 0.165406 0.574217
0.552071 0.16466 0.492826
0.405657 0.164126 0.545443
0.456255 0.164965 0.535569
0.453095 0.163674 0.509749
0.476295 0.163938 0.555003
0.429972 0.167423 0.440668
0.366899 0.15716 0.496291
0.586756 0.164302 0.55186
0.488543 0.160322 0.487904
0.602559 0.161714 0.407982
0.58759 0.164712 0.435621
0.431665 0.166133 0.413166
0.618405 0.156626 0.630873
0.571487 0.166695 0.554016
0.628406 0.158007 0.410122
0.49377 0.163948 0.542623
0.550809 0.166159 0.558529
0.395376 0.162072 0.49365
0.441882 0.163887 0.398469
0.499588 0.163723 0.410918
0.580645 0.165097 0.461441
0.562696 0.165963 0.579546
0.483735 0.164991 0.419359
0.592573 0.163629 0.5573
0.476705 0.16398 0.570341
0.587063 0.163281 0.50315
0.54906 0.165351 0.456146
0.541091 0.162796 0.395684
0.476319 0.163744 0.443497
0.451572 0.163442 0.589585
0.441732 0.162141 0.383784
0.459564 0.159241 0.611619
0.535929 0.161811 0.384859
0.612579 0.160624 0.45337
0.507626 0.16175 0.485091
0.400381 0.156407 0.466669
0.555357 0.156901 0.51524
0.531645 0.15234 0.640268
0.466451 0.15673 0.542814
0.605459 0.155481 0.491918
0.461029 0.157311 0.563481
0.548828 0.156374 0.59478
0.489979 0.156443 0.44548
0.593336 0.155479 0.609568
0.378372 0.155538 0.457227
0.559055 0.157546 0.459574
0.603977 0.155524 0.532585
0.399922 0.155282 0.611837
0.379394 0.155225 0.499552
0.392959 0.155663 0.51444
0.635914 0.153291 0.433717
0.401534 0.15666 0.442083
0.540939 0.157108 0.4367
0.587449 0.155632 0.377372
0.591727 0.15635 0.401917
0.421263 0.156562 0.601122
0.596989 0.155819 0.509821
0.375103 0.15506 0.48768
0.478431 0.15564 0.456645
0.581638 0.157651 0.441688
0.479545 0.156794 0.407212
0.547949 0.152889 0.637537
0.423016 0.158799 0.569891
0.483284 0.151909 0.637649
0.60682 0.155586 0.381085
0.364418 0.154345 0.387129
0.554813 0.157513 0.44939
0.408529 0.156913 0.413154
0.499033 0.156682 0.564583
0.500085 0.156394 0.532472
0.358815 0.15211 0.355864
0.395796 0.15 0.446307
0.421395 0.15 0.460599
0.466404 0.15 0.478224
0.506716 0.15 0.524624
0.625262 0.15 0.416753
0.442563 0.15 0.572672
0.584419 0.15 0.618981
0.527828 0.15 0.547925
0.545022 0.15 0.539666
0.573698 0.15 0.640222
0.617333 0.15 0.358524
0.459574 0.15 0.405776
0.499254 0.15 0.632147
0.614678 0.15 0.510085
0.58516 0.15 0.355173
0.371955 0.15 0.353397
0.426705 0.15 0.565082
0.391493 0.15 0.588292
0.517913 0.15 0.374738
0.499977 0.15 0.488514
0.625912 0.15 0.36746
0.643371 0.15 0.378666
0.639608 0.15 0.538577
0.499474 0.15 0.583879
0.457944 0.15 0.51816
0.647345 0.15 0.509087
0.389698 0.15 0.359146
0.540454 0.15 0.407131
0.386659 0.15 0.625253
0.380387 0.15 0.445099
0.482105 0.15 0.363065
0.638025 0.15 0.528268
0.456406 0.15 0.392756
0.619036 0.15 0.591093
0.50168 0.15 0.60165
0.620666 0.15 0.614504
