3384 0.012625
0.369353 0.444995 0.376466
0.458086 0.42617 0.325911
0.483648 0.327734 0.33764
0.489396 0.335528 0.348426
0.493539 0.387683 0.343998
0.537014 0.431481 0.321787
0.326365 0.441791 0.447826
0.420746 0.446026 0.409118
0.450961 0.330066 0.336954
0.497664 0.240634 0.309102
0.532643 0.363429 0.356089
0.595544 0.468082 0.395212
0.309806 0.407447 0.475547
0.336654 0.297965 0.454444
0.332754 0.444426 0.323263
0.517325 0.508637 0.27106
0.686188 0.404492 0.354568
0.654419 0.292765 0.463756
0.33159 0.372508 0.482315
0.317088 0.268854 0.498967
0.30537 0.54686 0.512657
0.533784 0.59019 0.51144
0.740478 0.445697 0.521646
0.664139 0.20201 0.496258
0.330677 0.422124 0.49284
0.368764 0.39625 0.522337
0.377723 0.355197 0.651063
0.501377 0.411254 0.743992
0.635007 0.350645 0.637859
0.645843 0.271739 0.516153
0.35675 0.447718 0.561826
0.402311 0.488221 0.600887
0.468533 0.365463 0.645236
0.492568 0.23463 0.668942
0.52351 0.278363 0.650199
0.570036 0.46112 0.564603
0.390582 0.482678 0.390893
0.354896 0.452897 0.562605
0.324076 0.22582 0.496434
0.728714 0.472044 0.501689
0.434214 0.326749 0.646894
0.494919 0.352089 0.360313
0.351759 0.472903 0.539358
0.361215 0.456377 0.58058
0.673906 0.3876 0.493487
0.484205 0.277747 0.369772
0.592154 0.445701 0.594756
0.573031 0.416862 0.547199
0.505154 0.251723 0.69225
0.5229 0.577126 0.612191
0.73536 0.397935 0.425842
0.682939 0.401089 0.485038
0.35324 0.338741 0.494815
0.399549 0.453042 0.353479
0.505041 0.261939 0.650939
0.389046 0.491184 0.592905
0.424729 0.454088 0.560092
0.372393 0.346752 0.634957
0.346419 0.397905 0.492113
0.55964 0.355923 0.722206
0.393582 0.440119 0.621301
0.639467 0.369209 0.508276
0.613874 0.510762 0.650492
0.465584 0.327351 0.645403
0.618895 0.43779 0.538462
0.410058 0.594921 0.511909
0.487888 0.283414 0.647153
0.639304 0.391204 0.519233
0.705245 0.50851 0.450411
0.638833 0.438766 0.541514
0.498723 0.243684 0.660651
0.335713 0.429969 0.456384
0.358904 0.474441 0.53046
0.33961 0.288548 0.465593
0.582064 0.368504 0.557484
0.647122 0.324373 0.464255
0.379531 0.503783 0.312078
0.495423 0.34056 0.361871
0.478444 0.241588 0.671875
0.487341 0.339121 0.650666
0.680714 0.484634 0.592572
0.560275 0.589258 0.507851
0.512134 0.403306 0.655824
0.566624 0.376642 0.410727
0.45332 0.59594 0.423096
0.677222 0.22413 0.521444
0.357309 0.337795 0.612273
0.366026 0.400001 0.524869
0.641945 0.388727 0.467976
0.40045 0.45074 0.629193
0.599141 0.33953 0.564422
0.426812 0.566456 0.34652
0.398129 0.493978 0.583217
0.536239 0.590941 0.424092
0.40158 0.391695 0.544781
0.591641 0.365437 0.421262
0.382814 0.465309 0.289109
0.337617 0.387557 0.486357
0.6024 0.378584 0.541333
0.365866 0.46724 0.597516
0.510927 0.393866 0.662133
0.656842 0.273888 0.479763
0.618872 0.453299 0.432203
0.521281 0.242316 0.682948
0.453294 0.365841 0.624715
0.347712 0.383427 0.491323
0.445011 0.314507 0.652877
0.577826 0.458301 0.558982
0.354719 0.214221 0.474368
0.348822 0.202356 0.472359
0.466557 0.374666 0.339291
0.651643 0.251831 0.4692
0.646466 0.289005 0.474414
0.498514 0.285129 0.361297
0.661674 0.237885 0.467583
0.627854 0.390049 0.527123
0.551287 0.304389 0.658694
0.324891 0.202293 0.467553
0.501165 0.217383 0.321824
0.670188 0.268219 0.528263
0.460001 0.306896 0.333637
0.618103 0.485773 0.40943
0.714214 0.490526 0.523441
0.409763 0.436185 0.546507
0.507781 0.227936 0.669808
0.346513 0.195892 0.488907
0.437038 0.454736 0.256759
0.665593 0.340093 0.488647
0.646928 0.217265 0.489383
0.589542 0.490295 0.680234
0.548417 0.565079 0.351138
0.695878 0.294097 0.448487
0.464331 0.419412 0.658693
0.372665 0.456699 0.376465
0.560884 0.307966 0.352081
0.594344 0.345072 0.31618
0.484928 0.238527 0.667661
0.463423 0.262569 0.316964
0.588068 0.586537 0.512229
0.612549 0.464104 0.374017
0.459619 0.430518 0.334811
0.649445 0.25506 0.473313
0.604465 0.466801 0.365496
0.30432 0.490359 0.371403
0.397185 0.432824 0.617341
0.350503 0.190281 0.484003
0.722436 0.376338 0.413093
0.657251 0.296057 0.479156
0.481647 0.293629 0.276257
0.497734 0.24436 0.35529
0.447504 0.439715 0.654367
0.281464 0.399615 0.588039
0.503666 0.338644 0.639812
0.617175 0.342987 0.430144
0.35409 0.46857 0.31082
0.527449 0.430171 0.652604
0.432069 0.471572 0.610859
0.348824 0.305714 0.502768
0.684112 0.404554 0.481006
0.413252 0.483367 0.604109
0.269951 0.335229 0.508357
0.38996 0.464222 0.364622
0.394307 0.462495 0.617302
0.524004 0.593635 0.437698
0.52585 0.30461 0.328141
0.521327 0.243094 0.682562
0.540704 0.444262 0.332272
0.716855 0.319342 0.540598
0.264509 0.34289 0.500363
0.336915 0.338975 0.482173
0.48476 0.356918 0.739275
0.375894 0.381325 0.523181
0.38524 0.332374 0.560576
0.537397 0.429629 0.649361
0.43343 0.427863 0.579398
0.415784 0.370359 0.284865
0.682262 0.403366 0.479491
0.534757 0.408337 0.671145
0.573003 0.416202 0.271331
0.529627 0.429283 0.653237
0.341924 0.278217 0.505449
0.336101 0.221403 0.495932
0.378727 0.387848 0.522118
0.678009 0.3891 0.48323
0.332542 0.443541 0.447322
0.493579 0.223235 0.35152
0.711823 0.284405 0.485697
0.682313 0.295513 0.451368
0.511591 0.285924 0.3383
0.449532 0.315611 0.323974
0.321251 0.309685 0.511137
0.640954 0.359072 0.461774
0.337708 0.292564 0.509016
0.439931 0.388595 0.386113
0.444715 0.329898 0.331022
0.412871 0.451148 0.638257
0.629006 0.479749 0.423367
0.34587 0.341661 0.488905
0.672938 0.209171 0.496949
0.340989 0.320022 0.484356
0.463686 0.397364 0.642624
0.506263 0.374899 0.657315
0.380509 0.394103 0.528175
0.610861 0.331259 0.612897
0.465607 0.389249 0.33849
0.356788 0.462945 0.569023
0.457817 0.31338 0.333908
0.508363 0.356087 0.343201
0.354344 0.297564 0.488637
0.433303 0.361556 0.604269
0.611255 0.47208 0.377393
0.67303 0.20773 0.506453
0.659052 0.231446 0.518847
0.650581 0.394651 0.646642
0.346795 0.349175 0.517713
0.252533 0.414419 0.513948
0.379967 0.410536 0.453505
0.345517 0.294275 0.506313
0.495124 0.307537 0.360681
0.330547 0.354759 0.47841
0.499869 0.214761 0.342604
0.487406 0.205088 0.346221
0.456805 0.43153 0.330963
0.41013 0.392433 0.421979
0.607358 0.362265 0.311024
0.629572 0.473915 0.400621
0.336779 0.431726 0.505275
0.639892 0.261808 0.50336
0.335051 0.367764 0.473469
0.422252 0.338185 0.68377
0.496474 0.374673 0.350958
0.468193 0.382717 0.33458
0.539152 0.296964 0.664617
0.651461 0.457486 0.452119
0.492827 0.212618 0.347623
0.609311 0.579935 0.519585
0.356757 0.282409 0.488103
0.528126 0.364576 0.348483
0.518251 0.540223 0.296902
0.523511 0.28784 0.647186
0.354421 0.353301 0.517716
0.3436 0.324048 0.473159
0.351066 0.358401 0.525836
0.287772 0.302533 0.510306
0.676948 0.226689 0.472601
0.680531 0.26589 0.519758
0.67484 0.373562 0.364498
0.430174 0.450438 0.567005
0.505227 0.311054 0.640533
0.507019 0.389324 0.250674
0.518059 0.36406 0.638732
0.509139 0.407881 0.342911
0.377482 0.483117 0.593278
0.456006 0.42788 0.345965
0.389041 0.375676 0.41309
0.420446 0.383028 0.408328
0.542271 0.311364 0.706124
0.486161 0.201904 0.343941
0.491471 0.282085 0.361432
0.545363 0.355054 0.262711
0.284545 0.339172 0.445837
0.342947 0.209397 0.493124
0.632946 0.330883 0.58
0.524153 0.427838 0.338206
0.575102 0.46621 0.600721
0.608871 0.333447 0.608105
0.379373 0.348551 0.333476
0.391279 0.469613 0.286196
0.471934 0.498616 0.263506
0.374797 0.475462 0.384805
0.505092 0.355112 0.642166
0.539478 0.445139 0.338786
0.653728 0.314634 0.496821
0.541602 0.447573 0.618513
0.6933 0.488568 0.38611
0.669181 0.218316 0.475985
0.487202 0.290873 0.349754
0.419029 0.455922 0.402736
0.469624 0.255013 0.673602
0.65021 0.31089 0.495284
0.664658 0.491451 0.611954
0.268989 0.423641 0.425293
0.348931 0.323976 0.502145
0.630723 0.442574 0.537503
0.420403 0.354284 0.337635
0.511703 0.241874 0.32684
0.525452 0.272599 0.686727
0.570425 0.345143 0.708381
0.342323 0.188513 0.485435
0.426381 0.433253 0.40158
0.692238 0.333892 0.56945
0.415876 0.34979 0.390779
0.351655 0.347658 0.508238
0.478297 0.197738 0.335257
0.637579 0.295059 0.492062
0.633367 0.473015 0.406346
0.318504 0.363304 0.59176
0.718744 0.319835 0.448008
0.49934 0.242404 0.664791
0.67546 0.219991 0.47873
0.6455 0.279925 0.521125
0.623286 0.448303 0.436764
0.517878 0.356696 0.341706
0.420372 0.58976 0.402755
0.401765 0.444099 0.624617
0.648094 0.316951 0.498057
0.296317 0.537499 0.536755
0.477447 0.228172 0.344483
0.595557 0.338774 0.395023
0.589536 0.481733 0.38346
0.605235 0.466623 0.368451
0.661964 0.203954 0.507594
0.335189 0.507357 0.638396
0.33127 0.333502 0.517713
0.392648 0.35758 0.392977
0.49904 0.362885 0.656403
0.419035 0.59276 0.414034
0.578332 0.424332 0.411524
0.52409 0.422022 0.642051
0.477087 0.253067 0.342512
0.318381 0.301639 0.503317
0.469598 0.247953 0.681759
0.45517 0.435135 0.336103
0.342637 0.32148 0.472191
0.404927 0.476073 0.404629
0.331566 0.357357 0.608792
0.464116 0.352278 0.637057
0.488103 0.272349 0.357508
0.347613 0.325213 0.461937
0.477157 0.200769 0.329799
0.296088 0.404311 0.613929
0.461251 0.293072 0.326339
0.641458 0.365837 0.512609
0.547744 0.44108 0.576622
0.43656 0.450321 0.583795
0.535744 0.374509 0.609691
0.686036 0.329805 0.417057
0.389858 0.393844 0.44121
0.296122 0.373161 0.396624
0.560112 0.330197 0.710465
0.658223 0.328213 0.496731
0.344261 0.232481 0.494141
0.461193 0.549969 0.307962
0.660774 0.381203 0.633565
0.621225 0.355569 0.342119
0.369786 0.478417 0.576237
0.427999 0.461199 0.352625
0.349239 0.464247 0.431704
0.504636 0.362351 0.655072
0.254233 0.363909 0.468771
0.536367 0.589017 0.415373
0.473524 0.336204 0.334573
0.338155 0.330028 0.527355
0.474941 0.30089 0.330368
0.396057 0.375757 0.426442
0.373135 0.48061 0.419714
0.584281 0.453394 0.555638
0.528624 0.512889 0.698335
0.611963 0.458494 0.567389
0.560625 0.465824 0.597583
0.415337 0.466429 0.359565
0.680726 0.227886 0.480413
0.355257 0.337337 0.459742
0.502775 0.346876 0.652077
0.456528 0.427474 0.335314
0.466371 0.275292 0.323511
0.399341 0.411647 0.712118
0.510804 0.590666 0.508466
0.718915 0.306383 0.486825
0.525981 0.595504 0.471708
0.463106 0.594622 0.489893
0.283409 0.332405 0.455405
0.356017 0.253329 0.479832
0.657228 0.335972 0.475937
0.630963 0.439408 0.538374
0.741592 0.446724 0.468561
0.392846 0.445661 0.609838
0.497826 0.240079 0.348681
0.323245 0.303183 0.450022
0.469183 0.406527 0.665241
0.370021 0.584509 0.498786
0.306028 0.289981 0.454865
0.334418 0.393151 0.466861
0.336097 0.247374 0.497944
0.398937 0.388808 0.430118
0.576894 0.417967 0.546974
0.660419 0.320484 0.493143
0.713535 0.492058 0.519624
0.659991 0.208152 0.499554
0.539042 0.467365 0.256699
0.531419 0.297199 0.324148
0.297612 0.488358 0.378262
0.348209 0.458736 0.536856
0.639871 0.32275 0.508693
0.649683 0.459494 0.441689
0.570762 0.377795 0.561198
0.354517 0.368684 0.511218
0.677119 0.219574 0.502077
0.626226 0.522887 0.629064
0.50742 0.371258 0.659283
0.514769 0.393278 0.662048
0.441054 0.355908 0.35192
0.606825 0.448011 0.413201
0.653493 0.278505 0.474296
0.641983 0.325504 0.569195
0.334714 0.211337 0.468883
0.378867 0.35066 0.571223
0.43325 0.377113 0.59743
0.629905 0.476774 0.413636
0.376661 0.482753 0.559704
0.355574 0.353271 0.626688
0.729146 0.404079 0.566197
0.672018 0.28091 0.525899
0.557529 0.523046 0.678413
0.551696 0.448669 0.6219
0.544294 0.434355 0.637912
0.374519 0.439935 0.447295
0.30628 0.361635 0.576496
0.473828 0.361538 0.65694
0.348565 0.417347 0.50589
0.384204 0.486036 0.568471
0.613253 0.453131 0.418004
0.526441 0.423368 0.646976
0.419546 0.47071 0.615369
0.681294 0.516383 0.398754
0.635367 0.473572 0.41965
0.298731 0.533144 0.442027
0.653559 0.321684 0.563353
0.562639 0.462161 0.359078
0.662512 0.32512 0.447807
0.614523 0.572325 0.421252
0.327134 0.346834 0.415021
0.351221 0.335613 0.459703
0.670479 0.229289 0.519661
0.371782 0.458167 0.588925
0.514217 0.384841 0.666141
0.437083 0.460171 0.615782
0.43187 0.351901 0.382703
0.421563 0.382403 0.576581
0.468454 0.254414 0.316183
0.536724 0.371029 0.614468
0.610801 0.336661 0.391908
0.374956 0.469615 0.598764
0.460019 0.305593 0.329168
0.585684 0.431205 0.546666
0.324891 0.350397 0.398856
0.70788 0.495267 0.533556
0.661747 0.35122 0.608414
0.468642 0.298743 0.277084
0.488596 0.267967 0.299451
0.637751 0.54605 0.584167
0.487709 0.273144 0.344007
0.547018 0.4053 0.582131
0.424628 0.354306 0.604932
0.72803 0.432776 0.561775
0.365822 0.469474 0.570939
0.352275 0.241597 0.478451
0.656226 0.235884 0.512634
0.693058 0.511842 0.417687
0.666667 0.329913 0.40903
0.446601 0.337044 0.272975
0.487385 0.273471 0.65313
0.339837 0.423066 0.505143
0.393414 0.468815 0.606054
0.708146 0.362781 0.404743
0.493888 0.342587 0.343435
0.384526 0.408581 0.531899
0.517912 0.351386 0.641138
0.397434 0.456302 0.609577
0.57984 0.470237 0.367088
0.530885 0.350242 0.343984
0.586097 0.422852 0.546046
0.277836 0.340452 0.530417
0.430125 0.357729 0.389415
0.537439 0.297881 0.666657
0.559189 0.36901 0.401883
0.480756 0.378772 0.664267
0.634667 0.3278 0.525815
0.556945 0.393694 0.569818
0.297566 0.341937 0.559305
0.689372 0.282857 0.502702
0.581656 0.50473 0.294485
0.414058 0.365778 0.576158
0.544602 0.445528 0.620159
0.431367 0.369252 0.600546
0.502378 0.234523 0.329309
0.717894 0.350389 0.422549
0.726054 0.398114 0.568775
0.524235 0.382604 0.637596
0.524712 0.585639 0.53617
0.672111 0.219182 0.512285
0.293615 0.31714 0.455157
0.429332 0.340638 0.62248
0.654007 0.280732 0.49208
0.645075 0.229358 0.497742
0.495583 0.578434 0.365319
0.304218 0.29383 0.455143
0.649541 0.403427 0.524608
0.485796 0.246638 0.350536
0.535501 0.433318 0.633082
0.410056 0.375997 0.701523
0.527752 0.335949 0.635623
0.34503 0.293843 0.491374
0.589382 0.577271 0.566351
0.328789 0.281847 0.500124
0.614834 0.465076 0.401625
0.310762 0.225977 0.483605
0.602227 0.436874 0.545355
0.683798 0.262939 0.488836
0.415836 0.390749 0.41197
0.343433 0.252557 0.475143
0.456286 0.409652 0.339591
0.457826 0.301252 0.320411
0.474558 0.57148 0.637754
0.497091 0.298123 0.345648
0.447608 0.436587 0.635572
0.562868 0.317865 0.356094
0.525856 0.345237 0.635157
0.659998 0.47266 0.633509
0.552632 0.443643 0.342398
0.667773 0.338143 0.489885
0.52866 0.49504 0.709006
0.488708 0.360695 0.656257
0.321619 0.329182 0.55744
0.510093 0.578514 0.609432
0.525514 0.394838 0.741728
0.394408 0.395341 0.435064
0.311566 0.310485 0.541616
0.31605 0.360361 0.395328
0.592006 0.460877 0.577876
0.502753 0.378135 0.34063
0.354505 0.44902 0.545484
0.329512 0.366298 0.471791
0.467427 0.584401 0.599995
0.341419 0.323235 0.455431
0.422796 0.345214 0.383529
0.426969 0.453634 0.633488
0.59295 0.58506 0.506884
0.510767 0.234903 0.673437
0.372699 0.477109 0.41668
0.385268 0.475913 0.594607
0.484963 0.262323 0.667229
0.471845 0.583249 0.605193
0.339085 0.430847 0.522356
0.368083 0.36044 0.344436
0.413663 0.391791 0.413324
0.541229 0.378421 0.613933
0.669565 0.221935 0.503942
0.387175 0.400985 0.538049
0.519959 0.485821 0.259441
0.658938 0.292596 0.493454
0.53717 0.417156 0.370158
0.330041 0.294967 0.501503
0.374829 0.540359 0.342367
0.642916 0.417024 0.458998
0.64795 0.308291 0.504663
0.446556 0.311605 0.304401
0.342563 0.302876 0.497874
0.497716 0.584233 0.383329
0.466848 0.307136 0.657785
0.486434 0.209864 0.327867
0.507755 0.282999 0.335349
0.592374 0.337293 0.593194
0.447782 0.405577 0.615173
0.557705 0.44558 0.345165
0.494964 0.250467 0.671085
0.36433 0.488321 0.675217
0.576547 0.424665 0.549691
0.661559 0.278571 0.471189
0.459543 0.3842 0.335079
0.536259 0.420169 0.644032
0.389626 0.411555 0.444728
0.612449 0.483531 0.670525
0.390491 0.456444 0.601613
0.360743 0.45507 0.552752
0.475306 0.594597 0.415717
0.315196 0.240882 0.488417
0.491854 0.335884 0.653798
0.567473 0.460482 0.579908
0.355112 0.457031 0.533122
0.606513 0.430185 0.420325
0.403601 0.417423 0.43104
0.314109 0.272518 0.46114
0.304719 0.48016 0.362282
0.41998 0.469627 0.59968
0.388199 0.408347 0.442963
0.63693 0.330755 0.53701
0.682978 0.280684 0.499511
0.332281 0.347584 0.472405
0.49493 0.266937 0.662764
0.465174 0.337311 0.330461
0.648548 0.393713 0.52453
0.376692 0.475392 0.573587
0.334498 0.43247 0.446658
0.41737 0.451962 0.614537
0.568999 0.460561 0.577379
0.403585 0.439169 0.544979
0.600522 0.342276 0.335382
0.347258 0.208182 0.477823
0.453529 0.416269 0.656253
0.669696 0.239227 0.518807
0.530516 0.402809 0.249879
0.447209 0.409997 0.366169
0.440145 0.333595 0.291144
0.568964 0.32522 0.363546
0.538853 0.329754 0.640496
0.543006 0.352005 0.262465
0.549496 0.591025 0.452604
0.483767 0.287039 0.656576
0.651625 0.266836 0.494982
0.509999 0.272074 0.329824
0.556839 0.447117 0.608739
0.310676 0.241731 0.484513
0.388335 0.437191 0.442325
0.626821 0.413145 0.439027
0.352999 0.576573 0.506066
0.360309 0.450724 0.68508
0.394175 0.414114 0.437861
0.417922 0.469263 0.597178
0.46983 0.389479 0.663339
0.682428 0.465018 0.608438
0.283764 0.438823 0.379437
0.57006 0.454101 0.376013
0.42294 0.427573 0.402736
0.388225 0.375225 0.294233
0.510282 0.588937 0.405607
0.423862 0.462945 0.606149
0.379283 0.351321 0.575325
0.42837 0.361336 0.335821
0.501946 0.279624 0.337718
0.403364 0.342248 0.313414
0.389985 0.339147 0.644077
0.330898 0.289188 0.464193
0.668106 0.300527 0.484509
0.523159 0.390681 0.646874
0.506017 0.237738 0.680569
0.655436 0.331046 0.586772
0.426645 0.431264 0.396092
0.380987 0.474609 0.578568
0.334111 0.245973 0.475919
0.379731 0.583235 0.434592
0.6274 0.464861 0.404438
0.581865 0.32403 0.331073
0.325783 0.258573 0.494054
0.486692 0.276194 0.663114
0.507665 0.241034 0.683235
0.546437 0.4256 0.590625
0.412391 0.459594 0.605176
0.411014 0.452935 0.408921
0.349006 0.339264 0.534645
0.515799 0.590319 0.502477
0.545749 0.50507 0.276524
0.393348 0.383601 0.283803
0.38746 0.411399 0.441888
0.496098 0.279894 0.661094
0.501503 0.344884 0.334601
0.375971 0.344364 0.603385
0.45314 0.30045 0.665993
0.497739 0.254804 0.330154
0.331973 0.302263 0.499271
0.437839 0.449282 0.616597
0.690483 0.286547 0.46943
0.580001 0.415303 0.411654
0.491021 0.373681 0.665012
0.401588 0.412612 0.549643
0.511927 0.346122 0.652039
0.490286 0.237314 0.320333
0.582663 0.361791 0.291689
0.332483 0.223695 0.473909
0.412792 0.426221 0.418124
0.560188 0.447319 0.597449
0.717731 0.312459 0.460096
0.603069 0.452819 0.371576
0.462953 0.355462 0.32648
0.476918 0.303466 0.320332
0.708072 0.28916 0.462452
0.34115 0.364949 0.524652
0.498434 0.349958 0.659457
0.333584 0.276199 0.495023
0.678411 0.286235 0.517402
0.38589 0.387531 0.436442
0.618504 0.400192 0.680968
0.571962 0.319662 0.639241
0.652408 0.252637 0.497014
0.383489 0.460677 0.536491
0.438949 0.37213 0.357464
0.369271 0.447929 0.523794
0.544239 0.342657 0.37066
0.470839 0.316593 0.661301
0.381554 0.409301 0.445137
0.550417 0.43464 0.592609
0.389601 0.472182 0.406706
0.588097 0.414856 0.549555
0.508294 0.358652 0.254424
0.436183 0.440803 0.633069
0.576331 0.441923 0.585262
0.347054 0.374015 0.526518
0.321408 0.200147 0.477427
0.456203 0.594665 0.422526
0.600911 0.402348 0.287119
0.327494 0.263022 0.47063
0.546506 0.394218 0.598152
0.50353 0.271516 0.664763
0.582372 0.396226 0.555467
0.681286 0.37644 0.487742
0.466459 0.355208 0.64885
0.411606 0.444639 0.599286
0.554785 0.434786 0.607306
0.260216 0.389657 0.443927
0.470904 0.328841 0.658089
0.533342 0.3179 0.273209
0.519853 0.590111 0.501942
0.626818 0.383603 0.536012
0.385497 0.472027 0.572352
0.484313 0.270399 0.673582
0.54007 0.560541 0.64382
0.676994 0.249279 0.508954
0.727386 0.458323 0.54168
0.542515 0.529577 0.680104
0.608013 0.339368 0.404997
0.317143 0.28587 0.461976
0.410979 0.354621 0.381286
0.502208 0.285092 0.327211
0.56225 0.372493 0.402938
0.586195 0.403423 0.55304
0.347261 0.401629 0.453441
0.326019 0.561303 0.487934
0.491941 0.27277 0.671854
0.575065 0.447068 0.360624
0.41077 0.437142 0.414444
0.369486 0.415627 0.449464
0.324491 0.267446 0.470915
0.325483 0.277557 0.470684
0.435089 0.446165 0.60996
0.637323 0.335684 0.405205
0.644002 0.547217 0.394219
0.517188 0.353059 0.653215
0.725494 0.320934 0.46548
0.255977 0.47559 0.514178
0.471431 0.268576 0.678079
0.529017 0.377208 0.339815
0.46779 0.284152 0.313471
0.421981 0.512456 0.694238
0.603454 0.439588 0.403347
0.443063 0.41151 0.355932
0.389838 0.490188 0.299547
0.408067 0.477549 0.7082
0.396884 0.46614 0.574408
0.697209 0.394188 0.596051
0.530887 0.526004 0.6877
0.413403 0.405233 0.410311
0.57821 0.42106 0.554305
0.533064 0.323827 0.64879
0.529409 0.307909 0.278559
0.406267 0.462456 0.591937
0.412183 0.374513 0.571496
0.417938 0.4431 0.600903
0.365777 0.353666 0.368074
0.318383 0.261843 0.471319
0.584138 0.382653 0.415917
0.470847 0.290134 0.706036
0.331173 0.389974 0.458556
0.530317 0.388533 0.335638
0.64557 0.343357 0.521233
0.63438 0.444818 0.432819
0.528609 0.385385 0.333121
0.67536 0.310834 0.481095
0.351966 0.416384 0.522956
0.582607 0.447927 0.366871
0.425878 0.59592 0.486596
0.41153 0.444451 0.404717
0.666438 0.550289 0.489521
0.432094 0.574572 0.616358
0.51594 0.341752 0.658446
0.612786 0.444289 0.394259
0.584509 0.428002 0.554791
0.460089 0.303071 0.699795
0.424072 0.421097 0.262791
0.699419 0.362109 0.397371
0.65363 0.392863 0.454544
0.327794 0.33297 0.523744
0.416465 0.348777 0.689513
0.421909 0.348217 0.3753
0.573137 0.487233 0.280849
0.528765 0.591914 0.483505
0.670873 0.333473 0.493446
0.676459 0.295754 0.486218
0.444616 0.343322 0.327532
0.498615 0.288525 0.30061
0.466352 0.276819 0.679724
0.589196 0.328886 0.345311
0.712713 0.360237 0.413865
0.33075 0.337661 0.527386
0.29492 0.384638 0.379866
0.507666 0.471661 0.724991
0.602451 0.388883 0.425408
0.65138 0.34689 0.519641
0.658797 0.408711 0.457923
0.324125 0.324742 0.545958
0.448594 0.588858 0.535314
0.676401 0.328876 0.483795
0.472551 0.338014 0.661151
0.718154 0.354047 0.562863
0.424032 0.44049 0.38478
0.615525 0.338901 0.569165
0.494647 0.316902 0.318485
0.492562 0.323117 0.661846
0.676802 0.492963 0.585038
0.359632 0.39838 0.450174
0.678482 0.512649 0.56251
0.635117 0.399217 0.661319
0.491997 0.29219 0.670464
0.278085 0.315823 0.477745
0.497452 0.593471 0.457296
0.406367 0.448112 0.589175
0.679104 0.30056 0.485525
0.385612 0.440403 0.436782
0.457 0.304584 0.293698
0.331881 0.372725 0.522049
0.365029 0.426467 0.532996
0.298277 0.452743 0.356174
0.436433 0.375421 0.268806
0.588782 0.416763 0.703762
0.713295 0.348263 0.421138
0.357582 0.562642 0.399565
0.278413 0.519947 0.493249
0.265079 0.495672 0.509501
0.427068 0.432939 0.586685
0.305273 0.301582 0.512098
0.579081 0.365537 0.405968
0.414187 0.355894 0.358797
0.619954 0.435575 0.410235
0.303945 0.286967 0.480816
0.650356 0.409431 0.447879
0.309467 0.408216 0.629151
0.496278 0.269598 0.679432
0.575034 0.343632 0.383617
0.320158 0.350058 0.500795
0.649052 0.417357 0.446509
0.645662 0.479691 0.641087
0.408869 0.414812 0.559898
0.462466 0.321929 0.318771
0.293887 0.311943 0.460671
0.702635 0.355118 0.406728
0.359007 0.358079 0.552425
0.427767 0.424363 0.387442
0.421947 0.436682 0.719908
0.392904 0.402992 0.419065
0.661777 0.31799 0.527939
0.501288 0.333826 0.318033
0.617552 0.435728 0.411901
0.583149 0.410662 0.557127
0.653348 0.555423 0.437635
0.66966 0.329471 0.500644
0.581034 0.515147 0.66748
0.507163 0.317055 0.275082
0.667145 0.396109 0.462889
0.673908 0.544905 0.481168
0.33079 0.392295 0.522174
0.329651 0.389324 0.520625
0.532459 0.567586 0.354877
0.709329 0.471066 0.562227
0.362344 0.353183 0.624251
0.389817 0.446807 0.546474
0.411745 0.448387 0.567259
0.452189 0.338218 0.646784
0.569435 0.369388 0.279904
0.410253 0.446067 0.384824
0.550958 0.425837 0.261882
0.651394 0.40103 0.446875
0.622793 0.431031 0.42008
0.270125 0.37194 0.440923
0.569793 0.424132 0.716242
0.350329 0.390191 0.446727
0.366828 0.34329 0.608992
0.399002 0.450956 0.558358
0.551205 0.306801 0.310574
0.667674 0.333711 0.506363
0.481151 0.297486 0.3046
0.54891 0.407008 0.609207
0.611722 0.575745 0.444477
0.522203 0.35686 0.323593
0.492431 0.297558 0.283755
0.346081 0.572598 0.498647
0.595971 0.360943 0.41427
0.688669 0.519371 0.426083
0.56943 0.519539 0.671677
0.370294 0.442939 0.43411
0.418682 0.363522 0.35569
0.541896 0.588299 0.44026
0.386086 0.392812 0.418285
0.424673 0.349278 0.298994
0.676928 0.353283 0.463836
0.477682 0.303829 0.675675
0.688226 0.459563 0.359531
0.663492 0.322824 0.529329
0.551681 0.419663 0.379964
0.436275 0.427142 0.61619
0.679214 0.398077 0.620347
0.50162 0.293407 0.294892
0.277484 0.328705 0.488592
0.469338 0.351442 0.660776
0.313799 0.329997 0.512372
0.424102 0.422527 0.386483
0.374426 0.406002 0.439149
0.657626 0.342743 0.444936
0.414586 0.438397 0.715831
0.594403 0.366999 0.30183
0.50752 0.288069 0.677848
0.57507 0.327245 0.34333
0.412576 0.446425 0.581996
0.388229 0.407575 0.429739
0.502098 0.29196 0.682953
0.417259 0.430834 0.394274
0.561598 0.358229 0.607258
0.559928 0.405244 0.396056
0.436255 0.371841 0.340802
0.664789 0.506824 0.590011
0.372968 0.376646 0.555882
0.684069 0.318377 0.504092
0.508138 0.29345 0.683421
0.732384 0.414782 0.558849
0.662412 0.35669 0.450241
0.327895 0.37021 0.455769
0.344084 0.344198 0.582728
0.501603 0.292163 0.685463
0.346973 0.386195 0.536305
0.669089 0.302356 0.514852
0.585068 0.351268 0.306315
0.649 0.331511 0.538429
0.476163 0.585241 0.561063
0.437346 0.379474 0.615769
0.657567 0.486799 0.343948
0.331181 0.329515 0.53548
0.459267 0.365084 0.641813
0.658353 0.322366 0.515933
0.400225 0.43448 0.405868
0.481227 0.592258 0.435465
0.560818 0.325043 0.650715
0.44344 0.340278 0.646514
0.399711 0.422968 0.559685
0.664653 0.327248 0.441972
0.648599 0.352953 0.615678
0.32626 0.375414 0.453256
0.427078 0.394402 0.366946
0.698365 0.306694 0.526373
0.56748 0.349176 0.60928
0.32431 0.345585 0.524404
0.487505 0.584248 0.524578
0.473615 0.304475 0.284141
0.451667 0.332637 0.286858
0.320631 0.346429 0.459913
0.333805 0.343739 0.558537
0.731899 0.459424 0.504465
0.336515 0.564522 0.536517
0.413274 0.433036 0.393405
0.492684 0.29566 0.682112
0.675461 0.379894 0.459108
0.320321 0.353422 0.460092
0.414085 0.403089 0.578465
0.485359 0.305107 0.29577
0.574927 0.359305 0.705288
0.423204 0.370729 0.612139
0.637731 0.429673 0.658336
0.470835 0.587424 0.392569
0.485633 0.583768 0.557214
0.565763 0.361529 0.601766
0.579272 0.42861 0.572234
0.433706 0.574384 0.614689
0.261459 0.357564 0.490812
0.399433 0.409152 0.559431
0.676673 0.327262 0.436588
0.372321 0.379973 0.558848
0.48795 0.588308 0.495245
0.404896 0.419975 0.40186
0.459041 0.314684 0.668081
0.571036 0.333749 0.692569
0.687797 0.332761 0.427248
0.35214 0.349154 0.398325
0.48118 0.325599 0.274548
0.385816 0.361876 0.38525
0.48634 0.589419 0.487721
0.521392 0.317752 0.313044
0.405543 0.427031 0.589788
0.37909 0.409792 0.292221
0.634419 0.502978 0.632119
0.541305 0.372826 0.642096
0.294075 0.315516 0.475206
0.672437 0.33453 0.427832
0.530247 0.329076 0.320972
0.618761 0.402691 0.422642
0.550477 0.308464 0.320668
0.262207 0.438037 0.546434
0.680623 0.359407 0.505073
0.467901 0.365195 0.66606
0.421916 0.39674 0.375386
0.480052 0.571419 0.63226
0.557247 0.319759 0.308342
0.328848 0.363387 0.438733
0.422572 0.384493 0.386698
0.369635 0.351709 0.381481
0.683483 0.344427 0.465757
0.516817 0.346557 0.260363
0.425739 0.369731 0.285111
0.420853 0.396904 0.597253
0.372867 0.430583 0.427124
0.557774 0.334584 0.356811
0.432571 0.35548 0.631734
0.334942 0.349491 0.566873
0.679162 0.390538 0.453161
0.678513 0.346838 0.512619
0.505746 0.30655 0.703073
0.700799 0.507122 0.515458
0.71537 0.434586 0.403161
0.323611 0.486839 0.352185
0.584011 0.582948 0.458177
0.393656 0.421763 0.579882
0.391864 0.431858 0.404451
0.640522 0.344017 0.584176
0.607654 0.574849 0.538819
0.642603 0.494769 0.336894
0.462071 0.569148 0.635537
0.478051 0.591388 0.446101
0.391657 0.405868 0.410573
0.652633 0.341249 0.536931
0.274982 0.366542 0.534289
0.595967 0.340231 0.35405
0.40081 0.584974 0.412692
0.623617 0.363586 0.560095
0.391734 0.433647 0.392376
0.399249 0.352791 0.368692
0.282184 0.501233 0.435466
0.591642 0.412403 0.567942
0.253682 0.423991 0.499897
0.573793 0.568438 0.384398
0.619206 0.572567 0.516509
0.623035 0.3503 0.417247
0.299752 0.331685 0.537878
0.598458 0.389458 0.41415
0.650793 0.56187 0.470511
0.458616 0.312106 0.677584
0.438616 0.394359 0.263232
0.697286 0.486922 0.39553
0.35672 0.34606 0.587217
0.33672 0.358583 0.410744
0.698857 0.370149 0.477013
0.464012 0.313296 0.676638
0.524415 0.310453 0.702803
0.269588 0.482404 0.441409
0.657835 0.525354 0.380787
0.554674 0.339764 0.638638
0.327395 0.377748 0.444562
0.374167 0.414825 0.424404
0.543196 0.332278 0.329547
0.524814 0.33156 0.673199
0.528047 0.320067 0.680762
0.509137 0.326886 0.297853
0.532452 0.362055 0.263993
0.705583 0.372181 0.40158
0.339377 0.353689 0.401904
0.587402 0.531972 0.32691
0.394238 0.414595 0.40323
0.453443 0.403752 0.73839
0.696144 0.319184 0.483323
0.628003 0.571179 0.457631
0.359131 0.363362 0.412029
0.531025 0.318287 0.707567
0.277267 0.497284 0.557393
0.689395 0.354235 0.499057
0.421536 0.383735 0.611084
0.468579 0.304343 0.69216
0.410164 0.409689 0.591469
0.538359 0.321805 0.320209
0.570598 0.57174 0.39426
0.627022 0.554913 0.3959
0.357681 0.368808 0.552303
0.401759 0.369925 0.383608
0.425611 0.357053 0.639292
0.389485 0.57506 0.578091
0.626494 0.496253 0.324723
0.399639 0.395356 0.584082
0.695158 0.365716 0.498178
0.645337 0.343131 0.399516
0.54042 0.320896 0.69245
0.74138 0.385132 0.447254
0.615018 0.544266 0.365216
0.260006 0.394049 0.451123
0.491733 0.335902 0.273153
0.315465 0.363198 0.450286
0.448808 0.338944 0.658438
0.484374 0.355202 0.261072
0.601497 0.415853 0.29132
0.514816 0.471533 0.721844
0.645514 0.398258 0.644822
0.392967 0.398603 0.396409
0.291893 0.377205 0.421252
0.448615 0.371013 0.640973
0.34096 0.352102 0.552347
0.310607 0.362324 0.423558
0.48483 0.589239 0.475441
0.429311 0.355198 0.297239
0.268291 0.399438 0.433724
0.694969 0.328027 0.491314
0.325393 0.38852 0.63827
0.581781 0.373455 0.394536
0.29481 0.421034 0.370903
0.3116 0.438114 0.348507
0.642356 0.532424 0.373855
0.489612 0.321431 0.683365
0.357271 0.396869 0.427893
0.439987 0.570506 0.624089
0.489514 0.352042 0.678651
0.289292 0.330223 0.477582
0.256966 0.388104 0.493613
0.578964 0.392201 0.581086
0.392457 0.380573 0.584735
0.260307 0.373936 0.489115
0.691692 0.364514 0.513984
0.391425 0.588019 0.498054
0.551559 0.328556 0.674084
0.362959 0.529255 0.344796
0.581159 0.560828 0.372805
0.515055 0.353498 0.685524
0.586125 0.40343 0.580098
0.297476 0.333164 0.499348
0.621315 0.378277 0.567041
0.349141 0.52176 0.352084
0.701407 0.450118 0.580249
0.454303 0.590826 0.451146
0.670777 0.342534 0.419542
0.490991 0.355452 0.681393
0.25228 0.406222 0.46469
0.686622 0.361404 0.521257
0.33137 0.387019 0.43479
0.580856 0.35201 0.624444
0.694939 0.362887 0.50492
0.371802 0.369573 0.581132
0.264203 0.457219 0.556198
0.396827 0.357996 0.363288
0.403349 0.367312 0.618348
0.689699 0.332277 0.546391
0.341846 0.437056 0.665675
0.353346 0.359975 0.580554
0.331026 0.393286 0.64692
0.374592 0.389851 0.685008
0.491 0.360088 0.682778
0.393595 0.40375 0.58228
0.64935 0.346695 0.412951
0.651094 0.340438 0.556457
0.355211 0.386958 0.420247
0.496595 0.390167 0.257625
0.596227 0.571049 0.417242
0.385686 0.381756 0.383439
0.685814 0.362549 0.526961
0.604999 0.336679 0.638779
0.56236 0.335362 0.658905
0.672792 0.343468 0.425136
0.551771 0.574343 0.397355
0.308011 0.35004 0.511824
0.43601 0.419159 0.728551
0.341845 0.358944 0.555096
0.581008 0.480268 0.68615
0.26496 0.376118 0.505285
0.554786 0.350402 0.646008
0.402357 0.36592 0.311269
0.363554 0.390663 0.563228
0.620067 0.35854 0.596649
0.261218 0.396946 0.521028
0.577139 0.377777 0.287881
0.635862 0.373836 0.56009
0.538976 0.58137 0.516404
0.538767 0.579722 0.52973
0.733162 0.336408 0.503529
0.382607 0.376604 0.673528
0.528334 0.373973 0.735135
0.402987 0.382188 0.354483
0.65629 0.399674 0.337927
0.394226 0.357368 0.324011
0.644755 0.365518 0.432497
0.607278 0.357974 0.348936
0.318958 0.339647 0.533986
0.639696 0.363895 0.558351
0.655088 0.377097 0.360746
0.360368 0.573986 0.44868
0.544281 0.351243 0.666826
0.622805 0.366601 0.585282
0.287164 0.332231 0.493978
0.398224 0.396949 0.599916
0.321178 0.374642 0.586182
0.668011 0.353425 0.544848
0.383425 0.363596 0.337081
0.573633 0.339844 0.650408
0.442817 0.416809 0.259948
0.523582 0.583833 0.422536
0.470881 0.362656 0.261834
0.71576 0.326984 0.516651
0.373151 0.382566 0.585081
0.266662 0.391493 0.535292
0.662721 0.355682 0.54759
0.722489 0.396315 0.414552
0.391403 0.360931 0.624836
0.293382 0.388628 0.400447
0.278606 0.412642 0.57477
0.283707 0.390697 0.571487
0.432574 0.356018 0.660725
0.685025 0.349305 0.454339
0.388566 0.359154 0.360753
0.309471 0.346134 0.518059
0.524474 0.392387 0.260334
0.444762 0.363159 0.651104
0.709446 0.321603 0.475615
0.370733 0.372029 0.370021
0.598482 0.363089 0.676226
0.344773 0.568367 0.5195
0.666702 0.358004 0.584976
0.377076 0.581287 0.527278
0.7183 0.325671 0.490865
0.472508 0.581141 0.5569
0.52685 0.585457 0.479918
0.657742 0.422747 0.633869
0.538367 0.533484 0.300287
0.724645 0.476514 0.473854
0.602221 0.388297 0.683783
0.592862 0.579189 0.516199
0.280036 0.375152 0.438139
0.339839 0.368498 0.402359
0.705246 0.325577 0.460928
0.664145 0.349262 0.555558
0.475007 0.333113 0.703367
0.519212 0.583756 0.430281
0.605978 0.363398 0.367076
0.268513 0.415151 0.551513
0.548106 0.350744 0.673996
0.427996 0.390256 0.32175
0.658846 0.461344 0.631385
0.62615 0.405335 0.664553
0.292614 0.342175 0.51473
0.498425 0.568162 0.354162
0.600481 0.346795 0.633237
0.456981 0.35813 0.672126
0.258793 0.39115 0.462267
0.657665 0.383096 0.432273
0.445295 0.360771 0.659567
0.418238 0.375707 0.303614
0.503892 0.451323 0.255458
0.518994 0.482871 0.714112
0.292306 0.35407 0.499727
0.421547 0.445743 0.716184
0.629815 0.373022 0.4166
0.44664 0.590266 0.46724
0.362204 0.381627 0.589256
0.321188 0.354203 0.540474
0.640354 0.494217 0.629295
0.704463 0.350652 0.479635
0.636572 0.369849 0.580846
0.456742 0.403409 0.737868
0.26704 0.470687 0.558982
0.708682 0.360503 0.418908
0.540937 0.559538 0.634864
0.440518 0.40207 0.264667
0.397435 0.383993 0.620431
0.309593 0.37627 0.43196
0.41522 0.510268 0.689663
0.663729 0.357721 0.557405
0.656935 0.359064 0.562206
0.491736 0.58527 0.455379
0.297763 0.480589 0.606832
0.604361 0.573871 0.450165
0.593487 0.374653 0.308896
0.601017 0.376792 0.603342
0.505413 0.335617 0.701229
0.578057 0.346637 0.338938
0.651469 0.381302 0.42934
0.547776 0.338728 0.706582
0.306369 0.393631 0.609266
0.445295 0.364248 0.286711
0.593546 0.363966 0.373327
0.632326 0.384771 0.577557
0.301222 0.361567 0.52027
0.617326 0.372015 0.383509
0.406496 0.368239 0.637264
0.510835 0.338644 0.697962
0.427352 0.383512 0.285484
0.442777 0.355026 0.672958
0.655283 0.356175 0.570942
0.465698 0.33645 0.69172
0.690291 0.341588 0.438414
0.518952 0.353138 0.282318
0.471794 0.580123 0.515095
0.43851 0.483212 0.270373
0.532877 0.346748 0.283996
0.584911 0.364443 0.641166
0.365512 0.379729 0.597338
0.549954 0.34424 0.674432
0.376062 0.381165 0.598655
0.665195 0.351611 0.569452
0.276904 0.376054 0.528492
0.278999 0.365125 0.461196
0.576576 0.363397 0.356593
0.34723 0.382027 0.576954
0.52838 0.510125 0.693709
0.458458 0.587368 0.469666
0.599349 0.40779 0.293994
0.305574 0.382299 0.420057
0.645929 0.546984 0.408691
0.504816 0.338131 0.719839
0.432557 0.374575 0.294466
0.742382 0.42802 0.465245
0.602317 0.369614 0.619993
0.726667 0.416628 0.426987
0.543216 0.570035 0.59378
0.434067 0.403615 0.269245
0.528569 0.497885 0.701761
0.695231 0.341818 0.4556
0.580447 0.356477 0.321728
0.436942 0.429488 0.264006
0.71362 0.342175 0.518995
0.521743 0.361968 0.277285
0.59729 0.38321 0.681798
0.435433 0.379825 0.299572
0.701611 0.347017 0.426499
0.441303 0.5404 0.311318
0.60475 0.373774 0.669907
0.26459 0.375903 0.483898
0.279645 0.43363 0.417153
0.591719 0.376644 0.370559
0.388991 0.568881 0.38808
0.322927 0.453703 0.341737
0.636741 0.359737 0.397202
0.566016 0.559361 0.616568
0.593227 0.386699 0.297066
0.415899 0.552476 0.3376
0.375999 0.3734 0.617403
0.297587 0.459075 0.366384
0.284566 0.365812 0.513562
0.469639 0.585309 0.456847
0.507774 0.352102 0.706144
0.446185 0.588372 0.472067
0.419195 0.519283 0.304434
0.726587 0.374963 0.434072
0.708061 0.354891 0.529077
0.675427 0.438298 0.613331
0.570512 0.351112 0.667527
0.586728 0.538165 0.340452
0.626436 0.524784 0.353906
0.452268 0.587189 0.440738
0.573743 0.353045 0.33702
0.666192 0.425902 0.623775
0.384091 0.370238 0.642925
0.313937 0.386706 0.405216
0.6438 0.383464 0.580273
0.666717 0.366839 0.428483
0.709716 0.3684 0.564289
0.713919 0.348348 0.520297
0.638022 0.3957 0.582711
0.584962 0.3751 0.307395
0.437549 0.38203 0.280917
0.527577 0.364025 0.285324
0.359882 0.393573 0.324397
0.596176 0.557535 0.601331
0.701981 0.414898 0.586479
0.65508 0.367781 0.574841
0.386971 0.384667 0.625864
0.618549 0.54378 0.373599
0.408751 0.370757 0.677278
0.628384 0.512753 0.344085
0.440024 0.368033 0.674473
0.713386 0.361696 0.520292
0.350821 0.380103 0.628992
0.587632 0.364871 0.341011
0.599847 0.368375 0.641481
0.546867 0.562459 0.370692
0.563383 0.499065 0.68226
0.400919 0.587727 0.466573
0.510454 0.567963 0.36556
0.678871 0.361704 0.56839
0.723964 0.396263 0.424613
0.469723 0.580059 0.385116
0.723663 0.343958 0.530128
0.358379 0.379981 0.622412
0.267771 0.384809 0.470461
0.271196 0.431063 0.441332
0.443618 0.579446 0.550497
0.740766 0.363783 0.471072
0.379634 0.529727 0.334749
0.558777 0.454678 0.70696
0.593717 0.374439 0.676565
0.631508 0.544192 0.582977
0.505378 0.347803 0.722485
0.327365 0.387707 0.373023
0.601312 0.385159 0.355304
0.716948 0.461373 0.541781
0.69216 0.355115 0.440321
0.270423 0.416766 0.445154
0.590421 0.390839 0.295475
0.62642 0.407467 0.371027
0.479397 0.570227 0.623354
0.395412 0.389637 0.644199
0.51206 0.351127 0.715033
0.722049 0.344906 0.52472
0.470402 0.381467 0.734818
0.265626 0.388574 0.465973
0.417311 0.439491 0.277103
0.728681 0.344882 0.47086
0.264401 0.432665 0.461192
0.625137 0.381102 0.335149
0.372267 0.532351 0.344604
0.573282 0.558147 0.375126
0.28064 0.391492 0.546307
0.341203 0.562857 0.461131
0.644686 0.386501 0.608851
0.427949 0.579834 0.556292
0.739597 0.427804 0.504032
0.315506 0.399715 0.411449
0.608499 0.38682 0.664738
0.298266 0.418139 0.380896
0.620641 0.39831 0.372625
0.432931 0.373335 0.678159
0.707214 0.478102 0.424336
0.741384 0.376363 0.508067
0.650616 0.404223 0.602016
0.531889 0.554271 0.340886
0.463274 0.584245 0.466095
0.266318 0.429339 0.537809
0.296238 0.532624 0.493469
0.286046 0.412535 0.426084
0.276409 0.459808 0.577763
0.642608 0.430415 0.642565
0.616208 0.375542 0.626739
0.344186 0.390866 0.645671
0.520335 0.546643 0.659907
0.537948 0.580293 0.46544
0.294312 0.524787 0.456834
0.56621 0.393727 0.711865
0.358324 0.448159 0.316997
0.424922 0.367573 0.687977
0.420643 0.399405 0.293765
0.620812 0.401223 0.36109
0.72285 0.348977 0.476271
0.458015 0.388492 0.275791
0.278461 0.439112 0.432958
0.424125 0.38338 0.672439
0.29846 0.397643 0.573008
0.654486 0.493845 0.355481
0.279763 0.445493 0.428732
0.280169 0.50276 0.458142
0.334536 0.40803 0.627454
0.499548 0.358833 0.724093
0.587652 0.53333 0.337467
0.589943 0.388014 0.682502
0.727991 0.353502 0.487228
0.575773 0.395424 0.701153
0.397126 0.423487 0.290333
0.378844 0.392621 0.643312
0.452852 0.366044 0.720563
0.686475 0.368708 0.425587
0.289045 0.413353 0.428381
0.313869 0.407855 0.592094
0.271302 0.450922 0.446937
0.611024 0.382646 0.640937
0.670313 0.374485 0.57582
0.402189 0.384054 0.671353
0.328719 0.3976 0.632875
0.663625 0.392287 0.356105
0.480215 0.480592 0.259815
0.612062 0.393903 0.31218
0.687019 0.369438 0.561086
0.647442 0.396684 0.611369
0.724518 0.350114 0.461794
0.605571 0.38645 0.343153
0.56994 0.381267 0.300152
0.545349 0.390891 0.278016
0.490542 0.401754 0.274616
0.432116 0.410831 0.275275
0.706115 0.3589 0.551182
0.399872 0.384451 0.67101
0.378219 0.397692 0.649651
0.434142 0.411922 0.280998
0.51167 0.404563 0.280594
0.697957 0.471853 0.39361
0.637836 0.529319 0.374454
0.261865 0.471524 0.476925
0.48703 0.576726 0.504038
0.684966 0.374106 0.567227
0.588304 0.57634 0.497232
0.38502 0.521093 0.665662
0.689034 0.451135 0.583179
0.590731 0.398625 0.297246
0.349133 0.405957 0.659161
0.362578 0.572578 0.507383
0.694949 0.443936 0.579291
0.720715 0.359403 0.457819
0.585496 0.378143 0.663487
0.70793 0.364475 0.443237
0.599348 0.392265 0.3314
0.451509 0.368409 0.704481
0.612804 0.567167 0.446026
0.427693 0.413654 0.280894
0.474032 0.575634 0.512263
0.708816 0.439966 0.408814
0.434652 0.45049 0.718313
0.705799 0.486843 0.522917
0.666687 0.39772 0.355023
0.511735 0.560769 0.353246
0.638331 0.509498 0.354394
0.404143 0.407621 0.701689
0.44434 0.585181 0.461441
0.720217 0.369757 0.458858
0.374496 0.553034 0.374815
0.311904 0.45742 0.63015
0.508913 0.369436 0.717423
0.681252 0.527369 0.457682
0.273862 0.443451 0.557189
0.436299 0.577938 0.534281
0.296798 0.451891 0.382027
0.65976 0.393519 0.375921
0.573068 0.377142 0.684259
0.264255 0.475986 0.486579
0.735026 0.43599 0.468715
0.400992 0.462767 0.700215
0.303617 0.528569 0.552355
0.47359 0.473259 0.258768
0.469095 0.569245 0.620412
0.594989 0.55861 0.594356
0.271772 0.435443 0.515407
0.572372 0.575281 0.532169
0.44679 0.370875 0.706242
0.283081 0.437809 0.575269
0.589741 0.575089 0.526116
0.298956 0.421057 0.423642
0.669142 0.413114 0.591205
0.619178 0.567663 0.49832
0.578307 0.57686 0.47508
0.485164 0.411666 0.734476
0.568235 0.575539 0.526267
0.661982 0.4182 0.60573
0.570584 0.4002 0.288534
0.739754 0.404378 0.467807
0.279934 0.428613 0.445343
0.302372 0.505479 0.418029
0.515719 0.57929 0.468343
0.715794 0.400655 0.560234
0.682533 0.444652 0.593282
0.657406 0.544642 0.444851
0.712889 0.370958 0.540738
0.321652 0.545635 0.543327
0.425684 0.399721 0.709392
0.522296 0.410534 0.27189
0.298274 0.45011 0.385065
0.423031 0.57219 0.588073
0.607579 0.558292 0.579726
0.6747 0.407236 0.387299
0.38804 0.407619 0.686056
0.268257 0.459325 0.512062
0.411149 0.436737 0.29324
0.706739 0.479767 0.527474
0.378823 0.456365 0.687483
0.339853 0.442651 0.36064
0.395634 0.427229 0.697352
0.550729 0.378936 0.70751
0.681872 0.395105 0.405787
0.58261 0.400761 0.310193
0.626494 0.452418 0.655166
0.316139 0.448084 0.629108
0.404266 0.466629 0.293324
0.670287 0.418192 0.580247
0.600091 0.569352 0.449357
0.282231 0.508509 0.50442
0.426217 0.468247 0.278918
0.507374 0.434256 0.275772
0.678617 0.395991 0.376837
0.657461 0.417193 0.359036
0.558007 0.506758 0.676222
0.636087 0.414353 0.636853
0.682213 0.415109 0.589549
0.642194 0.452667 0.638906
0.373357 0.555012 0.382634
0.381452 0.57692 0.509196
0.495227 0.392054 0.717776
0.282738 0.445277 0.573065
0.607871 0.408165 0.659371
0.299547 0.444278 0.38532
0.668229 0.39655 0.373876
0.28456 0.429913 0.555813
0.272687 0.48233 0.538823
0.706113 0.383533 0.431076
0.699595 0.38936 0.561255
0.361172 0.446456 0.339382
0.678648 0.47308 0.580685
0.269847 0.464955 0.517305
0.732731 0.387231 0.509711
0.482495 0.473754 0.262872
0.275474 0.445476 0.455816
0.311091 0.439982 0.610265
0.592811 0.527648 0.3402
0.319694 0.439133 0.367055
0.441536 0.57401 0.565527
0.430586 0.574423 0.56276
0.274066 0.447842 0.481906
0.328277 0.551908 0.473628
0.576594 0.391135 0.677971
0.520211 0.455868 0.717032
0.590104 0.412911 0.680631
0.417365 0.442196 0.706833
0.372322 0.548564 0.614648
0.584708 0.560271 0.400576
0.492847 0.54728 0.657567
0.282751 0.440872 0.447439
0.310497 0.535761 0.462309
0.444205 0.415796 0.725122
0.536671 0.572604 0.422675
0.558659 0.436661 0.706628
0.283438 0.491014 0.444783
0.34952 0.421866 0.641798
0.288273 0.48209 0.577767
0.69054 0.391238 0.561066
0.274664 0.489689 0.533672
0.622204 0.517138 0.622982
0.455692 0.447066 0.269962
0.478287 0.391745 0.72075
0.278075 0.492926 0.531521
0.332561 0.495383 0.629101
0.725475 0.436008 0.452006
0.606786 0.570055 0.489661
0.702929 0.489147 0.508284
0.273736 0.462444 0.524547
0.721632 0.388144 0.531741
0.516591 0.561063 0.368401
0.684192 0.407528 0.565803
0.471718 0.468553 0.265804
0.605852 0.437154 0.309927
0.733257 0.421737 0.461687
0.276204 0.462565 0.547543
0.362171 0.558686 0.560449
0.669138 0.429283 0.357242
0.690578 0.485784 0.407289
0.340577 0.538446 0.592815
0.709805 0.478975 0.501623
0.274557 0.458983 0.45778
0.286483 0.509568 0.495262
0.322157 0.464688 0.634158
0.301572 0.492722 0.588147
0.690186 0.416476 0.571906
0.521462 0.44859 0.273226
0.717059 0.403789 0.524449
0.615172 0.567556 0.488314
0.397625 0.415817 0.682808
0.609837 0.430756 0.321899
0.502162 0.422651 0.727695
0.626777 0.561449 0.509174
0.427386 0.562306 0.61761
0.336001 0.440422 0.642691
0.323607 0.543881 0.534135
0.690632 0.433966 0.381404
0.72326 0.417008 0.542846
0.632571 0.4337 0.636829
0.330072 0.464874 0.35786
0.362389 0.456513 0.669575
0.395066 0.510811 0.671413
0.63197 0.559458 0.494308
0.392939 0.573718 0.532671
0.280983 0.46443 0.529763
0.449609 0.494519 0.28173
0.678839 0.431162 0.379706
0.649689 0.449593 0.600259
0.36565 0.453556 0.638571
0.541846 0.557667 0.3786
0.68455 0.440807 0.578458
0.698677 0.409872 0.429731
0.472196 0.487213 0.271118
0.399328 0.428749 0.67795
0.707698 0.474113 0.443031
0.694005 0.410332 0.41839
0.604264 0.444899 0.311436
0.589356 0.419755 0.660044
0.627793 0.56302 0.47712
0.732229 0.416892 0.474721
0.379264 0.439864 0.681041
0.356174 0.564458 0.49745
0.536867 0.511455 0.290324
0.677731 0.432313 0.376805
0.575013 0.407998 0.681467
0.271734 0.475656 0.474151
0.425009 0.579273 0.507176
0.38719 0.52803 0.655208
0.289272 0.49115 0.438608
0.3515 0.433252 0.645534
0.50349 0.474987 0.270338
0.330816 0.440418 0.624441
0.592405 0.437809 0.67296
0.485083 0.408057 0.720073
0.422701 0.57766 0.519974
0.342604 0.456661 0.647702
0.392107 0.56968 0.40666
0.619093 0.451645 0.632602
0.713484 0.406017 0.437164
0.419423 0.492387 0.302652
0.28569 0.470627 0.532703
0.620304 0.460259 0.319849
0.406056 0.521046 0.321635
0.531976 0.474964 0.278055
0.288895 0.506824 0.493937
0.356855 0.552519 0.406241
0.68181 0.478483 0.387382
0.609448 0.444862 0.641731
0.609842 0.457744 0.315178
0.687136 0.468736 0.390595
0.697366 0.413539 0.550707
0.617134 0.462754 0.652411
0.609695 0.453887 0.322967
0.683984 0.443023 0.574545
0.657503 0.466509 0.376854
0.718437 0.459133 0.483206
0.443134 0.56489 0.608939
0.459059 0.5714 0.512067
0.61862 0.499797 0.633529
0.312097 0.531807 0.523713
0.633262 0.478208 0.633776
0.401312 0.565453 0.577761
0.278559 0.481606 0.528448
0.342732 0.445514 0.631973
0.607518 0.49027 0.321547
0.495037 0.544248 0.324843
0.381918 0.48506 0.320932
0.637846 0.461365 0.332513
0.675966 0.489534 0.565156
0.401242 0.449859 0.691548
0.360388 0.47234 0.335578
0.293689 0.509091 0.503707
0.381229 0.575184 0.471357
0.450217 0.579273 0.426934
0.720372 0.406873 0.4576
0.641161 0.459877 0.346908
0.711797 0.422936 0.523816
0.323889 0.491762 0.612919
0.569691 0.428378 0.66961
0.562707 0.52134 0.320928
0.669767 0.515421 0.417996
0.283048 0.485152 0.521454
0.71341 0.452369 0.516823
0.65395 0.519185 0.569
0.714353 0.423608 0.539474
0.384782 0.469783 0.325472
0.678267 0.438423 0.563671
0.494709 0.569071 0.510119
0.665831 0.529321 0.519411
0.571727 0.558158 0.404351
0.490225 0.498434 0.284179
0.5031 0.526506 0.303082
0.485621 0.475475 0.712221
0.604178 0.469614 0.312999
0.583257 0.432661 0.670121
0.373267 0.470754 0.334963
0.672849 0.486748 0.38538
0.401343 0.471905 0.322163
0.552996 0.423917 0.69958
0.694899 0.455804 0.55591
0.400435 0.456267 0.662569
0.319794 0.535386 0.531078
0.596799 0.554067 0.40481
0.569393 0.565147 0.437961
0.602577 0.549798 0.395977
0.666532 0.460478 0.366346
0.581508 0.547408 0.615058
0.299255 0.513069 0.501906
0.713267 0.42909 0.52387
0.400641 0.541453 0.638926
0.391029 0.485119 0.322835
0.435397 0.568951 0.541893
0.708557 0.43199 0.522176
0.34347 0.521772 0.377279
0.672584 0.519578 0.523542
0.364011 0.459763 0.642627
0.717415 0.424141 0.501203
0.366658 0.452979 0.65305
0.350788 0.533643 0.381457
0.315137 0.474454 0.602831
0.666233 0.47378 0.372247
0.371172 0.457372 0.648536
0.375559 0.516014 0.648372
0.59846 0.473296 0.659362
0.452352 0.568995 0.519226
0.662817 0.522936 0.54221
0.644597 0.465458 0.602475
0.485232 0.528339 0.671971
0.583567 0.439591 0.664581
0.471884 0.558989 0.630457
0.678477 0.446132 0.556525
0.327974 0.503725 0.396514
0.464967 0.506287 0.294604
0.329639 0.467439 0.60369
0.413403 0.481179 0.318109
0.50876 0.435912 0.70768
0.486073 0.574816 0.42167
0.396448 0.569748 0.535343
0.325973 0.539762 0.514805
0.595842 0.560197 0.438669
0.354044 0.536349 0.600395
0.374159 0.453612 0.654867
0.709294 0.442599 0.5353
0.404803 0.501053 0.336925
0.70154 0.440804 0.537174
0.579015 0.446782 0.656449
0.405354 0.505756 0.324836
0.715283 0.434196 0.48735
0.708055 0.443378 0.523
0.560978 0.509499 0.660853
0.346276 0.552507 0.50686
0.352595 0.505643 0.367697
0.537786 0.563728 0.413139
0.655044 0.485473 0.390697
0.3567 0.542222 0.580704
0.303892 0.495881 0.5072
0.681085 0.458472 0.534106
0.481749 0.499622 0.693356
0.398933 0.480062 0.67921
0.469046 0.56579 0.516466
0.451662 0.498221 0.303567
0.479128 0.560599 0.363686
0.494026 0.444625 0.709783
0.320314 0.533777 0.50418
0.61512 0.476803 0.328786
0.678897 0.500971 0.426483
0.635213 0.475691 0.597023
0.685415 0.447589 0.545506
0.495439 0.566979 0.503937
0.686069 0.462246 0.417104
0.685736 0.510895 0.471984
0.424495 0.471549 0.694409
0.656618 0.478951 0.37671
0.327664 0.475053 0.582056
0.557285 0.547528 0.622183
0.48223 0.539488 0.657986
0.312845 0.516815 0.441736
0.60455 0.508868 0.341444
0.429284 0.54939 0.349358
0.317235 0.496015 0.581432
0.681537 0.458473 0.554955
0.368884 0.562598 0.442698
0.420758 0.527379 0.33029
0.497269 0.569597 0.460369
0.695506 0.472663 0.523209
0.305226 0.511102 0.472754
0.587107 0.519502 0.343433
0.310046 0.514252 0.459641
0.328289 0.53326 0.435837
0.67058 0.507099 0.422229
0.433863 0.453476 0.692291
0.657302 0.489597 0.392244
0.338156 0.533305 0.407045
0.676982 0.505407 0.533185
0.420359 0.462395 0.684135
0.358777 0.517336 0.368971
0.384402 0.553545 0.579405
0.366368 0.476275 0.651592
0.389449 0.50466 0.619031
0.646744 0.489153 0.378279
0.681483 0.489134 0.422721
0.39787 0.481066 0.648858
0.637888 0.495964 0.383592
0.694521 0.459504 0.438442
0.491389 0.46607 0.704911
0.613268 0.540711 0.593216
0.423638 0.475283 0.689523
0.322218 0.485275 0.593023
0.452926 0.455625 0.707055
0.56393 0.479598 0.308134
0.377436 0.498229 0.621595
0.444034 0.453574 0.68771
0.621829 0.486882 0.594252
0.392114 0.564459 0.541327
0.661932 0.489143 0.575264
0.338478 0.537383 0.426396
0.652299 0.479095 0.58185
0.604972 0.559042 0.544733
0.441099 0.542063 0.342146
0.318805 0.509721 0.466085
0.667032 0.515855 0.533259
0.495831 0.473369 0.697958
0.395621 0.518662 0.350399
0.31337 0.505942 0.524921
0.614833 0.50005 0.349006
0.567139 0.565069 0.482637
0.431197 0.576191 0.440763
0.623193 0.491271 0.621019
0.412136 0.524258 0.656753
0.320684 0.523597 0.525854
0.445962 0.460541 0.68156
0.624431 0.526149 0.597096
0.408767 0.532485 0.342432
0.703211 0.472608 0.475236
0.49947 0.459325 0.685606
0.557738 0.515818 0.653559
0.699806 0.47232 0.489314
0.47476 0.566097 0.588781
0.667898 0.491518 0.426073
0.624648 0.48281 0.620434
0.494555 0.567758 0.411074
0.516187 0.528598 0.322262
0.671737 0.496641 0.420084
0.692218 0.468811 0.513095
0.666911 0.497773 0.558024
0.479572 0.570798 0.437345
0.466938 0.554149 0.355737
0.322379 0.527879 0.455718
0.690088 0.480887 0.519291
0.656328 0.481306 0.580028
0.416434 0.57727 0.449202
0.350871 0.542529 0.420466
0.494866 0.466423 0.674606
0.523844 0.460795 0.679231
0.545805 0.468146 0.680076
0.507917 0.536885 0.648264
0.64906 0.529616 0.538952
0.503967 0.565287 0.470044
0.334074 0.510371 0.582292
0.496795 0.533356 0.33025
0.686954 0.481096 0.458456
0.547865 0.462117 0.679067
0.558056 0.457319 0.670797
0.380502 0.490433 0.647133
0.395195 0.567741 0.42537
0.321052 0.52041 0.469798
0.505324 0.464345 0.688852
0.36117 0.521507 0.38779
0.564206 0.482981 0.632371
0.32833 0.489763 0.55648
0.638898 0.490295 0.571901
0.519321 0.563919 0.420252
0.326824 0.508693 0.566807
0.373394 0.544178 0.387736
0.4179 0.517665 0.34195
0.566588 0.460689 0.661747
0.373204 0.534553 0.374768
0.477787 0.464652 0.695508
0.473829 0.56656 0.470178
0.524254 0.5141 0.667128
0.4295 0.491231 0.643922
0.511714 0.560681 0.400716
0.675104 0.484235 0.459193
0.343239 0.54357 0.445449
0.477438 0.489753 0.692164
0.325102 0.50829 0.561753
0.508347 0.55963 0.395337
0.333159 0.522372 0.543769
0.34453 0.500479 0.584641
0.629735 0.50855 0.414522
0.594649 0.510329 0.627415
0.336165 0.503195 0.52587
0.637456 0.535542 0.543174
0.410017 0.493174 0.655522
0.632599 0.51829 0.394468
0.439889 0.53842 0.642326
0.611095 0.511234 0.418091
0.32416 0.505095 0.484472
0.389655 0.544834 0.378537
0.521435 0.531305 0.338647
0.649031 0.492933 0.569326
0.464743 0.466445 0.688747
0.579588 0.558327 0.550953
0.483269 0.481454 0.688761
0.473884 0.466918 0.6842
0.380615 0.527547 0.371207
0.380468 0.529612 0.371171
0.501508 0.490981 0.682576
0.44405 0.475354 0.666796
0.608577 0.540718 0.584287
0.404932 0.573627 0.470475
0.454141 0.560907 0.591207
0.543054 0.497117 0.317703
0.328894 0.507845 0.528229
0.414226 0.570629 0.492222
0.479461 0.487181 0.688188
0.679762 0.49488 0.486272
0.435392 0.478704 0.667728
0.664042 0.510999 0.441636
0.492574 0.470113 0.685017
0.672846 0.487358 0.460581
0.533067 0.559653 0.526704
0.666427 0.494158 0.520277
0.340981 0.531293 0.51858
0.569614 0.557746 0.538976
0.612023 0.551548 0.513072
0.647825 0.502732 0.562856
0.336051 0.520727 0.455217
0.604377 0.546531 0.56606
0.454484 0.472625 0.676575
0.6641 0.488345 0.507569
0.348843 0.539497 0.517394
0.585703 0.545088 0.588839
0.429736 0.516444 0.350998
0.576733 0.529169 0.619509
0.65931 0.501128 0.450166
0.578121 0.506439 0.637419
0.331139 0.507304 0.494007
0.602916 0.549584 0.435697
0.509995 0.561488 0.427398
0.667323 0.504548 0.496906
0.609386 0.513061 0.374706
0.638431 0.541614 0.471923
0.439947 0.512763 0.342357
0.448961 0.558312 0.544611
0.536479 0.485988 0.672623
0.449081 0.52129 0.659261
0.605929 0.503882 0.581181
0.373806 0.556461 0.503053
0.531409 0.556003 0.562062
0.571875 0.488621 0.651455
0.372247 0.511789 0.617689
0.342178 0.510948 0.571641
0.538457 0.477903 0.672473
0.337928 0.521199 0.536817
0.550349 0.475872 0.667597
0.440968 0.567291 0.468967
0.520615 0.529436 0.64742
0.658259 0.522255 0.494535
0.403231 0.530485 0.372732
0.574075 0.544359 0.589166
0.414358 0.511047 0.644743
0.639893 0.50664 0.55327
0.520189 0.548017 0.383959
0.58725 0.541992 0.586656
0.597439 0.553686 0.503574
0.449236 0.559864 0.466318
0.359951 0.526769 0.577495
0.406973 0.556434 0.544772
0.350171 0.511918 0.442995
0.550197 0.499788 0.337055
0.56189 0.496154 0.623244
0.652813 0.521317 0.457978
0.452519 0.563843 0.435245
0.596095 0.55425 0.472605
0.444958 0.487247 0.660019
0.582111 0.506838 0.371268
0.527272 0.541614 0.621843
0.423606 0.562632 0.496378
0.642698 0.504112 0.544156
0.471981 0.547528 0.624991
0.660773 0.486753 0.505683
0.46172 0.481993 0.675404
0.658814 0.512989 0.492898
0.42393 0.51166 0.650174
0.485844 0.499873 0.330529
0.413365 0.56585 0.425568
0.649624 0.506866 0.533297
0.52315 0.557287 0.489382
0.451265 0.539978 0.35533
0.501977 0.512198 0.66105
0.487642 0.537858 0.351301
0.459287 0.480813 0.655678
0.428399 0.518688 0.367093
0.4744 0.506114 0.332696
0.436656 0.51679 0.372485
0.35635 0.539247 0.499803
0.661305 0.479405 0.477165
0.360726 0.51515 0.548526
0.511675 0.489187 0.638221
0.562117 0.53774 0.603479
0.638152 0.528329 0.514602
0.526801 0.541128 0.616082
0.651499 0.462756 0.493745
0.63257 0.506367 0.442543
0.43691 0.502066 0.643882
0.376388 0.536832 0.57301
0.460971 0.491201 0.632218
0.544069 0.554803 0.438841
0.366839 0.512627 0.555383
0.615194 0.526221 0.405745
0.427238 0.562386 0.469553
0.442583 0.554574 0.54162
0.430133 0.546694 0.60506
0.632371 0.487683 0.52693
0.517773 0.489828 0.653328
0.494831 0.557797 0.424693
0.636453 0.51992 0.546235
0.450704 0.554662 0.464976
0.490108 0.540714 0.626691
0.60806 0.533247 0.405108
0.591257 0.515481 0.376448
0.574433 0.531144 0.60667
0.564976 0.548127 0.570806
0.625264 0.523539 0.565641
0.572859 0.510334 0.360442
0.572863 0.507373 0.363131
0.548323 0.511368 0.345619
0.531597 0.502918 0.345333
0.365062 0.538988 0.426094
0.436612 0.502272 0.643664
0.452905 0.505601 0.617768
0.562821 0.545002 0.40565
0.594728 0.526437 0.588363
0.380693 0.540937 0.551749
0.572438 0.523652 0.609206
0.536941 0.541433 0.601606
0.640262 0.494427 0.518873
0.532814 0.498734 0.357704
0.600406 0.527664 0.397886
0.534564 0.517889 0.639646
0.46624 0.552251 0.545779
0.560059 0.533968 0.380355
0.508163 0.505167 0.356364
0.46861 0.546577 0.465751
0.559421 0.529529 0.37334
0.586292 0.504009 0.5555
0.48658 0.531924 0.632919
0.582514 0.51421 0.384417
0.375 0.5166 0.547212
0.535607 0.499234 0.356686
0.45797 0.528933 0.352962
0.543606 0.503207 0.644625
0.564615 0.504842 0.625166
0.497109 0.526959 0.637319
0.450648 0.465647 0.565375
0.455419 0.551736 0.528914
0.444598 0.533823 0.364226
0.386069 0.527471 0.412858
0.41691 0.553574 0.532224
0.431014 0.509786 0.566673
0.449161 0.514478 0.372315
0.345321 0.514535 0.470253
0.587606 0.516173 0.394218
0.385855 0.520483 0.42517
0.35861 0.533097 0.511017
0.387178 0.520046 0.586873
0.372272 0.532902 0.536141
0.560935 0.546444 0.437539
0.45529 0.515836 0.37313
0.409957 0.547581 0.557793
0.414903 0.544534 0.581329
0.51623 0.544963 0.58822
0.462517 0.54127 0.374374
0.423154 0.523271 0.598648
0.624461 0.531169 0.461572
0.409106 0.543337 0.579405
0.421247 0.532696 0.611268
0.590616 0.54522 0.507687
0.488981 0.538304 0.613122
0.51257 0.505271 0.630719
0.426363 0.513606 0.405371
0.543852 0.450038 0.557501
0.355234 0.5233 0.487549
0.610662 0.536299 0.530327
0.574919 0.544747 0.435242
0.443691 0.523479 0.37582
0.402682 0.520459 0.567811
0.538104 0.492498 0.372267
0.364241 0.518244 0.507626
0.490325 0.499302 0.634452
0.632717 0.476022 0.506828
0.4818 0.483875 0.634694
0.374719 0.531535 0.544929
0.541601 0.550289 0.496391
0.35028 0.509206 0.484031
0.508462 0.543258 0.596165
0.64936 0.50509 0.468711
0.501535 0.549851 0.53424
0.555932 0.547027 0.440479
0.612639 0.51205 0.553229
0.574405 0.523777 0.597951
0.510543 0.548044 0.443508
0.400102 0.53955 0.41713
0.55777 0.54221 0.459375
0.553301 0.54257 0.445568
0.4373 0.547131 0.554516
0.603487 0.53506 0.521503
0.497369 0.544862 0.573939
0.598647 0.52548 0.560311
0.533293 0.544421 0.565532
0.619949 0.526828 0.500614
0.62477 0.52113 0.511128
0.450451 0.457648 0.563377
0.542211 0.513432 0.603887
0.436792 0.545964 0.49041
0.592964 0.539442 0.478859
0.484737 0.51161 0.629132
0.598376 0.483795 0.448715
0.562054 0.503145 0.394162
0.571923 0.53043 0.397588
0.486033 0.505908 0.628713
0.56446 0.516586 0.384464
0.599682 0.53737 0.490684
0.58015 0.533315 0.407217
0.478162 0.533083 0.372336
0.493919 0.507645 0.368404
0.614773 0.507231 0.44811
0.44999 0.541411 0.460063
0.590888 0.463983 0.450917
0.458796 0.50539 0.600285
0.630522 0.51607 0.458849
0.63215 0.47144 0.499795
0.542335 0.54703 0.504388
0.586574 0.513503 0.560022
0.521363 0.547282 0.543476
0.589786 0.540177 0.475998
0.475774 0.509125 0.368682
0.433617 0.498384 0.554723
0.422499 0.528953 0.580131
0.561044 0.538416 0.479311
0.402382 0.533016 0.557611
0.459455 0.543882 0.544168
0.44195 0.543151 0.506085
0.483316 0.541467 0.562732
0.404069 0.546761 0.449596
0.376154 0.477368 0.480572
0.603737 0.522712 0.541977
0.480866 0.534055 0.473366
0.610901 0.510487 0.449308
0.616838 0.521803 0.457933
0.434013 0.542531 0.410082
0.54051 0.435489 0.558837
0.585661 0.530765 0.553618
0.614885 0.47467 0.466104
0.500712 0.543412 0.545465
0.561444 0.534559 0.565898
0.378846 0.520141 0.502123
0.454981 0.531075 0.387107
0.497087 0.53287 0.388225
0.615763 0.527738 0.472654
0.556045 0.526673 0.583716
0.481644 0.540211 0.400692
0.6059 0.518073 0.542268
0.484738 0.537737 0.584789
0.617615 0.521489 0.502417
0.555919 0.536989 0.447299
0.540175 0.515701 0.378165
0.466805 0.540102 0.440918
0.470663 0.520745 0.622022
0.465294 0.517164 0.379959
0.478645 0.494314 0.624572
0.529625 0.506656 0.376021
0.638466 0.487502 0.48229
0.505752 0.535689 0.470642
0.379525 0.521986 0.48368
0.56362 0.534128 0.499372
0.504062 0.445767 0.605444
0.471849 0.538711 0.53115
0.624284 0.499969 0.496435
0.472311 0.537198 0.563157
0.527055 0.525305 0.589001
0.487109 0.532916 0.441329
0.547198 0.507383 0.569364
0.374702 0.503215 0.473545
0.564636 0.530653 0.459384
0.615034 0.505301 0.515881
0.456541 0.503902 0.57912
0.384564 0.502606 0.492321
0.393496 0.522921 0.514876
0.621235 0.457458 0.478984
0.384227 0.529334 0.464625
0.543499 0.53236 0.43086
0.568232 0.506436 0.41225
0.592039 0.516851 0.438916
0.459879 0.517864 0.600997
0.616851 0.511378 0.505093
0.378751 0.49355 0.483122
0.472694 0.53029 0.451311
0.602153 0.524878 0.462557
0.48355 0.531181 0.394774
0.509325 0.456942 0.605073
0.442677 0.533329 0.57608
0.490833 0.438029 0.614967
0.58326 0.499037 0.435022
0.418288 0.494482 0.439837
0.559496 0.530874 0.449402
0.412625 0.536857 0.432927
0.49859 0.53651 0.557302
0.50016 0.538369 0.515915
0.440554 0.431783 0.435469
0.389452 0.52397 0.471126
0.405365 0.532708 0.476673
0.464952 0.520967 0.469365
0.503703 0.530526 0.50101
0.609591 0.480684 0.468704
0.463022 0.530828 0.564968
0.531946 0.505414 0.584677
0.526252 0.53567 0.527844
0.548554 0.53398 0.520473
0.517786 0.457405 0.597098
0.562112 0.457792 0.43502
0.472124 0.528114 0.405088
0.494143 0.458591 0.608318
0.612343 0.490271 0.500989
0.542014 0.472728 0.407921
0.447436 0.456108 0.422501
0.448951 0.531135 0.557217
0.433932 0.514251 0.555242
0.51198 0.497253 0.388507
0.499852 0.5224 0.473647
0.574668 0.458964 0.445667
0.588803 0.434211 0.461761
0.60755 0.441727 0.507667
0.494545 0.527516 0.568486
0.460999 0.528332 0.494818
0.607111 0.426998 0.497226
0.451994 0.481349 0.407759
0.5389 0.523235 0.403937
0.458845 0.470597 0.56973
0.38812 0.509062 0.46985
0.492334 0.472988 0.383723
0.608782 0.445342 0.504896
0.47473 0.520765 0.394688
0.578992 0.487052 0.537039
0.495527 0.515826 0.591998
0.554045 0.465079 0.546704
0.466546 0.457078 0.577798
0.422373 0.522867 0.488334
0.582338 0.498141 0.533398
0.516489 0.52682 0.507798
0.495655 0.513515 0.402133
0.456247 0.521891 0.561419
0.415966 0.522152 0.490835
0.391976 0.456816 0.481919
0.518478 0.516799 0.573816
0.481061 0.496077 0.601764
0.564916 0.515708 0.438835
0.476047 0.516598 0.48881
0.474572 0.523795 0.520145
0.435624 0.442661 0.440681
0.451452 0.485169 0.558639
0.431025 0.491418 0.432901
0.610353 0.457282 0.484807
0.391057 0.491606 0.472368
0.444654 0.526559 0.536959
0.392394 0.453301 0.482881
0.526209 0.526518 0.548401
0.402549 0.450437 0.467844
0.445372 0.523189 0.450363
0.493358 0.455595 0.604384
0.468168 0.513572 0.40262
0.432897 0.378521 0.548011
0.603406 0.427996 0.495088
0.419041 0.520755 0.516996
0.583809 0.471044 0.528298
0.514571 0.500641 0.395675
0.398213 0.517899 0.470178
0.481212 0.505465 0.596898
0.405799 0.518298 0.488319
0.581273 0.515247 0.486405
0.427561 0.500539 0.433935
0.468047 0.512806 0.473208
0.413581 0.505863 0.501873
0.433386 0.513532 0.499195
0.477849 0.469359 0.391752
0.528049 0.522126 0.513919
0.422973 0.399642 0.456075
0.451045 0.506647 0.551762
0.510927 0.429833 0.404661
0.501317 0.509032 0.445921
0.51176 0.427921 0.404814
0.58554 0.412649 0.517724
0.512064 0.503244 0.470009
0.490555 0.461133 0.599385
0.447912 0.51019 0.468191
0.42603 0.512257 0.513419
0.492065 0.518609 0.537518
0.416604 0.492395 0.452973
0.504643 0.404933 0.593772
0.435294 0.407421 0.545217
0.606429 0.448504 0.477951
0.518663 0.512817 0.48806
0.4645 0.50389 0.475499
0.396746 0.454474 0.481372
0.506141 0.437883 0.593962
0.495499 0.466547 0.396316
0.4495 0.514498 0.541152
0.39667 0.42826 0.476271
0.526485 0.415494 0.577271
0.519666 0.432235 0.405822
0.553067 0.517823 0.520437
0.429869 0.390141 0.542844
0.594493 0.483449 0.50809
0.554699 0.483513 0.422453
0.397252 0.421651 0.509581
0.526789 0.491679 0.40062
0.54765 0.50612 0.470643
0.533882 0.358699 0.574455
0.413449 0.494049 0.49071
0.572378 0.493482 0.470595
0.405289 0.463647 0.488398
0.563644 0.500045 0.499604
0.425233 0.420943 0.535639
0.44267 0.480624 0.542072
0.53878 0.463457 0.417465
0.526627 0.51681 0.523851
0.492256 0.505313 0.553395
0.534951 0.497203 0.462286
0.542003 0.475887 0.417737
0.592463 0.428031 0.49368
0.534555 0.49634 0.469981
0.592044 0.392353 0.50327
0.43573 0.49679 0.437431
0.470454 0.422136 0.579536
0.55162 0.495314 0.473544
0.504025 0.49237 0.472197
0.549487 0.498649 0.448713
0.470339 0.485948 0.572016
0.403626 0.444158 0.501582
0.466117 0.424437 0.415914
0.50614 0.478889 0.404972
0.507382 0.500503 0.485707
0.527532 0.372726 0.580196
0.513281 0.512449 0.538717
0.476083 0.415629 0.406361
0.406941 0.479299 0.484377
0.474433 0.501618 0.504208
0.461953 0.497665 0.414399
0.448111 0.502053 0.496876
0.400327 0.430939 0.477406
0.432097 0.499885 0.522516
0.417171 0.41706 0.463618
0.545149 0.511983 0.519649
0.524594 0.475554 0.576668
0.416905 0.481866 0.487887
0.479879 0.486921 0.494606
0.426056 0.386347 0.538271
0.407972 0.411174 0.473658
0.515049 0.490817 0.444936
0.440794 0.462531 0.53949
0.566478 0.487521 0.508304
0.536089 0.4921 0.435374
0.586891 0.425981 0.491641
0.574168 0.477547 0.501161
0.566048 0.484023 0.49622
0.476801 0.468944 0.405566
0.590504 0.38614 0.487862
0.579818 0.407981 0.464267
0.44063 0.383702 0.439447
0.49297 0.444952 0.588125
0.58672 0.373858 0.515804
0.419959 0.489412 0.465821
0.584307 0.453246 0.501904
0.538277 0.506709 0.52627
0.59158 0.382523 0.469004
0.50138 0.482537 0.412356
0.448394 0.494067 0.523336
0.573901 0.477027 0.478497
0.522478 0.43265 0.411959
0.437143 0.491417 0.50136
0.437929 0.468705 0.535519
0.551468 0.494491 0.502274
0.420932 0.413162 0.531443
0.507276 0.485011 0.47744
0.472273 0.485865 0.489467
0.520761 0.486029 0.474836
0.444957 0.493125 0.521677
0.525182 0.488754 0.47763
0.587357 0.422563 0.491565
0.576736 0.363635 0.526063
0.455688 0.424788 0.431546
0.481831 0.483468 0.514305
0.50378 0.477329 0.42108
0.414519 0.431508 0.472607
0.426903 0.448396 0.460263
0.430725 0.42596 0.534739
0.45595 0.470623 0.427066
0.445672 0.396955 0.439899
0.583929 0.405992 0.505625
0.48185 0.463243 0.473292
0.51938 0.492522 0.540862
0.469336 0.470564 0.480359
0.569024 0.42451 0.460731
0.414182 0.438601 0.5128
0.489718 0.429566 0.585652
0.49318 0.360066 0.59417
0.531138 0.474941 0.471264
0.444095 0.419196 0.545598
0.512666 0.460952 0.415018
0.442917 0.476977 0.525561
0.518498 0.446249 0.572962
0.50179 0.474779 0.456775
0.513427 0.4774 0.452764
0.561731 0.471156 0.497054
0.531794 0.498086 0.519307
0.473205 0.379781 0.585322
0.596736 0.363544 0.473717
0.475275 0.370454 0.590137
0.569765 0.458035 0.519586
0.408283 0.368019 0.471762
0.424699 0.428705 0.529983
0.403352 0.378419 0.511195
0.439071 0.344742 0.562269
0.497896 0.442842 0.412779
0.501891 0.486295 0.545747
0.487238 0.465118 0.46876
0.430133 0.454184 0.518679
0.482693 0.473902 0.533503
0.585249 0.377189 0.492288
0.421101 0.445645 0.472773
0.525223 0.458349 0.423487
0.4229 0.371438 0.534877
0.524684 0.483634 0.536182
0.500357 0.418114 0.577762
0.573726 0.369026 0.524496
0.407437 0.376795 0.478928
0.490477 0.399126 0.584781
0.4872 0.447065 0.569853
0.531716 0.415355 0.558231
0.457866 0.469616 0.437902
0.54469 0.462281 0.533048
0.493619 0.40321 0.414684
0.479032 0.368864 0.407913
0.409952 0.393741 0.486071
0.461466 0.467869 0.534879
0.539423 0.469464 0.535468
0.483729 0.463677 0.494407
0.508 0.470308 0.491258
0.548766 0.304747 0.56836
0.552543 0.469826 0.52107
0.517184 0.466335 0.429042
0.446613 0.46574 0.470515
0.561081 0.446548 0.522017
0.559317 0.453737 0.480949
0.524412 0.478414 0.499433
0.490275 0.369364 0.409701
0.53545 0.403216 0.431717
0.489185 0.380682 0.58883
0.578448 0.425165 0.471464
0.478468 0.467801 0.549195
0.446465 0.353935 0.42709
0.562483 0.295077 0.561925
0.43026 0.440232 0.513984
0.521722 0.419065 0.4231
0.566225 0.423858 0.467981
0.522661 0.447932 0.551565
0.513114 0.365281 0.416271
0.419997 0.333886 0.538874
0.527751 0.461048 0.538889
0.507564 0.378839 0.417764
0.561565 0.417674 0.462865
0.476571 0.462076 0.514997
0.501056 0.457466 0.543334
0.44943 0.401974 0.442951
0.491876 0.400721 0.578465
0.436509 0.432139 0.459131
0.51594 0.454314 0.483878
0.426821 0.294882 0.570513
0.568861 0.397446 0.519713
0.472934 0.44894 0.428773
0.524244 0.453091 0.43774
0.512765 0.44869 0.467821
0.459805 0.46055 0.518411
0.437808 0.416899 0.534749
0.479444 0.371911 0.411967
0.461419 0.445099 0.468598
0.47549 0.444561 0.459513
0.496143 0.363697 0.41377
0.51237 0.452462 0.43556
0.405317 0.331213 0.503803
0.580574 0.285147 0.422691
0.414953 0.397245 0.511721
0.413523 0.286744 0.421538
0.501515 0.382894 0.417398
0.588636 0.339684 0.467699
0.509219 0.451351 0.451149
0.519725 0.474651 0.52067
0.484696 0.390519 0.582674
0.434613 0.419419 0.466085
0.525622 0.428713 0.436791
0.464277 0.437502 0.495115
0.528526 0.416316 0.551362
0.464397 0.312337 0.592867
0.582071 0.303731 0.533592
0.426008 0.407823 0.472135
0.432916 0.336323 0.553556
0.56594 0.414064 0.483358
0.585837 0.315709 0.497296
0.482729 0.343544 0.591478
0.434782 0.428189 0.49005
0.474472 0.44309 0.504035
0.47161 0.439589 0.540212
0.590054 0.340865 0.47807
0.419147 0.296513 0.422587
0.509963 0.43244 0.470257
0.463006 0.4411 0.532235
0.478333 0.421427 0.561918
0.421167 0.401226 0.486129
0.592644 0.310612 0.478679
0.456879 0.304658 0.590711
0.522826 0.448788 0.536321
0.460255 0.435475 0.491828
0.477294 0.364224 0.584214
0.505956 0.433807 0.483331
0.482079 0.448543 0.526173
0.500294 0.299525 0.593083
0.528325 0.376212 0.564748
0.505115 0.432309 0.482128
0.534617 0.434392 0.464167
0.591164 0.332129 0.47886
0.550826 0.426859 0.494101
0.487911 0.341429 0.590286
0.464037 0.354147 0.576404
0.565758 0.40764 0.490466
0.441244 0.394745 0.457891
0.461452 0.274891 0.598824
0.435857 0.272307 0.589488
0.568416 0.372911 0.51809
0.462112 0.427129 0.529629
0.566563 0.316437 0.539567
0.445295 0.415849 0.473727
0.44411 0.407286 0.461021
0.519751 0.39138 0.431936
0.52049 0.402274 0.435375
0.503004 0.438721 0.513118
0.516991 0.335388 0.417672
0.53194 0.435912 0.521976
0.433544 0.375961 0.535212
0.512121 0.417807 0.550428
0.438413 0.388684 0.535354
0.51832 0.408835 0.556892
0.539725 0.412133 0.462756
0.432626 0.349276 0.543912
0.54674 0.409327 0.525967
0.528799 0.432324 0.501836
0.462556 0.419578 0.495927
0.504058 0.367235 0.574985
0.481655 0.325701 0.593338
0.566454 0.36784 0.463806
0.437424 0.371265 0.540673
0.565944 0.375438 0.520343
0.583467 0.330432 0.490187
0.488779 0.40088 0.561124
0.542226 0.422152 0.523634
0.4291 0.385094 0.466995
0.450767 0.42261 0.506797
0.587377 0.304991 0.487049
0.538473 0.320245 0.418856
0.457014 0.394498 0.4438
0.53973 0.416741 0.473915
0.447681 0.37648 0.54387
0.457049 0.345941 0.425565
0.505506 0.399687 0.463716
0.579574 0.325628 0.520327
0.549943 0.396855 0.51625
0.552903 0.315271 0.550042
0.517201 0.343322 0.573235
0.511841 0.329868 0.419195
0.525063 0.401825 0.468075
0.467267 0.320789 0.411348
0.481772 0.38768 0.559976
0.534037 0.398644 0.481353
0.515779 0.398315 0.474271
0.453704 0.397055 0.470892
0.5845 0.296196 0.505732
0.447823 0.335858 0.564392
0.468728 0.391322 0.483986
0.524583 0.38638 0.555219
0.54154 0.396271 0.486713
0.473872 0.407407 0.539383
0.485621 0.400214 0.445551
0.473773 0.411796 0.531712
0.571622 0.352865 0.498323
0.476187 0.347293 0.417475
0.551635 0.375908 0.529138
0.430555 0.368065 0.462883
0.530247 0.393907 0.454287
0.494633 0.36598 0.570284
0.452599 0.411434 0.521958
0.44636 0.397018 0.492543
0.558126 0.383905 0.495179
0.514622 0.374562 0.566229
0.550362 0.388417 0.524409
0.52559 0.422634 0.528213
0.547125 0.392863 0.487549
0.46499 0.344125 0.575408
0.433859 0.361569 0.485373
0.452721 0.364189 0.444036
0.410169 0.291046 0.509997
0.591731 0.275831 0.52563
0.471482 0.392505 0.511321
0.541532 0.308862 0.561768
0.422845 0.337532 0.489163
0.435032 0.311658 0.560825
0.524871 0.390939 0.495172
0.563632 0.268586 0.574504
0.455306 0.251549 0.598118
0.540014 0.378172 0.532909
0.495287 0.320919 0.417317
0.486151 0.351967 0.570723
0.467249 0.377615 0.489589
0.443992 0.264617 0.592789
0.408035 0.263947 0.419343
0.521818 0.37954 0.476859
0.489057 0.280374 0.402596
0.564882 0.33845 0.526445
0.444979 0.303317 0.57575
0.482778 0.333393 0.580776
0.454833 0.374029 0.451258
0.471675 0.382958 0.452366
0.542569 0.380432 0.477642
0.430427 0.368978 0.513937
0.504779 0.407161 0.527732
0.407271 0.292541 0.463559
0.409152 0.290323 0.498228
0.526978 0.383797 0.465523
0.502029 0.378056 0.554663
0.41682 0.288988 0.426597
0.51375 0.263542 0.592578
0.503333 0.379524 0.468951
0.479414 0.391909 0.536811
0.530617 0.381505 0.489384
0.433832 0.347836 0.476486
0.531624 0.268766 0.587477
0.543107 0.304278 0.419382
0.428637 0.342053 0.523503
0.478192 0.359846 0.470944
0.532103 0.297199 0.57284
0.445042 0.361071 0.49798
0.450042 0.360177 0.455655
0.49451 0.36573 0.453688
0.506457 0.382604 0.507089
0.480468 0.379748 0.529859
0.457465 0.361522 0.469072
0.564417 0.317715 0.44039
0.458858 0.314574 0.576531
0.592532 0.235752 0.570856
0.457959 0.373666 0.532632
0.427722 0.336916 0.493205
0.445992 0.313334 0.567834
0.452785 0.280685 0.406409
0.500883 0.312448 0.418252
0.553388 0.324064 0.436941
0.49974 0.357435 0.488169
0.426305 0.334782 0.478513
0.482264 0.380893 0.528162
0.470218 0.377478 0.514725
0.524498 0.260895 0.592277
0.412998 0.287184 0.525626
0.487163 0.376585 0.535514
0.52873 0.367107 0.493779
0.577498 0.303172 0.49525
0.589452 0.27514 0.520467
0.465755 0.359174 0.474758
0.544823 0.271894 0.580868
0.582999 0.286428 0.48012
0.481578 0.287998 0.591185
0.512438 0.360536 0.470442
0.442873 0.258369 0.590043
0.537474 0.285975 0.411939
0.455903 0.341248 0.477985
0.438937 0.341963 0.528813
0.585683 0.280987 0.463426
0.525776 0.281248 0.580291
0.518179 0.29391 0.413614
0.523517 0.280835 0.407671
0.49803 0.335997 0.484729
0.439446 0.336001 0.490604
0.458664 0.307901 0.574774
0.467811 0.36284 0.527235
0.537544 0.318623 0.551142
0.477176 0.338623 0.483698
0.475034 0.350056 0.549985
0.462828 0.336089 0.55979
0.548059 0.318976 0.433971
0.423271 0.309883 0.485419
0.57591 0.296546 0.509376
0.420839 0.287483 0.428799
0.505046 0.341204 0.553588
0.506653 0.374851 0.520154
0.487818 0.259331 0.400611
0.482112 0.336603 0.563275
0.461934 0.340975 0.439471
0.535552 0.339665 0.483064
0.568904 0.316166 0.45093
0.59534 0.24168 0.426559
0.494533 0.341193 0.470724
0.476146 0.346427 0.461404
0.520458 0.24744 0.595547
0.534423 0.363178 0.51292
0.51924 0.351483 0.456753
0.553258 0.280726 0.413495
0.593026 0.256687 0.4524
0.428543 0.283362 0.565748
0.437951 0.327902 0.50627
0.537715 0.313219 0.430784
0.531987 0.343744 0.526909
0.448989 0.334161 0.535008
0.491989 0.329564 0.443686
0.519349 0.263012 0.585923
0.419389 0.289845 0.513041
0.434583 0.288103 0.564731
0.498377 0.350575 0.517863
0.556434 0.323558 0.478725
0.411666 0.2514 0.414531
0.47161 0.250237 0.398024
0.525641 0.341918 0.503684
0.498339 0.26137 0.586477
0.529292 0.348325 0.514315
0.462408 0.278542 0.582885
0.494384 0.334607 0.544006
0.41108 0.222529 0.596959
0.511595 0.331063 0.447011
0.51603 0.318281 0.430997
0.46262 0.330342 0.49452
0.512475 0.322847 0.553631
0.544803 0.333785 0.520848
0.476464 0.254621 0.589918
0.453022 0.332333 0.541835
0.533022 0.318426 0.547128
0.530799 0.349066 0.519342
0.500469 0.334949 0.499754
0.461278 0.330639 0.4427
0.563171 0.285937 0.423195
0.477045 0.331479 0.454675
0.439571 0.29487 0.5645
0.493634 0.335011 0.50174
0.52519 0.348354 0.529763
0.508303 0.334932 0.498116
0.510239 0.31948 0.484264
0.435928 0.304635 0.439139
0.54102 0.316981 0.446855
0.438532 0.241611 0.397843
0.45823 0.320565 0.541869
0.401436 0.245739 0.432363
0.512413 0.244157 0.590657
0.497145 0.308508 0.432338
0.508979 0.330116 0.529141
0.498715 0.3086 0.555685
0.481874 0.315381 0.449367
0.579129 0.280457 0.458402
0.481655 0.308246 0.474516
0.510921 0.315057 0.452998
0.529853 0.31222 0.490572
0.41197 0.259054 0.48661
0.455889 0.224719 0.595272
0.431545 0.302796 0.47823
0.404153 0.23721 0.499013
0.465545 0.3089 0.561063
0.434139 0.302634 0.438986
0.598332 0.222671 0.432873
0.518292 0.234257 0.596116
0.419908 0.284857 0.469656
0.47353 0.280089 0.414867
0.431132 0.305398 0.470306
0.543537 0.317835 0.450375
0.505621 0.28271 0.416866
0.410754 0.236448 0.581966
0.412974 0.243967 0.410464
0.466312 0.281034 0.577844
0.421011 0.282441 0.501327
0.505258 0.28205 0.416529
0.467827 0.308894 0.561644
0.506895 0.308069 0.467426
0.439215 0.300084 0.551616
0.406685 0.2117 0.600812
0.435695 0.273897 0.421985
0.457828 0.232166 0.394838
0.586882 0.234603 0.486148
0.480779 0.30423 0.53088
0.413081 0.239619 0.576661
0.504293 0.226967 0.594199
0.519407 0.302283 0.44399
0.532783 0.24093 0.401164
0.471473 0.303884 0.506742
0.416564 0.251191 0.568253
0.411967 0.227658 0.587269
0.573266 0.23181 0.585434
0.583229 0.251711 0.462599
0.497353 0.299031 0.498091
0.530322 0.254351 0.581928
0.477704 0.302185 0.545737
0.45915 0.296567 0.5587
0.495463 0.244938 0.403425
0.40605 0.244624 0.55478
0.565063 0.280547 0.490631
0.536723 0.29476 0.470361
0.549288 0.293928 0.501015
0.401447 0.225727 0.493017
0.488603 0.29914 0.503634
0.536088 0.304213 0.510366
0.468815 0.306724 0.511241
0.398283 0.234863 0.430756
0.494805 0.293669 0.470054
0.541264 0.218507 0.601855
0.500939 0.271643 0.416452
0.501502 0.295704 0.490638
0.562883 0.289511 0.474566
0.494357 0.300474 0.545929
0.582849 0.242847 0.480869
0.4318 0.236564 0.398605
0.583836 0.238119 0.564578
0.437567 0.288191 0.533661
0.457873 0.256325 0.412574
0.484738 0.283118 0.550769
0.487303 0.28689 0.53268
0.514514 0.270239 0.563791
0.49614 0.213005 0.596203
0.404695 0.239157 0.549158
0.431007 0.263581 0.565887
0.470459 0.289627 0.541978
0.528764 0.285044 0.543321
0.581938 0.238215 0.424883
0.585362 0.238065 0.459388
0.563247 0.227443 0.397404
0.521493 0.232143 0.401974
0.411652 0.24976 0.541543
0.476508 0.272611 0.569053
0.583528 0.235388 0.483685
0.491622 0.288576 0.516845
0.543414 0.277359 0.476929
0.479313 0.284087 0.498888
0.480616 0.231027 0.398906
0.558597 0.275788 0.528195
0.467991 0.27898 0.425121
0.4845 0.286446 0.530439
0.531367 0.283553 0.429602
0.463368 0.219063 0.591783
0.570479 0.262507 0.512214
0.600943 0.210892 0.546158
0.502226 0.26252 0.571483
0.598596 0.208474 0.577514
0.44736 0.290957 0.542341
0.449934 0.297709 0.518628
0.461004 0.232807 0.398471
0.560213 0.247344 0.411513
0.54792 0.286643 0.460257
0.487554 0.279719 0.481392
0.432548 0.271484 0.465407
0.456445 0.272116 0.428612
0.577522 0.225842 0.41181
0.494358 0.272987 0.53562
0.430813 0.268248 0.54557
0.487067 0.201207 0.598845
0.497699 0.269149 0.462192
0.514286 0.280469 0.526743
0.464173 0.235386 0.58103
0.465271 0.278144 0.527749
0.546366 0.270685 0.460816
0.596946 0.211182 0.524541
0.536033 0.273405 0.536363
0.553622 0.266584 0.505808
0.486642 0.270938 0.515664
0.473098 0.22718 0.583741
0.517184 0.231724 0.406836
0.480399 0.264507 0.423979
0.479583 0.202922 0.596516
0.583178 0.231285 0.502088
0.426876 0.265379 0.536422
0.567725 0.23712 0.575468
0.522789 0.264116 0.559426
0.478709 0.262998 0.564952
0.515446 0.272027 0.542821
0.472364 0.272529 0.47371
0.536501 0.240428 0.409417
0.506574 0.268097 0.427138
0.468684 0.275295 0.540696
0.488183 0.272146 0.534708
0.586635 0.203041 0.391011
0.518116 0.249487 0.574442
0.42433 0.260012 0.46537
0.52598 0.276235 0.535169
0.470283 0.275165 0.515174
0.582184 0.203877 0.600036
0.429697 0.202015 0.601089
0.475189 0.259842 0.523187
0.503807 0.256892 0.45757
0.529229 0.257125 0.498222
0.430934 0.253487 0.477025
0.485369 0.193921 0.602157
0.566777 0.248541 0.466193
0.592925 0.214454 0.539326
0.602063 0.191324 0.391192
0.480892 0.230206 0.408676
0.487127 0.26173 0.44738
0.579108 0.216131 0.407919
0.523832 0.246249 0.474191
0.414078 0.232089 0.508579
0.39835 0.213638 0.570631
0.512669 0.260829 0.435107
0.492224 0.2596 0.522021
0.493145 0.22543 0.406741
0.503239 0.245455 0.567737
0.434906 0.235054 0.409757
0.411209 0.234962 0.547001
0.40194 0.218966 0.52399
0.556212 0.247187 0.563961
0.51626 0.248457 0.471014
0.575486 0.228822 0.420564
0.488003 0.261327 0.449114
0.591179 0.214753 0.447085
0.454951 0.268313 0.445882
0.416334 0.225364 0.576881
0.600137 0.198465 0.511548
0.467102 0.262983 0.46446
0.464806 0.225691 0.581376
0.565248 0.250343 0.520431
0.541274 0.258656 0.505696
0.431957 0.254629 0.490057
0.53481 0.263641 0.51742
0.428696 0.215886 0.585684
0.585615 0.213949 0.487443
0.456063 0.250515 0.549175
0.562469 0.238057 0.486307
0.437791 0.240469 0.421455
0.473746 0.197785 0.389789
0.59206 0.206845 0.479375
0.403162 0.208996 0.403924
0.554023 0.245574 0.551847
0.409934 0.223845 0.536604
0.518589 0.20429 0.594674
0.477135 0.245983 0.525125
0.600711 0.197106 0.489653
0.582717 0.218582 0.517193
0.537866 0.243657 0.455697
0.53038 0.200448 0.599786
0.507939 0.207963 0.401677
0.603279 0.190737 0.517741
0.455024 0.23829 0.56904
0.576021 0.226016 0.475081
0.557933 0.204868 0.600219
0.432006 0.25044 0.438074
0.540932 0.200921 0.388025
0.522739 0.238985 0.566441
0.49056 0.24322 0.472099
0.607836 0.187028 0.525653
0.482522 0.248879 0.454047
0.529865 0.24934 0.532578
0.55321 0.242323 0.561519
0.436152 0.247676 0.557606
0.547296 0.24597 0.449667
0.519839 0.243433 0.428042
0.389243 0.194371 0.514172
0.421586 0.236861 0.521484
0.429295 0.246894 0.530813
0.519068 0.239688 0.493888
0.428944 0.238279 0.443782
0.488226 0.231905 0.426356
0.516304 0.211571 0.581695
0.585423 0.20823 0.469338
0.542371 0.198237 0.599771
0.472118 0.191406 0.388775
0.518677 0.202916 0.58941
0.548494 0.236181 0.515884
0.521828 0.226362 0.463007
0.425002 0.225093 0.481996
0.602884 0.191878 0.479562
0.569906 0.220273 0.574075
0.477573 0.230935 0.558894
0.504753 0.21393 0.41283
0.618897 0.180049 0.599123
0.549633 0.23618 0.515953
0.608809 0.187913 0.572442
0.50399 0.229901 0.505192
0.470513 0.239955 0.444595
0.387616 0.190913 0.532091
0.552316 0.230246 0.491491
0.454651 0.237777 0.513974
0.456855 0.237233 0.50053
0.54709 0.219648 0.412742
0.398911 0.201504 0.4019
0.508037 0.230861 0.510429
0.392033 0.192348 0.587135
0.50631 0.23266 0.543383
0.532187 0.21187 0.585238
0.603864 0.192842 0.438
0.4826 0.198916 0.591262
0.490686 0.235311 0.431152
0.469089 0.240335 0.443358
0.531811 0.205302 0.400227
0.515061 0.233567 0.519375
0.389369 0.194257 0.571432
0.425788 0.202055 0.58604
0.507146 0.22191 0.526937
0.439083 0.214037 0.412522
0.405148 0.207552 0.427152
0.542917 0.222807 0.511658
0.469455 0.186016 0.387574
0.610989 0.181825 0.597538
0.410483 0.206594 0.529433
0.446666 0.226401 0.490444
0.443133 0.214151 0.575579
0.532131 0.215138 0.465969
0.554086 0.221939 0.452301
0.460463 0.224447 0.489196
0.572942 0.205629 0.412034
0.519243 0.218301 0.426311
0.602359 0.187037 0.588038
0.573456 0.211282 0.478574
0.520483 0.211603 0.489121
0.492687 0.201557 0.407032
0.453723 0.229961 0.434093
0.541114 0.219118 0.498408
0.493253 0.219361 0.463721
0.486547 0.219283 0.504628
0.592071 0.197075 0.534937
0.467116 0.223182 0.486044
0.527678 0.213347 0.489074
0.447584 0.199807 0.397743
0.449259 0.22362 0.561378
0.486663 0.191545 0.394802
0.498504 0.203598 0.409812
0.572094 0.215912 0.445781
0.427327 0.226692 0.443978
0.394059 0.191438 0.512683
0.547455 0.204294 0.58866
0.484558 0.218785 0.492316
0.570349 0.214445 0.492191
0.425142 0.208762 0.506533
0.526619 0.198766 0.412135
0.581281 0.198346 0.466724
0.445497 0.179786 0.381462
0.54684 0.212054 0.431199
0.466722 0.180708 0.385894
0.454399 0.187882 0.597873
0.488748 0.210671 0.543007
0.587518 0.192476 0.518777
0.471105 0.214683 0.452029
0.468316 0.215173 0.452697
0.533621 0.213794 0.543978
0.427909 0.207714 0.416725
0.415276 0.198656 0.410609
0.438401 0.214002 0.479416
0.411488 0.203914 0.42567
0.54157 0.17837 0.611587
0.539435 0.203113 0.473747
0.522229 0.183608 0.597789
0.510103 0.210813 0.557378
0.531535 0.208042 0.505703
0.531561 0.197735 0.409433
0.516262 0.208141 0.512247
0.404352 0.200151 0.440094
0.516244 0.20319 0.574014
0.54994 0.207517 0.467892
0.501628 0.21294 0.437967
0.383642 0.17958 0.589259
0.43976 0.21973 0.431606
0.387897 0.173806 0.616637
0.441429 0.215129 0.512561
0.585963 0.19629 0.451851
0.55348 0.196264 0.590906
0.563762 0.214535 0.55022
0.447302 0.216384 0.466882
0.527175 0.198694 0.411912
0.421945 0.203363 0.429804
0.548696 0.20072 0.516683
0.497069 0.199002 0.517101
0.489011 0.19547 0.572578
0.551283 0.201078 0.573576
0.463819 0.175736 0.383727
0.537015 0.178362 0.604246
0.570386 0.202539 0.561001
0.500999 0.200409 0.545568
0.491885 0.200182 0.548686
0.387876 0.182922 0.436069
0.517721 0.192617 0.415832
0.40242 0.186853 0.573981
0.48366 0.188601 0.410048
0.574763 0.196734 0.533492
0.4586 0.200876 0.489998
0.507072 0.196732 0.506082
0.559824 0.200234 0.455702
0.550015 0.205764 0.558197
0.579428 0.193063 0.456597
0.521792 0.199554 0.513995
0.580334 0.188821 0.584406
0.551019 0.201457 0.520681
0.445009 0.200196 0.569944
0.580377 0.193733 0.429783
0.573098 0.19817 0.442117
0.561014 0.197398 0.478705
0.560012 0.180967 0.607296
0.381023 0.173071 0.46371
0.516576 0.190662 0.579431
0.530987 0.183619 0.593163
0.520423 0.192997 0.461694
0.484216 0.201864 0.433867
0.585737 0.187045 0.519868
0.398969 0.190151 0.433523
0.485242 0.20011 0.556183
0.421829 0.187581 0.573276
0.549971 0.192719 0.535701
0.618043 0.169943 0.605896
0.500185 0.183867 0.580286
0.445339 0.194075 0.556981
0.450839 0.173922 0.384464
0.399138 0.177239 0.495279
0.443793 0.192052 0.517375
0.502892 0.176054 0.596346
0.398306 0.178474 0.528537
0.593734 0.177277 0.484835
0.52983 0.185688 0.496698
0.622006 0.16371 0.506228
0.520039 0.191749 0.534277
0.422406 0.188329 0.497003
0.456691 0.190226 0.511126
0.428373 0.193233 0.421267
0.55086 0.184674 0.586306
0.48256 0.186454 0.463301
0.473094 0.188779 0.460936
0.458623 0.194691 0.440778
0.594591 0.172625 0.381427
0.387881 0.176791 0.437948
0.437818 0.169062 0.614985
0.568827 0.193666 0.565683
0.580809 0.185003 0.536305
0.523248 0.179424 0.588429
0.452156 0.193069 0.463088
0.571465 0.190996 0.432747
0.385409 0.173246 0.533334
0.463007 0.188523 0.419804
0.373884 0.165428 0.520181
0.445884 0.191914 0.498661
0.552121 0.192456 0.437918
0.539919 0.187749 0.501524
0.607072 0.17477 0.453105
0.418181 0.178431 0.489476
0.577009 0.176268 0.405909
0.518628 0.176925 0.41227
0.548235 0.183076 0.537906
0.448577 0.18237 0.469118
0.447243 0.168637 0.381714
0.486788 0.17642 0.497822
0.52742 0.183031 0.536546
0.41007 0.167559 0.374958
0.422655 0.172268 0.387273
0.518984 0.173225 0.470068
0.510814 0.167189 0.607361
0.593282 0.175135 0.422668
0.600183 0.170587 0.539183
0.570817 0.183865 0.559196
0.496757 0.17465 0.587965
0.388806 0.173027 0.563191
0.573146 0.183011 0.56853
0.509915 0.179531 0.42173
0.540087 0.171529 0.598723
0.444251 0.18529 0.447491
0.39171 0.172845 0.577559
0.42629 0.185349 0.445569
0.484037 0.176719 0.505182
0.383149 0.169847 0.411234
0.611378 0.165262 0.513536
0.588354 0.169121 0.379986
0.376625 0.163099 0.479024
0.520918 0.173389 0.468945
0.519724 0.177916 0.50053
0.563169 0.180146 0.498707
0.551414 0.182526 0.530097
0.621817 0.165796 0.586972
0.573778 0.174381 0.393401
0.50209 0.174663 0.469949
0.563983 0.166708 0.619176
0.412965 0.166572 0.386662
0.578908 0.172364 0.42322
0.377975 0.160861 0.490639
0.563623 0.174351 0.544166
0.585108 0.170076 0.452337
0.432874 0.165419 0.382085
0.60017 0.164041 0.378835
0.384729 0.16272 0.491734
0.41009 0.170864 0.422997
0.586294 0.161608 0.623998
0.476877 0.168371 0.517856
0.521463 0.171932 0.441762
0.5743 0.165896 0.608892
0.377695 0.16299 0.415396
0.405893 0.168368 0.521479
0.499999 0.160284 0.619958
0.561993 0.171507 0.469037
0.564806 0.172893 0.457955
0.432366 0.175039 0.570509
0.419345 0.16268 0.613049
0.638308 0.155741 0.632995
0.394072 0.158631 0.630903
0.508521 0.160839 0.616952
0.47802 0.170984 0.542419
0.634446 0.158555 0.56423
0.623637 0.159311 0.627783
0.548631 0.17136 0.501578
0.515254 0.169064 0.585316
0.466939 0.173185 0.431512
0.376762 0.161188 0.445797
0.488986 0.173277 0.568085
0.400585 0.164792 0.600143
0.575771 0.169454 0.399338
0.540212 0.174468 0.560631
0.393537 0.167249 0.544331
0.428853 0.173541 0.50179
0.412325 0.164394 0.548457
0.582394 0.164344 0.441191
0.500854 0.164498 0.577189
0.57935 0.164838 0.552
0.4645 0.164775 0.432926
0.417298 0.16084 0.381322
0.448475 0.164248 0.527529
0.504561 0.163738 0.44326
0.407761 0.162074 0.470039
0.480843 0.161238 0.596549
0.430139 0.166355 0.573281
0.53376 0.164895 0.535586
0.547951 0.16502 0.533191
0.41933 0.165589 0.557583
0.500003 0.161086 0.48085
0.501994 0.157997 0.374029
0.475442 0.15522 0.364391
0.555579 0.160464 0.606989
0.619162 0.157674 0.464378
0.565825 0.157596 0.625984
0.558666 0.165539 0.542518
0.404702 0.161858 0.406147
0.598779 0.160381 0.526158
0.472204 0.162982 0.586702
0.621359 0.158276 0.447028
0.628639 0.156005 0.463481
0.509109 0.154935 0.630402
0.390198 0.16029 0.426823
0.407447 0.161245 0.389314
0.499235 0.160183 0.38919
0.409426 0.159041 0.372106
0.508488 0.161354 0.397245
0.532682 0.161042 0.473579
0.507041 0.161303 0.468927
0.551297 0.156764 0.626727
0.556952 0.161432 0.381637
0.408046 0.156721 0.533777
0.455603 0.154991 0.384507
0.438375 0.157617 0.421458
0.624754 0.153627 0.535527
0.475843 0.152009 0.356256
0.398604 0.155472 0.380898
0.476096 0.15639 0.547321
0.541176 0.157233 0.540455
0.640284 0.15293 0.395432
0.38614 0.154611 0.491583
0.478233 0.15537 0.483999
0.392587 0.155329 0.41397
0.364208 0.153798 0.550801
0.357621 0.153618 0.573459
0.401593 0.1546 0.614517
0.530945 0.157071 0.581557
0.50497 0.155282 0.480325
0.413051 0.15634 0.472848
0.552104 0.156226 0.466831
0.474897 0.156943 0.431622
0.475227 0.155247 0.602886
0.439971 0.157718 0.560507
0.574522 0.158308 0.575484
0.492325 0.157042 0.429254
0.502653 0.155933 0.521761
0.506349 0.157432 0.564379
0.645498 0.151703 0.359633
0.502432 0.156941 0.551069
0.599561 0.154275 0.366623
0.565122 0.157149 0.45087
0.525103 0.151955 0.637469
0.585535 0.155921 0.470104
0.584649 0.156354 0.457574
0.62217 0.153557 0.488688
0.553917 0.157029 0.408529
0.527962 0.152689 0.630102
0.403533 0.15 0.433096
0.481208 0.15 0.519918
0.624493 0.15 0.489348
0.386998 0.15 0.483424
0.477802 0.15 0.538366
0.391841 0.15 0.37711
0.580473 0.15 0.553885
0.350229 0.15 0.560276
0.53627 0.15 0.429846
0.414721 0.15 0.622295
0.385954 0.15 0.467173
0.362964 0.15 0.538907
0.626067 0.15 0.454904
0.441839 0.15 0.577488
0.580628 0.15 0.392564
0.587852 0.15 0.373173
0.460196 0.15 0.350623
0.433343 0.15 0.447818
0.59254 0.15 0.415838
0.557813 0.15 0.593556
0.459391 0.15 0.618532
0.493696 0.15 0.492918
0.623659 0.15 0.588511
0.546039 0.15 0.597337
0.581379 0.15 0.636615
0.535391 0.15 0.535922
0.422915 0.15 0.408705
0.423327 0.15 0.57638
0.537671 0.15 0.408989
0.430029 0.15 0.40996
0.646741 0.15 0.43956
0.503072 0.15 0.482344
0.497871 0.15 0.553015
0.647116 0.15 0.442178
0.507118 0.15 0.365024
0.473618 0.15 0.529449
