2016 0.012625
0.380565 0.25998 0.382902
0.430222 0.221697 0.3322
0.460558 0.193207 0.315405
0.496766 0.187281 0.315177
0.527355 0.189104 0.325036
0.561132 0.218611 0.345369
0.337669 0.217624 0.425667
0.346882 0.284994 0.348887
0.437417 0.29033 0.300861
0.499094 0.280651 0.289081
0.572699 0.289861 0.313001
0.637942 0.26089 0.363999
0.334847 0.201299 0.46479
0.297452 0.284203 0.433387
0.425356 0.390157 0.419967
0.501041 0.387561 0.414515
0.594722 0.38531 0.428755
0.695114 0.257081 0.43766
0.323503 0.195366 0.493565
0.292238 0.279369 0.505071
0.42782 0.390388 0.501781
0.506429 0.387343 0.499949
0.598211 0.38025 0.501656
0.703986 0.243989 0.504961
0.332565 0.20081 0.527084
0.315493 0.277207 0.580374
0.427183 0.373627 0.605245
0.498175 0.374564 0.606313
0.58657 0.375225 0.591006
0.686539 0.240934 0.561951
0.353715 0.250856 0.56693
0.370344 0.233143 0.625657
0.435919 0.246376 0.679273
0.499019 0.244627 0.697939
0.559696 0.264749 0.689915
0.635997 0.260098 0.625233
0.35646 0.245257 0.359634
0.354779 0.24411 0.570725
0.286002 0.252068 0.510043
0.587973 0.382906 0.494382
0.444501 0.332481 0.666192
0.540319 0.19028 0.311472
0.346407 0.215435 0.581596
0.364632 0.249295 0.582244
0.66244 0.199594 0.481955
0.47033 0.181766 0.291519
0.612769 0.252921 0.610718
0.64564 0.268021 0.629091
0.509262 0.303893 0.691437
0.498228 0.387845 0.536091
0.61197 0.377433 0.467518
0.662701 0.204663 0.467794
0.311255 0.201968 0.543413
0.39762 0.246641 0.363173
0.532354 0.227777 0.688815
0.362045 0.224873 0.613785
0.351663 0.257305 0.63665
0.413599 0.370466 0.608822
0.321696 0.202719 0.550479
0.525653 0.366129 0.622314
0.403044 0.242749 0.626945
0.672366 0.198751 0.563732
0.532942 0.383015 0.546871
0.43738 0.261581 0.684851
0.660497 0.231226 0.594332
0.45674 0.389642 0.500946
0.481362 0.20118 0.685487
0.671803 0.218331 0.576712
0.576173 0.385373 0.475702
0.652456 0.216848 0.574687
0.513404 0.235125 0.693764
0.327413 0.211597 0.421166
0.340244 0.219792 0.587235
0.295311 0.240839 0.427116
0.646343 0.292988 0.62747
0.689637 0.253017 0.426189
0.452581 0.389523 0.426671
0.539196 0.190641 0.309016
0.471883 0.245299 0.698985
0.467584 0.192936 0.674957
0.564129 0.382899 0.52689
0.518331 0.386563 0.498647
0.541401 0.201669 0.662943
0.623637 0.321433 0.351081
0.475035 0.38649 0.469
0.700718 0.271397 0.533769
0.389096 0.368816 0.590786
0.316547 0.286102 0.573783
0.678377 0.217418 0.407587
0.403683 0.231841 0.634792
0.650118 0.314217 0.614133
0.469561 0.387402 0.444371
0.358123 0.233044 0.617343
0.507887 0.386482 0.46976
0.333733 0.277247 0.622063
0.645936 0.322183 0.376724
0.452045 0.388416 0.4121
0.323322 0.195476 0.52107
0.662994 0.268001 0.613205
0.370101 0.232269 0.596715
0.531531 0.208073 0.660103
0.68625 0.203448 0.463644
0.664518 0.261963 0.388643
0.52932 0.29147 0.69577
0.430086 0.298796 0.675175
0.319289 0.200967 0.546036
0.448429 0.313626 0.677528
0.641003 0.257826 0.619221
0.284648 0.207102 0.457584
0.282845 0.217637 0.4572
0.41884 0.221993 0.313143
0.695099 0.222918 0.441628
0.690425 0.20595 0.435593
0.530898 0.196964 0.299071
0.698523 0.237718 0.451762
0.671513 0.241558 0.5895
0.550156 0.332831 0.663262
0.281868 0.247876 0.460231
0.509174 0.259046 0.284413
0.687241 0.292182 0.538375
0.435374 0.272832 0.295062
0.644816 0.217695 0.375227
0.578741 0.383586 0.501772
0.339098 0.253458 0.627282
0.524589 0.252424 0.698284
0.282506 0.222168 0.496934
0.474774 0.385536 0.398333
0.671635 0.201834 0.477103
0.699376 0.217942 0.497488
0.523868 0.382384 0.561841
0.513528 0.386804 0.444561
0.666772 0.340337 0.465361
0.437242 0.211425 0.666562
0.377245 0.250811 0.378177
0.571591 0.342398 0.332468
0.559198 0.375885 0.376421
0.48265 0.237755 0.697244
0.456591 0.27755 0.290042
0.528646 0.38575 0.500228
0.624379 0.233135 0.374029
0.416788 0.219897 0.328363
0.693915 0.21082 0.448479
0.618901 0.230168 0.367291
0.422313 0.391112 0.449361
0.407415 0.256037 0.628447
0.279827 0.216022 0.485325
0.617115 0.375552 0.458993
0.684086 0.203202 0.454361
0.486311 0.332174 0.312955
0.519729 0.206409 0.291438
0.429444 0.216557 0.65866
0.393968 0.381589 0.540201
0.527556 0.204768 0.677293
0.664162 0.324454 0.403543
0.440262 0.389708 0.420095
0.569605 0.209406 0.658964
0.391713 0.241472 0.651362
0.304276 0.226262 0.548058
0.663309 0.206707 0.462925
0.378678 0.237841 0.63529
0.34653 0.360973 0.494901
0.382706 0.242747 0.367136
0.38816 0.23032 0.624778
0.50273 0.386366 0.474314
0.543031 0.295991 0.302642
0.529489 0.291277 0.695414
0.578286 0.213503 0.340917
0.643433 0.356648 0.521373
0.34818 0.362076 0.491186
0.317556 0.188638 0.481036
0.492291 0.365411 0.6272
0.316918 0.2688 0.593801
0.347651 0.334816 0.60574
0.573967 0.221687 0.653689
0.373542 0.285563 0.651041
0.458551 0.375265 0.370665
0.664822 0.206493 0.459637
0.550364 0.218889 0.647874
0.527411 0.384223 0.398608
0.569979 0.212363 0.657494
0.296335 0.244085 0.540038
0.288424 0.23447 0.51554
0.319091 0.255435 0.601598
0.667235 0.205266 0.464014
0.334328 0.218403 0.419673
0.505452 0.211735 0.287111
0.66656 0.33897 0.489921
0.676438 0.325593 0.460779
0.543086 0.242736 0.29625
0.451557 0.304698 0.303746
0.306186 0.302507 0.516408
0.685693 0.259098 0.419871
0.29502 0.263502 0.536361
0.38566 0.299237 0.325377
0.445023 0.30751 0.306006
0.413003 0.227715 0.643298
0.650029 0.217922 0.384938
0.314972 0.194297 0.519939
0.704512 0.254824 0.505014
0.314236 0.190389 0.488727
0.431848 0.243068 0.674303
0.523242 0.209629 0.665455
0.321146 0.27987 0.596052
0.602194 0.363366 0.60748
0.41953 0.218699 0.317259
0.357991 0.238298 0.580886
0.436926 0.27764 0.296562
0.559858 0.228143 0.310371
0.305773 0.190346 0.509947
0.402532 0.317793 0.66006
0.627546 0.226901 0.370827
0.704133 0.257476 0.517256
0.694627 0.248183 0.546773
0.570736 0.379224 0.568927
0.305326 0.278309 0.550175
0.38431 0.381181 0.501471
0.315307 0.251887 0.388165
0.30004 0.240886 0.546028
0.52298 0.191486 0.30495
0.320525 0.193445 0.468621
0.516722 0.228881 0.287836
0.489044 0.217854 0.28371
0.422685 0.223604 0.33085
0.3415 0.313097 0.3624
0.561195 0.380233 0.38879
0.640139 0.226484 0.385817
0.334044 0.210309 0.54861
0.687828 0.215567 0.547207
0.319183 0.198695 0.447293
0.456916 0.36001 0.636144
0.544103 0.194186 0.318452
0.425046 0.213254 0.317336
0.544978 0.319801 0.674468
0.660929 0.210875 0.404791
0.502143 0.218473 0.286018
0.535271 0.384322 0.502277
0.302419 0.19089 0.506757
0.567656 0.277536 0.308901
0.501981 0.387134 0.42584
0.561734 0.264946 0.688119
0.307108 0.270582 0.563216
0.30771 0.209006 0.4292
0.313453 0.29436 0.554394
0.327569 0.34245 0.49892
0.705493 0.257545 0.470641
0.68846 0.295775 0.523762
0.604989 0.381671 0.423929
0.358059 0.262852 0.641888
0.537377 0.213894 0.681851
0.500591 0.377348 0.37178
0.569226 0.227761 0.676222
0.567013 0.205558 0.32419
0.363698 0.225203 0.605545
0.410248 0.236516 0.324663
0.354647 0.34886 0.384278
0.360376 0.316052 0.346615
0.523053 0.349479 0.648345
0.486161 0.220032 0.283526
0.500112 0.189382 0.29938
0.520057 0.372212 0.359256
0.341409 0.354869 0.466947
0.287387 0.226659 0.509171
0.633578 0.352603 0.579625
0.578477 0.218661 0.32864
0.610767 0.239765 0.630384
0.605577 0.361489 0.607356
0.416907 0.373538 0.373558
0.455942 0.387531 0.412265
0.485902 0.386794 0.411505
0.364756 0.242189 0.370644
0.529964 0.203425 0.674337
0.584241 0.217782 0.337478
0.671047 0.199132 0.512523
0.597202 0.238605 0.654773
0.577104 0.386059 0.451067
0.702499 0.241483 0.471673
0.475477 0.188017 0.306867
0.35211 0.280971 0.346257
0.464953 0.264398 0.697821
0.673073 0.194428 0.514636
0.555336 0.381406 0.533183
0.390118 0.383374 0.467215
0.307564 0.22492 0.549708
0.658803 0.216695 0.586453
0.438955 0.345873 0.329747
0.52792 0.263676 0.288378
0.525009 0.317877 0.681772
0.533789 0.363401 0.623796
0.28164 0.224817 0.488999
0.361802 0.294641 0.342324
0.62916 0.362992 0.535028
0.382706 0.33705 0.342391
0.308844 0.241126 0.559797
0.469655 0.22672 0.283224
0.680357 0.193482 0.520059
0.643209 0.228341 0.390392
0.37756 0.372392 0.553467
0.647175 0.357928 0.471413
0.513331 0.241568 0.694191
0.703755 0.251386 0.478444
0.685418 0.254989 0.56462
0.667022 0.262544 0.393583
0.55948 0.252482 0.305918
0.464539 0.385818 0.463927
0.406567 0.244972 0.635526
0.671045 0.195592 0.525172
0.425298 0.388708 0.510625
0.458951 0.207995 0.287595
0.624953 0.344382 0.372014
0.627486 0.229964 0.35425
0.621077 0.232251 0.368285
0.701021 0.243987 0.522822
0.436869 0.385492 0.549099
0.307285 0.297904 0.527945
0.373517 0.35176 0.369688
0.503666 0.208159 0.669397
0.463581 0.386226 0.468002
0.630078 0.302017 0.361008
0.57488 0.21525 0.665856
0.447007 0.206386 0.293018
0.300848 0.291438 0.50799
0.471444 0.276865 0.698916
0.416557 0.227609 0.329765
0.306738 0.214256 0.428059
0.346202 0.25953 0.355573
0.386854 0.372726 0.567669
0.432849 0.266627 0.681263
0.484845 0.189417 0.298882
0.299498 0.252469 0.417518
0.467317 0.232366 0.28454
0.402233 0.380353 0.552432
0.445891 0.276392 0.294248
0.673049 0.212369 0.566832
0.621653 0.265166 0.64318
0.374605 0.268865 0.651582
0.598793 0.260924 0.67113
0.642552 0.359991 0.445058
0.321489 0.298841 0.384385
0.375645 0.376148 0.442562
0.530254 0.358415 0.63181
0.668999 0.202221 0.503857
0.292253 0.219889 0.51738
0.482783 0.386537 0.430407
0.580872 0.377834 0.565531
0.582812 0.379955 0.394047
0.358211 0.227467 0.595298
0.398027 0.242442 0.342973
0.338411 0.233829 0.404001
0.519845 0.212177 0.668371
0.35392 0.364734 0.479715
0.507671 0.383922 0.466882
0.427983 0.218981 0.306539
0.313998 0.306442 0.54059
0.435646 0.230345 0.299242
0.336068 0.324609 0.375309
0.342133 0.245973 0.380444
0.644738 0.257683 0.612665
0.501228 0.38154 0.56766
0.640965 0.234637 0.594196
0.610966 0.248715 0.638216
0.390119 0.247041 0.349803
0.70363 0.261551 0.482621
0.301611 0.256864 0.408869
0.51686 0.21281 0.671759
0.420823 0.228809 0.328056
0.447796 0.263711 0.291531
0.458916 0.375789 0.59588
0.496005 0.38497 0.499278
0.65612 0.348012 0.491746
0.50372 0.384136 0.486002
0.476339 0.385696 0.493063
0.334767 0.348003 0.470387
0.296553 0.189634 0.468518
0.681858 0.207669 0.43433
0.65866 0.221139 0.58382
0.598775 0.378989 0.483217
0.394984 0.250702 0.621858
0.518342 0.212449 0.293694
0.309097 0.309665 0.448368
0.446429 0.208907 0.667274
0.446845 0.388055 0.495662
0.31027 0.314731 0.463438
0.321693 0.208242 0.434361
0.29344 0.234845 0.523072
0.333289 0.317121 0.375888
0.647041 0.270597 0.62406
0.671963 0.203766 0.492159
0.577715 0.381667 0.500347
0.699142 0.238222 0.512196
0.509829 0.384204 0.405274
0.543772 0.30947 0.308846
0.419892 0.389892 0.452145
0.343328 0.227997 0.572121
0.677921 0.215158 0.559996
0.657629 0.222503 0.406709
0.635612 0.291022 0.635987
0.311399 0.24865 0.565008
0.701332 0.261135 0.511304
0.536323 0.379868 0.536719
0.523568 0.21598 0.664955
0.538552 0.213051 0.660819
0.426669 0.296754 0.308786
0.653724 0.280101 0.383288
0.688598 0.21434 0.446073
0.639672 0.349575 0.565099
0.287135 0.23376 0.453545
0.365027 0.352784 0.593987
0.397342 0.312532 0.657224
0.647132 0.227509 0.387992
0.348632 0.233737 0.598655
0.40185 0.371 0.592856
0.603273 0.375349 0.519632
0.684283 0.295635 0.533397
0.511185 0.380736 0.558643
0.5924 0.240248 0.647983
0.580138 0.234871 0.65244
0.322489 0.246813 0.391787
0.372929 0.372722 0.539606
0.447634 0.230836 0.678549
0.324535 0.226441 0.564311
0.351886 0.235875 0.604646
0.658738 0.274423 0.387675
0.571776 0.217561 0.662579
0.394853 0.241527 0.644561
0.568202 0.384187 0.457187
0.649305 0.227574 0.393368
0.424069 0.390214 0.477541
0.642451 0.349252 0.553873
0.606049 0.231834 0.34451
0.676799 0.316234 0.448371
0.540268 0.382404 0.468539
0.348986 0.358568 0.435687
0.301358 0.259214 0.414942
0.695973 0.261357 0.536833
0.368836 0.258605 0.594952
0.53052 0.221189 0.659164
0.402003 0.250864 0.657544
0.390326 0.318204 0.326755
0.372811 0.310677 0.642025
0.458405 0.265125 0.2894
0.589102 0.275312 0.671837
0.62574 0.35368 0.385868
0.370104 0.240626 0.604469
0.443201 0.275224 0.296351
0.649882 0.265646 0.612418
0.36188 0.36704 0.431517
0.574183 0.380489 0.505072
0.603623 0.371312 0.561692
0.479035 0.333028 0.316249
0.490267 0.296231 0.29881
0.540872 0.379747 0.521585
0.478237 0.196714 0.306172
0.615664 0.269144 0.654076
0.402728 0.329282 0.653284
0.594631 0.377204 0.516898
0.356299 0.241896 0.588163
0.295113 0.195534 0.465457
0.690911 0.238621 0.542149
0.572249 0.383075 0.46346
0.643525 0.357505 0.430463
0.472938 0.3592 0.342462
0.482242 0.211254 0.686879
0.329949 0.217912 0.551709
0.379836 0.241319 0.621105
0.622754 0.371327 0.450805
0.520057 0.198999 0.317656
0.325371 0.281606 0.599716
0.565392 0.235248 0.676842
0.390294 0.248099 0.625522
0.615241 0.233809 0.35224
0.560485 0.285475 0.310065
0.650731 0.268816 0.613111
0.358496 0.366939 0.509314
0.384575 0.321346 0.331625
0.541855 0.318071 0.673627
0.613642 0.32449 0.344297
0.462705 0.203518 0.669982
0.678191 0.268372 0.57264
0.624198 0.282374 0.646237
0.361699 0.368845 0.528449
0.679763 0.311845 0.501019
0.52579 0.383325 0.424231
0.369604 0.318125 0.636605
0.593134 0.243728 0.653067
0.400661 0.317571 0.656233
0.516728 0.241654 0.291478
0.62824 0.367763 0.462033
0.603565 0.374128 0.521235
0.574493 0.242151 0.673578
0.501325 0.382782 0.508885
0.698203 0.256541 0.526377
0.325518 0.335678 0.468296
0.422336 0.33019 0.658954
0.678298 0.205629 0.502883
0.692567 0.218379 0.522766
0.492027 0.382804 0.44986
0.312817 0.316464 0.464638
0.662943 0.217833 0.564391
0.479951 0.196807 0.294722
0.584058 0.235696 0.659889
0.459555 0.369181 0.611143
0.568579 0.272633 0.680054
0.307619 0.206779 0.518344
0.524428 0.380702 0.516991
0.295439 0.257363 0.517447
0.644792 0.254095 0.381859
0.287379 0.256654 0.486543
0.654716 0.253773 0.597645
0.694503 0.283653 0.490488
0.357115 0.317903 0.354673
0.299573 0.207074 0.452071
0.424724 0.238923 0.322477
0.456884 0.2893 0.299821
0.481943 0.382548 0.546922
0.521014 0.204766 0.309068
0.426001 0.250825 0.665427
0.570884 0.346114 0.33955
0.570754 0.263204 0.679207
0.553163 0.376817 0.54211
0.585094 0.233469 0.340989
0.671717 0.214108 0.480109
0.501683 0.378233 0.573215
0.475425 0.195947 0.670017
0.348155 0.357835 0.536375
0.493096 0.382763 0.535491
0.507997 0.36835 0.611086
0.329381 0.312037 0.382718
0.335123 0.348163 0.525809
0.368173 0.370342 0.435317
0.631897 0.251467 0.605824
0.548468 0.210019 0.321081
0.342511 0.2492 0.567636
0.320985 0.212579 0.447577
0.478815 0.384517 0.534505
0.302678 0.281984 0.431093
0.391565 0.331758 0.334102
0.416763 0.242918 0.653603
0.530142 0.379498 0.498537
0.525836 0.261735 0.695783
0.34402 0.253587 0.381678
0.367457 0.248631 0.61022
0.482519 0.237627 0.691126
0.480441 0.383226 0.536057
0.333792 0.233033 0.552991
0.409072 0.375086 0.386057
0.355532 0.31914 0.357702
0.583492 0.290475 0.667221
0.695161 0.247982 0.51721
0.331067 0.298498 0.598471
0.501886 0.382201 0.409653
0.675165 0.212182 0.497304
0.592849 0.282199 0.325016
0.297317 0.25819 0.519606
0.452315 0.385261 0.443157
0.673386 0.237735 0.411223
0.673484 0.210261 0.541265
0.463746 0.330287 0.317784
0.305822 0.224992 0.532492
0.492005 0.380585 0.455839
0.452423 0.259064 0.685965
0.484881 0.232569 0.289194
0.533169 0.236933 0.299545
0.618132 0.342871 0.620687
0.419632 0.291572 0.667555
0.587855 0.237642 0.34267
0.503132 0.251899 0.693106
0.445611 0.379817 0.563833
0.644215 0.274845 0.619542
0.689491 0.239361 0.452885
0.432092 0.236383 0.31713
0.571526 0.236801 0.657721
0.31898 0.278347 0.385726
0.532457 0.376293 0.556157
0.383862 0.253847 0.616853
0.344717 0.254509 0.573092
0.483558 0.379745 0.465744
0.291046 0.25535 0.493382
0.486207 0.205658 0.674953
0.621943 0.267445 0.623835
0.336907 0.241765 0.575072
0.653611 0.292283 0.388534
0.332704 0.304761 0.378094
0.297293 0.281781 0.460529
0.42173 0.38739 0.444866
0.385711 0.260934 0.640245
0.321051 0.288211 0.388336
0.668461 0.304483 0.564689
0.687125 0.293566 0.498703
0.316592 0.216671 0.443352
0.503728 0.236783 0.687807
0.438553 0.245119 0.304502
0.664891 0.226679 0.563302
0.354755 0.248157 0.596054
0.330032 0.232311 0.423456
0.40612 0.263245 0.644181
0.624644 0.26766 0.621807
0.338239 0.264873 0.619819
0.571071 0.372796 0.381166
0.289828 0.210469 0.4691
0.443162 0.23161 0.661933
0.69231 0.262426 0.534721
0.509808 0.376782 0.384489
0.402874 0.271055 0.320392
0.466336 0.353488 0.339791
0.578821 0.350515 0.348445
0.55913 0.311352 0.668687
0.519231 0.367767 0.358846
0.514589 0.378191 0.479883
0.47139 0.212719 0.684996
0.679503 0.210985 0.516342
0.528241 0.252431 0.295879
0.593932 0.25758 0.642281
0.291287 0.25828 0.487448
0.323216 0.263265 0.385028
0.669897 0.293187 0.41333
0.44282 0.384045 0.498307
0.442323 0.377097 0.572231
0.326454 0.296194 0.385227
0.383546 0.263755 0.637401
0.45081 0.222699 0.671215
0.564335 0.374764 0.534164
0.403995 0.384097 0.446294
0.610779 0.270213 0.345982
0.366291 0.303227 0.347605
0.441378 0.374548 0.381577
0.496134 0.377455 0.46343
0.39515 0.262372 0.646251
0.369637 0.352033 0.595279
0.447171 0.338014 0.327087
0.524625 0.22183 0.304341
0.437811 0.363814 0.360165
0.427262 0.362101 0.619824
0.297689 0.252672 0.441537
0.679689 0.223382 0.473068
0.565833 0.233305 0.668945
0.515872 0.273833 0.694698
0.620282 0.360511 0.562165
0.373568 0.298845 0.341489
0.357351 0.254565 0.598585
0.301869 0.214983 0.459767
0.451406 0.383442 0.476206
0.645112 0.246101 0.390858
0.563437 0.364578 0.364998
0.295663 0.246024 0.507995
0.484359 0.230623 0.687307
0.516278 0.280919 0.692905
0.605823 0.271513 0.651019
0.392555 0.261835 0.635974
0.351481 0.290531 0.358387
0.323933 0.312949 0.550568
0.498091 0.377082 0.496919
0.511585 0.379754 0.417934
0.447485 0.374926 0.384394
0.322915 0.290061 0.390082
0.506068 0.235474 0.684449
0.532387 0.220976 0.315796
0.391015 0.358874 0.604245
0.461 0.298097 0.68175
0.50768 0.22938 0.299195
0.301394 0.247374 0.520006
0.410025 0.265235 0.659945
0.677981 0.315296 0.475009
0.627843 0.306508 0.366289
0.486899 0.212195 0.667537
0.342406 0.295682 0.615122
0.540832 0.22851 0.671714
0.490112 0.239681 0.294207
0.538891 0.374403 0.383815
0.29562 0.223611 0.460476
0.347594 0.306944 0.36587
0.599884 0.266876 0.635325
0.650208 0.349691 0.476922
0.621385 0.254135 0.374089
0.44483 0.241384 0.310521
0.45577 0.233079 0.303831
0.661959 0.33886 0.47582
0.314014 0.288658 0.538377
0.501003 0.221584 0.671241
0.301456 0.234461 0.517222
0.682005 0.294609 0.519971
0.329298 0.314813 0.390538
0.546771 0.37301 0.580227
0.568891 0.341347 0.643207
0.681672 0.217433 0.521215
0.334114 0.260946 0.599379
0.426 0.292126 0.313911
0.326677 0.263576 0.585693
0.580439 0.31803 0.327604
0.458397 0.251255 0.683286
0.320106 0.28407 0.394407
0.602548 0.273744 0.644935
0.347498 0.270314 0.367582
0.648709 0.279544 0.606436
0.501431 0.364239 0.357886
0.427749 0.259703 0.658641
0.612396 0.275009 0.613747
0.316645 0.286552 0.545197
0.289473 0.236631 0.476
0.476524 0.37529 0.469178
0.545142 0.378571 0.404295
0.300064 0.234056 0.451699
0.596409 0.284725 0.659523
0.518964 0.247202 0.685228
0.642329 0.292815 0.614694
0.667672 0.228335 0.476406
0.445053 0.256036 0.676791
0.39648 0.279478 0.630816
0.588701 0.269084 0.642316
0.371496 0.371005 0.473038
0.45494 0.249454 0.680991
0.519812 0.348853 0.336263
0.499882 0.375431 0.496657
0.666899 0.268983 0.577582
0.353906 0.266472 0.597549
0.486059 0.254015 0.689961
0.504616 0.375043 0.544539
0.691071 0.269767 0.515831
0.586333 0.373769 0.508873
0.505538 0.374512 0.557823
0.636564 0.342925 0.389141
0.300763 0.27674 0.458678
0.402 0.344199 0.34725
0.513499 0.239549 0.301898
0.611743 0.324423 0.348904
0.645129 0.288285 0.608909
0.315619 0.250187 0.41926
0.43541 0.382254 0.49291
0.497676 0.254911 0.687755
0.598455 0.264119 0.351668
0.351433 0.304642 0.365872
0.318026 0.262846 0.401878
0.301399 0.236645 0.455862
0.302922 0.236122 0.454013
0.406053 0.273819 0.657327
0.638902 0.354922 0.414877
0.551194 0.375532 0.459014
0.546225 0.240332 0.670911
0.64548 0.350843 0.480375
0.406315 0.380511 0.503699
0.473135 0.270983 0.691751
0.559317 0.265133 0.315194
0.464744 0.272729 0.298406
0.466399 0.374666 0.567188
0.640658 0.282358 0.385567
0.423217 0.269024 0.323526
0.457034 0.381151 0.421933
0.462606 0.373764 0.575909
0.362512 0.280389 0.602641
0.591767 0.369908 0.538686
0.501445 0.373508 0.56075
0.362086 0.319579 0.360102
0.640117 0.284203 0.61264
0.551807 0.300833 0.672296
0.518777 0.341572 0.330533
0.380692 0.27338 0.623978
0.369084 0.318545 0.629595
0.399312 0.281961 0.63723
0.390942 0.366675 0.391894
0.299958 0.243912 0.463307
0.631175 0.318372 0.37378
0.481376 0.330038 0.664581
0.319549 0.241871 0.43669
0.557915 0.256833 0.320608
0.672057 0.252335 0.556632
0.666049 0.269295 0.412483
0.554511 0.254786 0.319494
0.683873 0.249531 0.472606
0.322884 0.263455 0.558851
0.608529 0.269611 0.360284
0.462962 0.376426 0.492393
0.361726 0.30055 0.358437
0.55477 0.371299 0.49031
0.468571 0.376037 0.539664
0.535875 0.24658 0.669319
0.637066 0.268361 0.389448
0.641781 0.27991 0.603289
0.475389 0.333993 0.661246
0.468307 0.3739 0.392906
0.620265 0.367945 0.445189
0.677802 0.274457 0.437518
0.319424 0.30553 0.52553
0.4577 0.358045 0.623522
0.404882 0.328361 0.332112
0.522138 0.375503 0.420064
0.504302 0.371239 0.490356
0.673297 0.234336 0.486802
0.686205 0.258669 0.481793
0.451972 0.299454 0.312716
0.497687 0.29978 0.30954
0.472902 0.285099 0.687211
0.573892 0.363805 0.372045
0.621868 0.365957 0.45767
0.322061 0.306105 0.528772
0.389096 0.375294 0.436846
0.495327 0.370184 0.58077
0.647636 0.313218 0.393011
0.668652 0.246413 0.546947
0.671666 0.249381 0.43386
0.339752 0.34207 0.530406
0.470824 0.373929 0.510421
0.678766 0.24554 0.47539
0.459757 0.245838 0.678335
0.618053 0.360233 0.522114
0.385265 0.286274 0.341993
0.643269 0.328958 0.590193
0.500148 0.24034 0.309307
0.492285 0.231251 0.67688
0.558059 0.368611 0.522843
0.315741 0.271559 0.412969
0.557037 0.368885 0.513941
0.557808 0.369745 0.571632
0.496827 0.252996 0.683161
0.32677 0.326731 0.480516
0.490968 0.369555 0.481186
0.387208 0.286253 0.620312
0.685644 0.268839 0.482575
0.328062 0.278603 0.390587
0.471864 0.320033 0.320019
0.315064 0.283217 0.525166
0.328665 0.283594 0.567603
0.41484 0.382547 0.439113
0.472878 0.366108 0.370853
0.527451 0.368466 0.584959
0.62651 0.362314 0.460927
0.446654 0.378903 0.465094
0.41919 0.380895 0.495664
0.412478 0.379637 0.501661
0.387014 0.29487 0.642041
0.325721 0.317584 0.505465
0.620016 0.328265 0.366036
0.425697 0.332838 0.333001
0.646541 0.277046 0.403924
0.304173 0.267615 0.481975
0.673196 0.276657 0.436107
0.412008 0.371379 0.557164
0.50337 0.276042 0.684371
0.597279 0.34418 0.358789
0.311512 0.26926 0.503417
0.671867 0.271777 0.432791
0.544503 0.365629 0.543004
0.359029 0.305467 0.617993
0.460002 0.267036 0.306473
0.324955 0.320289 0.470791
0.623819 0.363659 0.450681
0.345194 0.338498 0.553177
0.388674 0.294504 0.339792
0.470077 0.367817 0.589167
0.351974 0.336345 0.388695
0.671661 0.293225 0.537685
0.510918 0.247094 0.312391
0.648088 0.279348 0.401555
0.638131 0.292134 0.605859
0.552335 0.367737 0.474241
0.672469 0.241455 0.497753
0.519258 0.367755 0.552272
0.500918 0.337932 0.332741
0.671393 0.249714 0.445267
0.557451 0.368133 0.487401
0.318696 0.266185 0.525259
0.318127 0.267392 0.523174
0.50628 0.369921 0.447758
0.574165 0.368265 0.515718
0.405855 0.363223 0.595015
0.340376 0.288953 0.595807
0.366062 0.296653 0.616014
0.452368 0.295202 0.671009
0.527985 0.367619 0.387041
0.382431 0.287845 0.352669
0.516028 0.370002 0.401606
0.671504 0.283847 0.439935
0.65345 0.283366 0.409492
0.365602 0.362257 0.46985
0.518413 0.365719 0.587341
0.319205 0.283976 0.425334
0.394203 0.358388 0.594313
0.353436 0.29338 0.602729
0.539511 0.338908 0.337671
0.669099 0.242305 0.508954
0.482768 0.261849 0.307148
0.582516 0.284953 0.650848
0.538982 0.362247 0.477645
0.536332 0.264049 0.315178
0.491917 0.318847 0.32243
0.44212 0.375375 0.496104
0.635011 0.327013 0.385379
0.566454 0.369312 0.468051
0.51483 0.36642 0.553723
0.331271 0.274655 0.403946
0.431137 0.325834 0.329671
0.510362 0.362656 0.476336
0.354198 0.340643 0.394808
0.459315 0.355935 0.359532
0.677137 0.289674 0.464487
0.478786 0.257671 0.682075
0.577163 0.376441 0.441584
0.668761 0.296593 0.536313
0.58977 0.293325 0.340107
0.422222 0.28642 0.656021
0.578347 0.366815 0.550121
0.498815 0.30686 0.317067
0.338458 0.334239 0.484268
0.461144 0.25026 0.673063
0.324769 0.300912 0.506548
0.392916 0.296518 0.342785
0.329547 0.301041 0.40609
0.664848 0.31362 0.44811
0.467057 0.365574 0.587038
0.548354 0.368842 0.391987
0.514197 0.286824 0.675136
0.563346 0.354187 0.363821
0.3844 0.297675 0.621646
0.340881 0.317388 0.394795
0.505741 0.296804 0.673671
0.382244 0.305581 0.351081
0.587467 0.313524 0.642436
0.600712 0.30936 0.348904
0.44533 0.300235 0.320409
0.550403 0.361531 0.523561
0.353725 0.336981 0.569002
0.671418 0.295242 0.501405
0.510536 0.301917 0.671349
0.595373 0.362765 0.515719
0.669193 0.301356 0.452972
0.317921 0.265851 0.446607
0.371587 0.353495 0.564099
0.504127 0.301875 0.672036
0.328251 0.284662 0.539677
0.675608 0.264468 0.521742
0.545568 0.36533 0.381907
0.659249 0.30536 0.549184
0.481791 0.365732 0.5196
0.427482 0.311862 0.653421
0.560989 0.37288 0.441329
0.332326 0.317019 0.530467
0.447086 0.273947 0.670393
0.669575 0.248239 0.533286
0.364568 0.314462 0.374246
0.485381 0.357041 0.473413
0.548761 0.333455 0.64164
0.452217 0.309971 0.661098
0.361277 0.310829 0.602862
0.659862 0.321956 0.451126
0.594025 0.361994 0.569111
0.321159 0.270215 0.448139
0.426207 0.294233 0.330664
0.652939 0.324834 0.518053
0.587935 0.32051 0.63723
0.328517 0.301411 0.518901
0.486581 0.360716 0.50532
0.481551 0.307032 0.322098
0.472703 0.336649 0.340153
0.315867 0.273629 0.456325
0.353332 0.341901 0.537467
0.584817 0.363139 0.495911
0.440388 0.370468 0.510817
0.383032 0.305837 0.354487
0.498144 0.287921 0.674175
0.671797 0.278154 0.461573
0.31727 0.269566 0.455896
0.386654 0.32116 0.626857
0.48873 0.286551 0.314215
0.531997 0.355336 0.610067
0.420746 0.328354 0.642606
0.550175 0.362688 0.559945
0.482804 0.360806 0.459403
0.485331 0.361946 0.517328
0.592099 0.314285 0.636495
0.620557 0.292216 0.600673
0.469715 0.366028 0.538488
0.359609 0.351922 0.487492
0.362131 0.316055 0.604321
0.650571 0.337391 0.455346
0.356763 0.333147 0.566916
0.486829 0.355783 0.494439
0.375248 0.320339 0.368948
0.468277 0.286046 0.673703
0.53716 0.347833 0.621507
0.637525 0.34751 0.455548
0.368971 0.356181 0.419201
0.485954 0.329499 0.336393
0.385327 0.348084 0.380545
0.486247 0.355489 0.491814
0.525752 0.291778 0.317885
0.39778 0.299302 0.61877
0.444665 0.368758 0.399742
0.537235 0.355378 0.537251
0.55504 0.284352 0.654659
0.317745 0.283376 0.476627
0.643602 0.34179 0.449135
0.53593 0.291067 0.320415
0.6464 0.298462 0.413094
0.543514 0.329244 0.336899
0.403107 0.367442 0.516568
0.665159 0.26042 0.499884
0.466917 0.246274 0.666683
0.416791 0.30147 0.33853
0.483992 0.361386 0.542724
0.537508 0.34424 0.352077
0.337055 0.326296 0.44887
0.402821 0.316287 0.34121
0.383713 0.357091 0.396231
0.667605 0.294223 0.470693
0.506128 0.348288 0.357031
0.465933 0.357044 0.373451
0.407533 0.319832 0.637196
0.340908 0.292954 0.409317
0.559906 0.337473 0.346915
0.442756 0.323452 0.648335
0.362435 0.342601 0.541625
0.660586 0.268819 0.463436
0.665597 0.273633 0.510295
0.501003 0.325621 0.648524
0.564734 0.356297 0.499476
0.589853 0.364804 0.458159
0.432513 0.371925 0.443008
0.528395 0.347634 0.482701
0.387261 0.302904 0.602653
0.365336 0.312946 0.382995
0.619535 0.346495 0.56737
0.529182 0.349922 0.507882
0.552917 0.364563 0.441545
0.479061 0.359217 0.544334
0.484027 0.348958 0.477032
0.36325 0.331884 0.389274
0.656601 0.295949 0.543665
0.378546 0.356453 0.511741
0.576418 0.358315 0.383013
0.459911 0.358767 0.469344
0.642002 0.314119 0.569707
0.376422 0.303915 0.373885
0.410826 0.34514 0.362227
0.418448 0.372347 0.47643
0.626836 0.297624 0.588083
0.392386 0.365058 0.495225
0.521943 0.350761 0.458979
0.534812 0.34936 0.50159
0.640752 0.333068 0.413628
0.359158 0.343021 0.514664
0.628691 0.312841 0.395816
0.548927 0.352854 0.485842
0.471859 0.299413 0.667832
0.474416 0.358491 0.382841
0.573479 0.364952 0.456337
0.379072 0.348199 0.57463
0.358618 0.343774 0.433054
0.654288 0.264942 0.479721
0.474671 0.287976 0.669513
0.51234 0.324087 0.642711
0.412647 0.369286 0.478387
0.55523 0.35849 0.455127
0.550985 0.316917 0.639659
0.331226 0.293938 0.448761
0.347191 0.309552 0.410484
0.542091 0.297216 0.331812
0.527251 0.288364 0.658423
0.523339 0.30302 0.653043
0.506746 0.286991 0.328291
0.512167 0.349837 0.370873
0.611872 0.358772 0.451503
0.365699 0.349529 0.428583
0.526635 0.35225 0.442075
0.371721 0.321992 0.383295
0.482612 0.354202 0.599298
0.65514 0.301346 0.486852
0.542818 0.347142 0.482548
0.359089 0.343275 0.418455
0.515274 0.331074 0.636281
0.421574 0.364369 0.517716
0.659438 0.276503 0.494672
0.422664 0.322014 0.636906
0.479902 0.30759 0.660462
0.40311 0.315706 0.624439
0.537428 0.302267 0.32978
0.520441 0.345435 0.462303
0.54318 0.351192 0.461917
0.350771 0.323623 0.545244
0.400485 0.338492 0.363792
0.447475 0.329216 0.639423
0.455506 0.359393 0.526721
0.545061 0.35961 0.43902
0.396275 0.326393 0.612326
0.652143 0.267096 0.493013
0.626463 0.347122 0.424106
0.522057 0.322218 0.636811
0.608792 0.348277 0.477019
0.53832 0.348684 0.453227
0.378398 0.352904 0.476127
0.491297 0.327146 0.345815
0.332699 0.295042 0.458713
0.462987 0.295487 0.659207
0.489968 0.339043 0.359523
0.542146 0.359234 0.41533
0.497549 0.353759 0.575766
0.56267 0.355418 0.56345
0.38139 0.326465 0.38088
0.376759 0.352854 0.459114
0.452777 0.286432 0.655938
0.350469 0.324828 0.534244
0.362474 0.343139 0.453217
0.485839 0.340759 0.487204
0.463431 0.342024 0.362197
0.38539 0.357061 0.470951
0.652128 0.296817 0.491771
0.413015 0.358756 0.565768
0.602276 0.327804 0.374297
0.405924 0.367974 0.440711
0.417471 0.369689 0.433613
0.549231 0.353294 0.45424
0.494377 0.285713 0.662373
0.344107 0.310721 0.427302
0.472881 0.35311 0.540233
0.494306 0.259618 0.659728
0.32725 0.286725 0.477855
0.377326 0.351282 0.490355
0.605819 0.320189 0.604854
0.393407 0.333617 0.606827
0.370897 0.343801 0.48749
0.650416 0.267855 0.506031
0.455481 0.350408 0.495868
0.531358 0.319106 0.633541
0.451296 0.358066 0.446437
0.524031 0.33873 0.456298
0.512635 0.269795 0.642679
0.608063 0.310584 0.595123
0.335143 0.296921 0.490209
0.631077 0.311869 0.566296
0.44675 0.359182 0.448109
0.569941 0.347611 0.52508
0.475388 0.336121 0.479487
0.63354 0.33572 0.44623
0.496227 0.26164 0.654283
0.383751 0.351716 0.481811
0.652734 0.271236 0.514365
0.343262 0.303167 0.446881
0.573407 0.321195 0.619419
0.649291 0.269145 0.498225
0.379881 0.331756 0.582634
0.412581 0.358637 0.518796
0.415728 0.338841 0.365884
0.422579 0.333824 0.622225
0.633001 0.326425 0.527537
0.433459 0.357238 0.565733
0.375094 0.334975 0.563573
0.417984 0.356985 0.568439
0.444452 0.3549 0.586837
0.496331 0.259107 0.651896
0.394346 0.314189 0.603702
0.633541 0.334492 0.431752
0.632936 0.320683 0.545439
0.353291 0.318032 0.427092
0.494945 0.347446 0.382473
0.530865 0.333248 0.470176
0.394755 0.329915 0.38462
0.648966 0.270327 0.518827
0.572031 0.342663 0.603658
0.540212 0.318806 0.626293
0.633074 0.330466 0.451677
0.511835 0.331178 0.463992
0.33896 0.291781 0.499807
0.476918 0.348019 0.590666
0.355249 0.318355 0.533318
0.51806 0.34235 0.558249
0.376912 0.343045 0.494146
0.544079 0.297345 0.632251
0.444117 0.343266 0.375222
0.363525 0.312743 0.549563
0.604414 0.340772 0.58132
0.390386 0.350115 0.5048
0.531287 0.3473 0.401019
0.632985 0.298382 0.554218
0.506001 0.332078 0.500335
0.505324 0.332873 0.504176
0.623868 0.330334 0.49854
0.443328 0.350933 0.593355
0.510206 0.339825 0.606425
0.429381 0.314415 0.356424
0.577794 0.363235 0.422644
0.433976 0.342706 0.374145
0.643045 0.30654 0.44302
0.573402 0.353654 0.396479
0.348835 0.31611 0.516515
0.633455 0.303826 0.551978
0.593316 0.36199 0.420693
0.448438 0.348083 0.481628
0.532934 0.280104 0.635557
0.614797 0.331136 0.575591
0.343766 0.309139 0.485208
0.412422 0.308151 0.613824
0.387427 0.340655 0.54518
0.638702 0.286637 0.532776
0.425957 0.345196 0.384305
0.548616 0.318562 0.618381
0.476762 0.345555 0.395855
0.500327 0.321643 0.471496
0.484566 0.32723 0.3664
0.627413 0.316219 0.508399
0.386797 0.318927 0.583922
0.392734 0.346659 0.512859
0.637442 0.284552 0.535585
0.596607 0.347176 0.463889
0.425273 0.336984 0.610286
0.390116 0.349127 0.449607
0.405715 0.351301 0.531044
0.397619 0.348614 0.532087
0.461495 0.316271 0.634626
0.642496 0.290259 0.470345
0.414418 0.33724 0.378018
0.345456 0.30013 0.502728
0.506486 0.340382 0.391445
0.461606 0.283167 0.646223
0.63282 0.307943 0.485884
0.400573 0.345027 0.396704
0.544565 0.34273 0.592689
0.445154 0.34676 0.504458
0.603265 0.33892 0.541413
0.452572 0.344138 0.506719
0.627301 0.317347 0.493975
0.483028 0.331807 0.515155
0.501983 0.323312 0.488864
0.559061 0.343291 0.551449
0.50743 0.339663 0.434576
0.574081 0.339228 0.487844
0.538382 0.343243 0.580946
0.524457 0.325971 0.500874
0.375539 0.332533 0.468146
0.37173 0.327519 0.433234
0.629314 0.30845 0.47821
0.627127 0.29982 0.536627
0.484779 0.31391 0.632355
0.498284 0.314222 0.473924
0.584013 0.343668 0.395896
0.40327 0.347017 0.520554
0.529541 0.275076 0.626694
0.457418 0.305459 0.355639
0.548218 0.334426 0.541213
0.548297 0.339862 0.566466
0.358276 0.315266 0.496377
0.492572 0.330957 0.449884
0.571089 0.328674 0.601252
0.474206 0.268952 0.646617
0.379502 0.334432 0.478501
0.634554 0.273366 0.454244
0.466356 0.280046 0.643445
0.457745 0.331703 0.376262
0.495563 0.341385 0.410339
0.498277 0.337683 0.568344
0.346832 0.284464 0.489389
0.4703 0.343064 0.580577
0.631842 0.309512 0.426053
0.472713 0.322364 0.484643
0.386387 0.31309 0.574586
0.354852 0.30749 0.517962
0.537036 0.329577 0.535505
0.635637 0.275149 0.486147
0.613777 0.319656 0.559301
0.483833 0.338875 0.594756
0.418431 0.349213 0.519197
0.611765 0.33829 0.462517
0.50366 0.329673 0.535549
0.475565 0.337717 0.391396
0.427148 0.301817 0.611249
0.364102 0.310712 0.457564
0.465681 0.33867 0.561261
0.625537 0.284634 0.536272
0.622288 0.292569 0.54079
0.488097 0.305751 0.480021
0.429183 0.345158 0.537655
0.533251 0.314137 0.481596
0.54612 0.339356 0.403312
0.586913 0.315162 0.587849
0.499373 0.299416 0.628614
0.553583 0.329083 0.381346
0.632277 0.281644 0.449831
0.521499 0.314022 0.615287
0.40589 0.342146 0.552615
0.472658 0.30512 0.363129
0.583657 0.330491 0.387792
0.614073 0.301297 0.556843
0.358431 0.291189 0.501157
0.603252 0.337533 0.412249
0.437479 0.316284 0.617073
0.502996 0.290826 0.6297
0.467056 0.327925 0.384348
0.46939 0.299184 0.633878
0.614107 0.311793 0.542821
0.479368 0.29963 0.635179
0.626348 0.311143 0.466452
0.505356 0.300513 0.359464
0.483306 0.314618 0.499538
0.477376 0.339188 0.420059
0.514991 0.308778 0.363242
0.558001 0.29291 0.606512
0.397435 0.312377 0.582531
0.529058 0.285338 0.62467
0.406646 0.312301 0.593436
0.613734 0.313274 0.538474
0.387999 0.326366 0.507252
0.360236 0.29144 0.47224
0.561954 0.315027 0.377807
0.378039 0.304558 0.543173
0.500532 0.325328 0.55649
0.477349 0.304753 0.48384
0.540469 0.334652 0.417856
0.379653 0.322213 0.45568
0.546619 0.320004 0.46661
0.50051 0.311409 0.615123
0.466988 0.309677 0.37341
0.585905 0.326025 0.485909
0.575313 0.304802 0.59063
0.5862 0.329408 0.472068
0.50373 0.314826 0.520531
0.47266 0.32537 0.395349
0.500841 0.326183 0.560433
0.627196 0.285314 0.474709
0.544251 0.326982 0.390844
0.475024 0.330771 0.404789
0.622016 0.281978 0.510104
0.505669 0.307389 0.371405
0.536926 0.330297 0.581591
0.465962 0.298633 0.366516
0.614477 0.320584 0.464233
0.478169 0.32814 0.438025
0.544891 0.331779 0.582522
0.375022 0.311664 0.483565
0.407979 0.338674 0.466561
0.578988 0.315795 0.388949
0.45862 0.327398 0.461285
0.429973 0.346025 0.435878
0.614378 0.326928 0.426525
0.510603 0.316478 0.526615
0.540961 0.334411 0.410224
0.468954 0.329406 0.445934
0.420733 0.319411 0.594066
0.424774 0.33935 0.448292
0.372197 0.295329 0.495221
0.480979 0.293528 0.479187
0.500473 0.270337 0.619475
0.473488 0.301137 0.484739
0.47131 0.326257 0.434516
0.599178 0.320561 0.473178
0.625015 0.263731 0.515446
0.559587 0.323359 0.540972
0.538078 0.286572 0.608689
0.523739 0.31202 0.449118
0.540591 0.320245 0.45062
0.475286 0.300006 0.474966
0.54784 0.314008 0.381912
0.559894 0.324908 0.547303
0.434742 0.329753 0.595064
0.385187 0.318682 0.446428
0.606057 0.294854 0.550061
0.623662 0.283039 0.456098
0.598135 0.315584 0.523584
0.621412 0.270691 0.510611
0.605719 0.286857 0.554437
0.539389 0.325553 0.403201
0.471745 0.306819 0.382914
0.509815 0.295125 0.367818
0.429724 0.336284 0.407707
0.518828 0.309329 0.521221
0.575055 0.324195 0.532348
0.608277 0.295429 0.542824
0.429183 0.289961 0.601276
0.53696 0.314699 0.457245
0.455762 0.322431 0.603886
0.542035 0.322505 0.447337
0.470031 0.274 0.625438
0.624913 0.251369 0.508264
0.415598 0.327005 0.577545
0.55634 0.314673 0.393438
0.560792 0.295178 0.591667
0.508089 0.300455 0.457788
0.511709 0.311396 0.551738
0.460373 0.305248 0.485036
0.494951 0.302722 0.454405
0.606999 0.287577 0.533691
0.589332 0.318649 0.470352
0.481777 0.30072 0.458357
0.610889 0.282788 0.514515
0.415518 0.315178 0.581746
0.371789 0.275269 0.476555
0.406875 0.314622 0.476913
0.477217 0.299581 0.509524
0.603181 0.300546 0.486343
0.458291 0.322979 0.444187
0.511203 0.314257 0.566769
0.537744 0.317398 0.584198
0.529058 0.303721 0.517883
0.50027 0.293027 0.607479
0.399938 0.320495 0.428808
0.570535 0.296843 0.396957
0.567499 0.312971 0.513796
0.617526 0.274099 0.468609
0.399451 0.308441 0.476186
0.537767 0.322808 0.412752
0.591232 0.275445 0.411606
0.486311 0.306771 0.531934
0.438686 0.27584 0.604992
0.503023 0.275736 0.61176
0.614105 0.276111 0.512505
0.487997 0.315086 0.596546
0.378555 0.28985 0.476306
0.467415 0.321704 0.412235
0.610279 0.286372 0.485935
0.404523 0.300178 0.481774
0.563988 0.324547 0.41592
0.455994 0.316024 0.447034
0.517866 0.291553 0.461251
0.397711 0.307549 0.516922
0.445563 0.306724 0.484955
0.585066 0.297574 0.563613
0.473103 0.295702 0.511575
0.581163 0.306844 0.501091
0.38368 0.29096 0.448726
0.545946 0.312393 0.575348
0.410424 0.321852 0.444986
0.588211 0.295256 0.413109
0.468115 0.26584 0.614819
0.567148 0.308298 0.470828
0.596961 0.294332 0.501895
0.593679 0.270529 0.564831
0.503267 0.299064 0.448396
0.479377 0.27627 0.480966
0.409438 0.317897 0.513466
0.434873 0.316624 0.497977
0.398872 0.301939 0.466816
0.422841 0.325831 0.527406
0.550015 0.311838 0.552808
0.570757 0.297078 0.579325
0.42254 0.326493 0.57306
0.497888 0.302391 0.540974
0.50566 0.281192 0.485354
0.432935 0.312536 0.485482
0.519935 0.307207 0.584029
0.443642 0.328031 0.423841
0.467396 0.297196 0.604222
0.459419 0.295774 0.387867
0.579958 0.282088 0.407192
0.611201 0.261505 0.488115
0.475167 0.270459 0.373567
0.410314 0.293205 0.472798
0.463412 0.256242 0.610257
0.399388 0.293579 0.531442
0.552298 0.309209 0.447566
0.413522 0.296556 0.471742
0.427467 0.304995 0.485582
0.408243 0.265804 0.570757
0.496749 0.27067 0.60218
0.523013 0.292468 0.449497
0.532924 0.300549 0.579211
0.606174 0.26063 0.493452
0.523803 0.299478 0.580011
0.45481 0.304434 0.407753
0.432357 0.267556 0.595104
0.480767 0.285562 0.598154
0.608298 0.265251 0.460473
0.3955 0.288536 0.465675
0.398938 0.276555 0.546503
0.413302 0.29133 0.478586
0.562048 0.28894 0.581127
0.600537 0.273557 0.537329
0.453112 0.293325 0.596963
0.416033 0.306297 0.564977
0.578341 0.321575 0.429054
0.487712 0.300016 0.420978
0.550002 0.314148 0.418181
0.610739 0.25546 0.530496
0.58459 0.281186 0.565702
0.60396 0.260234 0.481661
0.564494 0.288524 0.401533
0.52861 0.296627 0.400625
0.515025 0.291745 0.398806
0.487746 0.261705 0.376018
0.468997 0.291021 0.397566
0.608048 0.265863 0.52466
0.451852 0.29529 0.595928
0.433442 0.257173 0.595048
0.465059 0.271808 0.390318
0.499154 0.257934 0.378175
0.566918 0.302065 0.455464
0.543062 0.291641 0.456267
0.418191 0.291854 0.489744
0.488647 0.264624 0.492834
0.60354 0.256675 0.532725
0.522985 0.274108 0.495198
0.457853 0.302639 0.55123
0.559502 0.292539 0.53103
0.536658 0.298206 0.41508
0.430931 0.307902 0.572283
0.453181 0.289189 0.496651
0.562987 0.293009 0.530493
0.605062 0.239689 0.477679
0.543471 0.266504 0.59209
0.606649 0.242104 0.471014
0.557803 0.273614 0.399285
0.475887 0.245853 0.610551
0.533567 0.274889 0.481541
0.463795 0.277931 0.394967
0.485487 0.265248 0.49513
0.575235 0.300046 0.462364
0.474772 0.295709 0.571915
0.558881 0.287471 0.508547
0.576041 0.311397 0.430521
0.495378 0.279198 0.452107
0.544849 0.296492 0.449219
0.462552 0.299884 0.584063
0.47364 0.262789 0.478537
0.609794 0.223598 0.474685
0.455068 0.294752 0.455537
0.430254 0.311868 0.549475
0.501257 0.240337 0.608536
0.553194 0.285041 0.48317
0.416278 0.288223 0.520143
0.476024 0.262204 0.500696
0.421588 0.29582 0.450425
0.59156 0.261413 0.426932
0.533042 0.255003 0.593636
0.419323 0.279863 0.49195
0.57561 0.280339 0.48991
0.461215 0.293758 0.567787
0.439754 0.294959 0.51745
0.484504 0.277062 0.417008
0.485469 0.272565 0.528083
0.519737 0.273697 0.517786
0.401584 0.260156 0.495278
0.516447 0.267151 0.502578
0.475127 0.245677 0.605372
0.417397 0.289815 0.528634
0.522179 0.268276 0.502023
0.392334 0.267355 0.459459
0.589661 0.254232 0.55627
0.532367 0.270256 0.497226
0.521605 0.26309 0.489602
0.492193 0.276666 0.583031
0.515456 0.266346 0.501173
0.586999 0.250614 0.565507
0.525827 0.280154 0.409001
0.584514 0.273088 0.488254
0.395861 0.263074 0.470747
0.432881 0.283847 0.469034
0.496876 0.253075 0.484489
0.582776 0.276737 0.526489
0.560598 0.285633 0.537364
0.546985 0.273412 0.479878
0.61379 0.232234 0.517869
0.445073 0.291189 0.513444
0.471742 0.280201 0.585839
0.503968 0.267065 0.394752
0.419003 0.282472 0.449332
0.474104 0.260645 0.518006
0.524659 0.265002 0.515343
0.600994 0.23285 0.430445
0.452195 0.273535 0.583638
0.411492 0.259327 0.495975
0.452227 0.256122 0.400042
0.560188 0.269222 0.512188
0.450855 0.287616 0.567115
0.408564 0.242433 0.416103
0.458478 0.282017 0.576956
0.522757 0.237782 0.598866
0.600718 0.246097 0.445628
0.540659 0.260974 0.398949
0.543293 0.276049 0.554157
0.426475 0.286129 0.552133
0.460493 0.277575 0.420038
0.597016 0.230278 0.554263
0.529899 0.25613 0.483306
0.429368 0.27619 0.498989
0.468948 0.272541 0.418021
0.498416 0.233234 0.383504
0.586158 0.26855 0.435915
0.583169 0.240414 0.413093
0.512654 0.270335 0.547039
0.564346 0.267635 0.567549
0.580248 0.261266 0.549418
0.548352 0.276578 0.550506
0.453319 0.275559 0.456273
0.458364 0.261458 0.492981
0.493886 0.213533 0.611186
0.417955 0.274601 0.526263
0.553238 0.262709 0.576751
0.416429 0.281121 0.44789
0.589285 0.255013 0.42804
0.401023 0.245429 0.518886
0.421471 0.259473 0.509376
0.596085 0.233798 0.465004
0.596585 0.233763 0.531325
0.422284 0.242113 0.409243
0.5542 0.262647 0.530586
0.411445 0.247246 0.496718
0.593531 0.235577 0.50353
0.486894 0.251426 0.41262
0.400522 0.24496 0.471809
0.415784 0.260759 0.548026
0.525834 0.254246 0.451246
0.415153 0.262685 0.432711
0.479362 0.242484 0.509422
0.475897 0.243973 0.508275
0.392638 0.23233 0.477712
0.442118 0.252416 0.481915
0.536415 0.236437 0.590502
0.501729 0.261025 0.568092
0.535442 0.258207 0.573754
0.467051 0.267536 0.572428
0.458414 0.265142 0.532451
0.523154 0.243042 0.47118
0.492209 0.255641 0.538084
0.393256 0.240354 0.466303
0.436703 0.253619 0.478748
0.478553 0.257798 0.579335
0.505059 0.236337 0.47525
0.516308 0.260333 0.570751
0.424278 0.25667 0.473763
0.415559 0.238029 0.579502
0.429421 0.271152 0.526198
0.606336 0.220049 0.531415
0.423473 0.261198 0.507754
0.532767 0.260675 0.531499
0.473895 0.24125 0.39642
0.484999 0.21535 0.608758
0.422191 0.245432 0.504257
0.437709 0.263475 0.546054
0.573915 0.243042 0.48103
0.53305 0.241028 0.497152
0.561428 0.247075 0.505651
0.405519 0.231658 0.498318
0.607033 0.213456 0.511238
0.499521 0.238122 0.455524
0.602989 0.214333 0.53958
0.483033 0.23326 0.401599
0.541704 0.251593 0.419375
0.578827 0.238111 0.48501
0.410292 0.235627 0.510692
0.45531 0.247414 0.511506
0.573124 0.252076 0.426703
0.563233 0.256444 0.457333
0.449337 0.255915 0.527466
0.564314 0.24676 0.503313
0.405738 0.237524 0.471338
0.427014 0.243752 0.488765
0.428902 0.262539 0.551358
0.432277 0.258841 0.529558
0.588889 0.230785 0.544136
0.508943 0.225815 0.392494
0.613494 0.199886 0.505746
0.535675 0.241592 0.496787
0.451646 0.235089 0.590973
0.557581 0.234084 0.40235
0.496569 0.241145 0.580719
0.538252 0.243794 0.503136
0.474945 0.239183 0.524528
0.42262 0.254732 0.563925
0.443127 0.250974 0.505091
0.577366 0.254647 0.440377
0.581119 0.239257 0.52443
0.56889 0.236799 0.572711
0.423778 0.243934 0.430058
0.438418 0.251107 0.566028
0.456904 0.245317 0.550893
0.542866 0.232818 0.500226
0.46069 0.226516 0.497045
0.395268 0.210613 0.501854
0.477016 0.231784 0.415776
0.592563 0.21717 0.424408
0.596662 0.201132 0.579619
0.397748 0.193305 0.596452
0.509475 0.224083 0.46111
0.577012 0.23157 0.549848
0.60706 0.203983 0.455098
0.486261 0.226415 0.40856
0.440589 0.210752 0.599569
0.565682 0.235948 0.475186
0.597327 0.217419 0.453052
0.544623 0.235119 0.413914
0.552558 0.216072 0.590739
0.541727 0.231344 0.493926
0.584436 0.221571 0.487365
0.445057 0.246381 0.573724
0.447632 0.226997 0.483019
0.509897 0.235346 0.427156
0.59056 0.218373 0.423003
0.535141 0.220856 0.587122
0.408649 0.225461 0.474458
0.469126 0.217116 0.485605
0.457009 0.243313 0.543356
0.420534 0.235877 0.464849
0.416511 0.224155 0.578829
0.499909 0.222847 0.402164
0.409708 0.232222 0.563517
0.540353 0.236152 0.570455
0.487507 0.203909 0.606531
0.469667 0.218933 0.490925
0.424885 0.233937 0.564197
0.453858 0.228673 0.453831
0.585523 0.192689 0.598057
0.590343 0.211512 0.465298
0.46277 0.224535 0.416358
0.391354 0.199325 0.503556
0.548178 0.227904 0.421053
0.458316 0.233059 0.430019
0.519789 0.206541 0.395065
0.420857 0.21669 0.479784
0.444028 0.232717 0.452871
0.56661 0.235756 0.441431
0.574868 0.198539 0.595556
0.547861 0.223957 0.41451
0.570725 0.234216 0.44071
0.608546 0.195527 0.5329
0.555191 0.226998 0.566045
0.563042 0.211594 0.397009
0.581501 0.217762 0.551561
0.603401 0.190876 0.401462
0.572908 0.220133 0.493715
0.480396 0.213213 0.521323
0.480008 0.203676 0.48974
0.545533 0.2293 0.547555
0.433836 0.22348 0.495857
0.55544 0.22944 0.556219
0.465697 0.21743 0.51134
0.408475 0.213725 0.497292
0.407781 0.21533 0.573066
0.53731 0.229519 0.432347
0.497237 0.224211 0.436469
0.443369 0.231289 0.419638
0.554526 0.231886 0.425203
0.561655 0.225714 0.531803
0.455098 0.232095 0.573052
0.430009 0.228253 0.417638
0.418825 0.205735 0.480575
0.451545 0.208996 0.469375
0.472508 0.208421 0.456316
0.60414 0.193093 0.467294
0.576737 0.203545 0.402839
0.610027 0.187521 0.509712
0.427784 0.220919 0.540312
0.552873 0.184887 0.610024
0.523558 0.213209 0.436175
0.557887 0.218268 0.457637
0.403594 0.201899 0.490938
0.578963 0.204582 0.512394
0.558015 0.214176 0.531305
0.591665 0.19911 0.524458
0.429697 0.210437 0.401265
0.606944 0.19062 0.554756
0.491696 0.198121 0.494864
0.55832 0.210988 0.511733
0.519332 0.199163 0.470364
0.499875 0.200915 0.400905
0.505424 0.210621 0.42399
0.488595 0.216599 0.566169
0.547297 0.21214 0.412983
0.543898 0.204316 0.585152
0.42164 0.208072 0.403685
0.565727 0.222807 0.437854
0.430486 0.202564 0.390161
0.525032 0.197368 0.593812
0.577094 0.2099 0.539377
0.419562 0.184673 0.610784
0.434182 0.21252 0.496715
0.529736 0.204459 0.468039
0.51905 0.198484 0.482801
0.532857 0.207527 0.463538
0.578728 0.208368 0.416999
0.529561 0.216114 0.532096
0.416809 0.195648 0.476561
0.601673 0.185904 0.511783
0.459532 0.203443 0.535114
0.437486 0.20439 0.406402
0.471659 0.190791 0.498527
0.608899 0.182523 0.510995
0.430155 0.211456 0.433596
0.563385 0.200355 0.514805
0.400595 0.185994 0.591389
0.604088 0.185956 0.490309
0.414645 0.19333 0.585498
0.434738 0.212623 0.436616
0.411673 0.201937 0.54204
0.57597 0.202302 0.421323
0.405891 0.185962 0.594795
0.444607 0.209498 0.547132
0.549649 0.204188 0.57071
0.475311 0.187524 0.490632
0.562222 0.201444 0.52366
0.597756 0.184747 0.585383
0.491131 0.20366 0.550007
0.550924 0.192201 0.592096
0.488815 0.199609 0.533835
0.612783 0.18169 0.554968
0.391468 0.187963 0.416524
0.48261 0.187981 0.394547
0.394663 0.195856 0.561038
0.436995 0.193683 0.387358
0.504243 0.181033 0.609669
0.486471 0.195714 0.456083
0.456678 0.195393 0.494392
0.432211 0.19953 0.484754
0.529952 0.192185 0.479757
0.444154 0.205963 0.525677
0.413782 0.189317 0.592496
0.587594 0.192455 0.524986
0.415063 0.178171 0.379126
0.601715 0.180527 0.52939
0.565625 0.176919 0.610502
0.444767 0.192076 0.406948
0.603979 0.17976 0.481804
0.597603 0.1809 0.514454
0.527583 0.194777 0.559694
0.435568 0.18905 0.47745
0.399413 0.1835 0.404238
0.508841 0.18333 0.465023
0.608432 0.176875 0.400992
0.442666 0.193029 0.516848
0.381304 0.174157 0.475653
0.623335 0.16956 0.539893
0.486852 0.194565 0.564709
0.444196 0.19695 0.570781
0.479914 0.179751 0.493199
0.459612 0.176587 0.380339
0.489241 0.19209 0.435169
0.492522 0.178899 0.604371
0.425208 0.188636 0.475777
0.563053 0.19222 0.405211
0.566346 0.196051 0.454307
0.612171 0.17366 0.593957
0.615459 0.175575 0.546668
0.489124 0.180277 0.490598
0.590879 0.186293 0.439533
0.563958 0.191234 0.482598
0.456939 0.193682 0.575447
0.59425 0.182129 0.404671
0.382084 0.181355 0.557072
0.524089 0.193438 0.540834
0.490229 0.192301 0.549206
0.410019 0.189472 0.444168
0.546115 0.196202 0.429453
0.463265 0.194094 0.426575
0.41263 0.181839 0.527719
0.600946 0.175955 0.549761
0.436945 0.185039 0.448006
0.452757 0.18072 0.407626
0.489602 0.174463 0.466561
0.586131 0.177329 0.51851
0.389419 0.174887 0.452608
0.541448 0.184503 0.431683
0.394849 0.177046 0.445583
0.415616 0.182622 0.439247
0.569003 0.186422 0.446986
0.449392 0.174762 0.607194
0.60127 0.173978 0.405947
0.414796 0.182657 0.427156
0.573731 0.181165 0.523735
0.442631 0.177641 0.597792
0.398797 0.17635 0.400828
0.448854 0.181179 0.51581
0.417191 0.182319 0.576245
0.371044 0.162351 0.616064
0.600206 0.17382 0.396095
0.576756 0.184129 0.445094
0.400179 0.168347 0.615045
0.613642 0.169343 0.384226
0.601554 0.174444 0.446009
0.491122 0.176683 0.59138
0.554136 0.184371 0.545552
0.451873 0.18187 0.58143
0.403367 0.181167 0.543185
0.465654 0.176377 0.596496
0.555557 0.174487 0.379456
0.375125 0.165297 0.608218
0.445733 0.166391 0.625644
0.621745 0.165561 0.604696
0.449269 0.179103 0.497334
0.579059 0.182378 0.554399
0.408807 0.172896 0.428517
0.603301 0.169766 0.573738
0.550885 0.17329 0.525231
0.462121 0.171332 0.408126
0.368756 0.162441 0.446028
0.575208 0.172826 0.523433
0.496679 0.168827 0.594436
0.403789 0.167804 0.379665
0.390498 0.168169 0.490671
0.567653 0.174793 0.410726
0.528938 0.169144 0.492713
0.45675 0.173577 0.444228
0.578424 0.172165 0.581294
0.449132 0.175205 0.559916
0.410585 0.170307 0.487251
0.43964 0.161139 0.630233
0.566612 0.175631 0.556557
0.43336 0.17262 0.401467
0.590769 0.169528 0.475894
0.511949 0.159631 0.628034
0.531836 0.174212 0.567225
0.593298 0.168939 0.487087
0.481892 0.170274 0.529194
0.611956 0.165753 0.419471
0.588057 0.169195 0.590335
0.493574 0.171594 0.442568
0.516992 0.171215 0.413424
0.585944 0.172571 0.432998
0.604575 0.166558 0.509285
0.581816 0.172702 0.543807
0.482726 0.171198 0.447529
0.480405 0.17212 0.418146
0.401314 0.171029 0.441959
0.590862 0.169389 0.515482
0.595815 0.17142 0.568521
0.451116 0.17343 0.448058
0.403854 0.164124 0.420637
0.510656 0.154785 0.636502
0.541134 0.157905 0.627239
0.538393 0.162085 0.599975
0.50291 0.164898 0.563094
0.575011 0.165219 0.526343
0.504328 0.161065 0.467148
0.408119 0.16499 0.535344
0.50802 0.163549 0.406112
0.618724 0.159065 0.445402
0.54289 0.161542 0.606342
0.556534 0.161269 0.614311
0.405484 0.162911 0.591625
0.432865 0.16664 0.430481
0.382092 0.161418 0.449887
0.512739 0.159713 0.616749
0.374029 0.16108 0.38664
0.6008 0.155818 0.637375
0.372614 0.160845 0.543286
0.627895 0.158667 0.585184
0.513207 0.162506 0.449035
0.402794 0.164596 0.524402
0.407685 0.163868 0.407005
0.418668 0.161721 0.375775
0.565098 0.161549 0.615283
0.397674 0.163038 0.395349
0.482978 0.160183 0.617631
0.484457 0.161817 0.459491
0.516846 0.16494 0.573665
0.39632 0.155828 0.635054
0.509706 0.163401 0.438722
0.636928 0.155567 0.429132
0.408697 0.164554 0.435841
0.484947 0.163162 0.589689
0.400447 0.164385 0.521386
0.508184 0.163693 0.435801
0.39818 0.156552 0.509984
0.381441 0.156579 0.565309
0.634097 0.154211 0.37983
0.567241 0.157294 0.579396
0.361436 0.153837 0.513327
0.577704 0.15748 0.528915
0.412067 0.155726 0.610012
0.595145 0.156368 0.403332
0.45788 0.157423 0.561163
0.642174 0.15228 0.360974
0.359421 0.153169 0.461362
0.406093 0.156755 0.396537
0.526819 0.156655 0.408327
0.614588 0.155996 0.569697
0.463271 0.154581 0.62625
0.539461 0.156828 0.52011
0.490037 0.155719 0.606409
0.473036 0.1538 0.631176
0.385134 0.15655 0.379048
0.387765 0.15654 0.381647
0.507184 0.156224 0.594442
0.423342 0.153609 0.635162
0.565396 0.157591 0.547644
0.440089 0.157041 0.452517
0.463828 0.156251 0.532765
0.547937 0.156188 0.374705
0.374531 0.155401 0.504568
0.44629 0.156278 0.467835
0.486808 0.156037 0.60019
0.613304 0.154668 0.478009
0.425786 0.15487 0.625403
0.599821 0.156129 0.433813
0.50211 0.154855 0.621909
0.637668 0.153147 0.429321
0.513702 0.155696 0.504202
0.627211 0.154046 0.524983
0.393068 0.15 0.49149
0.538229 0.15 0.51274
0.573029 0.15 0.506743
0.613643 0.15 0.563425
0.368952 0.15 0.438891
0.565787 0.15 0.535977
0.439862 0.15 0.63374
0.638876 0.15 0.503035
0.402141 0.15 0.489064
0.548465 0.15 0.541113
0.406728 0.15 0.360895
0.550278 0.15 0.561713
0.63309 0.15 0.41874
0.561887 0.15 0.583705
0.359714 0.15 0.471769
0.571784 0.15 0.443744
0.520348 0.15 0.437728
0.620043 0.15 0.491691
0.605211 0.15 0.376514
0.585069 0.15 0.467823
0.416845 0.15 0.360327
0.460819 0.15 0.508794
0.539804 0.15 0.602116
0.458777 0.15 0.579154
0.633502 0.15 0.614385
0.419106 0.15 0.47534
0.507759 0.15 0.52011
0.565394 0.15 0.599022
0.390358 0.15 0.587715
0.387263 0.15 0.546634
0.545883 0.15 0.611867
0.385432 0.15 0.511962
0.55535 0.15 0.612142
0.463227 0.15 0.448807
0.515981 0.15 0.571262
0.599361 0.15 0.490336
