1872 0.012625
0.373265 0.242548 0.374577
0.422902 0.216283 0.326938
0.457679 0.196523 0.30992
0.498113 0.191818 0.309643
0.532688 0.192313 0.317941
0.570525 0.20808 0.337797
0.329766 0.210827 0.417903
0.349644 0.290057 0.351487
0.441007 0.292291 0.311444
0.498836 0.285572 0.301767
0.569829 0.291287 0.319555
0.641352 0.2628 0.363698
0.328135 0.195818 0.46115
0.308464 0.289676 0.437642
0.432488 0.367337 0.428819
0.500269 0.364971 0.423716
0.584443 0.365376 0.434986
0.688292 0.263941 0.441501
0.317102 0.196769 0.49514
0.304537 0.284316 0.503654
0.434686 0.366532 0.500348
0.504781 0.363266 0.499571
0.586482 0.360734 0.499828
0.695172 0.251427 0.50426
0.324808 0.200428 0.533243
0.321218 0.285392 0.576907
0.43411 0.357277 0.592414
0.497654 0.356165 0.592946
0.577288 0.359112 0.580607
0.683479 0.24837 0.559485
0.350254 0.236796 0.572229
0.364766 0.233914 0.633522
0.438092 0.253113 0.67707
0.499735 0.251426 0.689982
0.556433 0.271477 0.683314
0.636765 0.26162 0.625675
0.349785 0.24512 0.353382
0.349282 0.230465 0.577549
0.29302 0.260339 0.508906
0.5778 0.361918 0.493205
0.448882 0.327689 0.649363
0.544956 0.196552 0.30446
0.337584 0.210463 0.591591
0.359382 0.233753 0.589328
0.666264 0.193726 0.481468
0.47023 0.192357 0.286354
0.617773 0.241777 0.615895
0.643812 0.272225 0.627355
0.50843 0.304747 0.67495
0.49751 0.364564 0.531812
0.598889 0.358762 0.468958
0.666323 0.1984 0.46658
0.305205 0.208327 0.54828
0.388049 0.232039 0.355654
0.53317 0.233646 0.685574
0.353985 0.223726 0.623512
0.352242 0.264159 0.637325
0.422197 0.356199 0.596155
0.314453 0.20689 0.557354
0.522866 0.350892 0.607519
0.398022 0.230644 0.633538
0.678023 0.205283 0.566035
0.528674 0.360468 0.541173
0.440636 0.268276 0.678568
0.664744 0.234376 0.597747
0.460062 0.365392 0.500271
0.481698 0.208364 0.686342
0.676078 0.225206 0.578133
0.567879 0.362743 0.476607
0.659329 0.213531 0.580198
0.513915 0.241249 0.688027
0.319384 0.210897 0.414311
0.332649 0.219482 0.595693
0.297079 0.2484 0.428051
0.641021 0.29688 0.622476
0.684974 0.26014 0.42965
0.455861 0.36535 0.434531
0.543387 0.197497 0.302528
0.47351 0.253138 0.690801
0.466931 0.198734 0.678652
0.556197 0.360772 0.523001
0.515576 0.362577 0.498327
0.545191 0.201655 0.667866
0.614258 0.320398 0.361968
0.476329 0.361456 0.471979
0.68744 0.277458 0.530155
0.401039 0.355498 0.580656
0.324147 0.293779 0.569725
0.681362 0.224528 0.407199
0.398044 0.223717 0.643305
0.640987 0.314854 0.606743
0.471377 0.362392 0.449941
0.352128 0.234553 0.624475
0.506195 0.362008 0.472358
0.338102 0.285457 0.619009
0.634484 0.319894 0.385914
0.45559 0.3657 0.42185
0.315713 0.198838 0.526067
0.660508 0.27386 0.610692
0.361966 0.221198 0.608186
0.534787 0.205112 0.662327
0.688174 0.206565 0.46342
0.664474 0.267615 0.39132
0.527005 0.294121 0.681081
0.434881 0.301946 0.664256
0.312167 0.205604 0.552531
0.452794 0.313734 0.662296
0.642018 0.259069 0.620117
0.284178 0.219058 0.458308
0.285105 0.229242 0.458365
0.414044 0.224998 0.308907
0.69261 0.229784 0.443
0.692872 0.212267 0.43507
0.533189 0.206027 0.295785
0.692926 0.244788 0.454125
0.672499 0.248876 0.589079
0.545013 0.327626 0.645874
0.289455 0.257301 0.462112
0.508318 0.266755 0.292943
0.673369 0.296859 0.533844
0.438741 0.277178 0.303249
0.65464 0.217678 0.368989
0.569568 0.361587 0.499865
0.339002 0.262333 0.62803
0.523997 0.257805 0.689112
0.285801 0.23324 0.49653
0.476453 0.363645 0.409759
0.674421 0.198899 0.476766
0.695508 0.225251 0.497284
0.520729 0.36018 0.554363
0.51172 0.363247 0.449668
0.647072 0.3332 0.467315
0.435803 0.214033 0.672606
0.368361 0.236472 0.368723
0.565286 0.336119 0.346961
0.553607 0.359036 0.389769
0.483809 0.245317 0.690377
0.459595 0.28224 0.301716
0.524909 0.361892 0.499673
0.634301 0.226486 0.367146
0.408712 0.218857 0.32209
0.69405 0.217109 0.448947
0.6291 0.223854 0.35955
0.429629 0.367035 0.454381
0.404768 0.241509 0.631463
0.28295 0.22828 0.485464
0.603562 0.357461 0.461169
0.686815 0.206464 0.453877
0.486861 0.327937 0.331873
0.520722 0.216388 0.290978
0.426842 0.214946 0.666424
0.406069 0.362514 0.534529
0.529491 0.209935 0.678862
0.650139 0.321732 0.411561
0.445142 0.366299 0.428862
0.575025 0.208633 0.665879
0.39013 0.243773 0.655798
0.303143 0.233448 0.549759
0.666731 0.201089 0.46165
0.374931 0.239225 0.641983
0.364853 0.347437 0.494701
0.372956 0.231112 0.357216
0.381288 0.224497 0.634527
0.501422 0.3617 0.476511
0.540082 0.298064 0.314625
0.527157 0.293899 0.680716
0.588272 0.208593 0.331249
0.626626 0.343928 0.51876
0.36626 0.347972 0.491245
0.310135 0.19156 0.480905
0.492033 0.349698 0.611759
0.320779 0.277746 0.591264
0.361264 0.332431 0.59659
0.579645 0.21809 0.658406
0.378366 0.290692 0.646777
0.4623 0.357038 0.385121
0.668391 0.201914 0.45834
0.555995 0.209679 0.651064
0.524835 0.364075 0.410144
0.575481 0.210667 0.663892
0.299612 0.251741 0.539317
0.291853 0.243451 0.514962
0.320086 0.265068 0.601334
0.670504 0.201394 0.462995
0.326588 0.214284 0.411946
0.505931 0.222084 0.288057
0.646633 0.331783 0.489628
0.657428 0.32304 0.463442
0.542865 0.249321 0.299457
0.454736 0.304897 0.317849
0.321116 0.303836 0.514375
0.681192 0.266178 0.4238
0.302359 0.270176 0.534164
0.391229 0.30297 0.332022
0.448593 0.307272 0.319837
0.408377 0.220848 0.651956
0.658886 0.21794 0.379501
0.308053 0.199629 0.523938
0.693722 0.26171 0.504195
0.3077 0.194522 0.489563
0.433586 0.249211 0.673958
0.525594 0.208739 0.665903
0.326528 0.288844 0.59257
0.59191 0.352503 0.596181
0.413783 0.220628 0.312088
0.351203 0.226435 0.589369
0.440372 0.281252 0.305584
0.563304 0.232973 0.308529
0.299454 0.197674 0.512396
0.41032 0.316673 0.647706
0.637605 0.222069 0.363416
0.692689 0.264209 0.51557
0.687525 0.25533 0.543507
0.562632 0.359021 0.560691
0.314126 0.283761 0.546473
0.397142 0.361022 0.499583
0.314269 0.258146 0.387907
0.302252 0.24828 0.545825
0.525719 0.199314 0.301256
0.313913 0.194757 0.466533
0.51681 0.237831 0.291364
0.48959 0.228307 0.286361
0.415025 0.220037 0.325367
0.351451 0.315182 0.369732
0.555602 0.362038 0.401069
0.648818 0.222096 0.379946
0.327003 0.209076 0.556347
0.687125 0.223147 0.546514
0.312163 0.200383 0.442973
0.459821 0.346108 0.620354
0.54998 0.198793 0.310971
0.419423 0.214879 0.311487
0.540292 0.318148 0.657636
0.668012 0.211753 0.4003
0.502479 0.228465 0.288387
0.530863 0.360469 0.501359
0.296699 0.198955 0.508656
0.565457 0.280407 0.314238
0.501107 0.363545 0.433577
0.558436 0.27173 0.681832
0.313726 0.277498 0.559956
0.302226 0.214241 0.425976
0.324313 0.29914 0.549887
0.346859 0.335742 0.498747
0.695001 0.264454 0.472563
0.672959 0.299362 0.520504
0.593029 0.362649 0.430651
0.35966 0.269158 0.641747
0.53917 0.219748 0.682122
0.499802 0.358391 0.386479
0.570814 0.234862 0.677079
0.574488 0.208507 0.315356
0.355358 0.220332 0.616314
0.40482 0.237295 0.321182
0.368132 0.342572 0.394378
0.369633 0.317595 0.355452
0.520265 0.338634 0.630439
0.48678 0.230282 0.28671
0.501288 0.197988 0.29602
0.517823 0.355536 0.375837
0.360215 0.342919 0.469148
0.290211 0.236256 0.508754
0.620609 0.343788 0.572305
0.586343 0.220875 0.321812
0.617379 0.234664 0.636011
0.595024 0.351221 0.596207
0.425181 0.358524 0.387405
0.459131 0.364403 0.422002
0.486442 0.363644 0.421199
0.355863 0.235402 0.36198
0.532152 0.208258 0.676537
0.593697 0.215925 0.329426
0.672211 0.20056 0.513582
0.600755 0.239604 0.657184
0.569109 0.363536 0.454591
0.694547 0.24846 0.472981
0.474708 0.193968 0.302925
0.353802 0.285701 0.34786
0.467395 0.27057 0.686603
0.675149 0.197837 0.515887
0.548491 0.358816 0.528783
0.401694 0.361986 0.469445
0.305787 0.231527 0.552008
0.665346 0.218157 0.591544
0.44369 0.338778 0.346673
0.52629 0.270564 0.296519
0.522223 0.316027 0.663401
0.530394 0.34866 0.609
0.286264 0.235738 0.488928
0.366203 0.298573 0.346428
0.614144 0.348716 0.531418
0.392991 0.334479 0.355058
0.309483 0.247868 0.560456
0.470869 0.23639 0.287499
0.682229 0.199463 0.521204
0.650721 0.224009 0.385304
0.391298 0.356002 0.547091
0.628936 0.344438 0.472592
0.51368 0.247304 0.686998
0.693766 0.258174 0.479575
0.680312 0.262222 0.560809
0.666107 0.268234 0.396707
0.559495 0.257048 0.308362
0.466818 0.360312 0.467394
0.403144 0.235163 0.640699
0.672453 0.198904 0.5267
0.432697 0.36488 0.508145
0.459677 0.218213 0.287005
0.613545 0.338095 0.382763
0.63524 0.230986 0.348076
0.630834 0.226495 0.361083
0.691836 0.251035 0.521179
0.442907 0.363276 0.542489
0.3209 0.299505 0.525136
0.385161 0.345433 0.381193
0.50485 0.2097 0.669667
0.465952 0.360783 0.471026
0.625264 0.301573 0.367524
0.579021 0.21862 0.670711
0.446822 0.215317 0.290623
0.314668 0.294133 0.5065
0.473764 0.281525 0.684823
0.408974 0.225553 0.324678
0.302341 0.219566 0.42517
0.343541 0.263461 0.353395
0.399516 0.356486 0.559776
0.436547 0.273162 0.674544
0.485125 0.197785 0.295838
0.302614 0.258995 0.419171
0.468633 0.241189 0.2896
0.413128 0.361001 0.545411
0.449477 0.280296 0.304514
0.676781 0.218999 0.567978
0.620969 0.267333 0.64176
0.377391 0.27482 0.650613
0.596533 0.268317 0.66904
0.626436 0.345863 0.448487
0.329618 0.304135 0.389762
0.389278 0.356835 0.44741
0.527063 0.344966 0.616054
0.670085 0.201271 0.504632
0.292871 0.228872 0.517556
0.48347 0.361694 0.437704
0.57148 0.357959 0.557799
0.574462 0.362101 0.405359
0.35008 0.221039 0.605733
0.390642 0.237605 0.337346
0.3318 0.229559 0.39625
0.521857 0.212494 0.667953
0.371048 0.348523 0.480627
0.506017 0.358952 0.469809
0.424917 0.223285 0.303034
0.328195 0.308054 0.536571
0.435108 0.235855 0.299604
0.349771 0.324804 0.3841
0.336116 0.245142 0.375318
0.645537 0.258293 0.613558
0.500487 0.358748 0.55962
0.647025 0.229184 0.601263
0.614547 0.247004 0.640812
0.383026 0.241299 0.343527
0.691684 0.267721 0.483619
0.304644 0.263556 0.410884
0.518626 0.214902 0.670979
0.414081 0.226686 0.323714
0.450911 0.26896 0.299961
0.462261 0.355877 0.583956
0.495334 0.360052 0.499053
0.636652 0.337234 0.491302
0.502305 0.359096 0.48706
0.477626 0.360471 0.493588
0.354307 0.33844 0.472496
0.291737 0.198778 0.468044
0.684871 0.212195 0.433533
0.664456 0.222105 0.588261
0.587102 0.358567 0.483197
0.391168 0.239596 0.626809
0.519414 0.221237 0.294514
0.325045 0.311717 0.452987
0.445232 0.211361 0.67199
0.451126 0.363209 0.495399
0.327988 0.315501 0.46661
0.31513 0.208801 0.429208
0.296152 0.242669 0.522754
0.345067 0.318485 0.383409
0.64462 0.274209 0.62186
0.673209 0.202879 0.492469
0.568564 0.359032 0.498619
0.69108 0.245064 0.511185
0.508458 0.362484 0.415914
0.540441 0.309264 0.323324
0.427557 0.365502 0.456809
0.336265 0.222528 0.579831
0.679686 0.222031 0.560169
0.662735 0.22105 0.403561
0.630974 0.294448 0.630829
0.312981 0.255347 0.564922
0.688962 0.26715 0.50986
0.531499 0.356058 0.532088
0.525893 0.213895 0.663759
0.542103 0.210393 0.662572
0.430715 0.296824 0.318821
0.65185 0.281648 0.387131
0.688481 0.219486 0.446657
0.625386 0.340114 0.559293
0.291866 0.242809 0.455019
0.378468 0.343867 0.584529
0.405174 0.311711 0.646087
0.654477 0.225644 0.383583
0.342666 0.232533 0.605901
0.412397 0.355855 0.582026
0.590229 0.356478 0.516549
0.669282 0.299248 0.529263
0.509294 0.357478 0.551672
0.59678 0.23747 0.65054
0.584487 0.231666 0.654988
0.319903 0.251167 0.389785
0.387566 0.35535 0.534557
0.449045 0.236989 0.678008
0.320329 0.230603 0.568788
0.346286 0.235175 0.61144
0.657315 0.277176 0.391346
0.57623 0.218678 0.667086
0.392391 0.240159 0.649615
0.561221 0.360892 0.460177
0.655861 0.225253 0.389287
0.431041 0.364766 0.479067
0.627224 0.339173 0.549079
0.614369 0.231298 0.338655
0.660374 0.315199 0.452529
0.535993 0.35784 0.470887
0.365889 0.34555 0.440675
0.305416 0.265344 0.41733
0.684745 0.267486 0.533336
0.366057 0.246151 0.599394
0.533512 0.215848 0.657716
0.40242 0.252587 0.659102
0.399397 0.318801 0.33844
0.381364 0.312149 0.6329
0.461011 0.270445 0.299574
0.585107 0.28164 0.667523
0.613672 0.344025 0.396183
0.364247 0.232772 0.612949
0.446723 0.278639 0.306112
0.64854 0.267484 0.611268
0.37705 0.350539 0.437365
0.565314 0.357504 0.503026
0.59128 0.354939 0.555167
0.480186 0.327516 0.335337
0.49092 0.297623 0.314184
0.535511 0.355453 0.518533
0.477883 0.202573 0.304515
0.613642 0.272785 0.651244
0.411709 0.325274 0.63919
0.582798 0.356979 0.513889
0.350808 0.233446 0.59528
0.291962 0.204858 0.465024
0.684881 0.245363 0.539767
0.564552 0.359563 0.465711
0.628032 0.343664 0.435662
0.474926 0.345138 0.36075
0.482934 0.218193 0.685571
0.324692 0.218984 0.558025
0.375077 0.237869 0.628386
0.608558 0.353479 0.453613
0.523704 0.203457 0.314621
0.330847 0.289694 0.596106
0.565952 0.241982 0.676053
0.386761 0.241001 0.630708
0.623411 0.232659 0.346088
0.557602 0.287118 0.317817
0.648642 0.270934 0.611267
0.375235 0.350114 0.507493
0.394271 0.321456 0.343642
0.537516 0.315705 0.656416
0.603783 0.322311 0.356353
0.46206 0.206792 0.672686
0.672564 0.27552 0.567499
0.62075 0.285655 0.641649
0.378115 0.352007 0.524719
0.661794 0.311356 0.499568
0.523529 0.360286 0.432257
0.379736 0.318809 0.626322
0.596022 0.243416 0.654603
0.408803 0.315338 0.643889
0.51668 0.248341 0.297209
0.612956 0.35029 0.463848
0.590358 0.355153 0.518054
0.574394 0.249161 0.673259
0.500075 0.357543 0.5076
0.686411 0.262501 0.523943
0.345249 0.330253 0.470937
0.428839 0.324657 0.643734
0.678067 0.208363 0.503288
0.688199 0.225483 0.522138
0.491811 0.357395 0.454653
0.331025 0.316473 0.467749
0.666557 0.218641 0.566857
0.480188 0.205841 0.293502
0.587056 0.23686 0.66187
0.462595 0.350979 0.59702
0.564346 0.279488 0.673894
0.304548 0.212803 0.52057
0.52081 0.355788 0.514657
0.303208 0.262883 0.51617
0.64863 0.253617 0.381212
0.297894 0.263149 0.486586
0.655424 0.254653 0.598404
0.679046 0.28745 0.49058
0.367317 0.318083 0.36362
0.297983 0.214192 0.451051
0.420923 0.237186 0.320745
0.459794 0.290716 0.312947
0.482934 0.358022 0.541682
0.523804 0.210549 0.307955
0.427241 0.251424 0.665342
0.564492 0.337316 0.354587
0.567597 0.270484 0.674939
0.54664 0.353484 0.536822
0.59343 0.229168 0.33586
0.671 0.211563 0.480075
0.500963 0.35492 0.564347
0.474953 0.199197 0.672408
0.366125 0.345094 0.532384
0.492809 0.357914 0.531375
0.506589 0.350114 0.596785
0.340377 0.313805 0.389358
0.354585 0.338163 0.523008
0.382715 0.352039 0.440859
0.635369 0.245728 0.610193
0.554518 0.213009 0.316454
0.340261 0.242547 0.571258
0.317783 0.212483 0.443605
0.480069 0.359534 0.530603
0.312802 0.286484 0.435401
0.401768 0.329461 0.347671
0.415631 0.239214 0.657418
0.526192 0.354214 0.498176
0.524785 0.265842 0.684224
0.339644 0.25172 0.377718
0.363959 0.24421 0.615654
0.483771 0.244036 0.684029
0.481507 0.358072 0.531994
0.331002 0.230641 0.557916
0.418442 0.358558 0.398969
0.366275 0.31888 0.366797
0.579011 0.293729 0.660278
0.684927 0.253672 0.515611
0.339586 0.303387 0.593316
0.501011 0.359025 0.419858
0.673648 0.213175 0.497384
0.591659 0.285562 0.328972
0.30503 0.263242 0.518283
0.455654 0.359572 0.448957
0.673423 0.244118 0.412882
0.673511 0.214905 0.541519
0.466111 0.324898 0.336448
0.305623 0.230804 0.53395
0.491758 0.354612 0.460042
0.455353 0.264817 0.67744
0.48552 0.239729 0.295131
0.533907 0.242411 0.303208
0.608126 0.337361 0.609748
0.424253 0.292326 0.659054
0.595876 0.233043 0.338089
0.503794 0.256913 0.683217
0.450394 0.356999 0.55592
0.641219 0.276523 0.616783
0.68379 0.244538 0.455371
0.429233 0.235783 0.316544
0.574551 0.234844 0.658959
0.322914 0.284089 0.389637
0.528311 0.352487 0.54927
0.380932 0.245647 0.621388
0.342592 0.247371 0.575949
0.484079 0.353304 0.469011
0.301025 0.261053 0.492944
0.486834 0.210576 0.675138
0.62212 0.264852 0.623479
0.333355 0.240456 0.579057
0.648171 0.291385 0.393794
0.341554 0.306873 0.383848
0.311349 0.285295 0.463372
0.429255 0.362282 0.45048
0.386242 0.260323 0.641114
0.327172 0.293413 0.392982
0.65637 0.304962 0.559577
0.67059 0.296203 0.497624
0.314338 0.217858 0.439918
0.504612 0.241831 0.681194
0.438765 0.247534 0.307638
0.666443 0.227868 0.564442
0.351158 0.243147 0.601111
0.326015 0.229041 0.418133
0.406646 0.256473 0.643778
0.624604 0.265206 0.621489
0.340414 0.272089 0.61863
0.564113 0.355131 0.393645
0.292001 0.219889 0.469228
0.44268 0.229716 0.663823
0.680294 0.267884 0.531187
0.508355 0.356086 0.398289
0.40413 0.273373 0.322499
0.468809 0.340401 0.3584
0.571466 0.339913 0.362399
0.554034 0.309963 0.654487
0.517169 0.350378 0.375989
0.512234 0.351982 0.481531
0.472055 0.219452 0.683793
0.677163 0.215277 0.51637
0.527755 0.257498 0.302554
0.595843 0.253025 0.642626
0.302482 0.263472 0.487432
0.323655 0.268473 0.386439
0.661464 0.294087 0.41876
0.447702 0.358106 0.497755
0.447517 0.354534 0.563245
0.333938 0.299925 0.390216
0.384438 0.26287 0.6378
0.45134 0.226457 0.672599
0.556228 0.351088 0.529619
0.414146 0.361084 0.451354
0.613386 0.270396 0.346548
0.372494 0.304568 0.353485
0.446744 0.355195 0.395189
0.495465 0.350822 0.46685
0.396163 0.260475 0.646156
0.382965 0.342045 0.585415
0.450958 0.330539 0.344951
0.526767 0.226974 0.306854
0.443389 0.348543 0.375648
0.433954 0.347005 0.60578
0.304391 0.257763 0.443613
0.676209 0.223862 0.473579
0.567615 0.236638 0.668978
0.515173 0.276971 0.679971
0.606772 0.346791 0.556163
0.378675 0.300862 0.34652
0.355035 0.249128 0.602264
0.303765 0.220232 0.458875
0.455014 0.356829 0.47826
0.649313 0.242724 0.388891
0.557309 0.348924 0.379105
0.302516 0.251521 0.507301
0.485518 0.236609 0.681768
0.51538 0.283283 0.677585
0.603789 0.272352 0.647965
0.39256 0.256881 0.6368
0.355464 0.292363 0.361435
0.339047 0.311799 0.545511
0.497099 0.350316 0.496943
0.510131 0.35546 0.427152
0.452054 0.354582 0.397799
0.329514 0.294577 0.394814
0.507033 0.239825 0.678048
0.536309 0.223535 0.316731
0.40294 0.346821 0.59242
0.464211 0.298676 0.666144
0.508668 0.234476 0.303895
0.306957 0.251773 0.519405
0.412371 0.2651 0.657547
0.658016 0.312994 0.476319
0.622079 0.303282 0.373448
0.487335 0.212368 0.666712
0.349986 0.299278 0.609949
0.542763 0.230269 0.669145
0.490739 0.244575 0.301506
0.535301 0.354506 0.397601
0.300343 0.230047 0.46044
0.356138 0.307494 0.372021
0.600725 0.261053 0.634636
0.6304 0.336141 0.477693
0.628411 0.247763 0.37086
0.444241 0.241695 0.313605
0.455633 0.235787 0.307719
0.640584 0.329065 0.476787
0.32554 0.290594 0.534945
0.502204 0.222569 0.66815
0.30495 0.239698 0.5173
0.665392 0.29649 0.51702
0.341661 0.315096 0.397432
0.541642 0.350733 0.570211
0.562616 0.331788 0.628272
0.677464 0.222294 0.520753
0.335209 0.265755 0.599102
0.42978 0.290878 0.322875
0.328943 0.269742 0.584245
0.574353 0.313919 0.338841
0.460757 0.256772 0.675427
0.325826 0.288788 0.398932
0.600745 0.271815 0.642004
0.346814 0.270794 0.366908
0.644828 0.279186 0.603091
0.501016 0.346177 0.375155
0.428947 0.255022 0.65652
0.611913 0.26477 0.612959
0.327213 0.289079 0.541361
0.298378 0.243272 0.476378
0.477725 0.347655 0.472111
0.541512 0.356644 0.415136
0.304927 0.23871 0.452047
0.592508 0.28658 0.653999
0.519204 0.250238 0.676204
0.636751 0.2926 0.609713
0.663744 0.223262 0.476568
0.44783 0.260657 0.670269
0.398996 0.269657 0.627375
0.588399 0.262926 0.640683
0.385972 0.349573 0.474392
0.457326 0.255007 0.674199
0.51792 0.336906 0.356506
0.498676 0.348319 0.496704
0.663346 0.27144 0.573853
0.354319 0.261646 0.59792
0.487487 0.258841 0.678998
0.50308 0.349159 0.539332
0.675958 0.273898 0.513443
0.575393 0.350837 0.506556
0.50415 0.349355 0.55097
0.623733 0.334304 0.399149
0.314197 0.279478 0.461727
0.411477 0.33621 0.361947
0.514407 0.242986 0.307883
0.601839 0.320099 0.360699
0.640025 0.2873 0.604589
0.316473 0.251801 0.419113
0.441271 0.355457 0.492911
0.498738 0.258767 0.676597
0.603677 0.257707 0.35092
0.359133 0.304488 0.3715
0.319949 0.266627 0.403742
0.30741 0.240359 0.45619
0.308381 0.23951 0.454208
0.409388 0.272806 0.653147
0.624533 0.340888 0.422097
0.546309 0.349627 0.462072
0.546911 0.241241 0.666583
0.62627 0.335858 0.480835
0.416541 0.356272 0.50199
0.47546 0.274797 0.67685
0.558536 0.266547 0.319609
0.467209 0.274339 0.311314
0.468953 0.349645 0.559259
0.639115 0.277506 0.388914
0.424188 0.265512 0.32694
0.459878 0.354632 0.430591
0.465548 0.349407 0.566627
0.365494 0.273018 0.599922
0.579995 0.34888 0.533933
0.500518 0.348137 0.553522
0.372748 0.317488 0.369461
0.635954 0.282813 0.608893
0.547166 0.300409 0.658413
0.516959 0.331397 0.35117
0.382678 0.268661 0.622618
0.379804 0.317711 0.61941
0.402587 0.273527 0.632758
0.40265 0.350935 0.403939
0.308685 0.246944 0.463989
0.621729 0.312734 0.382789
0.482093 0.321094 0.643601
0.32109 0.240785 0.435333
0.558799 0.257191 0.323661
0.666457 0.254894 0.553518
0.661954 0.269717 0.416193
0.555464 0.255181 0.322771
0.673719 0.251939 0.474138
0.327388 0.266952 0.556934
0.61303 0.262941 0.359966
0.465558 0.348592 0.492876
0.367549 0.300194 0.363209
0.548604 0.344783 0.490305
0.470746 0.34921 0.535285
0.536338 0.2442 0.661882
0.638358 0.261137 0.390196
0.638245 0.276369 0.600277
0.476612 0.323821 0.640391
0.470615 0.350345 0.405557
0.606031 0.348779 0.448572
0.668011 0.277392 0.442844
0.335275 0.302387 0.522768
0.460482 0.340433 0.607774
0.414057 0.323595 0.347369
0.520031 0.350661 0.429283
0.502668 0.343265 0.491034
0.666705 0.232659 0.486869
0.673542 0.2614 0.482711
0.455177 0.297393 0.326407
0.498123 0.298306 0.325615
0.475303 0.286627 0.670751
0.566548 0.34697 0.384795
0.606911 0.346643 0.459822
0.337895 0.301983 0.525807
0.401644 0.35311 0.442747
0.495329 0.34527 0.570515
0.637124 0.306687 0.400618
0.662391 0.24593 0.545065
0.667338 0.250854 0.436565
0.359734 0.329752 0.527235
0.47259 0.3456 0.509142
0.669362 0.245968 0.476492
0.461769 0.250515 0.671457
0.602494 0.341914 0.519247
0.387201 0.284703 0.344441
0.630025 0.322372 0.58185
0.501476 0.240663 0.316194
0.493544 0.234477 0.671097
0.550618 0.342481 0.519542
0.320443 0.274569 0.416706
0.549958 0.342511 0.511586
0.551343 0.346507 0.562746
0.498012 0.255999 0.672103
0.34779 0.319506 0.482144
0.4907 0.34089 0.482831
0.390857 0.275673 0.616092
0.670381 0.270992 0.483585
0.33164 0.281027 0.393893
0.473672 0.313212 0.338888
0.327066 0.282836 0.52263
0.335845 0.285126 0.563989
0.423536 0.357097 0.445365
0.475047 0.34437 0.386135
0.524391 0.344728 0.57384
0.610677 0.343175 0.462794
0.450732 0.350899 0.468332
0.427413 0.353976 0.49511
0.421825 0.353873 0.500325
0.392962 0.292508 0.63534
0.344796 0.310593 0.504595
0.608756 0.321138 0.37702
0.432173 0.324036 0.350418
0.643488 0.268402 0.406758
0.317907 0.268447 0.482506
0.663431 0.276889 0.440937
0.421896 0.348593 0.550071
0.503927 0.276824 0.667874
0.587437 0.333621 0.371043
0.323232 0.269106 0.502271
0.66366 0.271914 0.43727
0.538827 0.338907 0.537523
0.367916 0.304173 0.610936
0.462215 0.266415 0.317095
0.345104 0.314311 0.473204
0.608763 0.344269 0.453381
0.363672 0.327041 0.54773
0.392414 0.292302 0.344805
0.472218 0.34369 0.577582
0.366697 0.328505 0.398834
0.656015 0.292021 0.533809
0.512364 0.246181 0.319815
0.6447 0.272208 0.404969
0.632662 0.288067 0.601138
0.546846 0.339819 0.475809
0.663612 0.23947 0.497322
0.516312 0.340877 0.545829
0.500695 0.326028 0.353779
0.665313 0.249452 0.448087
0.550915 0.340782 0.487653
0.327445 0.265107 0.523717
0.327367 0.26634 0.521568
0.504802 0.342104 0.452781
0.56449 0.342618 0.513008
0.416203 0.346366 0.583514
0.346758 0.289354 0.591707
0.372896 0.292842 0.610349
0.45557 0.292181 0.656073
0.525317 0.34514 0.401964
0.383963 0.283219 0.354473
0.514227 0.345699 0.414142
0.659981 0.282117 0.444483
0.647874 0.276236 0.413294
0.381521 0.340457 0.471562
0.516253 0.341544 0.575753
0.327424 0.285323 0.429815
0.406439 0.342981 0.583322
0.360092 0.289577 0.597868
0.53595 0.326807 0.35734
0.65969 0.238712 0.508383
0.484099 0.260522 0.318677
0.579258 0.280682 0.645486
0.53452 0.332887 0.479329
0.536094 0.263416 0.323021
0.492378 0.311159 0.3418
0.447117 0.346804 0.49603
0.62255 0.317955 0.395229
0.55894 0.341858 0.469771
0.512344 0.339112 0.547165
0.334087 0.27303 0.406304
0.436707 0.317423 0.346629
0.508311 0.332899 0.478476
0.36912 0.330521 0.404969
0.46255 0.336726 0.376269
0.660415 0.288564 0.46734
0.48061 0.260506 0.669401
0.568887 0.350599 0.445995
0.652425 0.293695 0.532757
0.588055 0.287211 0.345761
0.425685 0.27971 0.648406
0.568563 0.342896 0.544052
0.499141 0.302288 0.334462
0.359868 0.320696 0.485563
0.462824 0.251277 0.664845
0.34123 0.29473 0.505379
0.396676 0.29161 0.348451
0.339488 0.299508 0.410999
0.647346 0.305719 0.451626
0.469423 0.340508 0.575677
0.544239 0.346689 0.404889
0.5133 0.28305 0.656983
0.557228 0.33676 0.378191
0.390569 0.288472 0.615181
0.354123 0.311585 0.402052
0.505235 0.29197 0.654844
0.388188 0.301069 0.357956
0.581445 0.305934 0.631654
0.59533 0.301944 0.357531
0.448757 0.295425 0.33337
0.543769 0.333098 0.520279
0.370799 0.324347 0.562198
0.652581 0.291028 0.500349
0.509436 0.295915 0.65204
0.582237 0.339407 0.51314
0.65278 0.296084 0.456365
0.326445 0.264542 0.449478
0.386781 0.336178 0.5574
0.503569 0.296086 0.652771
0.339021 0.28005 0.536823
0.660515 0.263813 0.519443
0.541493 0.344104 0.396106
0.64411 0.299195 0.545235
0.482134 0.335641 0.517395
0.432225 0.302482 0.640185
0.55518 0.346108 0.4461
0.35054 0.306775 0.527581
0.450069 0.272424 0.658789
0.659845 0.246124 0.531807
0.374045 0.30803 0.381627
0.485718 0.325407 0.475792
0.543666 0.320508 0.624219
0.455015 0.30131 0.644049
0.371382 0.303318 0.595321
0.64065 0.310976 0.454174
0.582688 0.341733 0.561283
0.330601 0.267545 0.45137
0.429204 0.285269 0.339098
0.632675 0.312472 0.515861
0.580998 0.31095 0.625212
0.344441 0.292739 0.517004
0.486419 0.329717 0.504548
0.482937 0.299602 0.339737
0.474626 0.320631 0.360959
0.327917 0.272419 0.459563
0.372227 0.324451 0.533746
0.573467 0.336333 0.495062
0.445764 0.340946 0.509329
0.388847 0.299869 0.361177
0.498532 0.283576 0.655674
0.656126 0.274197 0.464537
0.328371 0.267704 0.45865
0.397596 0.312773 0.615301
0.490213 0.283143 0.32902
0.528607 0.335182 0.595057
0.427603 0.315161 0.627448
0.544388 0.336315 0.552391
0.483346 0.329792 0.463166
0.485199 0.331103 0.51533
0.58569 0.305741 0.626061
0.615998 0.279759 0.596758
0.471484 0.336429 0.534455
0.377486 0.330293 0.48825
0.373403 0.308618 0.595796
0.630762 0.322741 0.457955
0.373734 0.318136 0.5605
0.486704 0.323709 0.494761
0.385414 0.312115 0.378503
0.470439 0.2824 0.656246
0.533283 0.329688 0.60545
0.619593 0.328775 0.4579
0.383788 0.335326 0.426914
0.486909 0.314654 0.35771
0.397336 0.334382 0.392757
0.486221 0.323354 0.492393
0.524661 0.288177 0.332565
0.403122 0.28226 0.611741
0.44907 0.343363 0.411592
0.531979 0.325099 0.53231
0.552093 0.27618 0.643374
0.334016 0.280205 0.47793
0.625279 0.324745 0.452109
0.534159 0.28727 0.33338
0.637492 0.284847 0.417351
0.539765 0.316857 0.356173
0.41479 0.340572 0.514275
0.651292 0.252895 0.499523
0.467722 0.242879 0.658659
0.420324 0.290134 0.347318
0.484208 0.331063 0.53815
0.534148 0.326375 0.37116
0.356749 0.313954 0.452616
0.410175 0.308092 0.353233
0.396226 0.339974 0.407713
0.64815 0.286493 0.47235
0.505773 0.327342 0.37631
0.468559 0.333053 0.388931
0.415539 0.30769 0.624576
0.347354 0.284111 0.411905
0.554354 0.323169 0.363559
0.446222 0.310175 0.631389
0.380286 0.322006 0.537635
0.647034 0.258161 0.46488
0.647947 0.266182 0.509307
0.499756 0.310443 0.627901
0.556421 0.326126 0.498896
0.578496 0.337771 0.460071
0.438618 0.341668 0.448429
0.52461 0.314806 0.484291
0.393288 0.283115 0.596071
0.374285 0.302101 0.389157
0.605472 0.330261 0.560618
0.524709 0.317493 0.506614
0.548282 0.335432 0.446431
0.479757 0.328199 0.539748
0.484413 0.315396 0.478974
0.377301 0.319117 0.400246
0.641369 0.287525 0.540731
0.394171 0.331231 0.510392
0.568641 0.33703 0.394472
0.462803 0.326221 0.472003
0.62982 0.302342 0.564896
0.38161 0.294308 0.378102
0.419767 0.329709 0.376892
0.426707 0.341572 0.478223
0.620776 0.282956 0.584379
0.405283 0.338416 0.495091
0.519093 0.318596 0.463108
0.530005 0.316855 0.501125
0.625683 0.316576 0.420896
0.378026 0.320608 0.513542
0.619406 0.296495 0.402626
0.543366 0.3212 0.486618
0.473432 0.29137 0.648242
0.4762 0.33241 0.397402
0.564938 0.335729 0.458652
0.393957 0.328969 0.566645
0.375627 0.322319 0.438339
0.640087 0.249778 0.480073
0.476143 0.280938 0.650056
0.510287 0.306917 0.622824
0.421912 0.338815 0.479935
0.549807 0.327632 0.458157
0.546862 0.301746 0.624176
0.344311 0.285362 0.451787
0.357869 0.295559 0.414624
0.540259 0.287238 0.34502
0.525507 0.276363 0.639212
0.521321 0.288602 0.633143
0.507451 0.277093 0.342834
0.511219 0.324895 0.389032
0.597035 0.335059 0.453917
0.381451 0.32638 0.434666
0.523668 0.320715 0.448581
0.382597 0.308405 0.392115
0.483411 0.328222 0.584859
0.63458 0.28662 0.487105
0.537836 0.313964 0.483803
0.375426 0.323164 0.425887
0.512898 0.312744 0.616935
0.430268 0.333016 0.515738
0.641253 0.2645 0.494738
0.428455 0.304874 0.623096
0.480569 0.295556 0.639671
0.411103 0.299333 0.613438
0.53552 0.292788 0.344804
0.51764 0.31186 0.46602
0.538689 0.31874 0.464946
0.367988 0.306203 0.54164
0.411039 0.324237 0.377734
0.450058 0.311976 0.621855
0.458584 0.327138 0.524017
0.541037 0.329289 0.444757
0.407546 0.308331 0.599761
0.637396 0.251091 0.493212
0.611543 0.324317 0.430115
0.519528 0.302905 0.617722
0.591855 0.321539 0.477523
0.53435 0.315521 0.457287
0.393559 0.324561 0.477632
0.492073 0.307412 0.366271
0.347657 0.284519 0.46079
0.464523 0.284197 0.641185
0.491069 0.314769 0.378678
0.538714 0.329799 0.42546
0.497289 0.323018 0.56559
0.555394 0.327497 0.555451
0.392545 0.310421 0.391247
0.39178 0.325376 0.461563
0.454397 0.274787 0.641024
0.368751 0.305277 0.5316
0.379728 0.318483 0.455767
0.485749 0.305174 0.488084
0.466071 0.31806 0.379712
0.399105 0.328484 0.472816
0.632137 0.280643 0.491875
0.423129 0.33249 0.558189
0.592328 0.310629 0.384055
0.416222 0.339424 0.445985
0.42594 0.339224 0.440207
0.544493 0.321041 0.457598
0.494523 0.274902 0.642481
0.356487 0.294164 0.430663
0.473987 0.320057 0.536261
0.494609 0.248702 0.646242
0.343866 0.278117 0.47865
0.393072 0.323595 0.491096
0.596605 0.303952 0.595039
0.406201 0.31581 0.593837
0.387915 0.315717 0.488539
0.635638 0.251426 0.506226
0.458641 0.315542 0.496367
0.528524 0.298869 0.615684
0.454711 0.324335 0.45102
0.521022 0.303357 0.460517
0.512374 0.248726 0.628624
0.600477 0.290788 0.588671
0.35228 0.283575 0.490137
0.619744 0.294216 0.562602
0.450709 0.325549 0.452444
0.56002 0.31544 0.521892
0.476324 0.299327 0.480848
0.615903 0.31296 0.449083
0.496244 0.24719 0.640612
0.398361 0.322322 0.483097
0.636693 0.256473 0.514276
0.356818 0.286169 0.4487
0.567798 0.300635 0.607728
0.634383 0.251667 0.498468
0.393947 0.309746 0.574394
0.423046 0.326873 0.517012
0.423958 0.318603 0.380515
0.429571 0.312341 0.606883
0.614589 0.307041 0.52521
0.439876 0.32768 0.558105
0.390476 0.311612 0.557915
0.427249 0.328922 0.560432
0.44866 0.327297 0.575241
0.496275 0.243441 0.639254
0.402681 0.291695 0.594608
0.617379 0.311599 0.436436
0.617176 0.302507 0.542513
0.366141 0.294971 0.43038
0.495222 0.319165 0.398788
0.5271 0.296907 0.472687
0.405006 0.30746 0.395316
0.633772 0.253681 0.519045
0.564619 0.319817 0.590126
0.537174 0.296743 0.610382
0.61505 0.306358 0.453794
0.50964 0.29379 0.466921
0.354583 0.275944 0.499087
0.478137 0.317352 0.577411
0.371402 0.295229 0.531357
0.515403 0.308268 0.550529
0.393195 0.31355 0.495033
0.542212 0.276301 0.618883
0.44812 0.316853 0.390108
0.375737 0.288209 0.547591
0.59185 0.319226 0.572146
0.404802 0.319963 0.504768
0.528465 0.31692 0.415637
0.621879 0.279327 0.553156
0.50378 0.29468 0.499998
0.503097 0.29556 0.50339
0.605014 0.305367 0.498169
0.447597 0.323642 0.580387
0.508758 0.31314 0.590174
0.432358 0.290953 0.367607
0.56946 0.331878 0.428978
0.439508 0.317264 0.388724
0.628239 0.285482 0.444969
0.565883 0.32646 0.406678
0.366587 0.294621 0.515469
0.621023 0.285007 0.550498
0.582434 0.333963 0.427154
0.452461 0.312208 0.483241
0.53243 0.257616 0.622015
0.601646 0.310291 0.568082
0.362337 0.290268 0.485564
0.417004 0.281829 0.604849
0.40238 0.311808 0.541624
0.623806 0.266611 0.533006
0.432762 0.317586 0.397489
0.545418 0.294371 0.604356
0.477946 0.313491 0.409237
0.49883 0.282493 0.473178
0.485595 0.297669 0.383449
0.609349 0.291025 0.508042
0.39644 0.29183 0.577416
0.406976 0.315217 0.512247
0.623796 0.264198 0.536068
0.582396 0.316373 0.464979
0.432059 0.311074 0.59496
0.403255 0.317717 0.452495
0.417793 0.31935 0.528406
0.411261 0.317865 0.529424
0.462191 0.293882 0.616972
0.624536 0.267354 0.470597
0.422549 0.312057 0.390897
0.36165 0.280082 0.502172
0.505733 0.308854 0.407362
0.461891 0.264637 0.630674
0.613948 0.281536 0.486166
0.411481 0.319305 0.408173
0.540362 0.314445 0.579737
0.44947 0.31019 0.50454
0.588298 0.312663 0.537135
0.455789 0.30726 0.506446
0.608688 0.290668 0.494106
0.482842 0.293388 0.513163
0.500325 0.284215 0.489302
0.552068 0.310475 0.54513
0.505774 0.3031 0.441949
0.563744 0.303143 0.488429
0.534776 0.311391 0.569643
0.520765 0.287635 0.500552
0.391512 0.300106 0.469319
0.384504 0.294116 0.435885
0.610494 0.279769 0.478534
0.612957 0.275713 0.536594
0.4843 0.289726 0.61328
0.496787 0.274008 0.475064
0.574893 0.314969 0.404687
0.415635 0.313358 0.519294
0.530023 0.247514 0.615037
0.457997 0.279966 0.368418
0.542466 0.298048 0.536402
0.543458 0.30621 0.557892
0.375006 0.287827 0.496529
0.491944 0.292006 0.453669
0.564891 0.301321 0.589586
0.473778 0.249194 0.631743
0.395395 0.301768 0.479742
0.624755 0.247157 0.452968
0.466175 0.259224 0.627825
0.459661 0.300843 0.390614
0.494998 0.306044 0.422039
0.497774 0.301375 0.559094
0.36118 0.26314 0.488772
0.471799 0.307925 0.569326
0.620005 0.282548 0.428917
0.473267 0.282431 0.485123
0.394047 0.282186 0.570483
0.369946 0.281846 0.517169
0.532157 0.291577 0.531213
0.621086 0.249047 0.486292
0.601304 0.294594 0.555661
0.484375 0.306726 0.580218
0.427833 0.312704 0.518131
0.594541 0.309047 0.463766
0.501736 0.291017 0.531117
0.476748 0.304348 0.405168
0.428621 0.268391 0.603169
0.377535 0.279421 0.456873
0.467192 0.301066 0.554242
0.613942 0.258532 0.537959
0.610574 0.26623 0.541818
0.487055 0.264024 0.480272
0.436263 0.307725 0.534815
0.529159 0.27377 0.482598
0.542438 0.305439 0.415213
0.581069 0.283606 0.582133
0.498325 0.272719 0.610787
0.550031 0.298399 0.393914
0.621538 0.254057 0.448515
0.520053 0.285086 0.598681
0.417416 0.308863 0.54845
0.472669 0.274339 0.376862
0.575896 0.301024 0.395628
0.604714 0.273841 0.556407
0.371104 0.262926 0.500706
0.590664 0.307536 0.418632
0.439904 0.287319 0.603844
0.50197 0.263841 0.612655
0.468232 0.293694 0.397724
0.469081 0.274233 0.616139
0.600795 0.28399 0.541752
0.478833 0.275026 0.616261
0.608709 0.281267 0.466833
0.505761 0.27238 0.37393
0.483086 0.273091 0.498741
0.477903 0.300547 0.428986
0.515139 0.279079 0.378781
0.557839 0.261858 0.600058
0.403632 0.278249 0.577402
0.528744 0.257442 0.610683
0.411888 0.278785 0.586385
0.599636 0.285085 0.537421
0.401428 0.290169 0.507972
0.373881 0.262009 0.470816
0.559872 0.283327 0.385984
0.386536 0.271012 0.543152
0.499779 0.285355 0.549626
0.476864 0.262538 0.483663
0.537229 0.295825 0.427225
0.392665 0.286285 0.455886
0.5419 0.279322 0.468162
0.499821 0.280924 0.598082
0.466848 0.275455 0.385558
0.573268 0.286998 0.486732
0.572784 0.268952 0.587192
0.573444 0.290806 0.47273
0.502333 0.272785 0.517906
0.47335 0.287957 0.407206
0.500157 0.286463 0.552782
0.611179 0.254469 0.474322
0.541603 0.292649 0.403544
0.475743 0.292578 0.41572
0.608416 0.251476 0.511695
0.505929 0.274128 0.385397
0.534361 0.294262 0.57057
0.46512 0.266588 0.377686
0.597405 0.288043 0.464889
0.478456 0.287118 0.443185
0.541659 0.296638 0.571802
0.389378 0.276627 0.483555
0.418887 0.300518 0.468487
0.574871 0.281466 0.393055
0.460308 0.28643 0.463432
0.436132 0.306414 0.440913
0.600492 0.294454 0.430323
0.508502 0.274703 0.523392
0.537783 0.297267 0.42103
0.469911 0.288619 0.449582
0.425137 0.280431 0.58535
0.431824 0.297667 0.450765
0.383649 0.259832 0.494978
0.47989 0.250519 0.47897
0.500003 0.237664 0.608295
0.473055 0.258287 0.484426
0.471872 0.283973 0.439847
0.58383 0.283692 0.473746
0.615348 0.234451 0.517729
0.55317 0.283465 0.538005
0.53893 0.253357 0.598902
0.521437 0.269489 0.451952
0.537014 0.278492 0.45307
0.474425 0.257777 0.475089
0.546706 0.27998 0.392054
0.553769 0.285739 0.543509
0.438785 0.293971 0.583032
0.395759 0.28038 0.446448
0.597764 0.262305 0.551964
0.612186 0.251131 0.454457
0.584376 0.279783 0.523628
0.6105 0.239661 0.512598
0.600213 0.253991 0.557312
0.537007 0.287519 0.414339
0.471403 0.269719 0.394077
0.510286 0.262921 0.380193
0.434831 0.296773 0.416203
0.516277 0.266309 0.518818
0.565408 0.2839 0.530917
0.598252 0.263149 0.544544
0.427971 0.250048 0.597314
0.533454 0.272642 0.459244
0.456588 0.288243 0.589232
0.538426 0.280891 0.450141
0.468438 0.243015 0.613249
0.618045 0.222615 0.510264
0.422193 0.285123 0.570811
0.554338 0.277144 0.400636
0.561165 0.257478 0.58781
0.506455 0.256828 0.459139
0.51072 0.268481 0.5461
0.460686 0.26132 0.485398
0.49385 0.258828 0.455931
0.5971 0.253003 0.536514
0.576414 0.278236 0.470821
0.480811 0.256888 0.459425
0.598956 0.247977 0.516867
0.419198 0.271683 0.576373
0.380829 0.239357 0.474276
0.416678 0.272137 0.478105
0.477412 0.255327 0.50765
0.588445 0.262708 0.487209
0.459357 0.27942 0.44719
0.510639 0.271992 0.55838
0.536587 0.278628 0.574107
0.525837 0.25965 0.51628
0.499996 0.257046 0.593127
0.406988 0.277369 0.430812
0.57062 0.256489 0.396302
0.559082 0.269673 0.51457
0.606317 0.239833 0.467247
0.41012 0.267024 0.476752
0.535537 0.281537 0.421824
0.593036 0.235719 0.406617
0.486565 0.262434 0.528165
0.435475 0.237183 0.602368
0.503005 0.240186 0.600254
0.603037 0.242268 0.51488
0.487881 0.277452 0.582052
0.38938 0.252544 0.474853
0.467878 0.279119 0.420439
0.59627 0.250079 0.486499
0.41254 0.256379 0.48254
0.559032 0.281164 0.420858
0.456585 0.270963 0.449025
0.515891 0.247358 0.462055
0.406016 0.265163 0.518079
0.447081 0.261352 0.486008
0.581728 0.256585 0.565346
0.473405 0.25067 0.509756
0.570709 0.262696 0.503216
0.388902 0.251712 0.44525
0.545032 0.270829 0.568473
0.417709 0.277313 0.445944
0.585164 0.253125 0.411332
0.465531 0.230632 0.606464
0.559199 0.264401 0.471285
0.584862 0.254311 0.50398
0.596437 0.231981 0.571101
0.502145 0.254094 0.450045
0.478122 0.232092 0.480434
0.417726 0.273966 0.514833
0.439212 0.271185 0.499935
0.407594 0.259503 0.466311
0.429553 0.280355 0.527422
0.546917 0.269448 0.549832
0.5708 0.254179 0.579045
0.427747 0.281476 0.567148
0.497951 0.257295 0.536799
0.504218 0.236886 0.485066
0.437209 0.26683 0.487214
0.520095 0.265364 0.57312
0.445886 0.282318 0.429341
0.466431 0.259044 0.590667
0.457514 0.256806 0.394816
0.581862 0.239114 0.402098
0.602794 0.226402 0.48848
0.471833 0.234984 0.380466
0.41609 0.247395 0.47258
0.45948 0.220034 0.606062
0.403657 0.249807 0.533465
0.548858 0.263483 0.448333
0.419168 0.250087 0.471799
0.431847 0.257339 0.487434
0.400959 0.220515 0.577165
0.496833 0.231016 0.593086
0.521559 0.246852 0.450766
0.533911 0.256707 0.571476
0.59869 0.223862 0.494638
0.524748 0.255447 0.570838
0.453739 0.259578 0.413054
0.426921 0.223955 0.597776
0.479743 0.243889 0.586362
0.60193 0.227737 0.457413
0.401776 0.246151 0.463781
0.397685 0.233809 0.551391
0.418336 0.244483 0.478929
0.56433 0.245249 0.580938
0.595704 0.235799 0.5425
0.451045 0.251362 0.588342
0.418038 0.258556 0.563855
0.570608 0.274455 0.430328
0.487059 0.252515 0.426292
0.548013 0.268188 0.422985
0.606973 0.22193 0.535718
0.585836 0.238353 0.570778
0.596191 0.222528 0.481141
0.566225 0.245571 0.39964
0.529007 0.254611 0.408535
0.515376 0.249815 0.406714
0.485993 0.226538 0.381281
0.466979 0.248799 0.404082
0.601025 0.230192 0.528859
0.449875 0.25303 0.587374
0.426535 0.214349 0.600193
0.460367 0.231698 0.393342
0.499615 0.222878 0.382387
0.561035 0.254883 0.454571
0.540886 0.245208 0.456107
0.422123 0.243125 0.491469
0.487691 0.219655 0.492642
0.601196 0.220401 0.538825
0.521657 0.228365 0.494799
0.457806 0.254782 0.548072
0.555145 0.245653 0.532968
0.536783 0.251382 0.419588
0.431223 0.257238 0.569098
0.453086 0.242008 0.497225
0.558103 0.246183 0.53279
0.602501 0.205362 0.475726
0.549182 0.225771 0.591574
0.604331 0.207602 0.468184
0.562461 0.231349 0.395754
0.472877 0.210801 0.605676
0.531673 0.230206 0.481432
0.459771 0.236188 0.398444
0.484517 0.22014 0.495028
0.567418 0.252954 0.461382
0.473891 0.247974 0.563787
0.554102 0.240635 0.510428
0.569993 0.261578 0.430182
0.493937 0.232767 0.452023
0.542839 0.249545 0.449202
0.460954 0.253082 0.575189
0.472097 0.218907 0.477616
0.611871 0.193398 0.471608
0.453933 0.247447 0.455396
0.432965 0.26291 0.548745
0.501878 0.206487 0.606053
0.549478 0.239543 0.483512
0.41878 0.238557 0.522974
0.47475 0.217127 0.501005
0.423355 0.245136 0.448491
0.595109 0.215796 0.419539
0.53894 0.214797 0.593123
0.421201 0.230609 0.493382
0.569138 0.233103 0.491446
0.459371 0.244194 0.562822
0.441487 0.245558 0.518557
0.482251 0.229173 0.419794
0.48548 0.225045 0.52713
0.519132 0.22555 0.517227
0.401549 0.216753 0.49638
0.515922 0.220519 0.502221
0.471847 0.208627 0.601123
0.419435 0.23965 0.531535
0.521471 0.22154 0.501587
0.393644 0.225882 0.454493
0.595389 0.213563 0.566033
0.531208 0.223897 0.497175
0.520985 0.21782 0.489237
0.492412 0.229426 0.576213
0.514947 0.219906 0.500827
0.59611 0.209337 0.576255
0.527101 0.234613 0.413132
0.577794 0.227721 0.489338
0.397802 0.221135 0.46739
0.433647 0.234793 0.468067
0.496021 0.209327 0.483888
0.577657 0.230786 0.532181
0.558163 0.238098 0.54066
0.545105 0.227986 0.479648
0.612762 0.201073 0.522102
0.445935 0.242262 0.514311
0.469318 0.23295 0.578132
0.504259 0.226308 0.39838
0.418626 0.232185 0.445483
0.472804 0.214437 0.518192
0.524501 0.216688 0.515299
0.609819 0.194707 0.420474
0.446361 0.224329 0.581921
0.410483 0.213461 0.497245
0.44356 0.213654 0.395632
0.557846 0.221511 0.515369
0.447262 0.236212 0.565031
0.397565 0.201924 0.403796
0.454057 0.230633 0.573279
0.527769 0.201273 0.599244
0.603349 0.206881 0.438967
0.54606 0.219476 0.39673
0.545812 0.227785 0.556205
0.424537 0.232563 0.555484
0.455989 0.227732 0.420152
0.607547 0.195079 0.566518
0.530002 0.211383 0.482914
0.429633 0.226035 0.501087
0.464706 0.223929 0.41871
0.499646 0.199772 0.380821
0.586939 0.219779 0.429347
0.592855 0.199482 0.400457
0.514064 0.221734 0.546681
0.5708 0.218358 0.574523
0.583745 0.215455 0.559395
0.550421 0.22831 0.553738
0.450549 0.227064 0.454008
0.45631 0.215227 0.493181
0.493401 0.18503 0.616271
0.417385 0.224472 0.530128
0.561455 0.215303 0.581823
0.415877 0.231534 0.443776
0.594269 0.208884 0.419519
0.395732 0.20341 0.523837
0.419002 0.210345 0.512232
0.598407 0.196132 0.460027
0.600078 0.196797 0.539826
0.411107 0.199023 0.396931
0.554933 0.214356 0.535509
0.407969 0.202892 0.497945
0.594036 0.197448 0.506192
0.484063 0.206541 0.411011
0.398221 0.203869 0.467617
0.409828 0.21184 0.554907
0.526759 0.208234 0.450205
0.409222 0.213315 0.424872
0.477483 0.198512 0.510163
0.473726 0.200069 0.508947
0.388885 0.194761 0.474612
0.439483 0.206326 0.480323
0.544569 0.197 0.59607
0.5036 0.212691 0.566646
0.542811 0.209765 0.576037
0.462743 0.217154 0.570167
0.455709 0.216207 0.533736
0.524042 0.200035 0.470095
0.492319 0.208065 0.538931
0.389994 0.201301 0.460653
0.434565 0.207134 0.476605
0.475768 0.209652 0.576077
0.504708 0.194873 0.473391
0.520201 0.212241 0.569702
0.422901 0.208826 0.470624
0.403305 0.195748 0.590551
0.427768 0.219467 0.529769
0.611764 0.188344 0.539711
0.421301 0.211445 0.510436
0.533967 0.211751 0.53359
0.468495 0.202219 0.393265
0.482775 0.185305 0.613356
0.417386 0.198236 0.506398
0.432464 0.211235 0.550563
0.574637 0.198011 0.479262
0.535368 0.19598 0.497941
0.562877 0.201128 0.508982
0.398353 0.191027 0.499879
0.61162 0.182986 0.514624
0.498819 0.194252 0.451345
0.612645 0.182845 0.550754
0.480013 0.194243 0.395949
0.546619 0.203902 0.414321
0.580168 0.194888 0.483894
0.402992 0.192714 0.514132
0.451174 0.200937 0.513058
0.579348 0.19999 0.416001
0.56468 0.207771 0.452078
0.445179 0.206852 0.530055
0.56554 0.200964 0.506418
0.40125 0.196162 0.466686
0.422907 0.196978 0.487885
0.422668 0.2089 0.557286
0.428076 0.207712 0.533662
0.597495 0.191541 0.556662
0.512315 0.191064 0.385932
0.620838 0.17403 0.50715
0.538084 0.196532 0.4976
0.443207 0.193288 0.597135
0.567668 0.192915 0.389967
0.497107 0.196252 0.581365
0.540665 0.197997 0.504695
0.472362 0.19456 0.525671
0.413432 0.202731 0.571584
0.439257 0.203437 0.506711
0.581045 0.203819 0.431524
0.583358 0.196123 0.532835
0.58202 0.190137 0.587724
0.414083 0.193138 0.419344
0.429308 0.197661 0.572162
0.450276 0.19625 0.554612
0.547444 0.18875 0.501967
0.455272 0.184896 0.496655
0.382464 0.176278 0.504236
0.472753 0.188566 0.40857
0.606525 0.180259 0.410215
0.616485 0.173347 0.599132
0.380533 0.170795 0.615474
0.510603 0.183284 0.456474
0.587639 0.187096 0.56477
0.618131 0.174883 0.44776
0.484381 0.186582 0.400318
0.429447 0.177238 0.613351
0.568462 0.192034 0.471894
0.606306 0.182132 0.445028
0.552325 0.191186 0.404464
0.564486 0.17994 0.606434
0.546154 0.187965 0.494652
0.589122 0.183272 0.485852
0.435384 0.194194 0.579592
0.441386 0.185242 0.480125
0.511361 0.189254 0.421634
0.604326 0.180804 0.408548
0.543811 0.182556 0.597036
0.401302 0.185906 0.470149
0.464226 0.179486 0.482334
0.450781 0.19502 0.546883
0.4142 0.19081 0.458476
0.40176 0.183506 0.592045
0.501612 0.185829 0.393199
0.395863 0.188757 0.574519
0.550448 0.188995 0.579022
0.485667 0.175476 0.615003
0.464968 0.18046 0.4888
0.412295 0.183945 0.574253
0.446683 0.183821 0.445382
0.604691 0.167571 0.620144
0.599054 0.17606 0.458698
0.455675 0.18133 0.405432
0.375419 0.168144 0.506298
0.556859 0.182826 0.409785
0.450521 0.18452 0.420776
0.526165 0.174374 0.381765
0.411277 0.17702 0.476148
0.436437 0.186076 0.444307
0.573682 0.18674 0.43119
0.591726 0.169111 0.617858
0.557312 0.181447 0.401784
0.57841 0.185088 0.429607
0.620176 0.168984 0.543055
0.567989 0.180226 0.580186
0.576468 0.174155 0.379334
0.595735 0.177579 0.567482
0.622505 0.166902 0.381231
0.579028 0.178903 0.493688
0.477409 0.174172 0.523369
0.476064 0.170386 0.486435
0.554925 0.183293 0.558535
0.425519 0.180145 0.495626
0.566646 0.182623 0.569477
0.459949 0.177185 0.512327
0.396247 0.176147 0.49818
0.39035 0.177167 0.587162
0.543537 0.183525 0.424375
0.497572 0.180561 0.428405
0.433196 0.184057 0.407921
0.56298 0.184345 0.414053
0.569847 0.181458 0.542481
0.446078 0.183547 0.579409
0.418031 0.181749 0.403884
0.406304 0.169213 0.476944
0.442871 0.171095 0.462281
0.467756 0.170585 0.445778
0.616303 0.165894 0.461269
0.593058 0.168729 0.382901
0.621247 0.163193 0.51266
0.415362 0.174784 0.547856
0.565298 0.161013 0.63058
0.52956 0.172622 0.427262
0.566065 0.175442 0.44951
0.388587 0.168455 0.490344
0.588749 0.168511 0.517685
0.568712 0.172329 0.542545
0.602607 0.167446 0.533224
0.415687 0.171747 0.384372
0.625273 0.164282 0.570332
0.489985 0.165683 0.493656
0.568023 0.171108 0.516976
0.522922 0.166272 0.466375
0.503046 0.168771 0.385343
0.509137 0.170841 0.411923
0.486476 0.174002 0.57256
0.558035 0.172405 0.397294
0.555154 0.168721 0.601999
0.405797 0.171206 0.386218
0.575792 0.175611 0.425541
0.416144 0.16781 0.373093
0.531553 0.167053 0.607446
0.5902 0.170615 0.554485
0.402597 0.16155 0.629488
0.423639 0.171644 0.49627
0.535227 0.168868 0.46371
0.52259 0.16571 0.481568
0.539056 0.170284 0.458124
0.594203 0.17008 0.398733
0.536885 0.173215 0.539846
0.402016 0.162482 0.471947
0.614272 0.159935 0.515758
0.450993 0.164725 0.540665
0.424936 0.165859 0.388658
0.465495 0.160652 0.496899
0.621944 0.158967 0.51453
0.416732 0.16626 0.420066
0.575141 0.163194 0.521181
0.381267 0.161057 0.611753
0.616706 0.160525 0.488466
0.395494 0.162199 0.604335
0.422457 0.167087 0.423692
0.393501 0.164603 0.551471
0.592201 0.163699 0.403106
0.386408 0.16096 0.615139
0.433136 0.166648 0.555417
0.56321 0.163779 0.588242
0.469713 0.159642 0.486863
0.574476 0.163602 0.533219
0.619742 0.160071 0.607264
0.489561 0.165098 0.55802
0.563705 0.161711 0.612945
0.487072 0.16344 0.539537
0.632189 0.158034 0.570047
0.370832 0.160199 0.398359
0.481837 0.160351 0.376038
0.375389 0.163108 0.574981
0.424203 0.161859 0.369096
0.506422 0.158247 0.625823
0.484729 0.162321 0.445149
0.447493 0.162222 0.492328
0.419753 0.16316 0.481429
0.535875 0.161094 0.477718
0.432887 0.165477 0.530249
0.394743 0.161394 0.612371
0.600687 0.161412 0.534212
0.396391 0.154195 0.358426
0.617822 0.155322 0.538972
0.581035 0.153659 0.634397
0.433899 0.157597 0.38781
0.61893 0.155458 0.478542
0.612229 0.155175 0.519467
0.535468 0.157646 0.573136
0.422457 0.156386 0.472237
0.377903 0.156073 0.384172
0.511091 0.155399 0.458511
0.629504 0.154822 0.38007
0.430221 0.157197 0.520135
0.359333 0.153265 0.472189
0.642649 0.152509 0.549884
0.483809 0.157774 0.575735
0.431318 0.157481 0.585188
0.475203 0.154559 0.490471
0.453351 0.153917 0.359017
0.49001 0.156735 0.420855
0.491885 0.154848 0.621813
0.410265 0.15623 0.470619
0.578067 0.157225 0.384324
0.579391 0.157532 0.443336
0.633944 0.153812 0.615102
0.634728 0.153853 0.559579
0.486334 0.154651 0.488089
0.610516 0.155642 0.426029
0.57513 0.156977 0.478909
0.447249 0.157085 0.589902
0.615355 0.155892 0.383508
0.36138 0.154729 0.570439
0.531667 0.157357 0.551606
0.488304 0.157303 0.55879
0.390503 0.156451 0.432318
0.558219 0.157695 0.41463
0.457222 0.156947 0.410375
0.392262 0.15 0.534567
0.622341 0.15 0.564469
0.423345 0.15 0.43609
0.444256 0.15 0.387016
0.487416 0.15 0.458649
0.602355 0.15 0.525091
0.367295 0.15 0.443606
0.553143 0.15 0.417193
0.372944 0.15 0.434487
0.395924 0.15 0.425991
0.584904 0.15 0.434121
0.438717 0.15 0.627761
0.623339 0.15 0.385093
0.394569 0.15 0.411031
0.589537 0.15 0.532745
0.429974 0.15 0.618908
0.376698 0.15 0.380158
0.437289 0.15 0.519076
0.397041 0.15 0.594627
0.353168 0.15 0.636413
0.621856 0.15 0.374693
0.594572 0.15 0.432015
0.381623 0.15 0.637457
0.634628 0.15 0.363459
0.622955 0.15 0.435238
0.489851 0.15 0.610384
0.569166 0.15 0.561283
0.440915 0.15 0.599919
0.381568 0.15 0.5535
0.458539 0.15 0.616317
0.568104 0.15 0.356006
0.356638 0.15 0.629116
0.436355 0.15 0.647555
0.64447 0.15 0.624181
0.437802 0.15 0.496315
0.599626 0.15 0.572178
