2160 0.012625
0.387077 0.282323 0.390646
0.438274 0.23143 0.337078
0.46437 0.192348 0.322481
0.495529 0.184999 0.32324
0.521548 0.190749 0.334175
0.550592 0.233287 0.349444
0.3441 0.230454 0.434083
0.349682 0.279236 0.350513
0.433818 0.286424 0.293822
0.499628 0.272253 0.280818
0.574677 0.28812 0.310198
0.630098 0.260519 0.367737
0.338784 0.211263 0.46759
0.290915 0.277169 0.430019
0.417572 0.40986 0.410929
0.502144 0.408409 0.404053
0.606785 0.40249 0.421912
0.697425 0.249357 0.43475
0.330677 0.197394 0.490882
0.285469 0.272264 0.506805
0.420072 0.413227 0.502882
0.508439 0.41071 0.500646
0.611872 0.398002 0.503352
0.708765 0.235246 0.505489
0.339896 0.206971 0.520639
0.316739 0.270133 0.581333
0.419033 0.387292 0.620179
0.498814 0.391174 0.620736
0.597592 0.387502 0.602782
0.685505 0.233386 0.56273
0.357534 0.266012 0.561351
0.377586 0.237801 0.615047
0.435096 0.238986 0.677318
0.498551 0.236822 0.70168
0.561192 0.256227 0.692528
0.631289 0.256372 0.621332
0.366107 0.250455 0.368715
0.359903 0.259589 0.563884
0.284052 0.243063 0.51082
0.600045 0.401964 0.495164
0.439531 0.331046 0.680365
0.534098 0.186952 0.321385
0.355724 0.226797 0.571036
0.370307 0.267325 0.574941
0.659326 0.208019 0.483316
0.471442 0.173285 0.300674
0.607208 0.266331 0.60591
0.642773 0.261325 0.627087
0.510071 0.299631 0.705635
0.499673 0.410355 0.540535
0.626699 0.394042 0.465738
0.659741 0.213027 0.469619
0.319953 0.197819 0.5366
0.407239 0.268035 0.369074
0.530905 0.221596 0.688366
0.370878 0.232317 0.602159
0.355416 0.251805 0.631849
0.403393 0.381111 0.623072
0.330585 0.201665 0.541759
0.52881 0.380147 0.638211
0.406584 0.260006 0.621497
0.66326 0.196128 0.558261
0.537913 0.404042 0.553154
0.434924 0.253682 0.686164
0.652518 0.23103 0.588352
0.453401 0.413381 0.501704
0.481498 0.195549 0.680784
0.663241 0.214915 0.572386
0.585953 0.405962 0.474323
0.64331 0.224869 0.567739
0.512828 0.228431 0.69542
0.336564 0.217914 0.429198
0.349066 0.226133 0.577411
0.298636 0.234322 0.427852
0.647872 0.285913 0.629437
0.689695 0.245592 0.424152
0.44897 0.411866 0.418318
0.533455 0.186655 0.318613
0.470696 0.236584 0.702244
0.469199 0.189981 0.668388
0.572955 0.404294 0.531011
0.521463 0.409685 0.499255
0.53686 0.204757 0.656909
0.630527 0.317335 0.343787
0.473412 0.41082 0.466188
0.709042 0.263418 0.536721
0.376603 0.379553 0.603283
0.315895 0.279379 0.575775
0.671496 0.21196 0.410497
0.408887 0.245939 0.62727
0.656096 0.309049 0.619513
0.467539 0.411313 0.438504
0.36583 0.236957 0.607509
0.509611 0.410135 0.46717
0.334997 0.267835 0.621288
0.655117 0.318923 0.369284
0.448168 0.408674 0.401664
0.332314 0.19593 0.514876
0.661037 0.260507 0.612739
0.3779 0.249063 0.585948
0.52802 0.213163 0.657557
0.682103 0.201674 0.46448
0.65963 0.257512 0.389211
0.531381 0.285289 0.70794
0.425395 0.292249 0.681511
0.32831 0.198896 0.537817
0.443711 0.309917 0.68959
0.636273 0.255404 0.615308
0.289673 0.196816 0.457506
0.2856 0.206864 0.456379
0.425297 0.221757 0.320043
0.693621 0.216075 0.44135
0.684338 0.200739 0.437327
0.527423 0.190114 0.305997
0.700505 0.229972 0.449932
0.666329 0.235713 0.587041
0.556505 0.330932 0.677936
0.279001 0.237252 0.458099
0.509892 0.248871 0.280395
0.697665 0.28577 0.542582
0.432631 0.266839 0.291602
0.633223 0.223682 0.384569
0.589393 0.403889 0.503232
0.343872 0.246273 0.62253
0.524826 0.245435 0.704133
0.283841 0.211489 0.49687
0.473101 0.405154 0.385738
0.668615 0.20641 0.478215
0.69954 0.210408 0.49768
0.527813 0.403097 0.570105
0.515627 0.409595 0.438874
0.684061 0.341154 0.4631
0.440874 0.212759 0.658801
0.385989 0.270863 0.387395
0.577915 0.342348 0.320417
0.56601 0.389558 0.361765
0.481961 0.22976 0.699402
0.453239 0.269972 0.283367
0.532806 0.408574 0.501041
0.612693 0.245074 0.382561
0.425789 0.226509 0.335923
0.69024 0.205206 0.448883
0.606407 0.242098 0.37614
0.413998 0.412743 0.44395
0.408453 0.272915 0.625703
0.281624 0.204389 0.485004
0.632377 0.39134 0.456341
0.678931 0.201383 0.455511
0.485528 0.332847 0.294244
0.518004 0.197554 0.296002
0.434047 0.222864 0.650023
0.380711 0.398684 0.54549
0.525267 0.199638 0.672535
0.674857 0.320187 0.395932
0.43474 0.410541 0.410928
0.562775 0.213882 0.650593
0.395392 0.242734 0.644049
0.30921 0.221016 0.544096
0.660141 0.214341 0.464768
0.384333 0.241581 0.626231
0.327613 0.370041 0.495592
0.393717 0.261388 0.375896
0.394908 0.243125 0.61557
0.50397 0.410243 0.472197
0.546175 0.291497 0.293887
0.531561 0.285129 0.707588
0.567066 0.225575 0.349797
0.661697 0.365556 0.524619
0.329145 0.371682 0.491342
0.326528 0.188928 0.479923
0.49227 0.378583 0.644252
0.319124 0.260751 0.593103
0.337147 0.331856 0.612941
0.56731 0.228332 0.647324
0.371616 0.279316 0.650895
0.454869 0.390604 0.353604
0.661124 0.213199 0.461502
0.545086 0.230438 0.64589
0.53068 0.402783 0.38556
0.563202 0.21751 0.649765
0.298263 0.237293 0.539143
0.289542 0.225825 0.515198
0.323022 0.247297 0.598514
0.663788 0.211122 0.465657
0.342016 0.229009 0.428407
0.504641 0.202128 0.290495
0.684479 0.340163 0.489924
0.692583 0.323405 0.457893
0.542134 0.236326 0.297251
0.447603 0.30186 0.292159
0.294712 0.299125 0.518597
0.685414 0.251774 0.417687
0.293828 0.256385 0.537385
0.383027 0.292453 0.322967
0.440917 0.305298 0.294667
0.418063 0.240553 0.635367
0.639725 0.223786 0.393468
0.324272 0.191559 0.514237
0.710856 0.246168 0.505597
0.322859 0.189186 0.486617
0.431866 0.237241 0.67084
0.52071 0.211721 0.663423
0.322062 0.271334 0.596802
0.613323 0.370194 0.618871
0.426869 0.22001 0.324703
0.365108 0.254073 0.572539
0.433718 0.272215 0.292024
0.553907 0.225104 0.315423
0.315377 0.18571 0.505874
0.395528 0.313298 0.668547
0.615297 0.237354 0.380441
0.711026 0.249128 0.518533
0.69769 0.240462 0.54911
0.580339 0.396753 0.578336
0.303134 0.272551 0.552391
0.369767 0.39878 0.502078
0.321086 0.247213 0.392215
0.302835 0.234797 0.544286
0.519419 0.186219 0.312591
0.327936 0.195116 0.469651
0.516153 0.219705 0.28847
0.488641 0.207646 0.285678
0.430943 0.232358 0.336975
0.337162 0.30632 0.357715
0.56803 0.39575 0.37569
0.630381 0.236348 0.394408
0.340702 0.216885 0.540252
0.684726 0.208585 0.546388
0.327502 0.199631 0.451501
0.452937 0.369578 0.653282
0.536558 0.192772 0.328102
0.43231 0.215054 0.324976
0.550602 0.315185 0.688042
0.651774 0.215321 0.411527
0.501596 0.208769 0.288114
0.540129 0.407116 0.503363
0.3116 0.185495 0.503353
0.568946 0.274401 0.308259
0.503188 0.40953 0.417187
0.563175 0.256354 0.690336
0.307507 0.264196 0.564054
0.316385 0.206282 0.433785
0.30799 0.289325 0.557471
0.309684 0.345734 0.500545
0.711311 0.248273 0.468803
0.700792 0.290147 0.526577
0.617978 0.397332 0.416477
0.360425 0.25744 0.637772
0.535033 0.208009 0.678146
0.501288 0.393147 0.354806
0.565516 0.220891 0.671716
0.557309 0.20717 0.334232
0.372496 0.236421 0.59381
0.416777 0.23887 0.330259
0.342893 0.349298 0.375223
0.354941 0.31066 0.340299
0.526276 0.356046 0.666457
0.485755 0.209845 0.285002
0.498801 0.18286 0.306682
0.5227 0.385015 0.340066
0.323254 0.361562 0.46404
0.288929 0.217538 0.508739
0.64641 0.356711 0.587337
0.568682 0.222425 0.337458
0.602085 0.246489 0.623501
0.616556 0.367501 0.618441
0.407573 0.386165 0.357962
0.452477 0.408142 0.401754
0.485488 0.407865 0.40056
0.375434 0.255286 0.381221
0.527314 0.199733 0.669204
0.573425 0.226358 0.346354
0.667552 0.19968 0.511641
0.591501 0.239307 0.649367
0.586607 0.406058 0.447058
0.706627 0.233034 0.470603
0.476834 0.183698 0.313942
0.355764 0.276391 0.349307
0.462541 0.256148 0.704119
0.668022 0.193532 0.513204
0.562983 0.40284 0.538002
0.376881 0.401871 0.464276
0.312739 0.220459 0.545112
0.648663 0.21954 0.579013
0.433291 0.346872 0.315384
0.529233 0.254744 0.284523
0.528179 0.315056 0.697603
0.537706 0.376782 0.639775
0.281514 0.21391 0.488748
0.361629 0.289415 0.342016
0.645685 0.373984 0.539915
0.374026 0.334933 0.331117
0.312733 0.236484 0.556769
0.468982 0.216706 0.283674
0.674554 0.188899 0.518249
0.634353 0.237804 0.398149
0.36237 0.386411 0.56046
0.666081 0.366171 0.469901
0.512916 0.23497 0.697515
0.709503 0.242498 0.47738
0.686354 0.247209 0.56666
0.66297 0.257741 0.393655
0.55807 0.248494 0.307695
0.461847 0.410291 0.460444
0.409376 0.258791 0.630602
0.666466 0.194375 0.522796
0.416984 0.411211 0.512724
0.459547 0.199331 0.292509
0.635497 0.347269 0.361776
0.616822 0.233503 0.363069
0.608883 0.243348 0.376859
0.70621 0.236013 0.524031
0.430612 0.407174 0.555726
0.297813 0.294276 0.530524
0.362799 0.354024 0.358273
0.502494 0.208249 0.666522
0.460763 0.410692 0.464979
0.632058 0.299685 0.357513
0.568899 0.215114 0.657915
0.449042 0.199643 0.299354
0.291409 0.286895 0.509715
0.468841 0.269409 0.708696
0.424552 0.234702 0.33609
0.314657 0.211446 0.432439
0.353522 0.258119 0.361646
0.373298 0.387466 0.576657
0.430078 0.258902 0.68253
0.484932 0.182891 0.305855
0.3012 0.246781 0.417954
0.466558 0.222896 0.284126
0.389984 0.398038 0.559418
0.442375 0.270311 0.288802
0.665637 0.208766 0.562975
0.61911 0.260852 0.64022
0.375015 0.263375 0.64809
0.598429 0.252203 0.669014
0.66028 0.36944 0.440862
0.319839 0.289947 0.381601
0.359961 0.392455 0.436572
0.533896 0.369837 0.6487
0.666493 0.204816 0.503942
0.296001 0.211975 0.515921
0.482149 0.410275 0.42245
0.59202 0.394154 0.574274
0.592419 0.393775 0.382125
0.366697 0.239717 0.584739
0.406409 0.252829 0.349298
0.345745 0.243833 0.412702
0.517716 0.212647 0.666642
0.334537 0.376205 0.478292
0.509365 0.407981 0.463964
0.432851 0.217078 0.312735
0.303656 0.303124 0.544192
0.437938 0.22601 0.302353
0.328596 0.317732 0.368741
0.350762 0.251279 0.388416
0.640427 0.256477 0.609136
0.502618 0.40306 0.576376
0.633194 0.243788 0.586693
0.604957 0.251084 0.63308
0.398766 0.258689 0.35677
0.710854 0.252841 0.481564
0.303426 0.25084 0.409464
0.515023 0.211295 0.669785
0.428092 0.235411 0.333708
0.445205 0.256774 0.288011
0.455193 0.393479 0.609888
0.496962 0.409134 0.499856
0.674631 0.35315 0.49204
0.505235 0.40833 0.485158
0.475031 0.410354 0.492869
0.316743 0.352663 0.467891
0.304682 0.183586 0.468931
0.675471 0.204325 0.436326
0.649137 0.224328 0.577204
0.612414 0.397321 0.482954
0.3978 0.266194 0.616797
0.516644 0.20457 0.296995
0.296106 0.30641 0.444087
0.449548 0.210089 0.660575
0.442089 0.412096 0.495858
0.29507 0.313229 0.460406
0.329415 0.210844 0.440234
0.295405 0.227731 0.522173
0.327895 0.309323 0.370653
0.644583 0.264357 0.622665
0.669559 0.206232 0.492833
0.588352 0.402548 0.50167
0.703591 0.230521 0.513003
0.511619 0.4042 0.393024
0.547283 0.307075 0.296524
0.411123 0.411539 0.447097
0.350044 0.237893 0.563761
0.672361 0.209329 0.557778
0.650563 0.22819 0.412001
0.636965 0.284409 0.637445
0.314897 0.244116 0.562649
0.709086 0.253327 0.51239
0.541772 0.402115 0.541854
0.521195 0.21858 0.664713
0.53472 0.217484 0.658446
0.422908 0.295476 0.301998
0.649901 0.277864 0.382308
0.685303 0.209789 0.446452
0.654026 0.35406 0.571525
0.286931 0.224659 0.45216
0.35249 0.357738 0.603279
0.390938 0.30826 0.6644
0.638041 0.234435 0.395384
0.356268 0.239849 0.589745
0.390155 0.383512 0.606239
0.61798 0.392526 0.52327
0.695764 0.289848 0.537254
0.513798 0.402586 0.566235
0.586679 0.245246 0.642844
0.574826 0.240767 0.647188
0.328957 0.245289 0.397599
0.356485 0.386878 0.545014
0.447632 0.224853 0.675286
0.330602 0.226257 0.557361
0.359288 0.241361 0.595636
0.654463 0.271679 0.387096
0.565818 0.219304 0.655662
0.398638 0.246816 0.637636
0.576508 0.405724 0.453698
0.640947 0.234756 0.400345
0.415842 0.413561 0.475605
0.658069 0.354501 0.559639
0.595506 0.237302 0.351944
0.689845 0.31325 0.444007
0.545003 0.405701 0.466009
0.331876 0.365763 0.42961
0.301923 0.253516 0.41484
0.702743 0.254068 0.539605
0.37273 0.273114 0.588449
0.52767 0.227121 0.660521
0.403591 0.250801 0.652789
0.38373 0.312761 0.318905
0.366852 0.305929 0.647131
0.455917 0.257503 0.284445
0.591195 0.266298 0.671904
0.637942 0.35977 0.375299
0.376495 0.25325 0.59474
0.439884 0.269883 0.291294
0.647221 0.2623 0.610766
0.343849 0.379117 0.424249
0.584429 0.402154 0.506904
0.617617 0.384125 0.569637
0.477468 0.334721 0.29739
0.489841 0.291527 0.286339
0.546761 0.402912 0.52497
0.479091 0.192674 0.311191
0.614778 0.263483 0.65217
0.394395 0.327105 0.664089
0.608538 0.395763 0.520192
0.362979 0.254028 0.580281
0.301755 0.188842 0.465997
0.693097 0.231734 0.543658
0.581363 0.404593 0.460678
0.660445 0.366561 0.424531
0.470396 0.367618 0.32329
0.48212 0.205508 0.683976
0.335661 0.22182 0.543947
0.38532 0.251216 0.612624
0.638894 0.386259 0.447255
0.515785 0.197197 0.323609
0.326143 0.272843 0.600524
0.562764 0.228072 0.674058
0.393812 0.259978 0.619463
0.604473 0.239869 0.36005
0.562847 0.283209 0.306204
0.648649 0.26483 0.612061
0.339133 0.379353 0.511338
0.377377 0.3157 0.322984
0.547084 0.313839 0.68761
0.621263 0.320621 0.336169
0.464556 0.20358 0.664709
0.679552 0.260163 0.575683
0.624692 0.275698 0.645932
0.342939 0.381269 0.532686
0.694872 0.308364 0.501982
0.528685 0.405285 0.415044
0.362143 0.314127 0.64308
0.588427 0.24561 0.648567
0.393461 0.314149 0.664845
0.516446 0.234204 0.289808
0.645563 0.381605 0.459659
0.618452 0.391379 0.525062
0.572183 0.235209 0.670143
0.503029 0.407081 0.5105
0.705454 0.249485 0.52827
0.307906 0.337943 0.465414
0.415842 0.328858 0.671113
0.676103 0.204073 0.503094
0.693149 0.211415 0.522866
0.492249 0.407217 0.444863
0.29705 0.315747 0.461655
0.656751 0.219937 0.560199
0.48022 0.189472 0.300117
0.579231 0.236394 0.654744
0.45539 0.38455 0.626633
0.570684 0.263517 0.681629
0.313752 0.202586 0.51461
0.528574 0.404255 0.519706
0.293098 0.251589 0.518111
0.637205 0.257269 0.385315
0.281772 0.24875 0.486538
0.650772 0.253478 0.594821
0.705762 0.277109 0.489963
0.351029 0.313725 0.347733
0.304777 0.201632 0.453517
0.429283 0.242169 0.325989
0.453396 0.285328 0.290269
0.481506 0.406112 0.551979
0.517514 0.200835 0.313647
0.425923 0.250326 0.662387
0.577459 0.348258 0.32693
0.571637 0.254023 0.679144
0.560738 0.398626 0.548032
0.575984 0.242412 0.34743
0.671718 0.216994 0.481002
0.503061 0.399913 0.582974
0.476519 0.196117 0.664936
0.330392 0.365371 0.541679
0.494013 0.406535 0.539716
0.509606 0.384971 0.626402
0.32479 0.303711 0.378157
0.317269 0.35302 0.530055
0.350897 0.384726 0.42828
0.626515 0.258219 0.600124
0.540463 0.209856 0.327373
0.346645 0.258038 0.562833
0.324973 0.214973 0.451675
0.478121 0.408724 0.538355
0.296287 0.276446 0.428059
0.382941 0.328581 0.323363
0.418819 0.249343 0.648315
0.534507 0.403493 0.499122
0.526462 0.255338 0.704154
0.351727 0.259213 0.388641
0.37262 0.257048 0.602111
0.481779 0.230965 0.693624
0.479924 0.407487 0.540065
0.337388 0.23919 0.546918
0.398065 0.38851 0.372294
0.349053 0.315229 0.350595
0.586853 0.283125 0.670378
0.701586 0.241544 0.518479
0.328042 0.290757 0.601166
0.503067 0.403396 0.39794
0.674812 0.211876 0.498123
0.591681 0.278998 0.325358
0.295059 0.253011 0.520241
0.448543 0.40933 0.436879
0.669313 0.233272 0.41207
0.6703 0.207269 0.539475
0.460608 0.331682 0.300502
0.309656 0.220906 0.529318
0.492196 0.405519 0.451598
0.449588 0.251983 0.689767
0.484481 0.224753 0.287778
0.531501 0.231923 0.299652
0.626987 0.342513 0.630465
0.4154 0.286781 0.671816
0.57902 0.246399 0.348644
0.502652 0.24546 0.69915
0.440829 0.402139 0.572589
0.642788 0.27034 0.618958
0.691611 0.233599 0.450911
0.435928 0.238402 0.319658
0.56747 0.240333 0.654206
0.321581 0.271344 0.385514
0.537575 0.398248 0.56387
0.387091 0.266347 0.610831
0.3494 0.263461 0.568724
0.482793 0.405178 0.462554
0.286043 0.248645 0.49382
0.486043 0.202857 0.671252
0.618693 0.267922 0.621149
0.342853 0.246957 0.569292
0.654505 0.290126 0.385296
0.330421 0.297203 0.374842
0.287925 0.276485 0.458012
0.413156 0.409528 0.438796
0.38708 0.263382 0.636017
0.321244 0.280988 0.386811
0.677128 0.297983 0.569892
0.699953 0.288302 0.499314
0.320487 0.21768 0.447294
0.503111 0.231331 0.690383
0.439299 0.242915 0.304644
0.660443 0.227513 0.560705
0.360599 0.25635 0.589036
0.335212 0.240996 0.429581
0.405883 0.270348 0.642421
0.621479 0.267761 0.61906
0.341453 0.258305 0.616845
0.579375 0.386968 0.367256
0.292014 0.201955 0.468949
0.44477 0.235574 0.658753
0.699725 0.255943 0.53754
0.511626 0.395447 0.368985
0.403925 0.26904 0.321693
0.463135 0.360578 0.321367
0.586451 0.354844 0.335555
0.564422 0.305099 0.67914
0.521789 0.380895 0.339057
0.517055 0.403304 0.478385
0.471599 0.207313 0.682042
0.678798 0.207586 0.5162
0.528344 0.24674 0.29308
0.590756 0.263267 0.639622
0.285117 0.251774 0.487536
0.328317 0.258731 0.387901
0.673743 0.288479 0.408963
0.437314 0.408876 0.498768
0.436916 0.399118 0.582679
0.325441 0.288347 0.382882
0.384697 0.266293 0.633396
0.452024 0.221161 0.667001
0.573717 0.397335 0.539278
0.39242 0.404164 0.440672
0.604491 0.271906 0.348976
0.363791 0.299676 0.344501
0.435494 0.392309 0.366251
0.496721 0.402979 0.460029
0.3956 0.265183 0.643267
0.357321 0.35812 0.605051
0.442219 0.33991 0.311989
0.52176 0.217836 0.305444
0.431652 0.376148 0.341545
0.41923 0.372843 0.634827
0.29562 0.247544 0.440394
0.681407 0.222543 0.473304
0.562387 0.230614 0.665879
0.516292 0.26769 0.706301
0.634821 0.370143 0.56942
0.371864 0.295147 0.339851
0.362253 0.262621 0.592313
0.303395 0.210682 0.460615
0.447126 0.408807 0.474002
0.63815 0.252755 0.395166
0.570635 0.375776 0.349069
0.293528 0.240435 0.508147
0.483809 0.224871 0.688179
0.516913 0.275353 0.705827
0.605408 0.268957 0.649941
0.393442 0.268457 0.632568
0.352821 0.287799 0.358766
0.312982 0.310284 0.555287
0.499248 0.402654 0.497265
0.513515 0.402191 0.407383
0.442542 0.393468 0.369433
0.322536 0.283215 0.38833
0.505338 0.230815 0.686956
0.527415 0.220599 0.317162
0.379354 0.367228 0.616418
0.457262 0.294683 0.693958
0.506401 0.224676 0.298484
0.300569 0.243624 0.519702
0.409032 0.264558 0.658579
0.69463 0.312525 0.47324
0.631657 0.306439 0.361359
0.486833 0.213829 0.665587
0.33994 0.289228 0.616823
0.538208 0.226332 0.671668
0.489634 0.234066 0.291334
0.5436 0.39179 0.36854
0.295149 0.217385 0.460466
0.344484 0.302873 0.362202
0.597683 0.2727 0.633735
0.669651 0.357012 0.475843
0.611274 0.264515 0.37887
0.446194 0.241945 0.310128
0.456952 0.231151 0.303333
0.680908 0.341368 0.47451
0.307714 0.286291 0.54096
0.500121 0.220773 0.671169
0.302087 0.230129 0.516063
0.695027 0.289902 0.522661
0.322974 0.307864 0.385306
0.553332 0.392383 0.591842
0.575547 0.346646 0.657389
0.682707 0.213173 0.521372
0.338028 0.257861 0.596128
0.422525 0.292582 0.30815
0.330205 0.259501 0.583969
0.58608 0.317348 0.318846
0.456396 0.244806 0.68665
0.320312 0.27821 0.39321
0.602246 0.274136 0.644336
0.354036 0.2715 0.372347
0.649072 0.277173 0.607464
0.501949 0.377569 0.337808
0.426629 0.263331 0.658084
0.611156 0.28361 0.613396
0.311742 0.28408 0.547827
0.284596 0.228964 0.475329
0.474928 0.401814 0.466304
0.549826 0.398027 0.39175
0.299059 0.229738 0.451736
0.598726 0.279873 0.661205
0.518565 0.243276 0.69091
0.644526 0.289131 0.61724
0.67117 0.231919 0.476897
0.44269 0.249661 0.67875
0.394097 0.288018 0.631498
0.587867 0.275189 0.641714
0.354335 0.387543 0.470645
0.452984 0.243186 0.683369
0.521992 0.356045 0.316691
0.501232 0.401257 0.496977
0.667478 0.264811 0.579827
0.357457 0.272433 0.593572
0.484912 0.247672 0.696692
0.506751 0.3993 0.549937
0.701351 0.264053 0.517689
0.599325 0.394714 0.51133
0.507619 0.398124 0.565272
0.648981 0.346824 0.379806
0.291745 0.272599 0.45617
0.39284 0.347414 0.334612
0.512366 0.236381 0.299519
0.620003 0.322681 0.340349
0.646941 0.285748 0.611033
0.318206 0.251301 0.421524
0.4286 0.407651 0.492659
0.496933 0.249601 0.695058
0.591182 0.273115 0.354665
0.348804 0.302002 0.36264
0.320731 0.260223 0.403707
0.298913 0.233018 0.455753
0.300874 0.233041 0.454124
0.404079 0.273174 0.657373
0.654409 0.363397 0.406818
0.556977 0.399814 0.455473
0.544636 0.238033 0.672432
0.665163 0.359898 0.479656
0.394203 0.402002 0.504622
0.470736 0.26473 0.70164
0.559333 0.264464 0.314676
0.462185 0.268752 0.290316
0.4642 0.398736 0.575879
0.638342 0.285992 0.384037
0.422543 0.272193 0.322453
0.453805 0.404722 0.412481
0.459826 0.396563 0.58644
0.362463 0.287023 0.600929
0.605888 0.388349 0.544421
0.503029 0.397378 0.568594
0.355115 0.317839 0.352171
0.640828 0.282187 0.613852
0.556345 0.294319 0.682236
0.520781 0.347059 0.310945
0.380781 0.279007 0.621024
0.360971 0.315746 0.636171
0.396406 0.288431 0.638823
0.377995 0.378063 0.37855
0.294947 0.240243 0.462659
0.639505 0.319244 0.366164
0.480469 0.332792 0.683188
0.320134 0.245608 0.439047
0.556298 0.258011 0.320705
0.673628 0.248283 0.558906
0.665112 0.267969 0.410584
0.552856 0.255951 0.319276
0.69048 0.245378 0.471228
0.324079 0.262023 0.558387
0.600685 0.278668 0.362675
0.460059 0.402965 0.492123
0.359955 0.299509 0.356077
0.5621 0.396403 0.490249
0.466717 0.401555 0.543971
0.535124 0.246453 0.674295
0.631787 0.276546 0.390281
0.642294 0.2806 0.604276
0.473777 0.337969 0.679901
0.465895 0.394908 0.378783
0.636499 0.383984 0.440722
0.681782 0.269816 0.432598
0.306798 0.306081 0.528521
0.453765 0.371539 0.640237
0.396126 0.327001 0.321263
0.524813 0.398738 0.409454
0.50597 0.397778 0.489968
0.678074 0.234059 0.4874
0.694782 0.253905 0.480812
0.447885 0.300101 0.301419
0.497696 0.298897 0.295188
0.470185 0.280853 0.699825
0.582405 0.376224 0.357501
0.638692 0.381937 0.45477
0.309565 0.306948 0.532026
0.375018 0.394785 0.429649
0.495967 0.392624 0.59228
0.656184 0.313498 0.386167
0.671464 0.245399 0.548914
0.671822 0.246703 0.431969
0.322028 0.347717 0.535119
0.469084 0.400892 0.51204
0.685376 0.243079 0.474483
0.458187 0.240459 0.680905
0.634919 0.376039 0.525914
0.385853 0.288112 0.342823
0.654248 0.329414 0.597872
0.498961 0.241077 0.305445
0.49155 0.227917 0.678596
0.566857 0.39383 0.526597
0.315336 0.269107 0.412425
0.565431 0.394204 0.516629
0.566267 0.390324 0.582098
0.496008 0.248711 0.690436
0.308076 0.33047 0.479488
0.490985 0.396882 0.479758
0.384035 0.294681 0.621315
0.696045 0.264037 0.481277
0.33056 0.275313 0.391059
0.46951 0.322767 0.301824
0.308228 0.283249 0.527156
0.327968 0.28147 0.569305
0.404849 0.404442 0.432246
0.470679 0.383578 0.352558
0.531684 0.389355 0.597828
0.644177 0.377339 0.458348
0.441642 0.405028 0.461398
0.409513 0.404806 0.495676
0.401384 0.402464 0.502342
0.382854 0.294224 0.645034
0.308571 0.320665 0.507831
0.62971 0.330032 0.356755
0.418734 0.335005 0.321068
0.646022 0.284308 0.40198
0.294535 0.265814 0.481763
0.677158 0.272855 0.430969
0.400679 0.392713 0.565355
0.502851 0.272038 0.697505
0.606944 0.349257 0.347139
0.304446 0.269458 0.504441
0.674501 0.268543 0.428465
0.551335 0.390356 0.549081
0.353501 0.302962 0.621548
0.4575 0.266518 0.299355
0.307083 0.323306 0.468324
0.640876 0.379312 0.446989
0.330006 0.34259 0.559386
0.387037 0.29518 0.337833
0.467779 0.389288 0.602519
0.340959 0.337419 0.380345
0.683094 0.28864 0.542464
0.509649 0.249336 0.307665
0.647703 0.28482 0.39932
0.640894 0.292053 0.608777
0.558885 0.393912 0.472341
0.678941 0.240813 0.498986
0.523075 0.392631 0.559437
0.501317 0.34416 0.313069
0.673701 0.247442 0.442458
0.565267 0.393946 0.487012
0.315022 0.268214 0.525977
0.314004 0.269326 0.524026
0.50786 0.396505 0.442294
0.585593 0.392634 0.518865
0.394242 0.376999 0.608879
0.339304 0.286913 0.596826
0.362074 0.297733 0.617898
0.447653 0.292544 0.68225
0.531639 0.387689 0.370704
0.383024 0.293243 0.353214
0.518408 0.392208 0.387236
0.677841 0.28087 0.434586
0.655389 0.28774 0.406482
0.346719 0.377972 0.467186
0.521574 0.387157 0.600872
0.314761 0.282977 0.422962
0.382177 0.370476 0.606871
0.350815 0.294735 0.604092
0.543383 0.34485 0.32015
0.676165 0.242986 0.510457
0.481603 0.262456 0.298659
0.584609 0.28647 0.653974
0.54386 0.389821 0.476006
0.536731 0.265364 0.31046
0.491543 0.322311 0.30348
0.436243 0.402305 0.496121
0.646582 0.329773 0.376445
0.575386 0.394809 0.465558
0.518133 0.391728 0.561
0.33303 0.276494 0.404973
0.424703 0.32829 0.31773
0.512329 0.390795 0.474437
0.34205 0.343855 0.386202
0.455761 0.370132 0.340482
0.689126 0.28609 0.460564
0.477116 0.25297 0.690639
0.587213 0.398852 0.435829
0.681051 0.292737 0.540936
0.590796 0.298071 0.337009
0.418524 0.289046 0.660434
0.590321 0.387612 0.557271
0.498912 0.308719 0.300755
0.319234 0.341684 0.48397
0.459229 0.245994 0.677398
0.311183 0.304405 0.508542
0.390563 0.299623 0.339629
0.324467 0.297643 0.402514
0.679074 0.313774 0.4436
0.464489 0.387919 0.600218
0.553849 0.387991 0.377464
0.515035 0.284774 0.689956
0.570226 0.366144 0.34872
0.379085 0.302653 0.624877
0.332648 0.316357 0.388688
0.506329 0.295407 0.689478
0.378277 0.307459 0.345848
0.593363 0.315901 0.652205
0.605725 0.312243 0.342805
0.441043 0.303509 0.310008
0.558254 0.38845 0.527268
0.340233 0.342759 0.575755
0.686211 0.292455 0.502547
0.511852 0.300849 0.6877
0.610769 0.38375 0.518869
0.681546 0.299509 0.448032
0.312481 0.267945 0.445177
0.356752 0.366999 0.571689
0.504831 0.301017 0.68842
0.322525 0.286792 0.542018
0.685945 0.262105 0.524355
0.551106 0.383232 0.365983
0.671549 0.304754 0.554336
0.481522 0.393854 0.522052
0.422113 0.314723 0.664238
0.568112 0.397561 0.435155
0.316412 0.320486 0.534735
0.442724 0.269938 0.677321
0.675731 0.24774 0.535506
0.358258 0.317497 0.367662
0.48472 0.387075 0.471119
0.554881 0.340914 0.65844
0.447907 0.311317 0.675478
0.353666 0.313712 0.607955
0.676789 0.324365 0.447099
0.607832 0.377586 0.578304
0.314836 0.273205 0.446262
0.422425 0.301409 0.324645
0.672986 0.330077 0.520793
0.595119 0.324527 0.648787
0.315465 0.305739 0.521591
0.486616 0.38967 0.50662
0.479955 0.311126 0.305255
0.470229 0.345344 0.320848
0.307236 0.274966 0.454151
0.335471 0.352173 0.542639
0.598251 0.386898 0.496762
0.434097 0.398374 0.512535
0.378877 0.309322 0.348946
0.497659 0.286488 0.689433
0.682197 0.275639 0.456584
0.309335 0.271678 0.454093
0.377028 0.323031 0.635675
0.487608 0.288546 0.301482
0.536013 0.373151 0.626141
0.413666 0.3333 0.655951
0.557864 0.386605 0.568756
0.481985 0.390212 0.455399
0.485457 0.39061 0.519662
0.598379 0.317789 0.646133
0.623819 0.299521 0.604363
0.468008 0.393752 0.542515
0.339736 0.366698 0.48719
0.353237 0.318379 0.610503
0.668911 0.34446 0.451961
0.343147 0.341074 0.573565
0.486689 0.385773 0.494649
0.36708 0.324397 0.359335
0.464967 0.284187 0.687406
0.541667 0.362995 0.638224
0.656322 0.359845 0.452258
0.353075 0.370621 0.410317
0.484851 0.337425 0.316465
0.374205 0.356244 0.368615
0.485988 0.385589 0.491717
0.527377 0.293798 0.305532
0.391121 0.310859 0.624349
0.439387 0.391322 0.386455
0.543508 0.383032 0.542652
0.557624 0.287285 0.662931
0.304455 0.286407 0.47581
0.66189 0.351804 0.445132
0.538196 0.293709 0.309948
0.653922 0.306029 0.408007
0.547461 0.33505 0.320055
0.388996 0.39111 0.518909
0.676079 0.26193 0.501023
0.465741 0.246579 0.672176
0.412505 0.309245 0.331957
0.483912 0.389506 0.547218
0.541455 0.355516 0.333507
0.320421 0.330432 0.443382
0.395448 0.319174 0.332175
0.370718 0.369131 0.383938
0.682701 0.293171 0.46779
0.50708 0.36292 0.336476
0.463188 0.376723 0.355306
0.398725 0.324533 0.648418
0.337154 0.298805 0.407559
0.565598 0.344881 0.332648
0.43828 0.328991 0.664357
0.345041 0.356332 0.547079
0.671543 0.272435 0.460054
0.678571 0.273822 0.512258
0.502179 0.333361 0.669083
0.574717 0.384713 0.500102
0.603658 0.387821 0.454862
0.425115 0.399038 0.436013
0.532465 0.378029 0.481611
0.380068 0.316972 0.60796
0.358585 0.319417 0.37675
0.633437 0.356575 0.574705
0.53423 0.379625 0.509596
0.558577 0.391612 0.435185
0.478415 0.387939 0.548808
0.483309 0.380639 0.475257
0.352426 0.337505 0.380368
0.668786 0.297566 0.548081
0.36067 0.377135 0.513614
0.585608 0.374426 0.369716
0.45648 0.389273 0.466195
0.65345 0.319178 0.575224
0.372619 0.312629 0.369745
0.401779 0.356138 0.348377
0.408557 0.398737 0.473866
0.632452 0.306481 0.592587
0.377354 0.387675 0.494831
0.524939 0.380778 0.455374
0.54026 0.379276 0.502411
0.655547 0.34122 0.405525
0.339344 0.358136 0.517481
0.638862 0.321871 0.38751
0.555395 0.382271 0.485004
0.46922 0.30079 0.684315
0.47263 0.381104 0.365987
0.583791 0.391085 0.452561
0.36581 0.363705 0.583377
0.341976 0.357112 0.426991
0.668595 0.27232 0.478532
0.472039 0.288275 0.685543
0.514678 0.33395 0.663761
0.401555 0.39524 0.476047
0.561937 0.387027 0.451178
0.557222 0.325688 0.656031
0.320537 0.298656 0.445292
0.33843 0.316715 0.405642
0.544771 0.304111 0.320252
0.529342 0.291744 0.673875
0.526098 0.308903 0.671389
0.506616 0.294193 0.315171
0.513891 0.369252 0.351202
0.628379 0.378479 0.447694
0.349164 0.36576 0.421527
0.529798 0.382044 0.435315
0.362464 0.329312 0.374254
0.481618 0.376246 0.615116
0.673701 0.306365 0.486283
0.548371 0.377798 0.481352
0.343979 0.354416 0.410904
0.517738 0.343214 0.656739
0.410962 0.39238 0.520168
0.67426 0.279889 0.494792
0.415792 0.330332 0.650318
0.478524 0.311826 0.679312
0.393546 0.324075 0.63429
0.540027 0.307965 0.316337
0.523388 0.376534 0.459083
0.548089 0.381306 0.458713
0.334487 0.332591 0.55085
0.390848 0.347752 0.351255
0.443714 0.338663 0.656525
0.452074 0.389359 0.529938
0.5494 0.387944 0.432026
0.385373 0.335728 0.622745
0.666587 0.275528 0.492822
0.64263 0.363064 0.416638
0.525419 0.334548 0.658111
0.626278 0.370575 0.475891
0.542627 0.379428 0.44916
0.360823 0.375038 0.474289
0.490778 0.339037 0.325325
0.319776 0.301561 0.455875
0.459758 0.299123 0.674683
0.489423 0.3558 0.33902
0.54641 0.385053 0.403225
0.498474 0.380994 0.587464
0.572259 0.380063 0.572832
0.371792 0.335564 0.370645
0.35959 0.374352 0.455649
0.448935 0.291014 0.668253
0.332506 0.335445 0.53901
0.344171 0.359426 0.449371
0.485587 0.373753 0.48667
0.460593 0.359334 0.343426
0.369258 0.380317 0.468292
0.670495 0.303641 0.491663
0.401868 0.382882 0.575412
0.612856 0.338078 0.364365
0.393469 0.392068 0.433672
0.407191 0.395049 0.425386
0.554673 0.383109 0.450268
0.493763 0.288303 0.679144
0.332798 0.319551 0.422553
0.471536 0.383403 0.544466
0.493583 0.264441 0.672291
0.31298 0.293106 0.477117
0.359409 0.373044 0.489982
0.615268 0.328418 0.615583
0.382342 0.343641 0.617459
0.351817 0.364293 0.487187
0.664406 0.277195 0.506628
0.451735 0.382801 0.495614
0.535766 0.332475 0.653529
0.447206 0.388697 0.44022
0.527332 0.371226 0.452488
0.513233 0.283796 0.658938
0.616561 0.322534 0.603989
0.31987 0.305838 0.490815
0.643048 0.322409 0.571556
0.441775 0.38962 0.442086
0.581858 0.377237 0.528399
0.474063 0.370539 0.478102
0.651827 0.350592 0.441653
0.495835 0.269549 0.668376
0.366866 0.37553 0.480391
0.666492 0.278875 0.515701
0.330285 0.313865 0.443443
0.581014 0.336727 0.632598
0.664223 0.279059 0.498262
0.367982 0.347031 0.591139
0.399558 0.386345 0.521172
0.407391 0.353696 0.352589
0.414899 0.346074 0.635764
0.653406 0.339715 0.530843
0.426353 0.385761 0.575808
0.36145 0.352684 0.570509
0.407917 0.382487 0.578704
0.439222 0.378768 0.601033
0.496078 0.268695 0.665694
0.384471 0.328347 0.612519
0.650422 0.349368 0.42546
0.65049 0.332067 0.549788
0.339676 0.331406 0.421525
0.495141 0.371595 0.364639
0.535028 0.36669 0.467874
0.384674 0.345447 0.373827
0.662659 0.280228 0.520133
0.580594 0.361034 0.617472
0.545576 0.334825 0.644316
0.652034 0.345973 0.447633
0.514206 0.365457 0.461025
0.325126 0.302857 0.501234
0.475587 0.373681 0.605674
0.337345 0.332208 0.53776
0.521692 0.373105 0.567602
0.358705 0.366013 0.494339
0.547599 0.313111 0.646596
0.439471 0.365862 0.359396
0.34951 0.329376 0.554475
0.6169 0.353864 0.590893
0.374058 0.375347 0.505385
0.534941 0.373369 0.385227
0.644811 0.311685 0.557418
0.508328 0.365863 0.5013
0.507653 0.366496 0.505628
0.643894 0.349067 0.499736
0.438011 0.373495 0.608464
0.511842 0.361595 0.623925
0.423911 0.332298 0.346411
0.588523 0.387866 0.413518
0.427843 0.364791 0.359179
0.658434 0.318986 0.43869
0.582684 0.375004 0.384194
0.329812 0.328883 0.519783
0.64691 0.316355 0.555546
0.607282 0.383165 0.411717
0.443585 0.381424 0.479644
0.534331 0.297084 0.649899
0.627521 0.343181 0.58376
0.325195 0.32114 0.48538
0.404596 0.325796 0.623681
0.372489 0.364438 0.550597
0.653516 0.300373 0.534722
0.418246 0.369621 0.370395
0.554812 0.337424 0.634668
0.475492 0.373369 0.380561
0.501697 0.357836 0.469421
0.483741 0.348457 0.346276
0.648565 0.334449 0.510057
0.375892 0.337891 0.591949
0.376573 0.373019 0.514397
0.651224 0.299021 0.537441
0.61276 0.372517 0.461287
0.417622 0.35394 0.6242
0.375022 0.37515 0.445104
0.391424 0.378624 0.534877
0.382457 0.374608 0.53602
0.459521 0.329976 0.653929
0.66111 0.304254 0.46857
0.405596 0.357192 0.365351
0.329467 0.313677 0.504478
0.507821 0.367402 0.37418
0.459096 0.293558 0.662118
0.654599 0.325585 0.485356
0.389053 0.364227 0.384856
0.550388 0.365767 0.607771
0.439502 0.380527 0.50473
0.61879 0.35916 0.546088
0.448465 0.37805 0.507457
0.648739 0.336304 0.494481
0.482627 0.366136 0.51778
0.503664 0.358961 0.488627
0.568352 0.37222 0.558377
0.509376 0.373066 0.42594
0.586388 0.371012 0.486681
0.54381 0.369486 0.594362
0.529175 0.360559 0.501921
0.357284 0.356897 0.466528
0.356786 0.351126 0.428085
0.651169 0.328437 0.476966
0.64325 0.318171 0.538876
0.484352 0.329657 0.653821
0.499574 0.351627 0.472218
0.594932 0.364399 0.384796
0.388294 0.375582 0.522879
0.530407 0.298377 0.640852
0.455076 0.324658 0.34082
0.556265 0.366621 0.546725
0.555339 0.369212 0.576638
0.338149 0.333243 0.497821
0.493247 0.366555 0.445114
0.579426 0.349986 0.614734
0.472566 0.280155 0.665155
0.361288 0.360039 0.477597
0.646955 0.293963 0.45341
0.464357 0.292264 0.660809
0.45514 0.357055 0.359905
0.496276 0.37171 0.396459
0.499285 0.370201 0.579478
0.332416 0.300828 0.489871
0.468634 0.372439 0.593571
0.645881 0.3271 0.419588
0.471375 0.359331 0.483824
0.376058 0.336904 0.581262
0.337186 0.324583 0.52074
0.543872 0.363348 0.540753
0.653627 0.293574 0.485477
0.628005 0.336925 0.564799
0.483179 0.365043 0.611206
0.406518 0.380687 0.521226
0.629673 0.361521 0.459717
0.505918 0.364014 0.541097
0.474294 0.366504 0.375346
0.422302 0.327727 0.622095
0.346661 0.332589 0.455631
0.463777 0.372296 0.56993
0.639196 0.306199 0.537287
0.636114 0.314216 0.542362
0.4886 0.344914 0.479119
0.420213 0.379055 0.542055
0.538302 0.351143 0.480404
0.550872 0.367166 0.389502
0.596892 0.337385 0.598256
0.499938 0.31847 0.648565
0.558952 0.352494 0.367366
0.645031 0.303484 0.448445
0.524228 0.336984 0.635008
0.393156 0.369885 0.558991
0.471461 0.328291 0.345064
0.593821 0.351203 0.377488
0.625872 0.322703 0.559914
0.343054 0.313112 0.502261
0.617627 0.358931 0.40291
0.433289 0.336259 0.631722
0.503878 0.310469 0.648709
0.465336 0.357053 0.367992
0.468072 0.315142 0.653547
0.630025 0.333024 0.545831
0.478634 0.315196 0.65615
0.646737 0.332421 0.463977
0.505759 0.321597 0.341159
0.482956 0.35257 0.500464
0.476362 0.372404 0.409027
0.516176 0.330085 0.343268
0.561305 0.320367 0.616701
0.387448 0.337414 0.590423
0.530716 0.308833 0.640436
0.397146 0.335991 0.603236
0.630358 0.334989 0.541399
0.371128 0.355763 0.508311
0.343004 0.314477 0.472037
0.567592 0.339219 0.3665
0.365111 0.331683 0.546776
0.501895 0.361002 0.565793
0.476783 0.344495 0.483359
0.544678 0.367075 0.40616
0.363075 0.350341 0.453858
0.552423 0.357045 0.464154
0.500634 0.334906 0.634925
0.465709 0.337233 0.356716
0.601572 0.357652 0.484525
0.582585 0.333521 0.60025
0.601784 0.360764 0.469999
0.506144 0.3526 0.524448
0.471372 0.357418 0.379954
0.502166 0.361673 0.570573
0.646838 0.309713 0.473794
0.548558 0.354353 0.375923
0.473836 0.363376 0.390742
0.639094 0.308028 0.509981
0.506291 0.333114 0.352352
0.541917 0.359407 0.595586
0.465071 0.324701 0.351195
0.633713 0.345773 0.461388
0.477398 0.365373 0.430777
0.5508 0.359818 0.596082
0.356229 0.338815 0.483792
0.394814 0.370531 0.463632
0.587959 0.341189 0.38013
0.455866 0.36486 0.45797
0.421862 0.379744 0.428352
0.63047 0.350392 0.419078
0.514067 0.353823 0.531453
0.545229 0.365104 0.396897
0.467162 0.366376 0.440489
0.412855 0.346134 0.606288
0.415545 0.374308 0.443223
0.356097 0.324194 0.496022
0.481041 0.334939 0.478472
0.501725 0.297977 0.635599
0.472575 0.34177 0.484364
0.4698 0.364292 0.426725
0.617636 0.350216 0.471206
0.639111 0.288885 0.514635
0.569564 0.358243 0.545462
0.539802 0.316308 0.62181
0.527262 0.350998 0.444266
0.545418 0.358073 0.446801
0.47488 0.340376 0.473756
0.551625 0.340824 0.367756
0.569509 0.35894 0.552768
0.428968 0.356003 0.609334
0.370416 0.349957 0.443997
0.617821 0.321982 0.551503
0.638547 0.310179 0.455193
0.61471 0.344235 0.52536
0.637043 0.297746 0.509786
0.615016 0.31528 0.555138
0.543423 0.356581 0.388563
0.471061 0.33912 0.36669
0.51031 0.321042 0.350734
0.422423 0.368405 0.396476
0.523644 0.348383 0.525459
0.587899 0.357579 0.535051
0.621608 0.322426 0.544133
0.426069 0.324134 0.610269
0.541647 0.353133 0.454105
0.453778 0.347708 0.620482
0.546863 0.36008 0.442777
0.469505 0.29708 0.642946
0.637163 0.277609 0.507308
0.406288 0.357426 0.587402
0.561806 0.344899 0.381837
0.565128 0.327996 0.601401
0.510584 0.341628 0.454597
0.514335 0.350186 0.560642
0.458121 0.346472 0.484022
0.496394 0.344165 0.450911
0.621063 0.317684 0.533887
0.606136 0.351329 0.468162
0.482019 0.342592 0.455423
0.627274 0.313887 0.514082
0.407018 0.346928 0.591281
0.357648 0.306827 0.477337
0.392669 0.351044 0.475409
0.475885 0.341123 0.511991
0.621866 0.332519 0.485338
0.455452 0.361913 0.438805
0.513295 0.352257 0.578909
0.542466 0.348635 0.598811
0.535249 0.344103 0.521032
0.500617 0.322677 0.625179
0.388061 0.355121 0.422864
0.576193 0.33278 0.390943
0.579594 0.351423 0.513291
0.634361 0.305068 0.468497
0.384242 0.344226 0.475276
0.541771 0.35694 0.39957
0.595395 0.314316 0.410176
0.486075 0.347035 0.537347
0.438023 0.310353 0.613089
0.503904 0.306466 0.627671
0.630092 0.306656 0.511726
0.487746 0.344644 0.614735
0.362739 0.322786 0.476814
0.465617 0.357929 0.400042
0.628708 0.318832 0.485204
0.391145 0.339084 0.480903
0.572324 0.360005 0.407238
0.453131 0.356609 0.442549
0.521077 0.333844 0.458444
0.383404 0.343614 0.518113
0.441087 0.349151 0.483272
0.594244 0.331623 0.567422
0.47121 0.338505 0.514117
0.595755 0.343284 0.499275
0.372351 0.327355 0.449075
0.551236 0.34733 0.587053
0.398777 0.35815 0.441154
0.597804 0.331361 0.407886
0.468347 0.295808 0.629825
0.578338 0.348246 0.468756
0.613911 0.32857 0.50093
0.596655 0.306989 0.562943
0.505498 0.341667 0.443849
0.479467 0.320715 0.480826
0.395903 0.354964 0.513881
0.427103 0.358508 0.496103
0.385141 0.339214 0.466016
0.411983 0.364681 0.529274
0.557392 0.34923 0.559491
0.576879 0.33381 0.586217
0.414448 0.361192 0.582507
0.498875 0.34368 0.547705
0.507876 0.324625 0.485357
0.425191 0.355094 0.48319
0.522279 0.341912 0.599732
0.438556 0.36539 0.414959
0.466959 0.326947 0.621436
0.45926 0.331871 0.37549
0.584799 0.322983 0.40454
0.627027 0.29483 0.487409
0.476664 0.303433 0.362073
0.399004 0.335045 0.471856
0.46425 0.29005 0.621886
0.388365 0.332755 0.53293
0.558696 0.350609 0.4442
0.402631 0.338607 0.470476
0.418745 0.348986 0.48332
0.407718 0.311014 0.571215
0.497402 0.305614 0.617008
0.526397 0.335801 0.445047
0.535986 0.337984 0.592233
0.621449 0.295565 0.492273
0.526048 0.337369 0.594289
0.45291 0.343831 0.396667
0.432576 0.309133 0.600135
0.480928 0.31948 0.61502
0.621733 0.300589 0.461576
0.383303 0.32758 0.465748
0.393188 0.317175 0.546639
0.402638 0.334306 0.477511
0.565602 0.327514 0.587959
0.611817 0.307832 0.535644
0.452664 0.327431 0.61087
0.408096 0.345921 0.570927
0.590895 0.359185 0.423113
0.488548 0.34299 0.410402
0.555053 0.35257 0.408549
0.621668 0.287784 0.528209
0.58972 0.319594 0.566213
0.619931 0.296269 0.481462
0.568431 0.328088 0.39584
0.530673 0.333564 0.38612
0.516367 0.329608 0.384374
0.488913 0.295805 0.366388
0.46922 0.330543 0.385217
0.62186 0.298931 0.522949
0.451279 0.32952 0.609834
0.434956 0.299936 0.598322
0.467284 0.311735 0.381204
0.499247 0.292734 0.369425
0.577067 0.345069 0.45387
0.547837 0.335436 0.453999
0.408541 0.336459 0.488236
0.489234 0.311511 0.493799
0.614081 0.291675 0.5298
0.526534 0.319305 0.4963
0.455475 0.345922 0.557607
0.569186 0.335524 0.53181
0.539842 0.339207 0.404106
0.425687 0.350642 0.580616
0.449911 0.334685 0.496151
0.573258 0.335894 0.53084
0.616857 0.2758 0.47892
0.542121 0.30555 0.599477
0.618462 0.277893 0.47277
0.558322 0.314553 0.395194
0.47728 0.281614 0.623244
0.537847 0.319042 0.480947
0.465312 0.318714 0.385308
0.485786 0.312243 0.49627
0.587839 0.3412 0.460723
0.474628 0.338333 0.584948
0.568504 0.331265 0.507115
0.587663 0.352679 0.425646
0.497228 0.325502 0.448937
0.549638 0.34023 0.446297
0.461915 0.337709 0.598269
0.473548 0.309291 0.478698
0.617068 0.257621 0.477298
0.453119 0.339583 0.453111
0.422848 0.355125 0.553176
0.502046 0.27639 0.618154
0.560668 0.328336 0.48184
0.407014 0.334067 0.520005
0.475598 0.310092 0.502246
0.413911 0.340708 0.448857
0.596025 0.307317 0.428524
0.531064 0.294824 0.601896
0.411245 0.326934 0.490606
0.588321 0.323419 0.487949
0.460735 0.338863 0.57796
0.433069 0.341908 0.517667
0.485974 0.32415 0.408233
0.485032 0.320339 0.532427
0.523038 0.320929 0.520978
0.394649 0.304387 0.494868
0.519042 0.314192 0.504411
0.476566 0.283275 0.617741
0.408421 0.335758 0.529143
0.525365 0.315062 0.503851
0.38435 0.308396 0.461375
0.592029 0.295205 0.550366
0.536556 0.316311 0.497834
0.524449 0.309521 0.490139
0.492423 0.318322 0.596321
0.51793 0.313391 0.502883
0.585893 0.293588 0.559415
0.527364 0.322529 0.397948
0.598983 0.314512 0.486869
0.386871 0.305091 0.472171
0.427288 0.3316 0.467771
0.498122 0.300706 0.484906
0.595125 0.318026 0.524312
0.569001 0.329739 0.537782
0.552161 0.318133 0.479079
0.622137 0.264568 0.516009
0.439641 0.338057 0.513715
0.472178 0.320309 0.60018
0.504555 0.307414 0.385209
0.412727 0.329385 0.449042
0.473205 0.309929 0.521021
0.527791 0.313425 0.517897
0.60099 0.275244 0.436532
0.453459 0.317735 0.593184
0.405533 0.306636 0.4953
0.456413 0.300799 0.396468
0.56846 0.315979 0.510195
0.450578 0.33497 0.575332
0.412579 0.289505 0.420995
0.459065 0.327117 0.587688
0.520818 0.27676 0.606388
0.607159 0.286548 0.44991
0.539641 0.302395 0.394046
0.545841 0.321925 0.557669
0.421374 0.335732 0.554308
0.461223 0.326083 0.413422
0.59659 0.270244 0.54579
0.532801 0.303054 0.483146
0.423211 0.326204 0.497172
0.470442 0.321261 0.410836
0.497195 0.270695 0.380366
0.593553 0.314788 0.436878
0.581271 0.288557 0.419287
0.513543 0.318152 0.552687
0.564933 0.313827 0.567327
0.58524 0.305506 0.544005
0.551873 0.322295 0.552497
0.452377 0.323723 0.455057
0.456978 0.310278 0.493318
0.494693 0.248559 0.614284
0.411238 0.323466 0.525989
0.550761 0.308778 0.579596
0.410163 0.327652 0.447736
0.592814 0.30241 0.430916
0.39855 0.290823 0.516984
0.416887 0.310481 0.508302
0.604756 0.274493 0.468259
0.603992 0.273275 0.526421
0.427139 0.291691 0.41229
0.559634 0.310749 0.528995
0.407323 0.295257 0.496238
0.603266 0.276278 0.501805
0.488536 0.299949 0.407686
0.394362 0.289071 0.474139
0.413825 0.310672 0.547673
0.527841 0.302947 0.448461
0.413621 0.312031 0.434134
0.479423 0.292896 0.511399
0.475917 0.294251 0.510254
0.387994 0.274096 0.479899
0.439866 0.302615 0.482381
0.532488 0.278803 0.59451
0.501335 0.30963 0.576648
0.533098 0.305844 0.579604
0.468491 0.315817 0.58239
0.456913 0.315483 0.535389
0.525042 0.291015 0.470374
0.492112 0.305679 0.542303
0.388215 0.282404 0.469745
0.433567 0.30396 0.479268
0.479655 0.303557 0.590461
0.506473 0.284542 0.475541
0.51523 0.308419 0.579031
0.419093 0.306743 0.474487
0.4203 0.28841 0.576946
0.424071 0.323242 0.525939
0.610969 0.255231 0.526778
0.418719 0.312544 0.506581
0.535391 0.309876 0.533445
0.476837 0.284761 0.392732
0.486852 0.252007 0.612772
0.419488 0.297488 0.503372
0.436467 0.316003 0.547729
0.58249 0.291212 0.48171
0.534472 0.290514 0.497187
0.56681 0.295977 0.503532
0.403861 0.278087 0.49779
0.611506 0.247802 0.509944
0.500396 0.288138 0.455546
0.604188 0.250974 0.532662
0.484516 0.278551 0.400124
0.542064 0.301824 0.41721
0.587328 0.284748 0.485419
0.409095 0.284265 0.509385
0.454805 0.298909 0.512538
0.575713 0.306947 0.430153
0.569023 0.306175 0.459159
0.447871 0.308042 0.528979
0.570379 0.295591 0.501166
0.401353 0.283268 0.474087
0.424156 0.295886 0.489053
0.427628 0.316114 0.552339
0.429442 0.312045 0.529673
0.591083 0.274237 0.536193
0.505961 0.266617 0.392068
0.613929 0.230564 0.505543
0.537239 0.290998 0.496733
0.455335 0.28014 0.595014
0.553059 0.279021 0.406658
0.496659 0.287732 0.588665
0.539997 0.293448 0.503007
0.474992 0.290537 0.527667
0.423511 0.30928 0.564377
0.441465 0.302665 0.505067
0.582736 0.305603 0.444065
0.588521 0.284928 0.519327
0.563574 0.286463 0.566734
0.425847 0.298054 0.433202
0.440926 0.305038 0.568616
0.45864 0.297611 0.554201
0.543386 0.282715 0.499419
0.462002 0.27709 0.498268
0.397782 0.252393 0.500071
0.479118 0.282779 0.415158
0.588611 0.264151 0.433402
0.58471 0.24424 0.566729
0.412363 0.227525 0.584233
0.509791 0.273276 0.462218
0.576977 0.280799 0.53949
0.605683 0.23989 0.460993
0.486891 0.274133 0.408794
0.447819 0.251868 0.597093
0.571354 0.285047 0.476997
0.59937 0.258587 0.458968
0.542355 0.284322 0.415228
0.544987 0.25982 0.587173
0.542343 0.280973 0.493457
0.590172 0.266312 0.488458
0.44899 0.299594 0.577548
0.448805 0.277452 0.484891
0.509628 0.287817 0.425607
0.586692 0.266541 0.432051
0.530269 0.265195 0.58813
0.406464 0.27189 0.477402
0.470792 0.265966 0.487926
0.458354 0.295742 0.546082
0.41863 0.286449 0.468118
0.423449 0.276069 0.574682
0.497976 0.26771 0.403125
0.414335 0.280838 0.559495
0.535824 0.285634 0.571219
0.489123 0.240048 0.607167
0.471175 0.268278 0.492918
0.42876 0.2894 0.562736
0.456155 0.280213 0.457222
0.572387 0.234141 0.583046
0.593306 0.254169 0.470201
0.466536 0.27615 0.418193
0.396751 0.238803 0.501323
0.545935 0.280756 0.424199
0.461781 0.287127 0.431451
0.514102 0.247993 0.39998
0.421315 0.266923 0.482473
0.445961 0.284822 0.456389
0.568285 0.28843 0.446828
0.563669 0.242377 0.58371
0.543965 0.274049 0.418488
0.572489 0.287185 0.446993
0.60639 0.228042 0.526242
0.54927 0.277232 0.561038
0.554238 0.255304 0.407029
0.579207 0.265883 0.54001
0.589256 0.226659 0.416588
0.576322 0.2693 0.493577
0.481127 0.263889 0.522862
0.481636 0.250945 0.491708
0.542282 0.279922 0.543557
0.434808 0.275509 0.496554
0.551183 0.279739 0.549999
0.467467 0.268258 0.512923
0.410232 0.260559 0.497085
0.416535 0.262795 0.566635
0.53623 0.281552 0.433538
0.49678 0.275991 0.43788
0.448692 0.285011 0.4221
0.553291 0.285648 0.428784
0.561352 0.275887 0.526022
0.459206 0.284473 0.57681
0.435713 0.281819 0.421727
0.421393 0.254823 0.483568
0.454677 0.257727 0.473434
0.474448 0.257073 0.46094
0.602161 0.228565 0.472212
0.567378 0.250523 0.415894
0.605817 0.218651 0.5075
0.431387 0.275346 0.538325
0.542053 0.218942 0.598279
0.521052 0.263759 0.438537
0.557894 0.268431 0.462272
0.407669 0.245855 0.491736
0.578981 0.251326 0.508785
0.554733 0.264337 0.525371
0.591428 0.239626 0.518808
0.438736 0.257389 0.407762
0.597814 0.225445 0.542566
0.492387 0.244879 0.49544
0.556113 0.260197 0.508516
0.518585 0.244338 0.471781
0.496695 0.244119 0.407161
0.50271 0.262452 0.427208
0.489436 0.266534 0.569111
0.541427 0.261625 0.419038
0.536571 0.250648 0.580536
0.431244 0.25631 0.411077
0.564859 0.275538 0.444748
0.44124 0.244207 0.398247
0.520452 0.238289 0.590981
0.575322 0.259214 0.529509
0.43212 0.218841 0.598104
0.436789 0.26389 0.497624
0.528841 0.250859 0.469416
0.518203 0.243942 0.482714
0.531799 0.255028 0.465577
0.572426 0.261353 0.428265
0.526726 0.267708 0.529676
0.421408 0.242888 0.480511
0.597146 0.220648 0.508716
0.463375 0.25395 0.534815
0.445736 0.252614 0.413578
0.474591 0.236489 0.499714
0.602582 0.213507 0.508025
0.435598 0.265363 0.440211
0.559965 0.248363 0.510655
0.416257 0.22405 0.578774
0.599822 0.219998 0.491551
0.427049 0.240522 0.576482
0.43969 0.266033 0.442922
0.41898 0.250801 0.536475
0.569297 0.255541 0.432528
0.420608 0.22443 0.582325
0.449949 0.261655 0.545578
0.541859 0.254466 0.563828
0.477902 0.231736 0.492524
0.558128 0.249979 0.517945
0.581834 0.226802 0.569431
0.491648 0.253029 0.548958
0.541313 0.235785 0.583375
0.489439 0.248866 0.532803
0.600369 0.212625 0.5422
0.40692 0.229327 0.42906
0.483355 0.227036 0.404791
0.406918 0.236621 0.551226
0.44761 0.233067 0.397389
0.502285 0.213609 0.601525
0.487259 0.242179 0.461353
0.460852 0.242913 0.496182
0.436418 0.248739 0.487503
0.527763 0.23614 0.479946
0.448606 0.257994 0.524934
0.42686 0.232243 0.581953
0.584947 0.234476 0.518593
0.429893 0.213244 0.39513
0.59431 0.214507 0.521857
0.552239 0.211344 0.593947
0.452756 0.238755 0.416572
0.597121 0.213298 0.48426
0.591012 0.216853 0.510258
0.522922 0.243328 0.554059
0.44133 0.235634 0.481561
0.415423 0.22404 0.418415
0.506701 0.225495 0.468872
0.591118 0.209688 0.418097
0.448437 0.242445 0.515864
0.394207 0.206551 0.479263
0.60919 0.192454 0.529544
0.488593 0.242304 0.562397
0.452306 0.247368 0.566923
0.482009 0.221459 0.493955
0.465976 0.209608 0.394061
0.488916 0.239838 0.442094
0.492939 0.213397 0.595705
0.431128 0.235845 0.480231
0.552695 0.238667 0.417391
0.562906 0.244293 0.461274
0.592247 0.204228 0.575237
0.602455 0.203627 0.535181
0.489787 0.221977 0.491369
0.582403 0.230017 0.449861
0.560825 0.236597 0.484377
0.463747 0.242408 0.572368
0.57962 0.222694 0.420651
0.396887 0.215573 0.545593
0.520326 0.242305 0.535695
0.49125 0.240022 0.545793
0.419307 0.236484 0.453667
0.539906 0.246529 0.436583
0.466909 0.244057 0.434231
0.422415 0.227849 0.52312
0.588222 0.212314 0.53712
0.444368 0.232819 0.456798
0.459918 0.224856 0.419921
0.489297 0.212814 0.471875
0.578389 0.218138 0.512764
0.403962 0.211525 0.460991
0.534261 0.231815 0.439364
0.409039 0.216582 0.455378
0.426125 0.230992 0.449621
0.562421 0.233801 0.455685
0.458583 0.208522 0.595096
0.584093 0.21083 0.422661
0.426516 0.23218 0.438405
0.56676 0.225979 0.516894
0.452959 0.216559 0.586841
0.416144 0.214953 0.416884
0.455606 0.226918 0.514016
0.430546 0.231341 0.566353
0.389514 0.181463 0.596485
0.582802 0.208794 0.414671
0.569452 0.231647 0.454904
0.418146 0.194686 0.596609
0.594517 0.196222 0.403979
0.588966 0.210903 0.455395
0.492069 0.21616 0.58279
0.545169 0.231699 0.535992
0.460434 0.227909 0.574193
0.4158 0.22395 0.535325
0.471557 0.214107 0.58726
0.542825 0.209663 0.395034
0.39395 0.187625 0.588816
0.456183 0.191066 0.610722
0.601375 0.187792 0.583811
0.45597 0.222891 0.498042
0.56938 0.230488 0.540219
0.423414 0.217536 0.441084
0.584277 0.207778 0.556982
0.541539 0.21618 0.518809
0.468157 0.212262 0.422628
0.387814 0.19073 0.454974
0.565858 0.215544 0.516348
0.496214 0.205484 0.582796
0.421259 0.200285 0.398628
0.405532 0.202132 0.491825
0.554607 0.220134 0.425085
0.522411 0.20702 0.491559
0.463026 0.215752 0.454617
0.563192 0.220765 0.564566
0.457782 0.220303 0.551196
0.422377 0.210693 0.489755
0.451252 0.183712 0.612964
0.555188 0.222074 0.543413
0.445016 0.214536 0.417502
0.58036 0.206829 0.47934
0.507483 0.181995 0.611739
0.52494 0.218102 0.557983
0.582351 0.205068 0.488098
0.485141 0.211296 0.523535
0.592683 0.197911 0.434126
0.570543 0.213509 0.57138
0.492834 0.211615 0.452432
0.511684 0.21285 0.424742
0.572918 0.216755 0.445383
0.59141 0.197106 0.505402
0.570692 0.216671 0.531769
0.48403 0.210149 0.457267
0.482606 0.214558 0.430659
0.416488 0.211357 0.452674
0.580019 0.20649 0.510127
0.57935 0.212812 0.552231
0.458342 0.215719 0.457828
0.421546 0.204696 0.435285
0.506764 0.173091 0.617581
0.53065 0.181217 0.608641
0.528608 0.19559 0.584275
0.50182 0.204704 0.552745
0.563446 0.205662 0.518495
0.499863 0.191472 0.472574
0.422853 0.204695 0.528048
0.504539 0.200513 0.420344
0.599357 0.185845 0.454992
0.532107 0.19312 0.5891
0.543008 0.191121 0.594684
0.423429 0.199896 0.57486
0.444491 0.209687 0.443464
0.400972 0.19274 0.458605
0.508164 0.185911 0.600304
0.394086 0.189403 0.405249
0.582762 0.174557 0.614622
0.391139 0.188946 0.533346
0.605427 0.182585 0.566988
0.508062 0.197285 0.457971
0.417914 0.202063 0.519179
0.424951 0.203739 0.424297
0.43343 0.194163 0.396111
0.550409 0.191921 0.594526
0.416847 0.197631 0.414529
0.484937 0.186402 0.601978
0.484752 0.193047 0.467248
0.512406 0.204832 0.562855
0.414704 0.174188 0.614431
0.505621 0.200167 0.449411
0.615022 0.175712 0.441212
0.424324 0.205381 0.447987
0.486856 0.200241 0.576799
0.415909 0.200986 0.516711
0.504505 0.20102 0.44679
0.415603 0.189352 0.507517
0.402218 0.187236 0.551106
0.613677 0.174655 0.398992
0.551816 0.198798 0.56281
0.382542 0.175669 0.509603
0.563832 0.195089 0.520454
0.428666 0.18544 0.589096
0.575809 0.191324 0.422153
0.46575 0.195093 0.548773
0.622779 0.167661 0.37932
0.381424 0.175373 0.466807
0.424021 0.191649 0.416742
0.519318 0.191547 0.422465
0.591973 0.185183 0.553471
0.469602 0.17755 0.607929
0.530453 0.191979 0.51461
0.490446 0.184976 0.5893
0.477142 0.174453 0.6128
0.405537 0.185365 0.399027
0.408111 0.186059 0.401933
0.503965 0.188989 0.579037
0.437222 0.174394 0.613945
0.55161 0.196447 0.536189
0.450525 0.191384 0.462083
0.471001 0.191039 0.525068
0.536637 0.186248 0.393518
0.394219 0.182042 0.502861
0.454914 0.186895 0.474069
0.487958 0.187494 0.583969
0.593719 0.181103 0.480478
0.439709 0.179403 0.604754
0.580351 0.189993 0.446139
0.499806 0.178672 0.603743
0.614909 0.172813 0.441205
0.509264 0.186808 0.501228
0.607109 0.172974 0.517773
0.412278 0.17868 0.49261
0.528787 0.180925 0.508365
0.55749 0.183972 0.503049
0.590491 0.177867 0.548507
0.391324 0.176793 0.448791
0.551414 0.184732 0.526839
0.450737 0.170652 0.612034
0.61615 0.165929 0.499999
0.419635 0.180382 0.490792
0.537215 0.183802 0.531931
0.423002 0.176113 0.38321
0.538369 0.184934 0.549019
0.609405 0.171313 0.432634
0.54724 0.187112 0.566262
0.382449 0.170871 0.475457
0.55512 0.185267 0.454222
0.513626 0.179975 0.449289
0.598004 0.172917 0.491039
0.585101 0.177662 0.398485
0.567306 0.183805 0.472612
0.431126 0.176318 0.383016
0.467768 0.178212 0.505876
0.529797 0.179414 0.582902
0.466143 0.185668 0.56382
0.611112 0.167825 0.593274
0.43299 0.182265 0.480073
0.505669 0.180173 0.514744
0.550285 0.18401 0.578269
0.41165 0.181212 0.569742
0.408187 0.179725 0.536015
0.534676 0.177449 0.590675
0.405971 0.177833 0.508842
0.542212 0.178544 0.590121
0.468827 0.17673 0.45899
0.511321 0.182977 0.558104
0.579708 0.17953 0.490001
0.408107 0.171087 0.389959
0.530574 0.173591 0.529986
0.424731 0.171673 0.58577
0.608881 0.166253 0.557068
0.524896 0.174458 0.430418
0.541663 0.174471 0.533265
0.557089 0.173863 0.498078
0.476344 0.167327 0.456555
0.417451 0.173116 0.536715
0.442615 0.173115 0.508088
0.374805 0.167117 0.428957
0.552592 0.170637 0.385126
0.588599 0.164663 0.614576
0.590553 0.170575 0.450423
0.47077 0.172842 0.435906
0.560607 0.173817 0.475111
0.434116 0.166863 0.61053
0.591685 0.166279 0.375342
0.509606 0.173329 0.546049
0.452916 0.168296 0.480079
0.615214 0.164234 0.554702
0.476538 0.174729 0.551876
0.619869 0.162124 0.49707
0.460134 0.166737 0.60602
0.59799 0.167767 0.487525
0.434749 0.173082 0.582377
0.464769 0.166436 0.375362
0.438372 0.175476 0.433186
0.60967 0.164457 0.537566
0.518744 0.16823 0.485871
0.464555 0.172332 0.409384
0.505491 0.173124 0.573842
0.502177 0.171757 0.411228
0.432259 0.161724 0.626213
0.405939 0.166809 0.374068
0.450218 0.16638 0.374085
0.402476 0.159709 0.366545
0.409453 0.163086 0.481367
0.632059 0.157117 0.43885
0.380579 0.161509 0.541454
0.540997 0.156107 0.631616
0.530236 0.165138 0.540331
0.590019 0.162792 0.514736
0.510037 0.164965 0.548223
0.63674 0.156169 0.470689
0.622446 0.159426 0.403783
0.419118 0.161215 0.608951
0.421091 0.165343 0.533959
0.415111 0.155903 0.635338
0.541784 0.164126 0.45723
0.375463 0.161828 0.557292
0.592995 0.163389 0.404871
0.457761 0.162328 0.45798
0.458062 0.163653 0.510992
0.444297 0.166101 0.550519
0.636451 0.155561 0.56245
0.536919 0.159911 0.613841
0.511079 0.165041 0.436408
0.595626 0.162579 0.543397
0.477116 0.160792 0.456383
0.487515 0.165733 0.559668
0.582072 0.165189 0.414379
0.590133 0.163193 0.385138
0.543086 0.165981 0.547761
0.527324 0.1648 0.52449
0.582309 0.1652 0.547013
0.574159 0.164983 0.386208
0.579231 0.16368 0.379694
0.550251 0.164215 0.39285
0.53766 0.161292 0.377282
0.404764 0.165092 0.431136
0.418881 0.161216 0.608841
0.398608 0.153766 0.629842
0.558326 0.158282 0.427108
0.573354 0.158227 0.560757
0.415792 0.156939 0.523659
0.556256 0.158039 0.564604
0.517133 0.157221 0.547321
0.627631 0.153455 0.533428
0.547519 0.154581 0.364881
0.590479 0.156932 0.398429
0.532863 0.15758 0.574682
0.466516 0.15639 0.520126
0.557628 0.157907 0.413914
0.511564 0.154241 0.368144
0.489657 0.154842 0.4648
0.557979 0.157765 0.408673
0.627848 0.154089 0.611682
0.484629 0.157553 0.574513
0.59664 0.15582 0.373007
0.369909 0.155403 0.557129
0.549713 0.154894 0.366502
0.453216 0.156779 0.391777
0.55089 0.156678 0.59137
0.573628 0.156914 0.594518
0.497003 0.157377 0.576376
0.362399 0.151548 0.641745
0.462688 0.156079 0.510592
0.442057 0.156926 0.394633
0.376826 0.156686 0.391838
0.438433 0.156899 0.508969
0.366575 0.153616 0.61802
0.409713 0.154225 0.36084
0.373425 0.155626 0.450706
0.604798 0.15532 0.371751
0.367535 0.155412 0.392738
0.400408 0.156054 0.49081
0.382423 0.156902 0.579666
0.39445 0.15 0.518105
0.561594 0.15 0.44682
0.416936 0.15 0.360456
0.424416 0.15 0.530621
0.422686 0.15 0.549683
0.503502 0.15 0.554526
0.463483 0.15 0.402095
0.384938 0.15 0.604845
0.596348 0.15 0.448706
0.419454 0.15 0.548355
0.414281 0.15 0.580583
0.573661 0.15 0.515853
0.483021 0.15 0.576069
0.535821 0.15 0.622314
0.368174 0.15 0.356784
0.635607 0.15 0.645331
0.3873 0.15 0.469132
0.586927 0.15 0.533926
0.570978 0.15 0.43826
0.413485 0.15 0.369492
0.367579 0.15 0.591414
0.566291 0.15 0.350705
0.375965 0.15 0.497468
0.492534 0.15 0.624401
0.640368 0.15 0.519588
0.46525 0.15 0.634161
0.392033 0.15 0.527755
0.533001 0.15 0.50862
0.372001 0.15 0.468226
0.499171 0.15 0.561237
0.619146 0.15 0.436648
0.490034 0.15 0.523498
0.558087 0.15 0.451791
0.621114 0.15 0.583375
0.57139 0.15 0.576728
0.521117 0.15 0.450903
