2808 0.012625
0.380366 0.397228 0.384947
0.458455 0.316487 0.337453
0.477297 0.234346 0.344408
0.490904 0.233746 0.354384
0.500921 0.264206 0.353487
0.527117 0.337568 0.343751
0.344302 0.334127 0.454506
0.394539 0.309143 0.390277
0.433974 0.272143 0.311343
0.50012 0.238566 0.287024
0.555942 0.285387 0.334444
0.589239 0.337849 0.401998
0.330231 0.293343 0.473523
0.314588 0.259831 0.433079
0.369235 0.467016 0.359001
0.509718 0.484264 0.340269
0.663863 0.440922 0.379491
0.67127 0.239651 0.443565
0.341609 0.260822 0.483081
0.297742 0.250108 0.506517
0.370763 0.501752 0.505162
0.520396 0.508227 0.503352
0.684238 0.449995 0.51327
0.688925 0.205281 0.501932
0.3473 0.292724 0.498016
0.355971 0.279356 0.551725
0.377764 0.390966 0.675133
0.501847 0.431027 0.697945
0.639543 0.387575 0.64459
0.657242 0.223709 0.540511
0.360722 0.363769 0.552541
0.416148 0.351117 0.580821
0.452272 0.25635 0.648826
0.496491 0.220368 0.685025
0.54605 0.238137 0.66957
0.587795 0.309683 0.576786
0.402822 0.359615 0.4045
0.36455 0.366169 0.550489
0.307107 0.220979 0.503933
0.666623 0.464244 0.499069
0.421632 0.301549 0.689543
0.508305 0.23847 0.360372
0.377093 0.341851 0.531842
0.37301 0.383996 0.566031
0.65984 0.272221 0.488645
0.478733 0.1923 0.361069
0.591614 0.361063 0.589908
0.599983 0.281336 0.582302
0.510411 0.258355 0.718731
0.51005 0.505434 0.569486
0.701251 0.430689 0.448813
0.662024 0.284416 0.480627
0.353312 0.239154 0.506699
0.415803 0.388189 0.365453
0.517305 0.218239 0.663528
0.409937 0.359343 0.567577
0.399753 0.29047 0.581977
0.361019 0.371958 0.66618
0.35573 0.267038 0.507119
0.550174 0.394071 0.709353
0.410101 0.369296 0.618037
0.634077 0.247697 0.522755
0.571153 0.486641 0.596395
0.445318 0.247825 0.65847
0.614406 0.296746 0.547709
0.436539 0.511613 0.503446
0.486476 0.214295 0.651105
0.632702 0.262686 0.534177
0.642601 0.480247 0.465862
0.624675 0.315249 0.539229
0.50654 0.21833 0.675119
0.34969 0.306175 0.455166
0.379403 0.325535 0.532187
0.330555 0.236894 0.446464
0.615155 0.275628 0.596518
0.659064 0.245753 0.439667
0.420687 0.490281 0.36801
0.508493 0.232574 0.360448
0.474167 0.22162 0.68583
0.480908 0.235737 0.647826
0.627599 0.476712 0.557687
0.539581 0.506925 0.501848
0.515175 0.276622 0.643212
0.609616 0.294011 0.363786
0.464861 0.510109 0.448145
0.698104 0.228492 0.535167
0.334587 0.365265 0.637045
0.352436 0.287029 0.551015
0.635876 0.257271 0.446805
0.422111 0.366227 0.61844
0.635353 0.281637 0.604189
0.452604 0.505222 0.400718
0.409295 0.344205 0.565632
0.520368 0.509199 0.450192
0.375153 0.273626 0.580919
0.63258 0.291824 0.376966
0.419246 0.474537 0.340643
0.349736 0.264648 0.49266
0.620957 0.266129 0.575169
0.393141 0.387987 0.574521
0.51241 0.278238 0.651744
0.659825 0.218626 0.47359
0.618186 0.307853 0.421622
0.532543 0.246697 0.710013
0.425953 0.274814 0.652248
0.355184 0.259115 0.505041
0.430769 0.281034 0.687495
0.592781 0.309734 0.572152
0.333937 0.183448 0.466309
0.324721 0.186216 0.463865
0.456508 0.266066 0.342019
0.661932 0.209619 0.455972
0.649007 0.216284 0.460272
0.508331 0.208181 0.353772
0.67613 0.214913 0.457327
0.628402 0.265831 0.549317
0.57174 0.296301 0.69075
0.303827 0.208394 0.458607
0.507186 0.218236 0.299836
0.694334 0.255579 0.546707
0.439839 0.253381 0.315035
0.595643 0.344252 0.424818
0.651267 0.473115 0.511509
0.390405 0.281978 0.573197
0.517938 0.222393 0.689378
0.319204 0.188502 0.491542
0.460112 0.464813 0.313402
0.663339 0.24999 0.483508
0.667903 0.192976 0.493742
0.555396 0.478727 0.624147
0.529275 0.503734 0.402944
0.723208 0.308032 0.445874
0.463388 0.285454 0.637957
0.388563 0.395027 0.389515
0.587977 0.307484 0.310208
0.59892 0.384259 0.302457
0.4839 0.218398 0.681504
0.450366 0.243581 0.296329
0.557062 0.504463 0.505359
0.59054 0.376335 0.403283
0.455426 0.310891 0.346071
0.656718 0.206167 0.463471
0.580393 0.378205 0.398107
0.358542 0.488788 0.410782
0.406161 0.363127 0.622513
0.319994 0.180182 0.483377
0.704875 0.417455 0.433049
0.656852 0.225947 0.469619
0.482872 0.304662 0.258621
0.505636 0.194546 0.341638
0.455714 0.316612 0.634006
0.308396 0.435943 0.573687
0.509976 0.235482 0.644183
0.65923 0.285273 0.39224
0.396016 0.478018 0.357484
0.528139 0.298413 0.632875
0.429262 0.321725 0.604873
0.340216 0.235508 0.518077
0.661085 0.286546 0.477657
0.420531 0.341209 0.591698
0.261949 0.358651 0.502952
0.407486 0.38993 0.381828
0.41506 0.367952 0.602272
0.512184 0.509955 0.45814
0.541528 0.269348 0.30193
0.532689 0.246934 0.709609
0.531465 0.335263 0.359654
0.72481 0.35323 0.543531
0.261371 0.364435 0.495813
0.344638 0.244289 0.478459
0.489529 0.391225 0.720066
0.36045 0.268045 0.558188
0.34575 0.293034 0.6011
0.535686 0.311913 0.632347
0.401363 0.29257 0.606693
0.429495 0.40228 0.282749
0.659554 0.282933 0.475748
0.528015 0.315552 0.653387
0.554032 0.447775 0.311296
0.529514 0.301852 0.633781
0.327515 0.23396 0.52113
0.319141 0.210285 0.504322
0.365655 0.264678 0.557394
0.661875 0.272653 0.47746
0.348732 0.33038 0.451844
0.498563 0.189381 0.332271
0.731157 0.30768 0.487451
0.712056 0.288507 0.442803
0.523142 0.237566 0.322947
0.437922 0.27886 0.294887
0.297546 0.27611 0.520697
0.651946 0.258588 0.435311
0.320097 0.247449 0.525248
0.407532 0.297597 0.3547
0.432603 0.285095 0.299783
0.43329 0.358801 0.626404
0.605721 0.340146 0.431981
0.351386 0.242051 0.493107
0.69578 0.21402 0.502876
0.346324 0.235587 0.481624
0.450784 0.271712 0.64059
0.508308 0.264184 0.653056
0.363894 0.276611 0.563253
0.638923 0.342967 0.643745
0.457788 0.275481 0.342742
0.374465 0.372993 0.553136
0.438526 0.258507 0.313461
0.52142 0.258886 0.337679
0.35417 0.218908 0.490763
0.398772 0.287835 0.64474
0.586861 0.37084 0.407541
0.697014 0.214718 0.515241
0.676455 0.216387 0.537799
0.632759 0.429572 0.629506
0.32877 0.270775 0.537807
0.290124 0.437764 0.506251
0.36224 0.282843 0.427103
0.332418 0.237242 0.522968
0.502964 0.217474 0.357601
0.34006 0.252705 0.473971
0.507323 0.201406 0.320674
0.488167 0.188138 0.321883
0.455252 0.318094 0.342318
0.370994 0.294699 0.383499
0.604788 0.407104 0.310237
0.604979 0.362618 0.422758
0.350645 0.30386 0.511566
0.650267 0.206981 0.524253
0.344446 0.25841 0.466086
0.426762 0.357119 0.711985
0.508667 0.254988 0.355275
0.461695 0.270024 0.340936
0.560596 0.281321 0.694887
0.624266 0.317145 0.44942
0.496975 0.191345 0.325071
0.569417 0.502406 0.509557
0.353457 0.211235 0.490269
0.546223 0.280849 0.332661
0.510599 0.495728 0.363893
0.546982 0.240193 0.666376
0.338433 0.265165 0.541777
0.346615 0.239176 0.457351
0.329699 0.282419 0.546829
0.267064 0.31657 0.507032
0.695182 0.221126 0.468603
0.705859 0.258004 0.530282
0.675279 0.418494 0.374495
0.401551 0.291182 0.588909
0.516667 0.228007 0.64901
0.503695 0.415306 0.276779
0.53282 0.250606 0.643165
0.519044 0.28267 0.353741
0.403447 0.37168 0.567375
0.446373 0.308894 0.34872
0.349564 0.322379 0.373743
0.380434 0.295792 0.369891
0.54311 0.338869 0.721267
0.486107 0.189181 0.319201
0.493508 0.203152 0.35588
0.538432 0.388969 0.267444
0.26979 0.348844 0.449514
0.32154 0.20005 0.499228
0.666948 0.329651 0.606814
0.528339 0.304706 0.356357
0.568947 0.345165 0.589609
0.63895 0.338817 0.640364
0.370114 0.373132 0.309212
0.426185 0.475802 0.339726
0.48212 0.482427 0.33326
0.395581 0.383396 0.402837
0.510688 0.243272 0.643685
0.533993 0.32856 0.363335
0.65421 0.23572 0.501241
0.551469 0.302204 0.610845
0.640931 0.47933 0.420615
0.686997 0.211683 0.472443
0.482231 0.21225 0.352866
0.399615 0.318733 0.389618
0.462505 0.234333 0.691518
0.649182 0.23029 0.500743
0.612903 0.479592 0.569958
0.301783 0.448207 0.444671
0.342316 0.242064 0.517419
0.617402 0.303224 0.539604
0.413148 0.327417 0.299254
0.522446 0.230168 0.305737
0.536036 0.27601 0.716951
0.563706 0.383364 0.706516
0.313963 0.188061 0.48585
0.39791 0.311215 0.379779
0.707144 0.367863 0.568775
0.376457 0.301411 0.348748
0.34229 0.254209 0.528289
0.473427 0.194016 0.31242
0.641193 0.214261 0.502595
0.609437 0.360058 0.425692
0.305183 0.389803 0.590422
0.731806 0.352121 0.454238
0.507034 0.222528 0.680613
0.694134 0.217014 0.477156
0.659624 0.231778 0.548185
0.62256 0.304649 0.423989
0.532292 0.267229 0.330491
0.445566 0.508561 0.437498
0.417322 0.361328 0.6215
0.647687 0.232254 0.506107
0.363376 0.499127 0.521256
0.469609 0.191156 0.333163
0.639418 0.319323 0.351965
0.571526 0.343913 0.403755
0.582518 0.375859 0.39936
0.687332 0.205687 0.517915
0.38701 0.491467 0.594322
0.307533 0.280409 0.529851
0.355665 0.330579 0.352547
0.498248 0.256181 0.654355
0.444485 0.509143 0.444756
0.601502 0.31064 0.381651
0.531381 0.280827 0.63081
0.46532 0.201418 0.339801
0.298345 0.268625 0.511153
0.464504 0.238598 0.703072
0.451652 0.319177 0.346147
0.343796 0.24034 0.455945
0.399461 0.330476 0.402942
0.319508 0.391106 0.612672
0.441069 0.255905 0.651023
0.486105 0.20008 0.352964
0.33489 0.25446 0.437555
0.471314 0.200353 0.308957
0.322751 0.439103 0.597829
0.443826 0.252266 0.306155
0.638531 0.250302 0.528697
0.579209 0.293785 0.595455
0.410349 0.296763 0.60166
0.565562 0.26013 0.628187
0.712843 0.353515 0.413709
0.356884 0.288889 0.40639
0.292168 0.406377 0.405698
0.557068 0.367747 0.71519
0.6585 0.243898 0.498208
0.331129 0.204177 0.502449
0.476194 0.500704 0.371687
0.648611 0.421793 0.620169
0.632603 0.399257 0.329072
0.391913 0.367423 0.556326
0.433824 0.358615 0.363815
0.362576 0.352611 0.437855
0.506882 0.257604 0.654737
0.262517 0.382047 0.47268
0.520129 0.507898 0.444994
0.460762 0.243828 0.337558
0.311049 0.284444 0.54515
0.459951 0.234043 0.326694
0.357526 0.294251 0.385535
0.381533 0.350243 0.423562
0.598466 0.309459 0.569138
0.514219 0.483386 0.632606
0.603603 0.345235 0.559375
0.567057 0.323807 0.59275
0.425027 0.369228 0.37188
0.699353 0.224669 0.480062
0.339359 0.258643 0.431957
0.505415 0.249312 0.654973
0.45265 0.313674 0.342686
0.450226 0.240645 0.307237
0.427086 0.436006 0.681777
0.503426 0.508077 0.501352
0.732721 0.331208 0.490922
0.514502 0.509433 0.478568
0.469643 0.509866 0.489435
0.268448 0.336253 0.456823
0.349495 0.197475 0.474474
0.65019 0.239557 0.461187
0.619597 0.30447 0.54103
0.684346 0.45097 0.479531
0.402809 0.365877 0.608297
0.504921 0.199284 0.336172
0.296294 0.279589 0.435044
0.468053 0.277835 0.644304
0.413943 0.510834 0.49384
0.282107 0.28082 0.447097
0.343877 0.276175 0.460525
0.323458 0.221318 0.508343
0.361132 0.294208 0.391217
0.603219 0.284749 0.580443
0.661581 0.242023 0.491813
0.650178 0.473217 0.50889
0.683291 0.204849 0.507779
0.5243 0.467359 0.322005
0.548508 0.277377 0.29499
0.35287 0.487362 0.415904
0.366212 0.337802 0.532761
0.643726 0.234193 0.527471
0.624636 0.329271 0.443899
0.604886 0.278839 0.600896
0.345085 0.263763 0.533153
0.697989 0.222129 0.50998
0.577663 0.489284 0.5771
0.509564 0.26602 0.65741
0.51685 0.279752 0.652938
0.423502 0.289463 0.319101
0.613591 0.324284 0.405701
0.657956 0.219404 0.462301
0.675094 0.323639 0.591898
0.316567 0.205561 0.458562
0.337708 0.327085 0.609235
0.398152 0.290788 0.636794
0.607775 0.349794 0.427748
0.391909 0.343598 0.549385
0.344646 0.382497 0.647772
0.691904 0.431105 0.545793
0.696865 0.261684 0.542195
0.532346 0.489285 0.616742
0.553228 0.320539 0.611562
0.544469 0.315985 0.625739
0.365523 0.304374 0.431443
0.293086 0.391554 0.571951
0.463786 0.253619 0.654346
0.353037 0.286316 0.521657
0.397531 0.345613 0.555643
0.616301 0.322388 0.412232
0.531056 0.288335 0.633725
0.426307 0.338687 0.607287
0.625269 0.487115 0.431547
0.612706 0.348115 0.431153
0.364718 0.498019 0.460644
0.684471 0.325514 0.58174
0.551765 0.342381 0.382133
0.691929 0.28965 0.432347
0.572835 0.502859 0.449426
0.295061 0.350076 0.405384
0.335572 0.260705 0.433776
0.689094 0.226198 0.534978
0.383391 0.380522 0.577833
0.515405 0.280756 0.66069
0.430998 0.314895 0.613932
0.394448 0.290527 0.343502
0.382996 0.291793 0.615894
0.4568 0.235679 0.298639
0.566326 0.265361 0.634189
0.654301 0.333762 0.353878
0.398315 0.379492 0.578242
0.442677 0.256074 0.309464
0.606287 0.294508 0.572217
0.297415 0.368786 0.391877
0.644988 0.475203 0.517344
0.66975 0.390425 0.605131
0.470413 0.308973 0.259419
0.488538 0.262475 0.278772
0.585241 0.493955 0.547249
0.483036 0.210368 0.344344
0.57892 0.278373 0.609091
0.390526 0.296426 0.648204
0.680618 0.446968 0.539969
0.381998 0.368296 0.556832
0.344327 0.195243 0.472685
0.671436 0.21335 0.530815
0.634404 0.483124 0.443855
0.700307 0.345575 0.395079
0.454086 0.353964 0.261815
0.486212 0.217032 0.659357
0.348997 0.296101 0.514298
0.409003 0.363699 0.5922
0.706292 0.39982 0.419971
0.499553 0.243237 0.346481
0.368629 0.282791 0.565313
0.533087 0.249749 0.648572
0.408191 0.360606 0.604008
0.563531 0.3545 0.391717
0.547126 0.282524 0.323625
0.608432 0.290678 0.574232
0.269574 0.373083 0.525513
0.390936 0.290876 0.350135
0.557568 0.281486 0.696284
0.603679 0.292632 0.355697
0.476711 0.261522 0.653468
0.649369 0.249975 0.556539
0.591216 0.280195 0.605063
0.279673 0.373779 0.556943
0.714999 0.275228 0.503323
0.550454 0.484803 0.358048
0.374642 0.292741 0.617686
0.552646 0.307972 0.613018
0.396606 0.292206 0.641316
0.508497 0.219989 0.312574
0.716367 0.391941 0.436952
0.692202 0.427959 0.548758
0.540492 0.262584 0.640722
0.51339 0.505662 0.519636
0.692807 0.220368 0.524118
0.273454 0.313309 0.453362
0.403511 0.296867 0.666647
0.658274 0.223319 0.49655
0.662727 0.19627 0.511377
0.494014 0.506534 0.41223
0.280843 0.284727 0.448439
0.639289 0.277605 0.531555
0.483139 0.193657 0.343396
0.543078 0.297227 0.624037
0.42687 0.403671 0.696883
0.552717 0.255218 0.653597
0.342575 0.227242 0.496792
0.554508 0.500314 0.537469
0.313324 0.245211 0.510331
0.605288 0.345992 0.412158
0.293994 0.225684 0.483725
0.611779 0.301761 0.560879
0.705479 0.249956 0.487699
0.376643 0.301011 0.374213
0.339422 0.207511 0.465778
0.449874 0.300946 0.338388
0.445778 0.265998 0.296142
0.479711 0.503449 0.587694
0.50199 0.224827 0.343924
0.442536 0.304587 0.631486
0.590268 0.315096 0.312725
0.548739 0.254166 0.649844
0.610571 0.473571 0.587398
0.542657 0.341372 0.363264
0.668322 0.252482 0.485044
0.514703 0.475022 0.644224
0.484155 0.249817 0.65129
0.286301 0.341404 0.564989
0.50127 0.504328 0.567967
0.519356 0.418279 0.70418
0.358398 0.295178 0.398994
0.279147 0.320659 0.547548
0.295905 0.384246 0.395554
0.595046 0.345838 0.572375
0.51184 0.267255 0.343159
0.36091 0.342388 0.542768
0.334635 0.264651 0.465114
0.475073 0.505982 0.563654
0.319995 0.268833 0.433447
0.384601 0.296503 0.342519
0.436091 0.336826 0.625296
0.55988 0.502548 0.502069
0.521267 0.230247 0.694756
0.379862 0.354117 0.420331
0.400826 0.366391 0.576946
0.483919 0.228334 0.680117
0.477861 0.505362 0.566805
0.346244 0.31617 0.523833
0.357576 0.386197 0.323612
0.374671 0.302554 0.37535
0.5692 0.27759 0.635605
0.688371 0.218103 0.513984
0.364878 0.288771 0.572319
0.511293 0.474192 0.328607
0.664683 0.233074 0.494921
0.56139 0.303589 0.360151
0.315098 0.250203 0.511988
0.419672 0.499647 0.397419
0.635846 0.280362 0.442279
0.651545 0.233244 0.518205
0.444136 0.303365 0.276167
0.33527 0.237716 0.508943
0.494298 0.506858 0.424057
0.453992 0.246298 0.671936
0.485122 0.206747 0.308395
0.515476 0.236384 0.321133
0.628107 0.311017 0.632422
0.423531 0.289126 0.637456
0.546469 0.34599 0.365762
0.499567 0.231199 0.688547
0.406996 0.482941 0.626098
0.604179 0.293074 0.58054
0.673458 0.232097 0.45859
0.453925 0.282577 0.331903
0.539904 0.302111 0.635543
0.361692 0.290479 0.41578
0.571575 0.475728 0.616062
0.399372 0.365774 0.596258
0.366526 0.349481 0.549183
0.479389 0.507845 0.442627
0.299206 0.231558 0.490799
0.488962 0.241361 0.65514
0.585256 0.326221 0.586452
0.366735 0.327812 0.537117
0.622352 0.313285 0.401691
0.367087 0.302154 0.399931
0.294622 0.255558 0.451381
0.356486 0.484072 0.402224
0.414629 0.330549 0.601925
0.358573 0.29378 0.413181
0.659964 0.270553 0.567736
0.706439 0.262068 0.499168
0.334294 0.256946 0.462736
0.499696 0.230047 0.676407
0.45334 0.257541 0.322408
0.642522 0.273784 0.534659
0.389031 0.360444 0.560598
0.343676 0.324682 0.448762
0.418248 0.338486 0.619735
0.587351 0.3259 0.584221
0.386295 0.289331 0.570981
0.614358 0.37935 0.314397
0.327304 0.189848 0.472899
0.456074 0.300644 0.645768
0.688459 0.231431 0.533695
0.522373 0.431158 0.287442
0.427586 0.304568 0.348315
0.44358 0.342545 0.269802
0.600934 0.32127 0.318355
0.565055 0.2764 0.667227
0.536918 0.384317 0.265882
0.531069 0.507405 0.46803
0.479514 0.224079 0.661742
0.657567 0.216832 0.50532
0.518207 0.23925 0.311538
0.564626 0.32383 0.608223
0.294719 0.234137 0.485066
0.368088 0.30179 0.421821
0.64312 0.297837 0.417717
0.403751 0.508377 0.498414
0.399727 0.468045 0.643299
0.361511 0.299076 0.408159
0.411585 0.332104 0.599708
0.466126 0.271316 0.651871
0.631355 0.467678 0.571143
0.323214 0.461605 0.407716
0.570483 0.339504 0.380491
0.393047 0.314262 0.378326
0.400698 0.410807 0.296739
0.501911 0.506114 0.438354
0.418689 0.327611 0.610751
0.33968 0.330544 0.613394
0.423958 0.323271 0.296766
0.506532 0.228627 0.327932
0.399291 0.361268 0.286531
0.381055 0.35858 0.680641
0.318152 0.246712 0.448261
0.67504 0.241177 0.477753
0.533669 0.270297 0.64436
0.513726 0.236635 0.703941
0.680007 0.35597 0.599872
0.39962 0.319009 0.374243
0.390033 0.361986 0.565995
0.327937 0.214142 0.468495
0.421197 0.508935 0.457839
0.612173 0.353554 0.418707
0.599479 0.353851 0.300432
0.311974 0.233827 0.500633
0.486125 0.229947 0.674051
0.515277 0.241842 0.707969
0.57385 0.293497 0.609224
0.411524 0.341346 0.607216
0.390004 0.322643 0.393121
0.320364 0.29107 0.556881
0.506955 0.505647 0.497327
0.527124 0.482335 0.343814
0.410398 0.420728 0.295015
0.358012 0.297315 0.413234
0.501208 0.234201 0.674198
0.507583 0.256083 0.329552
0.347323 0.348549 0.640435
0.444204 0.270396 0.69416
0.498988 0.224367 0.317488
0.319791 0.249473 0.509018
0.428392 0.311878 0.621457
0.715431 0.278418 0.464495
0.607132 0.312086 0.378928
0.48851 0.265764 0.65951
0.37417 0.293109 0.582396
0.520429 0.254907 0.659043
0.488854 0.222713 0.30471
0.573577 0.4077 0.294988
0.320149 0.209196 0.466372
0.378302 0.309894 0.389679
0.573729 0.325461 0.604414
0.732772 0.339758 0.46463
0.592816 0.373471 0.392095
0.457035 0.268516 0.32023
0.467242 0.242609 0.31401
0.729368 0.311369 0.46351
0.32017 0.290506 0.536503
0.497438 0.256293 0.662877
0.32262 0.235211 0.503455
0.70356 0.26467 0.526406
0.350481 0.297224 0.400758
0.592909 0.434452 0.655772
0.593251 0.317508 0.675236
0.661411 0.212538 0.510148
0.381474 0.307878 0.553947
0.423198 0.298807 0.324356
0.369982 0.302633 0.547271
0.580381 0.291974 0.330676
0.461104 0.247904 0.67235
0.355361 0.29582 0.417649
0.574671 0.305617 0.608373
0.388525 0.346365 0.406503
0.614893 0.296019 0.577721
0.504877 0.382391 0.263221
0.436116 0.321981 0.633341
0.592919 0.340818 0.594638
0.327502 0.292079 0.540498
0.301783 0.207158 0.474016
0.466913 0.50672 0.447983
0.5818 0.439488 0.318005
0.31844 0.230784 0.460026
0.575187 0.284122 0.623415
0.512069 0.238889 0.68202
0.615496 0.292751 0.589255
0.673428 0.273744 0.482239
0.45134 0.259098 0.656673
0.401219 0.339298 0.612031
0.56849 0.319771 0.615271
0.278321 0.411471 0.456955
0.45957 0.250062 0.667079
0.534146 0.34075 0.259808
0.509915 0.505053 0.496991
0.636015 0.276987 0.558712
0.386655 0.353325 0.566831
0.483768 0.238837 0.689992
0.521643 0.499512 0.588181
0.697632 0.240536 0.516957
0.669974 0.457921 0.525008
0.522607 0.489444 0.615781
0.653099 0.316332 0.365401
0.299061 0.259467 0.451201
0.378555 0.318689 0.339461
0.504153 0.240901 0.312832
0.605732 0.29815 0.356438
0.617303 0.295444 0.58402
0.342794 0.294793 0.441019
0.386019 0.503623 0.488255
0.494409 0.241416 0.689365
0.568625 0.359073 0.372545
0.381073 0.318217 0.390599
0.354738 0.296601 0.429435
0.314932 0.234738 0.461483
0.316649 0.238375 0.460788
0.42177 0.31195 0.621758
0.679924 0.335934 0.378092
0.593415 0.4958 0.431957
0.527643 0.260864 0.660362
0.734454 0.348716 0.470691
0.322793 0.471226 0.508154
0.466998 0.244562 0.69775
0.537402 0.289782 0.330843
0.458636 0.255201 0.294408
0.448102 0.484548 0.632353
0.614153 0.336085 0.397251
0.43209 0.315454 0.338267
0.427786 0.483686 0.355662
0.438848 0.471758 0.65085
0.384024 0.347986 0.576903
0.67525 0.424019 0.575701
0.515174 0.487193 0.621322
0.376967 0.313141 0.376019
0.609658 0.301573 0.583498
0.556349 0.271964 0.673011
0.531619 0.326866 0.261655
0.399187 0.344492 0.59478
0.372633 0.297476 0.612607
0.405043 0.331297 0.616576
0.340361 0.368785 0.341319
0.306779 0.23701 0.463998
0.623023 0.304641 0.373218
0.472355 0.303299 0.727758
0.330644 0.291901 0.451814
0.533777 0.298117 0.332399
0.654415 0.255812 0.542493
0.632433 0.318919 0.426879
0.531131 0.295414 0.329582
0.684826 0.252583 0.473333
0.346149 0.30007 0.535791
0.578915 0.362344 0.377171
0.44628 0.507777 0.487858
0.388742 0.327858 0.386668
0.60732 0.492001 0.488492
0.454797 0.503611 0.572667
0.525116 0.263318 0.669974
0.614733 0.353193 0.400306
0.613038 0.308885 0.578045
0.46201 0.31118 0.724073
0.446352 0.444909 0.302136
0.701758 0.396821 0.410512
0.655711 0.286524 0.441828
0.29991 0.292558 0.533639
0.425015 0.372328 0.707027
0.389869 0.304299 0.334678
0.544954 0.476966 0.345026
0.51639 0.504327 0.486123
0.676533 0.25628 0.489362
0.691112 0.252296 0.480782
0.438203 0.293148 0.300041
0.499626 0.277564 0.278853
0.461944 0.256545 0.703103
0.613373 0.355711 0.312124
0.709458 0.398401 0.42968
0.302578 0.295758 0.538075
0.302388 0.423638 0.392107
0.501643 0.463059 0.660942
0.635875 0.301516 0.389193
0.659182 0.258688 0.53689
0.649076 0.288939 0.450096
0.288789 0.32233 0.555085
0.461371 0.505444 0.520055
0.683474 0.259558 0.477028
0.463608 0.253844 0.668274
0.708419 0.39145 0.549996
0.406246 0.337588 0.369877
0.651541 0.303248 0.602007
0.494679 0.258973 0.307384
0.491456 0.247946 0.670345
0.622259 0.47727 0.5504
0.344432 0.294882 0.430446
0.619657 0.482738 0.533063
0.613041 0.432835 0.640011
0.493453 0.248053 0.686935
0.266451 0.311822 0.475031
0.493327 0.504841 0.469457
0.391631 0.343173 0.60113
0.694803 0.258129 0.480285
0.364434 0.314502 0.417616
0.457955 0.301367 0.272298
0.313146 0.297696 0.525758
0.354906 0.311257 0.551017
0.343191 0.470571 0.392066
0.453221 0.399811 0.277865
0.561872 0.439658 0.667803
0.715134 0.387789 0.434366
0.40783 0.503353 0.43631
0.34923 0.490122 0.492892
0.333722 0.480095 0.503934
0.39901 0.309771 0.613085
0.280482 0.295291 0.514988
0.622541 0.308862 0.360421
0.398104 0.323385 0.319837
0.629165 0.336986 0.405853
0.29116 0.261494 0.479992
0.651428 0.299087 0.439313
0.33689 0.443738 0.610725
0.499867 0.251388 0.702166
0.616136 0.320197 0.336973
0.307969 0.284067 0.50334
0.647811 0.302747 0.4392
0.596724 0.474857 0.591089
0.375193 0.303918 0.592818
0.454796 0.268915 0.302646
0.275752 0.301984 0.457847
0.707228 0.388975 0.418827
0.32195 0.321104 0.572704
0.403744 0.327535 0.364579
0.448119 0.449043 0.67543
0.357567 0.325042 0.384786
0.68313 0.271237 0.547987
0.503453 0.27105 0.30715
0.627706 0.3331 0.405372
0.617032 0.305536 0.585979
0.598481 0.494377 0.459532
0.678537 0.257433 0.499266
0.548339 0.48496 0.608931
0.506547 0.328548 0.262056
0.657481 0.283524 0.456008
0.612927 0.48934 0.483332
0.320035 0.304797 0.520567
0.318482 0.303617 0.519297
0.518561 0.500216 0.406762
0.651337 0.465752 0.536722
0.349408 0.376478 0.649902
0.374774 0.314283 0.567755
0.382643 0.320879 0.588067
0.436783 0.278058 0.674125
0.557128 0.414549 0.291952
0.398791 0.352324 0.375156
0.535077 0.446817 0.30799
0.656735 0.299672 0.437778
0.635541 0.325073 0.409933
0.275218 0.391755 0.452073
0.544352 0.441147 0.673928
0.332929 0.302888 0.430473
0.342457 0.359116 0.639341
0.37741 0.32398 0.576825
0.561139 0.320818 0.282896
0.677229 0.259454 0.509427
0.479099 0.265483 0.290853
0.570354 0.302932 0.628249
0.570819 0.498475 0.464405
0.525778 0.28783 0.311944
0.492696 0.302517 0.267178
0.399934 0.505473 0.493794
0.638521 0.306623 0.37184
0.627972 0.482888 0.450098
0.540179 0.486036 0.611288
0.356663 0.329189 0.423546
0.406447 0.322797 0.317685
0.524601 0.501694 0.461462
0.350114 0.327317 0.383737
0.429771 0.364644 0.275846
0.686925 0.28492 0.456373
0.474761 0.253793 0.690783
0.641449 0.468159 0.398194
0.684754 0.276233 0.547936
0.575581 0.319472 0.359977
0.421298 0.312153 0.636657
0.655615 0.432809 0.596708
0.502611 0.289402 0.274794
0.266943 0.331742 0.483197
0.461496 0.262753 0.667871
0.290377 0.299785 0.514006
0.401347 0.332603 0.363178
0.345465 0.309341 0.414102
0.686433 0.299321 0.429304
0.442544 0.449881 0.672567
0.587291 0.408169 0.30529
0.514191 0.265113 0.703173
0.595953 0.34506 0.306704
0.388922 0.331819 0.599514
0.353416 0.315401 0.398643
0.505568 0.272868 0.708519
0.39318 0.333785 0.372923
0.59059 0.301648 0.644439
0.592401 0.31404 0.360098
0.431161 0.310001 0.30981
0.610155 0.480278 0.552003
0.335288 0.326988 0.582032
0.702498 0.280393 0.50475
0.513322 0.276898 0.709875
0.688154 0.4342 0.538486
0.681367 0.294973 0.438699
0.317764 0.294086 0.447975
0.313567 0.356581 0.596778
0.504551 0.276964 0.711249
0.326519 0.310013 0.542928
0.687733 0.256983 0.524348
0.582277 0.389744 0.297806
0.671951 0.28384 0.562352
0.480619 0.50104 0.538198
0.413006 0.302499 0.654875
0.61132 0.479767 0.392591
0.299353 0.303074 0.547849
0.442422 0.271504 0.657094
0.670882 0.254096 0.530173
0.376149 0.341666 0.384424
0.482859 0.500984 0.455702
0.576187 0.319466 0.68356
0.431678 0.294179 0.681177
0.367719 0.321179 0.588998
0.697392 0.304176 0.42857
0.656311 0.387742 0.617326
0.31621 0.301432 0.447235
0.413533 0.32628 0.33369
0.717804 0.310017 0.533127
0.596715 0.306545 0.648095
0.296877 0.304545 0.52919
0.487783 0.50011 0.512642
0.474715 0.301362 0.271196
0.456169 0.334273 0.27108
0.306876 0.288428 0.451399
0.299241 0.338176 0.565767
0.670995 0.454677 0.501239
0.393816 0.504057 0.520006
0.391302 0.339911 0.373559
0.493814 0.269292 0.705245
0.67612 0.291535 0.455991
0.308657 0.290516 0.452567
0.378531 0.316137 0.615737
0.485354 0.285062 0.282131
0.563799 0.394293 0.696748
0.397312 0.31621 0.656496
0.605125 0.450711 0.623693
0.477331 0.5025 0.429676
0.486681 0.499712 0.53485
0.595101 0.306012 0.640055
0.610811 0.33314 0.589259
0.456234 0.501195 0.571013
0.266372 0.37388 0.488949
0.364794 0.316817 0.593058
0.709968 0.325834 0.429057
0.335173 0.333187 0.582394
0.487301 0.499409 0.492967
0.376568 0.339175 0.374741
0.453333 0.272034 0.691727
0.56948 0.366662 0.702948
0.713785 0.351563 0.426752
0.316465 0.354819 0.378183
0.48152 0.327889 0.264838
0.354288 0.347866 0.349164
0.486054 0.499534 0.488291
0.528627 0.287866 0.29055
0.385449 0.342003 0.612464
0.403767 0.439847 0.31513
0.584781 0.480105 0.580661
0.555645 0.294749 0.656429
0.283955 0.286987 0.472186
0.705848 0.337239 0.419877
0.538612 0.293554 0.299169
0.645571 0.318467 0.400379
0.563188 0.313103 0.290704
0.310783 0.453505 0.531764
0.684323 0.279985 0.503426
0.464696 0.27289 0.670076
0.403536 0.331332 0.343076
0.483252 0.498606 0.582181
0.563427 0.340886 0.282949
0.302023 0.325265 0.430407
0.393582 0.318525 0.350132
0.337043 0.357491 0.35249
0.695769 0.291992 0.460811
0.513787 0.366725 0.2616
0.440574 0.393316 0.281626
0.391034 0.318801 0.636278
0.349595 0.336708 0.414553
0.581349 0.321262 0.313965
0.417988 0.310583 0.674873
0.302363 0.350502 0.571727
0.675152 0.305383 0.457914
0.689104 0.279934 0.515611
0.506697 0.316379 0.720901
0.63505 0.474259 0.504321
0.673722 0.448296 0.431498
0.373868 0.483767 0.395143
0.55368 0.49538 0.473172
0.37063 0.352336 0.603134
0.370374 0.351998 0.384075
0.667559 0.348003 0.600469
0.566209 0.492582 0.520713
0.596946 0.481756 0.389721
0.473205 0.498276 0.584614
0.48068 0.498513 0.462255
0.359654 0.33914 0.379304
0.671962 0.28616 0.556787
0.281363 0.398498 0.527739
0.620078 0.364876 0.323052
0.435086 0.50165 0.445261
0.652894 0.310376 0.582489
0.376942 0.36419 0.377092
0.375189 0.337801 0.329364
0.346038 0.484823 0.457195
0.625754 0.331715 0.586635
0.296149 0.439505 0.494203
0.544447 0.494403 0.429684
0.573879 0.492793 0.507214
0.665269 0.31686 0.383992
0.276836 0.350796 0.535534
0.633279 0.319379 0.379692
0.59558 0.491805 0.478619
0.456182 0.28422 0.703638
0.456652 0.416838 0.286364
0.642371 0.47365 0.428167
0.325947 0.354831 0.609742
0.306493 0.35411 0.401103
0.691979 0.306298 0.477104
0.460953 0.276663 0.699515
0.52624 0.321914 0.718572
0.33332 0.476104 0.461461
0.604377 0.488009 0.422634
0.574456 0.307572 0.670562
0.311162 0.318298 0.438983
0.345532 0.334906 0.405488
0.551472 0.306498 0.304014
0.533237 0.285208 0.691657
0.535541 0.295644 0.701717
0.509961 0.306129 0.285072
0.525608 0.386746 0.271352
0.699102 0.405227 0.418849
0.308278 0.359658 0.389647
0.553653 0.487373 0.389189
0.366563 0.348734 0.375386
0.470086 0.426933 0.697174
0.711342 0.29973 0.482903
0.580569 0.49405 0.472164
0.323173 0.340623 0.389128
0.5312 0.338376 0.718999
0.343998 0.482439 0.533541
0.693727 0.29414 0.497169
0.398197 0.32415 0.652997
0.468832 0.29371 0.715903
0.384447 0.332885 0.623922
0.547488 0.303114 0.295526
0.542039 0.493348 0.435947
0.580039 0.492627 0.435254
0.323598 0.324524 0.5677
0.373497 0.337863 0.344095
0.419256 0.326883 0.682499
0.429389 0.502381 0.547907
0.58277 0.480908 0.381794
0.370506 0.33894 0.620873
0.691502 0.30447 0.495545
0.681964 0.352243 0.382046
0.5435 0.326575 0.710269
0.710182 0.413213 0.464572
0.572067 0.491014 0.416739
0.281651 0.40947 0.462734
0.49071 0.338433 0.267422
0.300163 0.316988 0.44659
0.443337 0.291672 0.686558
0.485639 0.364588 0.26544
0.578419 0.445177 0.328319
0.50631 0.460371 0.657647
0.626041 0.42909 0.626399
0.364569 0.352409 0.364671
0.28857 0.397662 0.432031
0.436728 0.292236 0.664679
0.306903 0.32724 0.560776
0.288803 0.366865 0.425424
0.484894 0.49522 0.480763
0.436677 0.363732 0.278429
0.289441 0.421661 0.450284
0.708529 0.302663 0.491353
0.340889 0.426552 0.627084
0.620367 0.332163 0.354978
0.323406 0.44922 0.394623
0.346453 0.46079 0.379446
0.592009 0.4899 0.419756
0.488823 0.282916 0.70233
0.328904 0.333578 0.41422
0.460759 0.497788 0.576319
0.487993 0.281998 0.687138
0.281844 0.303413 0.473802
0.279134 0.403235 0.491075
0.611864 0.32311 0.613404
0.362588 0.341983 0.623527
0.273766 0.387046 0.488213
0.690132 0.30332 0.512434
0.428401 0.501907 0.493372
0.559018 0.326013 0.696851
0.41254 0.49237 0.400104
0.549074 0.490416 0.423437
0.514774 0.303815 0.692923
0.617428 0.335014 0.603591
0.282882 0.313783 0.493435
0.651081 0.328619 0.583145
0.401695 0.49123 0.403516
0.651234 0.454374 0.55202
0.465346 0.495243 0.466583
0.699213 0.346138 0.413692
0.48973 0.288819 0.688804
0.284964 0.419511 0.472296
0.689479 0.297657 0.522301
0.312643 0.336301 0.432042
0.599557 0.336989 0.656034
0.692799 0.306425 0.502712
0.341179 0.352509 0.60813
0.324025 0.463795 0.535472
0.377731 0.345941 0.326546
0.385374 0.344235 0.659868
0.705553 0.336067 0.552433
0.378375 0.457782 0.6334
0.323366 0.358797 0.594171
0.349848 0.429631 0.63414
0.40062 0.427496 0.67151
0.489993 0.292228 0.687988
0.368118 0.348659 0.613592
0.68462 0.340198 0.395865
0.677331 0.321371 0.571587
0.325874 0.342161 0.406443
0.494738 0.4062 0.282111
0.558685 0.489783 0.449789
0.361009 0.362375 0.350631
0.688679 0.301795 0.52817
0.618024 0.361185 0.661671
0.570223 0.334212 0.685381
0.701245 0.343546 0.42091
0.529018 0.49 0.438362
0.28974 0.319293 0.507609
0.459678 0.436437 0.684992
0.309973 0.332156 0.560774
0.547743 0.468065 0.627742
0.279068 0.393967 0.500101
0.566792 0.317341 0.672154
0.406933 0.379733 0.294628
0.331091 0.347571 0.573456
0.644775 0.350729 0.616484
0.289608 0.421044 0.513012
0.563231 0.417082 0.30404
0.658174 0.323946 0.571334
0.522484 0.490716 0.506673
0.521983 0.49081 0.514517
0.724449 0.362638 0.504964
0.399474 0.409817 0.675732
0.523258 0.398941 0.706852
0.397313 0.355485 0.324575
0.641155 0.434262 0.358192
0.391761 0.370269 0.301615
0.677368 0.318113 0.416007
0.62201 0.389186 0.330096
0.288488 0.323455 0.536248
0.662875 0.320348 0.571576
0.660506 0.412738 0.365534
0.410642 0.499872 0.465999
0.548197 0.313284 0.682318
0.64982 0.345187 0.602865
0.275739 0.326174 0.486595
0.380666 0.351525 0.633339
0.310012 0.39159 0.579421
0.68249 0.312929 0.550935
0.379017 0.380695 0.314865
0.580942 0.344867 0.676669
0.461709 0.432717 0.297303
0.510657 0.488713 0.452507
0.476249 0.368324 0.270386
0.718032 0.343585 0.52023
0.348354 0.361595 0.609871
0.291229 0.420056 0.526491
0.678017 0.314078 0.554063
0.691234 0.426175 0.439115
0.378673 0.359994 0.663902
0.30036 0.415398 0.414622
0.313482 0.440103 0.557446
0.303798 0.422593 0.559093
0.436047 0.329057 0.694434
0.700649 0.314222 0.453407
0.371071 0.357985 0.326626
0.286935 0.323462 0.514713
0.516784 0.413641 0.288808
0.441453 0.302565 0.677091
0.720994 0.328159 0.479031
0.349872 0.377592 0.343825
0.586513 0.397431 0.673878
0.400933 0.499795 0.507165
0.68051 0.377913 0.57677
0.420107 0.500882 0.512241
0.722238 0.345456 0.495279
0.479444 0.491589 0.534407
0.51405 0.488723 0.485106
0.627268 0.444335 0.60539
0.522254 0.485122 0.369493
0.658103 0.457793 0.482306
0.58031 0.419367 0.664286
0.557337 0.487552 0.507696
0.283596 0.388535 0.44992
0.313339 0.36769 0.395998
0.720225 0.334444 0.464286
0.682587 0.328971 0.560984
0.477753 0.333111 0.716398
0.507759 0.486453 0.457058
0.631681 0.374918 0.341858
0.305526 0.438427 0.538062
0.547639 0.325736 0.686718
0.434147 0.354677 0.301384
0.610782 0.462732 0.586816
0.600294 0.432503 0.63853
0.279682 0.344886 0.508182
0.49662 0.492829 0.408336
0.613544 0.359495 0.655521
0.460031 0.296535 0.687706
0.280524 0.400136 0.469685
0.676027 0.328536 0.430941
0.447189 0.305321 0.683387
0.428635 0.382754 0.289449
0.499599 0.450961 0.314806
0.508679 0.463153 0.64774
0.286727 0.33239 0.492799
0.449213 0.450547 0.667687
0.664589 0.331634 0.395172
0.460321 0.49153 0.476335
0.341069 0.371821 0.605107
0.2945 0.332043 0.539497
0.589135 0.473554 0.578347
0.705555 0.321158 0.481435
0.660221 0.354224 0.58747
0.472537 0.424087 0.695108
0.332677 0.469576 0.535351
0.70642 0.391431 0.434573
0.521341 0.488993 0.578674
0.459357 0.418781 0.292711
0.388233 0.3635 0.654059
0.295885 0.363182 0.436501
0.445036 0.478952 0.62719
0.67878 0.331854 0.558162
0.67528 0.337239 0.56421
0.489685 0.484531 0.469618
0.359021 0.477517 0.56996
0.564451 0.485448 0.469303
0.584987 0.408038 0.31452
0.621715 0.35317 0.623282
0.504476 0.329627 0.711335
0.588419 0.362134 0.312592
0.675417 0.330323 0.424014
0.54356 0.35823 0.707232
0.32324 0.424539 0.596993
0.457457 0.357892 0.283522
0.623006 0.360692 0.342364
0.656322 0.356903 0.579948
0.290342 0.344338 0.514281
0.653462 0.371142 0.364747
0.401503 0.354222 0.671351
0.510051 0.324782 0.70806
0.443921 0.39785 0.290637
0.449453 0.322526 0.698579
0.677356 0.35219 0.571069
0.468478 0.319848 0.71155
0.709222 0.343045 0.440889
0.514233 0.349274 0.279758
0.47879 0.48744 0.505794
0.464232 0.471405 0.336939
0.528758 0.354157 0.278029
0.587846 0.362497 0.658487
0.34968 0.374416 0.617709
0.551564 0.328298 0.689912
0.361134 0.368505 0.627478
0.683496 0.354648 0.567203
0.289375 0.399265 0.520878
0.283017 0.355735 0.46524
0.592608 0.358237 0.326773
0.321193 0.370453 0.574213
0.513692 0.473354 0.625568
0.468547 0.48548 0.477436
0.577804 0.437206 0.327679
0.297093 0.387784 0.4291
0.591311 0.484063 0.443079
0.504932 0.362251 0.71319
0.445676 0.374256 0.287704
0.68603 0.433045 0.478878
0.614748 0.364886 0.636115
0.682895 0.433315 0.453872
0.52195 0.485987 0.55152
0.454569 0.419411 0.297577
0.514176 0.46843 0.634235
0.709821 0.328006 0.457885
0.579368 0.380298 0.308054
0.458983 0.440795 0.308275
0.707401 0.340728 0.519409
0.515096 0.367357 0.279578
0.577173 0.412577 0.666166
0.447142 0.365543 0.292428
0.710226 0.371339 0.436343
0.466783 0.488411 0.378287
0.58888 0.406294 0.66237
0.279042 0.379599 0.484242
0.316564 0.447346 0.439987
0.616282 0.367191 0.344205
0.429425 0.493468 0.431206
0.365784 0.466048 0.380323
0.672037 0.360416 0.382728
0.536076 0.484679 0.564851
0.578373 0.421148 0.316979
0.448395 0.490825 0.398455
0.367597 0.377461 0.647574
0.349451 0.468371 0.405541
0.287544 0.367828 0.50689
0.476084 0.481873 0.46963
0.506976 0.339994 0.702423
0.46085 0.485542 0.479068
0.452411 0.483267 0.371025
0.703565 0.405275 0.454191
0.697162 0.336806 0.526104
0.63482 0.448065 0.580168
0.565907 0.358659 0.679667
0.552326 0.481442 0.402552
0.579531 0.482709 0.408897
0.465294 0.485216 0.461106
0.578613 0.36314 0.312804
0.632562 0.443032 0.593702
0.386062 0.39031 0.667193
0.307434 0.393977 0.414399
0.662961 0.368553 0.574671
0.68794 0.340102 0.429468
0.694527 0.391763 0.546916
0.70317 0.341045 0.519166
0.654711 0.373466 0.576674
0.574772 0.404193 0.312437
0.455172 0.389342 0.289326
0.520902 0.360521 0.284262
0.375392 0.425591 0.331776
0.554453 0.481085 0.5545
0.663642 0.431576 0.56079
0.673463 0.362829 0.568128
0.385306 0.380842 0.65385
0.57294 0.4838 0.424035
0.421316 0.38042 0.688918
0.58205 0.480352 0.400051
0.451967 0.330169 0.691536
0.693952 0.339364 0.516214
0.354083 0.402577 0.635758
0.594607 0.380379 0.323368
0.600631 0.378778 0.651167
0.525743 0.482105 0.423302
0.534649 0.470136 0.619302
0.436132 0.490079 0.47653
0.503442 0.486049 0.417813
0.684829 0.365418 0.556665
0.689553 0.421148 0.449627
0.477548 0.488237 0.427859
0.706788 0.362109 0.525928
0.357935 0.394067 0.63538
0.286485 0.375108 0.474499
0.310927 0.436895 0.460265
0.46333 0.484841 0.527739
0.715352 0.385237 0.478531
0.425386 0.485778 0.395037
0.532779 0.449668 0.651904
0.576682 0.402347 0.668317
0.578137 0.478667 0.54348
0.505626 0.369301 0.707573
0.326153 0.411667 0.380933
0.611018 0.388943 0.343793
0.655439 0.449772 0.523628
0.701835 0.344373 0.447479
0.302663 0.421891 0.462262
0.573826 0.422716 0.319006
0.632665 0.392014 0.375702
0.483959 0.486371 0.573297
0.403825 0.38224 0.661219
0.510989 0.356062 0.703923
0.705554 0.354763 0.522059
0.480579 0.403221 0.700615
0.285437 0.38552 0.471823
0.444442 0.449187 0.322943
0.71722 0.362894 0.477657
0.308705 0.431238 0.471694
0.619193 0.420736 0.342585
0.420496 0.485848 0.40238
0.542323 0.478425 0.427809
0.301095 0.410417 0.534422
0.400321 0.489641 0.472371
0.641908 0.396538 0.601119
0.45408 0.485253 0.530712
0.681044 0.428866 0.501647
0.313597 0.393249 0.423856
0.590077 0.411225 0.650956
0.324068 0.439243 0.404204
0.636056 0.387978 0.36908
0.448511 0.349516 0.689577
0.647046 0.457441 0.451827
0.704714 0.39322 0.504709
0.638464 0.401931 0.586864
0.518108 0.482578 0.401893
0.472428 0.477623 0.47535
0.311442 0.439526 0.524387
0.368993 0.484513 0.49203
0.307807 0.418613 0.445747
0.338867 0.465034 0.548768
0.609313 0.445493 0.609801
0.618304 0.387058 0.631453
0.35985 0.420983 0.639164
0.50787 0.481431 0.594538
0.521274 0.47619 0.478786
0.366262 0.481316 0.470403
0.545075 0.411864 0.680366
0.396244 0.459723 0.355442
0.440455 0.3739 0.695844
0.437912 0.400755 0.303763
0.623536 0.398199 0.362557
0.708949 0.354828 0.482057
0.469594 0.375488 0.293368
0.320021 0.439045 0.455038
0.442363 0.361986 0.682914
0.315382 0.41131 0.5572
0.605259 0.473729 0.404766
0.324856 0.445203 0.452151
0.351948 0.472954 0.471855
0.358248 0.424123 0.612129
0.501056 0.375019 0.700799
0.552311 0.476785 0.401351
0.567838 0.410716 0.664069
0.70692 0.364336 0.490438
0.552332 0.414308 0.672131
0.425092 0.436407 0.322284
0.393471 0.401337 0.650944
0.467874 0.386626 0.701021
0.692478 0.363835 0.43795
0.309242 0.411996 0.447383
0.332114 0.417402 0.575152
0.323848 0.445253 0.465162
0.604406 0.395261 0.639246
0.67628 0.376748 0.55704
0.4197 0.388266 0.677177
0.348707 0.426553 0.619218
0.65147 0.424285 0.373807
0.487233 0.460276 0.333923
0.594734 0.428726 0.334106
0.68227 0.35993 0.545034
0.636238 0.405212 0.598269
0.709928 0.366054 0.471358
0.605068 0.401045 0.342183
0.555705 0.399311 0.30911
0.532009 0.405729 0.301806
0.489603 0.379878 0.299873
0.453925 0.41672 0.306607
0.693274 0.363303 0.538704
0.417804 0.39087 0.675912
0.398799 0.405608 0.649625
0.454481 0.406502 0.308763
0.504709 0.381877 0.304233
0.6429 0.459204 0.42808
0.586044 0.477946 0.423364
0.331711 0.454768 0.483052
0.488207 0.474774 0.498315
0.67982 0.371741 0.547154
0.553438 0.475448 0.497267
0.42819 0.480919 0.606001
0.638814 0.44677 0.552358
0.571357 0.424801 0.325751
0.375355 0.433704 0.641787
0.415024 0.48804 0.497037
0.645587 0.44301 0.550206
0.701833 0.36556 0.469356
0.570219 0.388257 0.661192
0.697378 0.362347 0.458486
0.589607 0.405257 0.339504
0.466591 0.359091 0.695254
0.567989 0.475176 0.467886
0.449758 0.414526 0.311137
0.481285 0.475348 0.503563
0.66405 0.440687 0.439052
0.460302 0.445886 0.663114
0.637795 0.454507 0.509864
0.64919 0.427901 0.376751
0.50502 0.480239 0.411136
0.589409 0.476053 0.407428
0.433955 0.419928 0.674848
0.461336 0.475562 0.473268
0.693969 0.365332 0.471205
0.422094 0.486192 0.42381
0.364215 0.46683 0.59123
0.507989 0.365193 0.691992
0.615688 0.46852 0.470509
0.327176 0.446311 0.535509
0.460688 0.476188 0.515703
0.344071 0.455517 0.416687
0.653665 0.408882 0.394659
0.554585 0.386512 0.672065
0.336044 0.455171 0.488413
0.673627 0.429546 0.481241
0.436821 0.454878 0.647284
0.374704 0.483532 0.528585
0.483535 0.452182 0.33123
0.479068 0.479465 0.570368
0.552845 0.474654 0.549006
0.318586 0.423661 0.502341
0.541785 0.474931 0.515465
0.464457 0.368175 0.694007
0.331993 0.447044 0.5501
0.553154 0.474802 0.512746
0.31776 0.409802 0.444176
0.644892 0.408299 0.566815
0.571742 0.474791 0.496993
0.547833 0.472105 0.484789
0.491445 0.415898 0.682457
0.539407 0.474625 0.512267
0.631931 0.41809 0.580259
0.551017 0.417305 0.319129
0.690753 0.409199 0.479875
0.313729 0.414175 0.463204
0.367759 0.4718 0.447349
0.505397 0.469956 0.479417
0.676623 0.409474 0.538346
0.636372 0.443404 0.561268
0.597191 0.472029 0.465503
0.684709 0.359227 0.52723
0.388847 0.486148 0.522792
0.451187 0.409052 0.68268
0.512811 0.405334 0.308236
0.343706 0.451326 0.418753
0.453961 0.477616 0.549038
0.561044 0.473047 0.540685
0.656606 0.403743 0.417395
0.422664 0.419825 0.663553
0.329807 0.440828 0.501629
0.439656 0.43127 0.331225
0.638973 0.448315 0.512948
0.420285 0.456782 0.640364
0.370315 0.434907 0.38775
0.431562 0.43359 0.662144
0.536076 0.379668 0.681944
0.674489 0.388348 0.428237
0.563952 0.40756 0.330196
0.584822 0.449995 0.608491
0.363539 0.459354 0.593774
0.439655 0.457483 0.348118
0.645045 0.398413 0.555252
0.559854 0.469994 0.470402
0.357156 0.469706 0.497735
0.456569 0.455592 0.340138
0.50009 0.400865 0.321382
0.660703 0.419162 0.404094
0.630037 0.421607 0.387178
0.530415 0.465614 0.610382
0.60968 0.428227 0.612787
0.648264 0.417809 0.56188
0.598617 0.4517 0.595197
0.421821 0.482481 0.42918
0.427666 0.480166 0.497627
0.497503 0.371388 0.679481
0.336281 0.448019 0.54617
0.582879 0.414783 0.634987
0.340708 0.447728 0.417165
0.653082 0.415472 0.398808
0.328144 0.424225 0.533919
0.345455 0.456612 0.519568
0.68696 0.383485 0.452853
0.674178 0.383539 0.538353
0.393983 0.43852 0.368648
0.62193 0.451222 0.545535
0.334952 0.441226 0.504867
0.687417 0.387355 0.505005
0.488054 0.446277 0.335099
0.322865 0.423857 0.469782
0.354056 0.447283 0.581178
0.554445 0.4674 0.405455
0.354981 0.443836 0.398379
0.464956 0.471512 0.535424
0.458808 0.47229 0.532927
0.323546 0.412151 0.481981
0.394859 0.475568 0.47907
0.553312 0.394322 0.659546
0.509509 0.438704 0.654192
0.559726 0.420913 0.646505
0.449175 0.437479 0.660511
0.42525 0.481039 0.567553
0.548039 0.464873 0.445085
0.491889 0.47249 0.592239
0.322561 0.414232 0.465272
0.382062 0.472357 0.473103
0.468 0.419967 0.676943
0.518864 0.463193 0.458032
0.531956 0.431138 0.655492
0.353063 0.459286 0.464946
0.379572 0.427969 0.621572
0.35737 0.466278 0.545366
0.66944 0.371026 0.536886
0.348428 0.459763 0.516286
0.571263 0.466088 0.568043
0.47261 0.424571 0.322941
0.487073 0.37455 0.681616
0.352905 0.457424 0.514049
0.390028 0.472546 0.584023
0.666067 0.424389 0.472576
0.563691 0.467672 0.492898
0.63311 0.446646 0.500506
0.336929 0.433995 0.50859
0.675915 0.371666 0.518487
0.507102 0.468291 0.424039
0.658423 0.381031 0.540013
0.482112 0.434864 0.333429
0.574216 0.439743 0.355604
0.673923 0.413658 0.47829
0.341156 0.440839 0.52444
0.41909 0.477356 0.531002
0.634793 0.43721 0.391473
0.632413 0.453937 0.440295
0.406036 0.478446 0.554417
0.640392 0.442216 0.497391
0.331189 0.433386 0.471432
0.362642 0.46285 0.491529
0.376356 0.463037 0.591231
0.369967 0.46835 0.552609
0.653413 0.404502 0.545073
0.509227 0.418223 0.332055
0.666455 0.36596 0.512672
0.568748 0.467849 0.491809
0.43351 0.408285 0.659641
0.579708 0.428286 0.3613
0.500544 0.415004 0.67058
0.575421 0.468889 0.502493
0.458023 0.472264 0.565829
0.375818 0.448123 0.611287
0.393259 0.476249 0.515296
0.651719 0.436133 0.417588
0.667599 0.410637 0.525276
0.597636 0.433806 0.603305
0.377488 0.453182 0.398906
0.406714 0.454242 0.625572
0.436115 0.46639 0.608643
0.578707 0.46559 0.494018
0.436961 0.468847 0.511927
0.344314 0.423017 0.509525
0.47252 0.455604 0.354059
0.641987 0.421962 0.417556
0.609795 0.419373 0.568006
0.40721 0.419148 0.605537
0.521599 0.460255 0.433777
0.636647 0.427116 0.548173
0.668683 0.382234 0.456818
0.483581 0.445749 0.346826
0.438701 0.404813 0.649205
0.642781 0.439525 0.4667
0.669436 0.392089 0.446277
0.570355 0.437888 0.360875
0.56189 0.402873 0.63252
0.576342 0.464893 0.485023
0.674651 0.402712 0.484872
0.420597 0.441248 0.642499
0.415056 0.470732 0.490505
0.520048 0.459746 0.3658
0.640376 0.425012 0.414538
0.546971 0.40207 0.651136
0.34118 0.438337 0.480092
0.455009 0.463338 0.49695
0.433411 0.471734 0.592765
0.357478 0.45419 0.461418
0.386892 0.433666 0.619239
0.498078 0.436079 0.342454
0.370765 0.439498 0.594682
0.558115 0.428884 0.630178
0.491345 0.381628 0.672382
0.454359 0.464241 0.504743
0.388426 0.451943 0.608418
0.434244 0.471124 0.444338
0.579601 0.420217 0.593439
0.674571 0.39462 0.462424
0.454291 0.455356 0.366303
0.352029 0.41958 0.509752
0.578399 0.446334 0.376915
0.446008 0.466928 0.388361
0.514971 0.428149 0.350277
0.365155 0.453544 0.489718
0.413518 0.471731 0.443282
0.627 0.451499 0.426469
0.573442 0.415751 0.604864
0.571038 0.44107 0.370992
0.634484 0.445835 0.428002
0.655984 0.374199 0.528279
0.573541 0.442039 0.601676
0.572317 0.429915 0.374368
0.634393 0.4229 0.544472
0.61179 0.422169 0.418491
0.650138 0.426224 0.488737
0.46729 0.463524 0.55974
0.474993 0.457075 0.501944
0.569282 0.455775 0.576811
0.386357 0.46542 0.507808
0.582493 0.451131 0.580338
0.444551 0.465555 0.539578
0.352327 0.439956 0.509548
0.38321 0.435544 0.600856
0.564304 0.454837 0.386156
0.497259 0.464757 0.394664
0.426869 0.457026 0.376698
0.593548 0.450096 0.38677
0.61496 0.448095 0.532214
0.439351 0.436035 0.646114
0.40585 0.451757 0.382023
0.369705 0.450587 0.494162
0.430661 0.462853 0.477835
0.466416 0.460981 0.454419
0.672455 0.38089 0.474699
0.598369 0.436991 0.395146
0.654404 0.374055 0.511756
0.3873 0.460409 0.569779
0.540723 0.387689 0.633945
0.534233 0.454821 0.39223
0.608136 0.452248 0.448865
0.356644 0.434676 0.503513
0.646045 0.417502 0.507843
0.594498 0.455807 0.532119
0.656012 0.39642 0.521923
0.425589 0.436655 0.370962
0.634278 0.389874 0.537478
0.493242 0.454448 0.50169
0.600226 0.452583 0.504565
0.538761 0.447436 0.449484
0.492786 0.438014 0.360527
0.501724 0.456283 0.378887
0.490427 0.4366 0.64038
0.563221 0.441098 0.37529
0.549882 0.41242 0.630321
0.414705 0.438922 0.378504
0.617869 0.451286 0.426293
0.438074 0.426 0.36728
0.52814 0.398823 0.652532
0.63531 0.426334 0.530406
0.438823 0.400214 0.626036
0.393115 0.46299 0.51175
0.553928 0.450497 0.448275
0.538848 0.447768 0.466549
0.557571 0.452377 0.443246
0.620103 0.441036 0.408858
0.542305 0.46125 0.558289
0.374871 0.447327 0.49265
0.652146 0.384875 0.512013
0.444775 0.460127 0.576507
0.433969 0.44389 0.377646
0.46472 0.452279 0.517721
0.648666 0.377423 0.51073
0.40324 0.462398 0.424779
0.605516 0.445781 0.506773
0.408775 0.426448 0.604409
0.658323 0.381197 0.498154
0.409971 0.431889 0.615413
0.409765 0.464869 0.428804
0.377865 0.443258 0.561227
0.615077 0.443715 0.416881
0.414794 0.42322 0.610555
0.426901 0.460787 0.589188
0.556235 0.437237 0.602765
0.472687 0.449974 0.505637
0.599067 0.449653 0.516803
0.599195 0.422389 0.56336
0.489363 0.45237 0.600878
0.549515 0.409424 0.623766
0.482502 0.457665 0.572378
0.630171 0.385002 0.532315
0.388135 0.437532 0.435078
0.480489 0.432357 0.369111
0.381405 0.426242 0.565846
0.448778 0.424979 0.369948
0.503124 0.384471 0.649798
0.488339 0.452876 0.452735
0.441589 0.456228 0.512199
0.397937 0.45796 0.500676
0.554192 0.444789 0.465931
0.418417 0.462958 0.555253
0.417151 0.424781 0.617079
0.6449 0.405492 0.518923
0.442562 0.419844 0.389841
0.64117 0.389107 0.519884
0.545738 0.39588 0.616358
0.445683 0.445735 0.386684
0.65314 0.383563 0.491006
0.643637 0.393189 0.511305
0.5302 0.445836 0.592844
0.412017 0.454223 0.494827
0.405472 0.445511 0.415291
0.519662 0.440878 0.455783
0.604279 0.41649 0.431391
0.420969 0.45727 0.540815
0.37186 0.407181 0.49063
0.625643 0.368016 0.518027
0.488745 0.438647 0.620329
0.440602 0.439762 0.620898
0.481177 0.445324 0.50531
0.47274 0.415497 0.371116
0.486645 0.454466 0.420996
0.495139 0.392627 0.646713
0.393743 0.45126 0.49406
0.569969 0.43658 0.390426
0.616443 0.438441 0.455068
0.590418 0.408122 0.555832
0.631703 0.379948 0.525153
0.493614 0.444677 0.498149
0.634798 0.414883 0.449733
0.615238 0.435917 0.480073
0.458294 0.431153 0.633796
0.606116 0.430746 0.421643
0.381947 0.409342 0.544063
0.527648 0.45443 0.561387
0.488011 0.450934 0.589375
0.382374 0.445766 0.46259
0.560942 0.447842 0.405704
0.45954 0.458721 0.411863
0.386621 0.441307 0.542534
0.625091 0.402893 0.529551
0.423937 0.45446 0.464361
0.457052 0.44596 0.397838
0.494683 0.438132 0.474772
0.627793 0.413081 0.510464
0.377211 0.423625 0.477052
0.548751 0.442555 0.4104
0.380781 0.43122 0.471346
0.396742 0.449654 0.459576
0.609174 0.436773 0.452231
0.465835 0.397088 0.638118
0.604266 0.422656 0.433055
0.40286 0.451655 0.443454
0.609654 0.433098 0.512734
0.457039 0.410222 0.631839
0.41251 0.445857 0.41871
0.43787 0.449721 0.537529
0.416573 0.439235 0.601708
0.430248 0.38224 0.570948
0.594903 0.425209 0.424906
0.621301 0.429182 0.453439
0.438083 0.397727 0.602798
0.587293 0.411114 0.428747
0.63657 0.40026 0.464818
0.494115 0.410144 0.6354
0.562121 0.449552 0.544475
0.458556 0.426543 0.628349
0.386975 0.433106 0.55141
0.475217 0.405837 0.642167
0.53167 0.407764 0.375545
0.424654 0.396848 0.573014
0.470938 0.37121 0.633043
0.579313 0.391761 0.552898
0.440733 0.447571 0.514689
0.605273 0.434974 0.537038
0.404302 0.445478 0.454882
0.602053 0.415634 0.542571
0.55785 0.44452 0.519528
0.468454 0.442195 0.40795
0.382781 0.395941 0.473241
0.601728 0.432188 0.511915
0.496793 0.407665 0.62784
0.437408 0.423657 0.405518
0.384264 0.416469 0.501836
0.567886 0.43588 0.409768
0.536754 0.434298 0.488879
0.457876 0.444055 0.462558
0.572928 0.432223 0.567779
0.451008 0.441835 0.588115
0.394365 0.436127 0.50528
0.47116 0.363989 0.625875
0.570644 0.442587 0.546533
0.448114 0.443369 0.406601
0.6323 0.404292 0.48432
0.498975 0.359504 0.626148
0.527767 0.438445 0.58468
0.630193 0.402835 0.491424
0.484357 0.442216 0.546094
0.611205 0.404151 0.454626
0.575391 0.425328 0.569438
0.495127 0.43811 0.44905
0.508215 0.435364 0.397074
0.612544 0.425002 0.451236
0.626457 0.392449 0.504215
0.605759 0.430173 0.525779
0.485489 0.438386 0.460427
0.481196 0.442857 0.416587
0.392982 0.435854 0.469634
0.622082 0.409607 0.507552
0.603641 0.422033 0.540832
0.450559 0.444133 0.467414
0.412781 0.440712 0.452149
0.497111 0.344068 0.617581
0.512783 0.364243 0.621983
0.522222 0.402778 0.618585
0.502213 0.43456 0.578331
0.588905 0.432852 0.514397
0.498337 0.424643 0.480655
0.402821 0.433295 0.541103
0.498015 0.429071 0.402702
0.620326 0.386261 0.474131
0.523532 0.395844 0.620748
0.529486 0.39008 0.618582
0.429448 0.423166 0.592408
0.439058 0.442881 0.455218
0.38998 0.411257 0.475669
0.501983 0.378106 0.625347
0.414068 0.416446 0.429667
0.537364 0.361178 0.58678
0.387758 0.390797 0.522516
0.592525 0.384514 0.535543
0.509649 0.427741 0.457887
0.396805 0.428999 0.529618
0.424992 0.44332 0.433806
0.452689 0.413838 0.399906
0.534642 0.391792 0.611853
0.424553 0.439413 0.425441
0.487868 0.37689 0.628591
0.48281 0.426862 0.478632
0.511229 0.429205 0.59363
0.455361 0.363388 0.595752
0.50604 0.429996 0.446725
0.613239 0.364635 0.470907
0.408978 0.439012 0.465597
0.488065 0.413999 0.618891
0.395408 0.426693 0.525994
0.504316 0.430764 0.443444
0.403919 0.421172 0.514388
0.405338 0.407528 0.541944
0.583896 0.37625 0.442569
0.549457 0.425427 0.56799
0.392299 0.370472 0.502928
0.580885 0.428555 0.516444
0.448424 0.402977 0.599642
0.577831 0.419889 0.438475
0.468054 0.429554 0.576134
0.574956 0.347314 0.436853
0.382981 0.372315 0.479803
0.434585 0.434917 0.428506
0.511238 0.422429 0.410697
0.596895 0.40183 0.531967
0.481004 0.363678 0.623616
0.53804 0.429411 0.51978
0.491288 0.392879 0.618138
0.485127 0.352043 0.621614
0.428158 0.42071 0.420676
0.428496 0.424376 0.421483
0.500508 0.407754 0.611316
0.46801 0.359606 0.611594
0.55795 0.431646 0.536998
0.447053 0.427186 0.477449
0.474216 0.429915 0.545433
0.519401 0.392626 0.388567
0.393061 0.39198 0.503431
0.45321 0.422071 0.488327
0.489393 0.400786 0.616202
0.611401 0.388452 0.487849
0.464665 0.376703 0.611754
0.600984 0.412151 0.46436
0.495738 0.370187 0.620264
0.610647 0.363457 0.471229
0.512678 0.423799 0.508511
0.605453 0.370401 0.506256
0.409437 0.410842 0.499441
0.531366 0.419235 0.513729
0.562371 0.419181 0.50317
0.593946 0.402142 0.526887
0.397621 0.391617 0.469012
0.555096 0.423284 0.526878
0.474885 0.358185 0.615099
0.606142 0.3505 0.497578
0.415715 0.416763 0.499349
0.540759 0.422952 0.537409
0.456297 0.385603 0.40307
0.536227 0.420891 0.556882
0.600194 0.37426 0.465474
0.538482 0.418058 0.575129
0.388457 0.36797 0.484233
0.556688 0.417189 0.46349
0.504842 0.414695 0.459936
0.602155 0.382941 0.492558
0.563458 0.403023 0.426361
0.58026 0.414601 0.481107
0.462549 0.383157 0.397637
0.4727 0.416848 0.518454
0.517548 0.399843 0.60533
0.472453 0.41797 0.590199
0.567585 0.365987 0.544686
0.43131 0.418651 0.492219
0.51076 0.419874 0.524215
0.535282 0.410144 0.590783
0.426833 0.412258 0.564087
0.407445 0.411136 0.531052
0.518965 0.389024 0.608938
0.405631 0.4049 0.509484
0.524625 0.392358 0.606942
0.46716 0.40835 0.476771
0.509019 0.418715 0.575667
0.594289 0.406452 0.491892
0.440469 0.39624 0.419008
0.532899 0.413451 0.536695
0.451417 0.400074 0.584
0.589169 0.374955 0.522842
0.511996 0.409795 0.439118
0.541656 0.413521 0.535889
0.552873 0.409413 0.498946
0.472807 0.390436 0.47543
0.422885 0.413596 0.533305
0.45128 0.41171 0.514771
0.398115 0.364472 0.459547
0.524966 0.376362 0.401085
0.536739 0.357773 0.576185
0.590549 0.395833 0.472218
0.472345 0.407804 0.456747
0.554096 0.407024 0.482683
0.468285 0.363511 0.601905
0.549203 0.367425 0.418211
0.511202 0.411469 0.55631
0.459478 0.396676 0.49182
0.591384 0.361996 0.519491
0.483971 0.412314 0.564153
0.60527 0.341369 0.496013
0.479161 0.363159 0.609358
0.595454 0.381848 0.490141
0.457625 0.402156 0.587171
0.483087 0.353591 0.386382
0.449753 0.415887 0.453716
0.59389 0.367128 0.512848
0.509322 0.401939 0.492539
0.473654 0.408764 0.415444
0.500634 0.403401 0.590166
0.493968 0.406125 0.416243
0.471838 0.331069 0.602744
0.450783 0.366513 0.410337
0.477143 0.356524 0.389573
0.452866 0.349792 0.41147
0.418329 0.392794 0.489674
0.607888 0.322128 0.474033
0.412457 0.36442 0.518537
0.509447 0.320515 0.590929
0.526862 0.402633 0.544792
0.582039 0.390048 0.502289
0.510628 0.401509 0.55275
0.612794 0.300474 0.48539
0.58594 0.350617 0.453742
0.461559 0.36775 0.588295
0.433403 0.406396 0.529147
0.466128 0.314485 0.590478
0.524089 0.398256 0.468485
0.413652 0.357979 0.524447
0.566601 0.390456 0.442846
0.461561 0.383881 0.476255
0.469226 0.399046 0.516478
0.461568 0.404562 0.549724
0.592724 0.311366 0.517051
0.510492 0.350244 0.594205
0.49743 0.398245 0.455325
0.583757 0.387934 0.517636
0.474251 0.37685 0.474773
0.493037 0.400569 0.563381
0.560364 0.397854 0.444796
0.553119 0.380704 0.425516
0.534423 0.401878 0.548037
0.527095 0.403364 0.52758
0.573936 0.399718 0.526474
0.540114 0.381693 0.416814
0.541153 0.372586 0.415882
0.524448 0.382965 0.410875
0.514767 0.353308 0.403585
0.421223 0.402647 0.455428
0.461377 0.367981 0.588117
0.458972 0.323294 0.578158
0.533871 0.392327 0.449231
0.550082 0.38877 0.539736
0.434631 0.392633 0.517324
0.535087 0.388505 0.552641
0.514631 0.391247 0.544353
0.592881 0.324619 0.50675
0.51843 0.330621 0.405756
0.557607 0.382705 0.438698
0.516296 0.386128 0.571914
0.479118 0.389569 0.520974
0.531758 0.3913 0.435537
0.500286 0.332933 0.404739
0.482895 0.362825 0.477841
0.531344 0.389895 0.430901
0.563136 0.317676 0.542021
0.490967 0.385727 0.569018
0.550502 0.356658 0.425343
0.416582 0.343763 0.521362
0.519873 0.334519 0.406268
0.474271 0.378062 0.411908
0.521555 0.378248 0.580737
0.534219 0.375031 0.570196
0.496843 0.384932 0.571708
0.429259 0.263478 0.573139
0.474584 0.384786 0.512618
0.467322 0.384316 0.417615
0.422923 0.36124 0.43768
0.455525 0.388542 0.509555
0.434448 0.306715 0.555494
0.459029 0.336737 0.410492
0.397504 0.346994 0.471913
0.555719 0.35041 0.428572
0.417399 0.344812 0.441687
0.417443 0.378308 0.494962
0.428956 0.366589 0.542881
0.425543 0.370159 0.509656
0.534174 0.377183 0.464545
0.463036 0.332672 0.411895
0.449891 0.384015 0.521265
0.451793 0.385184 0.534549
0.504071 0.379016 0.540349
0.478091 0.379424 0.424977
0.444772 0.347765 0.557573
0.571714 0.370813 0.472068
0.448722 0.385233 0.533087
0.453205 0.379272 0.556131
0.549103 0.377441 0.501516
0.490906 0.373984 0.556778
0.507623 0.333131 0.579016
0.43167 0.312047 0.420544
0.566416 0.256553 0.57308
0.407849 0.351648 0.481939
0.562888 0.375502 0.510614
0.542053 0.378592 0.461692
0.459415 0.349301 0.416913
0.428941 0.33234 0.539175
0.527036 0.308187 0.40886
0.409938 0.33932 0.494199
0.492409 0.323153 0.584547
0.596699 0.294629 0.49969
0.483988 0.300704 0.593352
0.426734 0.369482 0.514557
0.519544 0.376808 0.499111
0.397976 0.332106 0.479468
0.500596 0.377693 0.545181
0.590576 0.343653 0.471276
0.495672 0.3777 0.516059
0.531419 0.376169 0.466719
0.570816 0.344989 0.527473
0.537896 0.374874 0.548311
0.505109 0.368595 0.466858
0.435023 0.360837 0.44124
0.532886 0.358417 0.475942
0.530134 0.360768 0.468392
0.463032 0.370906 0.523175
0.558758 0.361554 0.507078
0.49399 0.364621 0.536181
0.556293 0.360025 0.527722
0.512075 0.36709 0.530852
0.570299 0.354149 0.494156
0.574763 0.34871 0.499959
0.427122 0.256412 0.573977
0.529579 0.325613 0.566514
0.465018 0.348409 0.491764
0.553215 0.359872 0.483574
0.487355 0.3334 0.576236
0.580588 0.286284 0.439616
0.543612 0.312044 0.420609
0.540637 0.362926 0.438338
0.488149 0.323519 0.579299
0.538159 0.344841 0.426429
0.556779 0.360178 0.490307
0.545945 0.364584 0.442715
0.485499 0.358355 0.422492
0.49023 0.317888 0.409201
0.576449 0.324622 0.450273
0.472652 0.34141 0.471249
0.583479 0.266173 0.433659
0.455911 0.302657 0.572915
0.578763 0.347597 0.465322
0.597599 0.287838 0.492687
0.51945 0.365 0.503916
0.556626 0.331637 0.537873
0.505504 0.367647 0.521014
0.551546 0.359824 0.482132
0.474954 0.314998 0.407742
0.431073 0.28953 0.555533
0.444944 0.340508 0.54411
0.533987 0.345908 0.487154
0.43757 0.344942 0.525108
0.473006 0.35274 0.522595
0.465705 0.343788 0.502923
0.485894 0.346786 0.53357
0.443304 0.354102 0.461095
0.400211 0.27398 0.487323
0.562161 0.342452 0.520105
0.486517 0.329018 0.485007
0.572688 0.323726 0.451531
0.569665 0.343184 0.464266
0.456137 0.354432 0.437912
0.566801 0.246337 0.577128
0.546587 0.351456 0.525799
0.589422 0.27911 0.455464
0.495629 0.350378 0.524507
0.529486 0.351816 0.533778
0.417587 0.3223 0.49251
0.467574 0.342612 0.425729
0.498731 0.345561 0.431393
0.566539 0.345187 0.475428
0.530427 0.343232 0.548188
0.488716 0.351092 0.437371
0.565186 0.336204 0.521745
0.486395 0.34293 0.546637
0.569992 0.339184 0.494609
0.531742 0.345863 0.467136
0.523461 0.332676 0.423937
0.479728 0.34174 0.458283
0.47697 0.336591 0.569811
0.468869 0.32034 0.416422
0.479957 0.300537 0.584297
0.517954 0.315304 0.416804
0.592301 0.302991 0.47534
0.499635 0.333984 0.483235
0.419398 0.316928 0.479633
0.534859 0.333362 0.499423
0.510531 0.247094 0.59095
0.479962 0.330809 0.520129
0.580539 0.307464 0.489621
0.478728 0.332414 0.536048
0.517554 0.319089 0.558004
0.489567 0.325524 0.460227
0.5423 0.297029 0.55759
0.408238 0.291962 0.472192
0.537292 0.330114 0.471269
0.57495 0.311053 0.507276
0.450167 0.291799 0.564507
0.412385 0.291823 0.491608
0.42556 0.314377 0.503399
0.59374 0.260043 0.467951
0.425246 0.327316 0.467277
0.524804 0.330643 0.456819
0.550482 0.301252 0.427967
0.560905 0.321495 0.44602
0.463324 0.316204 0.564849
0.572757 0.319331 0.496915
0.406808 0.283969 0.485097
0.48071 0.319556 0.466549
0.560517 0.333149 0.466923
0.48765 0.332159 0.43167
0.51786 0.254714 0.589187
0.458869 0.337746 0.541783
0.488731 0.246465 0.595341
0.565336 0.293941 0.435159
0.416542 0.273578 0.433823
0.534279 0.330893 0.465644
0.44004 0.335164 0.446486
0.496331 0.330124 0.534401
0.497571 0.331589 0.512162
0.41359 0.231644 0.412213
0.425525 0.309362 0.469991
0.439631 0.314427 0.475852
0.473884 0.2987 0.478588
0.500433 0.313104 0.504405
0.582871 0.276717 0.45962
0.470882 0.318514 0.539387
0.534639 0.285157 0.566775
0.513631 0.320473 0.519723
0.525633 0.322932 0.514146
0.531643 0.250648 0.586342
0.56735 0.251178 0.419691
0.476815 0.317909 0.434344
0.494883 0.255242 0.587708
0.578937 0.286995 0.496377
0.543309 0.260599 0.41387
0.424378 0.244569 0.411312
0.461654 0.321176 0.53388
0.440468 0.300855 0.543959
0.505974 0.285736 0.417292
0.495223 0.302135 0.483766
0.575087 0.254319 0.426348
0.589702 0.23934 0.433003
0.590511 0.248419 0.512418
0.494792 0.310313 0.546029
0.472618 0.308441 0.500901
0.592496 0.234472 0.497742
0.437197 0.269309 0.413164
0.523811 0.316375 0.438224
0.438364 0.260825 0.570994
0.417166 0.291563 0.467842
0.487001 0.266095 0.406348
0.590119 0.250269 0.507007
0.476163 0.310088 0.426435
0.567117 0.278069 0.540013
0.495079 0.298899 0.562764
0.565211 0.260422 0.559853
0.441527 0.247969 0.576935
0.443925 0.295401 0.487013
0.56269 0.284554 0.531372
0.509501 0.302578 0.508292
0.491939 0.294118 0.429586
0.462264 0.303706 0.542259
0.439132 0.295123 0.488259
0.405077 0.248917 0.4887
0.516536 0.291608 0.556111
0.478503 0.279476 0.573545
0.54257 0.302874 0.450833
0.479993 0.287677 0.495026
0.48064 0.294582 0.517282
0.412886 0.234059 0.420096
0.439655 0.270409 0.560536
0.423382 0.266334 0.428835
0.586532 0.250977 0.475853
0.413903 0.270096 0.471049
0.457074 0.304211 0.525235
0.404401 0.247033 0.490393
0.518147 0.301991 0.536954
0.404703 0.243537 0.458902
0.458957 0.302328 0.458834
0.493069 0.249792 0.585756
0.466574 0.295283 0.426899
0.401289 0.210324 0.581263
0.590245 0.230636 0.493401
0.437398 0.295697 0.51122
0.573743 0.259626 0.539274
0.507839 0.281545 0.422589
0.42685 0.294102 0.468176
0.479429 0.286304 0.568036
0.431515 0.291875 0.485089
0.551815 0.300256 0.485659
0.425849 0.275881 0.432535
0.473937 0.284084 0.479957
0.429892 0.275284 0.501849
0.446517 0.282067 0.499116
0.466853 0.253942 0.409831
0.518246 0.29071 0.513003
0.402112 0.214547 0.422968
0.45094 0.283507 0.544868
0.521271 0.227104 0.403809
0.496196 0.27862 0.458203
0.523027 0.226344 0.403342
0.587695 0.221969 0.540646
0.505809 0.268547 0.47818
0.488246 0.24935 0.581191
0.458616 0.278363 0.471545
0.43909 0.282019 0.511787
0.494511 0.284034 0.529762
0.420314 0.264143 0.445333
0.515355 0.215966 0.593042
0.408454 0.221108 0.574614
0.587575 0.241131 0.463409
0.510648 0.279798 0.494057
0.470083 0.269604 0.479393
0.407685 0.242814 0.485598
0.514864 0.233603 0.586394
0.491386 0.24911 0.41174
0.455012 0.287246 0.533289
0.401745 0.229065 0.469453
0.553662 0.227172 0.586939
0.533458 0.228732 0.404178
0.535221 0.291027 0.517162
0.402245 0.214388 0.575353
0.572475 0.26774 0.507915
0.549375 0.264002 0.425836
0.399391 0.231708 0.530974
0.520501 0.266553 0.422171
0.531594 0.276285 0.478046
0.567283 0.205627 0.597202
0.427879 0.25974 0.491876
0.554439 0.265959 0.469676
0.414718 0.242344 0.494921
0.547854 0.271027 0.500658
0.407532 0.227294 0.562807
0.435671 0.259787 0.549764
0.54403 0.241808 0.416951
0.519051 0.277353 0.521333
0.491871 0.268818 0.54339
0.525005 0.260521 0.471665
0.541376 0.249838 0.422235
0.585049 0.220587 0.490038
0.525041 0.258546 0.47812
0.593848 0.2065 0.51796
0.432882 0.268787 0.436157
0.441568 0.22187 0.585459
0.538436 0.26149 0.47772
0.50155 0.253216 0.478308
0.536414 0.269462 0.457035
0.459471 0.260957 0.562477
0.408197 0.236226 0.517105
0.441285 0.225817 0.40276
0.501766 0.249609 0.420412
0.503287 0.261508 0.491116
0.557539 0.207076 0.595638
0.510641 0.272764 0.532523
0.458438 0.221256 0.398598
0.42032 0.249551 0.486465
0.476028 0.261959 0.505669
0.453235 0.269628 0.426264
0.45511 0.265765 0.498721
0.405154 0.226255 0.47132
0.438795 0.267783 0.524812
0.40462 0.220519 0.438033
0.532281 0.276934 0.518163
0.538494 0.250534 0.570251
0.427151 0.24572 0.489491
0.479973 0.24345 0.499066
0.400627 0.209918 0.570916
0.403787 0.214327 0.455577
0.510157 0.252215 0.453736
0.429072 0.244437 0.553518
0.555159 0.257302 0.509424
0.528623 0.256497 0.446229
0.583055 0.21362 0.485921
0.562357 0.249478 0.500498
0.555089 0.252432 0.496166
0.46508 0.240512 0.417475
0.594571 0.195826 0.483841
0.591447 0.215473 0.429383
0.410398 0.203105 0.403737
0.490369 0.230516 0.578619
0.596671 0.199523 0.545254
0.428293 0.253273 0.460929
0.575365 0.233224 0.50138
0.529362 0.263031 0.524337
0.601674 0.206775 0.43643
0.495339 0.246067 0.426334
0.450254 0.256526 0.525184
0.56072 0.245509 0.473048
0.535709 0.221952 0.408494
0.442981 0.254732 0.504744
0.430228 0.247171 0.547943
0.541104 0.257957 0.504515
0.405017 0.221458 0.559282
0.50557 0.242564 0.482867
0.473376 0.243663 0.493982
0.516957 0.243607 0.480791
0.447154 0.256511 0.524329
0.520168 0.246192 0.483847
0.584128 0.212086 0.486388
0.595753 0.199884 0.565686
0.429609 0.216776 0.411472
0.480229 0.235353 0.516892
0.499194 0.237846 0.43105
0.411838 0.217172 0.458093
0.417576 0.225943 0.442631
0.413285 0.22141 0.55993
0.441125 0.240417 0.424959
0.416497 0.204727 0.407635
0.587321 0.207193 0.519511
0.481722 0.222784 0.480052
0.518003 0.245758 0.53723
0.469279 0.228976 0.48704
0.580388 0.218153 0.428892
0.412991 0.223822 0.52906
0.483768 0.218824 0.58025
0.492618 0.1931 0.600219
0.528396 0.231081 0.475168
0.418217 0.217646 0.570686
0.512436 0.22686 0.421023
0.44034 0.241765 0.533276
0.534825 0.225688 0.573603
0.500523 0.233342 0.461981
0.511334 0.235893 0.458401
0.557145 0.237352 0.496556
0.525757 0.248903 0.5195
0.446766 0.199779 0.594639
0.606324 0.196854 0.445109
0.451592 0.196591 0.597755
0.56821 0.234706 0.530193
0.395742 0.196224 0.444909
0.41165 0.222388 0.554016
0.394828 0.204383 0.53174
0.401316 0.192232 0.593456
0.495846 0.219926 0.414478
0.500825 0.242629 0.541805
0.487013 0.224546 0.474576
0.426068 0.224452 0.532438
0.479346 0.225579 0.535339
0.594915 0.189102 0.496108
0.419705 0.216663 0.460602
0.528986 0.221678 0.426288
0.397108 0.199356 0.567887
0.525277 0.23305 0.535414
0.507718 0.20779 0.579762
0.592674 0.196523 0.56283
0.399985 0.195457 0.461778
0.487643 0.202163 0.586762
0.479416 0.221523 0.567155
0.557274 0.214312 0.573349
0.446978 0.236197 0.435581
0.553781 0.230516 0.542255
0.49215 0.202828 0.404454
0.464533 0.195311 0.392999
0.405151 0.199707 0.478867
0.452239 0.230005 0.5414
0.545969 0.231862 0.541105
0.482807 0.217953 0.503742
0.508435 0.223054 0.496548
0.588836 0.181884 0.607369
0.554608 0.232826 0.526817
0.516843 0.22691 0.434268
0.445822 0.227678 0.469995
0.567523 0.223575 0.535897
0.559978 0.218847 0.47312
0.523344 0.228792 0.503223
0.490321 0.194149 0.394034
0.561262 0.206858 0.406412
0.48452 0.196865 0.5926
0.583225 0.212343 0.44288
0.471044 0.228087 0.549216
0.41386 0.189241 0.390658
0.600978 0.181579 0.605674
0.423647 0.211249 0.527593
0.53567 0.202207 0.412714
0.57642 0.207654 0.440431
0.536771 0.215613 0.558058
0.535299 0.189069 0.392133
0.386138 0.183947 0.574255
0.537378 0.218193 0.543882
0.522044 0.191312 0.398234
0.57623 0.206603 0.432573
0.473152 0.212145 0.523567
0.504215 0.215633 0.547832
0.422352 0.19917 0.41354
0.491246 0.197761 0.582837
0.423349 0.211904 0.438873
0.518628 0.208924 0.487022
0.383092 0.17578 0.604263
0.582882 0.199371 0.5471
0.458549 0.215496 0.426439
0.528487 0.215114 0.438157
0.514431 0.207571 0.469061
0.45217 0.216801 0.528132
0.416988 0.207857 0.56045
0.464998 0.191911 0.39591
0.457337 0.211305 0.468437
0.470557 0.209807 0.460874
0.503799 0.188103 0.393599
0.513397 0.214907 0.436498
0.385478 0.181722 0.517146
0.613135 0.174559 0.378649
0.405392 0.198729 0.528768
0.377885 0.175724 0.382537
0.510105 0.19251 0.400124
0.61002 0.185043 0.429206
0.509831 0.21226 0.451506
0.521191 0.220871 0.523244
0.474352 0.195499 0.586719
0.422911 0.200805 0.444311
0.537164 0.201035 0.427541
0.457343 0.200479 0.504983
0.550902 0.202688 0.565062
0.431397 0.176758 0.610863
0.61329 0.176995 0.580387
0.415871 0.194622 0.448785
0.39408 0.181078 0.587111
0.575749 0.192051 0.47017
0.612148 0.168756 0.504414
0.469173 0.180887 0.601066
0.429046 0.200317 0.489627
0.4695 0.199764 0.515975
0.457902 0.205556 0.552633
0.607778 0.178937 0.453517
0.383174 0.175953 0.383405
0.512258 0.196132 0.468188
0.44703 0.206733 0.546484
0.462908 0.200742 0.569939
0.414281 0.190885 0.476184
0.616747 0.17158 0.460034
0.419774 0.175481 0.612083
0.534349 0.205883 0.542637
0.453035 0.200649 0.499379
0.456935 0.185723 0.593951
0.508113 0.195377 0.485587
0.478705 0.200926 0.535983
0.50948 0.169366 0.616395
0.557799 0.190301 0.583451
0.506879 0.194773 0.483918
0.545221 0.201216 0.454343
0.610283 0.176786 0.456249
0.564509 0.198175 0.493195
0.480717 0.180116 0.601352
0.430232 0.185795 0.595716
0.577519 0.190011 0.486833
0.420024 0.188247 0.426754
0.427424 0.16696 0.623186
0.393544 0.167888 0.619726
0.588586 0.182637 0.549742
0.44402 0.195882 0.546136
0.601646 0.175971 0.587417
0.437486 0.193428 0.460936
0.427056 0.193232 0.435651
0.539313 0.184118 0.408788
0.537048 0.186439 0.416216
0.508498 0.193281 0.52091
0.544371 0.175577 0.382955
0.546415 0.195086 0.53023
0.405989 0.185845 0.566013
0.525609 0.192735 0.559832
0.412615 0.18892 0.564267
0.536918 0.191774 0.566346
0.558974 0.192211 0.439669
0.397187 0.179831 0.577825
0.567492 0.192695 0.545446
0.540941 0.192079 0.505331
0.453401 0.189628 0.503129
0.51627 0.180579 0.587902
0.467241 0.174191 0.606206
0.591958 0.182089 0.421552
0.40685 0.184871 0.572132
0.586613 0.183886 0.552525
0.606675 0.170824 0.484368
0.485476 0.188034 0.571134
0.560827 0.194425 0.53778
0.411494 0.184682 0.436086
0.436925 0.192447 0.517081
0.615888 0.166467 0.480507
0.576506 0.175288 0.377964
0.429939 0.188386 0.415827
0.556388 0.189437 0.459455
0.416781 0.181609 0.572503
0.426277 0.174786 0.391402
0.511547 0.179757 0.447281
0.607329 0.171511 0.557999
0.571764 0.181417 0.534402
0.591815 0.171039 0.595018
0.54108 0.171924 0.596027
0.534297 0.169617 0.38324
0.540675 0.180191 0.450315
0.443004 0.171486 0.382331
0.470607 0.180491 0.572506
0.552901 0.178459 0.469649
0.526686 0.177476 0.462207
0.440981 0.182746 0.453423
0.617856 0.161218 0.524951
0.408803 0.173052 0.592952
0.461493 0.177149 0.478918
0.549121 0.181772 0.571494
0.562874 0.17826 0.478887
0.459693 0.183606 0.555208
0.478299 0.182408 0.428576
0.46165 0.182464 0.546094
0.595449 0.169698 0.505913
0.461699 0.173696 0.39389
0.578319 0.180658 0.56061
0.407745 0.176269 0.428511
0.552465 0.181776 0.425515
0.496808 0.175673 0.584353
0.433112 0.185063 0.538666
0.433553 0.180979 0.491317
0.578801 0.17599 0.499503
0.534759 0.17772 0.580464
0.574333 0.181442 0.549711
0.541596 0.184005 0.537106
0.568846 0.177752 0.480082
0.432543 0.176132 0.595314
0.414591 0.168431 0.474264
0.423311 0.170741 0.409535
0.371039 0.161196 0.528023
0.625814 0.162553 0.566927
0.459831 0.171028 0.519826
0.582497 0.165465 0.603195
0.396641 0.165702 0.483523
0.390329 0.16488 0.595136
0.542677 0.170741 0.494846
0.606188 0.16246 0.618905
0.421374 0.158425 0.633601
0.568376 0.174772 0.559512
0.5034 0.164188 0.384142
0.477384 0.168743 0.587137
0.455923 0.169858 0.485732
0.404053 0.160743 0.625243
0.368992 0.16233 0.377536
0.538751 0.169987 0.460008
0.488351 0.159654 0.368308
0.596109 0.169424 0.568455
0.402759 0.164723 0.605956
0.469428 0.166987 0.597773
0.428498 0.172728 0.419637
0.456618 0.173917 0.4292
0.566437 0.172054 0.455469
0.40693 0.169719 0.530712
0.513488 0.173797 0.538268
0.374531 0.162086 0.433592
0.372771 0.161227 0.50626
0.547885 0.172982 0.437897
0.511332 0.172923 0.570365
0.378956 0.16555 0.385202
0.536456 0.15708 0.631541
0.511342 0.17053 0.449983
0.469516 0.172788 0.551522
0.552156 0.169769 0.482858
0.409985 0.162152 0.455831
0.569145 0.157004 0.627917
0.579684 0.161272 0.374846
0.393944 0.162096 0.549754
0.470824 0.163283 0.453702
0.571014 0.159741 0.612162
0.421144 0.16314 0.5
0.423213 0.164504 0.421944
0.498829 0.164493 0.426664
0.515727 0.164028 0.513341
0.470682 0.164114 0.543436
0.437134 0.16457 0.446183
0.60051 0.161719 0.392914
0.422034 0.161921 0.60251
0.637954 0.155555 0.616897
0.431445 0.167242 0.554965
0.398051 0.160854 0.491719
0.403598 0.161004 0.599148
0.41976 0.158671 0.366203
0.512464 0.159445 0.381443
0.590586 0.162379 0.389863
0.504998 0.161084 0.481975
0.39893 0.160869 0.460149
0.474058 0.163823 0.541146
0.45457 0.163682 0.52387
0.556438 0.155656 0.632759
0.367942 0.157457 0.556961
0.482294 0.164265 0.551431
0.552097 0.162772 0.491097
0.612792 0.157329 0.496638
0.626125 0.157776 0.557612
0.451134 0.163506 0.458346
0.587389 0.158024 0.623417
0.621793 0.156875 0.467596
0.468518 0.158756 0.617936
0.527021 0.162725 0.449125
0.402766 0.153745 0.628965
0.570627 0.155037 0.367131
0.430041 0.156582 0.461475
0.402253 0.156642 0.557192
0.624925 0.153971 0.432891
0.559753 0.154315 0.621096
0.539862 0.154791 0.372126
0.54801 0.154216 0.365341
0.500178 0.155137 0.475892
0.408366 0.155724 0.485476
0.420871 0.155919 0.603877
0.445242 0.157435 0.544183
0.576782 0.156475 0.593276
0.463297 0.15582 0.472718
0.455443 0.158082 0.572722
0.429694 0.157771 0.586057
0.585672 0.156451 0.387054
0.38649 0.15483 0.476271
0.614807 0.153823 0.531687
0.380002 0.155802 0.384634
0.515173 0.156426 0.580791
0.516483 0.157108 0.53231
0.485715 0.152564 0.358971
0.468176 0.156727 0.585607
0.435146 0.156578 0.405585
0.561568 0.15609 0.467534
0.604541 0.155877 0.404842
0.637751 0.153701 0.383915
0.496836 0.156066 0.451291
0.464378 0.156829 0.438047
0.548447 0.152352 0.639971
0.564307 0.157465 0.527206
0.540408 0.157209 0.422198
0.589098 0.15482 0.365883
0.636596 0.153036 0.417859
0.37916 0.154614 0.606319
0.400099 0.15 0.516576
0.5728 0.15 0.3847
0.564725 0.15 0.555066
0.410042 0.15 0.565421
0.493468 0.15 0.411388
0.547568 0.15 0.630746
0.371406 0.15 0.532983
0.385075 0.15 0.60576
0.500774 0.15 0.53074
0.587239 0.15 0.45419
0.367057 0.15 0.367963
0.454511 0.15 0.353534
0.55123 0.15 0.511596
0.506999 0.15 0.630966
0.55947 0.15 0.530026
0.42828 0.15 0.619228
0.492817 0.15 0.572105
0.366105 0.15 0.642245
0.52813 0.15 0.411489
0.536773 0.15 0.389387
0.432556 0.15 0.490831
0.530044 0.15 0.588136
0.583256 0.15 0.550122
0.461652 0.15 0.634216
0.414217 0.15 0.573597
0.570035 0.15 0.588868
0.562226 0.15 0.539593
0.504289 0.15 0.502385
0.433554 0.15 0.407717
0.600267 0.15 0.373438
0.463602 0.15 0.427602
0.391557 0.15 0.603508
0.491041 0.15 0.503868
0.552411 0.15 0.555789
0.5186 0.15 0.50136
0.519222 0.15 0.478022
