1908 0.012625
0.375249 0.246609 0.376755
0.424654 0.217404 0.328112
0.45819 0.195511 0.310976
0.497841 0.190489 0.310703
0.531452 0.191337 0.319585
0.56823 0.210095 0.339903
0.331497 0.211814 0.419576
0.34859 0.289095 0.350462
0.440128 0.291947 0.308591
0.498888 0.284677 0.298168
0.570569 0.290916 0.317636
0.64098 0.262103 0.363419
0.329684 0.196692 0.461974
0.305646 0.288529 0.436524
0.430703 0.373288 0.426834
0.500419 0.370829 0.421532
0.58677 0.370714 0.433611
0.690471 0.262324 0.440492
0.318404 0.196109 0.494859
0.300963 0.283312 0.50396
0.432996 0.37258 0.500827
0.505188 0.369387 0.499616
0.589258 0.365792 0.500312
0.697761 0.249722 0.504483
0.326609 0.199769 0.531752
0.319396 0.283389 0.577996
0.43253 0.361462 0.595276
0.497725 0.360759 0.596197
0.579448 0.36339 0.583103
0.684605 0.246499 0.560225
0.35122 0.239868 0.570693
0.365807 0.233583 0.631944
0.43739 0.251634 0.678031
0.499628 0.249857 0.692383
0.557331 0.269923 0.685391
0.636995 0.260995 0.625895
0.351191 0.244902 0.354628
0.350752 0.233255 0.575644
0.290705 0.258432 0.50921
0.580213 0.367347 0.493539
0.447657 0.329515 0.653904
0.543945 0.194758 0.305901
0.339559 0.210986 0.589159
0.360699 0.237017 0.587298
0.665186 0.194913 0.481593
0.470152 0.189439 0.287281
0.616505 0.24426 0.614505
0.644776 0.271152 0.628199
0.508684 0.304899 0.679234
0.497677 0.370497 0.532904
0.602094 0.363574 0.468674
0.665305 0.199763 0.466875
0.306329 0.206452 0.547219
0.39059 0.235272 0.357669
0.533098 0.23214 0.686794
0.355628 0.223651 0.621397
0.351584 0.262406 0.637553
0.420191 0.360018 0.599047
0.315956 0.205531 0.555813
0.523554 0.354727 0.611138
0.399467 0.233299 0.631759
0.676812 0.203508 0.565661
0.529632 0.366323 0.54259
0.439749 0.266775 0.680594
0.663945 0.23338 0.597042
0.459237 0.371539 0.500486
0.481571 0.206796 0.686687
0.675274 0.223315 0.577953
0.569862 0.368527 0.476462
0.657684 0.214036 0.578846
0.513874 0.239751 0.689899
0.321059 0.210567 0.415684
0.334267 0.218949 0.593702
0.29619 0.246595 0.427608
0.642713 0.296132 0.624048
0.686638 0.258385 0.428671
0.455023 0.371499 0.432754
0.542485 0.195571 0.303821
0.473081 0.251443 0.69335
0.466975 0.197557 0.678241
0.557986 0.366373 0.523969
0.51623 0.368675 0.49834
0.544403 0.201493 0.666637
0.616767 0.321094 0.359021
0.47605 0.367828 0.471291
0.691215 0.276134 0.53114
0.398101 0.358884 0.583059
0.321821 0.29195 0.570928
0.681023 0.22258 0.407101
0.399537 0.225348 0.641213
0.64348 0.315109 0.608797
0.470931 0.368723 0.448668
0.353158 0.233842 0.623012
0.506609 0.368185 0.471728
0.336554 0.283586 0.620034
0.637513 0.320927 0.383354
0.45471 0.371614 0.419633
0.317361 0.197563 0.524972
0.661593 0.272573 0.611619
0.363871 0.22334 0.605372
0.534086 0.205762 0.661699
0.687798 0.205712 0.463407
0.66503 0.266215 0.390366
0.527603 0.293806 0.684908
0.433656 0.301655 0.66731
0.31362 0.204125 0.551073
0.451659 0.314346 0.66638
0.642156 0.258563 0.620175
0.283788 0.216079 0.458043
0.284064 0.226455 0.458028
0.415093 0.224181 0.309569
0.693538 0.228083 0.442567
0.692598 0.210572 0.43508
0.532731 0.203706 0.296278
0.694655 0.243115 0.453513
0.672593 0.246982 0.589371
0.546323 0.329422 0.650399
0.287177 0.255228 0.4616
0.508516 0.26509 0.29032
0.677192 0.295861 0.535022
0.437871 0.276318 0.300853
0.652569 0.217113 0.370255
0.571716 0.367173 0.500336
0.338455 0.260074 0.628195
0.524209 0.256516 0.691675
0.284571 0.230557 0.496653
0.47604 0.3693 0.407145
0.673636 0.199518 0.47681
0.696801 0.223486 0.497387
0.52141 0.365936 0.556204
0.512138 0.369255 0.448488
0.652321 0.335673 0.466852
0.435877 0.213171 0.671335
0.370637 0.239638 0.371024
0.566825 0.338146 0.343126
0.554937 0.363385 0.386629
0.483517 0.243622 0.692602
0.458879 0.281359 0.298415
0.525781 0.367968 0.499719
0.632041 0.227573 0.368617
0.410632 0.218889 0.323432
0.694307 0.2155 0.448733
0.62672 0.224844 0.361303
0.427843 0.373197 0.453337
0.405657 0.244896 0.630505
0.281712 0.225341 0.485439
0.606841 0.362124 0.460701
0.686295 0.205536 0.453901
0.486707 0.329434 0.327094
0.520541 0.21392 0.290765
0.427268 0.214986 0.664591
0.403084 0.367403 0.535887
0.529127 0.208615 0.678751
0.65412 0.323143 0.409506
0.443931 0.372349 0.426884
0.573836 0.208633 0.664115
0.390368 0.24305 0.655065
0.303006 0.231497 0.549461
0.665818 0.202335 0.46195
0.375614 0.23867 0.640729
0.360562 0.351089 0.494652
0.375441 0.233592 0.35976
0.382926 0.225675 0.632238
0.501749 0.367925 0.475977
0.540769 0.297806 0.311327
0.527759 0.293591 0.684548
0.585827 0.208961 0.333494
0.630733 0.347633 0.519379
0.362052 0.351717 0.49114
0.311614 0.190546 0.48094
0.492105 0.353572 0.615582
0.319376 0.275541 0.592191
0.357715 0.333366 0.599149
0.578313 0.218932 0.657163
0.376932 0.289486 0.648302
0.461461 0.361866 0.381755
0.667482 0.202897 0.458629
0.554725 0.211917 0.649943
0.52542 0.369308 0.407309
0.574256 0.210932 0.66223
0.298239 0.249819 0.539616
0.290479 0.241237 0.515162
0.319378 0.262615 0.601692
0.669654 0.202214 0.46321
0.328231 0.214652 0.413558
0.505834 0.219524 0.287482
0.651832 0.334223 0.489712
0.662522 0.324548 0.462783
0.543008 0.247727 0.298243
0.454009 0.305001 0.314176
0.317064 0.303524 0.514864
0.682861 0.264394 0.422659
0.299857 0.268616 0.534835
0.389715 0.302483 0.32994
0.447766 0.307466 0.316215
0.409508 0.222123 0.649895
0.656968 0.217382 0.380575
0.309437 0.19791 0.523087
0.696836 0.260202 0.504454
0.308965 0.19322 0.489401
0.432978 0.247909 0.674414
0.5251 0.208918 0.665866
0.324764 0.286737 0.59367
0.594372 0.355428 0.598992
0.415074 0.220052 0.313028
0.352868 0.228695 0.587088
0.439502 0.28056 0.303046
0.562613 0.231645 0.30868
0.300609 0.195542 0.511895
0.408321 0.317515 0.651047
0.635333 0.22271 0.365015
0.695999 0.262717 0.51606
0.689712 0.253605 0.544408
0.564473 0.364165 0.56269
0.311432 0.282464 0.547561
0.394024 0.366095 0.499885
0.314147 0.256689 0.387627
0.301209 0.246377 0.546013
0.525133 0.197248 0.301838
0.315259 0.194146 0.46697
0.516816 0.235694 0.290143
0.489448 0.22574 0.285355
0.416868 0.220624 0.32653
0.348618 0.31524 0.367685
0.556892 0.366816 0.398184
0.646869 0.222678 0.381155
0.328611 0.208749 0.554456
0.687637 0.221205 0.546774
0.313637 0.19959 0.443799
0.459109 0.349822 0.624265
0.54867 0.197374 0.312593
0.420676 0.214381 0.312575
0.541416 0.319239 0.662057
0.666519 0.211081 0.401219
0.502396 0.226026 0.287465
0.531879 0.366547 0.501509
0.297729 0.196664 0.508275
0.56605 0.279738 0.312529
0.501293 0.369569 0.431751
0.559353 0.270161 0.683852
0.311601 0.275819 0.561027
0.303067 0.212619 0.42649
0.321179 0.297974 0.551143
0.341883 0.338045 0.498747
0.698015 0.263011 0.472122
0.677152 0.298653 0.521376
0.595708 0.367712 0.429178
0.358834 0.267555 0.642222
0.538858 0.218259 0.682404
0.499968 0.363293 0.382972
0.570644 0.233138 0.677141
0.572817 0.207424 0.317293
0.357147 0.221089 0.613873
0.40605 0.237003 0.321813
0.364644 0.344713 0.391731
0.367098 0.317741 0.352939
0.521029 0.341583 0.634807
0.486621 0.227778 0.285577
0.501073 0.195679 0.296517
0.518392 0.360015 0.371838
0.355692 0.346313 0.46864
0.289048 0.233883 0.508911
0.623837 0.346249 0.574081
0.584498 0.219896 0.323191
0.615768 0.235623 0.6346
0.59759 0.354005 0.598991
0.423213 0.362618 0.384076
0.458336 0.370412 0.419787
0.48628 0.369611 0.418939
0.357968 0.236737 0.363949
0.53173 0.207023 0.676227
0.591379 0.215699 0.331225
0.672199 0.200023 0.513378
0.599999 0.239318 0.656758
0.570966 0.36941 0.453874
0.696835 0.246897 0.472666
0.474815 0.192259 0.303554
0.353013 0.284763 0.347021
0.466815 0.269325 0.689826
0.674973 0.196768 0.515656
0.550017 0.36459 0.529869
0.398907 0.367346 0.468988
0.305842 0.229694 0.551557
0.66389 0.21748 0.590389
0.442583 0.341158 0.342161
0.526717 0.269089 0.293917
0.522915 0.317166 0.668178
0.531244 0.352379 0.612628
0.284739 0.233151 0.488953
0.364806 0.297958 0.344954
0.617851 0.352706 0.532305
0.39032 0.335734 0.35159
0.308918 0.246049 0.56046
0.47057 0.23407 0.286059
0.682184 0.197804 0.521013
0.649086 0.224661 0.386319
0.387895 0.360163 0.548729
0.633365 0.348197 0.472338
0.513676 0.2459 0.689183
0.696603 0.256734 0.479326
0.682 0.260441 0.561912
0.666886 0.266874 0.395642
0.559581 0.25593 0.307358
0.466302 0.3668 0.46662
0.404118 0.237328 0.639347
0.672479 0.197872 0.526441
0.430865 0.370936 0.508842
0.459431 0.215595 0.286734
0.616479 0.340049 0.379986
0.633572 0.230321 0.349313
0.628592 0.227379 0.362653
0.694545 0.249387 0.521653
0.44144 0.368834 0.544062
0.317083 0.299077 0.525852
0.382148 0.347638 0.378229
0.504634 0.2094 0.669928
0.465421 0.367258 0.470357
0.62679 0.301726 0.365575
0.57818 0.217678 0.669665
0.446735 0.213008 0.290777
0.310834 0.293595 0.506834
0.473244 0.280706 0.688632
0.410804 0.225776 0.325735
0.302832 0.217975 0.425592
0.343849 0.262511 0.353571
0.396383 0.360539 0.561702
0.435553 0.27166 0.676692
0.485043 0.195497 0.296262
0.301562 0.257459 0.418535
0.468306 0.239115 0.28795
0.410482 0.36591 0.547072
0.448589 0.279563 0.301633
0.676085 0.217226 0.567844
0.621528 0.266716 0.642543
0.376397 0.273379 0.651432
0.597363 0.266656 0.670032
0.630352 0.349691 0.447691
0.327183 0.303395 0.38827
0.385999 0.361594 0.44643
0.527895 0.348412 0.619909
0.669979 0.201353 0.504467
0.292228 0.226556 0.517599
0.483277 0.367972 0.436014
0.573633 0.363047 0.559696
0.576367 0.36698 0.40287
0.351857 0.222043 0.603254
0.392435 0.238464 0.338652
0.333196 0.230173 0.397871
0.521449 0.212408 0.668235
0.367099 0.352636 0.480346
0.506415 0.365259 0.469104
0.425538 0.222207 0.303413
0.324305 0.307731 0.537566
0.435141 0.234542 0.299041
0.345943 0.325473 0.38172
0.33739 0.2452 0.376293
0.6457 0.258027 0.613583
0.5006 0.364475 0.561597
0.645611 0.230237 0.599394
0.613832 0.247216 0.640342
0.384717 0.242376 0.344969
0.695061 0.266476 0.483422
0.303617 0.261997 0.410135
0.518289 0.214404 0.671448
0.415681 0.227035 0.324553
0.45011 0.267889 0.297407
0.461526 0.360746 0.586784
0.495514 0.366395 0.499084
0.64141 0.340458 0.491435
0.502657 0.365441 0.486785
0.477331 0.366894 0.493477
0.349312 0.341465 0.472019
0.292556 0.196296 0.468055
0.684435 0.210916 0.43361
0.663188 0.221591 0.587241
0.589914 0.363859 0.483272
0.392242 0.242046 0.625497
0.519198 0.21907 0.293993
0.3208 0.311518 0.451928
0.445241 0.210648 0.671127
0.450096 0.369514 0.495539
0.323309 0.315707 0.465901
0.316429 0.208254 0.430195
0.294913 0.240694 0.52291
0.341743 0.318832 0.381367
0.645746 0.273357 0.622825
0.672983 0.202993 0.492385
0.570708 0.364778 0.499043
0.693464 0.243465 0.511492
0.508752 0.368129 0.413362
0.541197 0.309563 0.319519
0.4257 0.371798 0.455862
0.337927 0.223201 0.577919
0.679519 0.220239 0.560243
0.661725 0.221131 0.404164
0.632509 0.293729 0.632508
0.312178 0.253556 0.565146
0.692497 0.26586 0.510293
0.53259 0.362234 0.53321
0.525397 0.214402 0.664117
0.541347 0.210987 0.662084
0.429725 0.296832 0.316109
0.652868 0.281397 0.385957
0.688809 0.218163 0.446409
0.628946 0.342845 0.560633
0.29028 0.240728 0.454573
0.375077 0.346261 0.587067
0.403163 0.312404 0.649092
0.65294 0.225667 0.384403
0.343815 0.232353 0.604261
0.409919 0.359721 0.584507
0.593303 0.361429 0.517352
0.673387 0.29879 0.530266
0.509695 0.363427 0.553381
0.595717 0.238193 0.650019
0.583434 0.232565 0.654426
0.320199 0.250086 0.389897
0.383936 0.35983 0.535807
0.448433 0.235618 0.67859
0.321126 0.229284 0.567795
0.347293 0.234925 0.609944
0.658259 0.276612 0.390199
0.575283 0.218326 0.666038
0.392922 0.240309 0.648629
0.562837 0.366904 0.459573
0.65451 0.225453 0.390042
0.429382 0.371189 0.478853
0.631002 0.342125 0.550118
0.61244 0.23095 0.339913
0.664886 0.316291 0.451549
0.536989 0.364046 0.47033
0.361757 0.349101 0.439531
0.304198 0.263928 0.416514
0.688044 0.266089 0.534306
0.366669 0.248899 0.598102
0.532843 0.217181 0.657981
0.402205 0.252175 0.659002
0.397104 0.319261 0.33513
0.379043 0.311912 0.635456
0.460361 0.269383 0.296574
0.586241 0.280372 0.669116
0.616659 0.346778 0.393585
0.365553 0.234281 0.610893
0.445843 0.278007 0.303384
0.649293 0.267087 0.611864
0.373349 0.354741 0.436054
0.567374 0.363321 0.503525
0.594167 0.359229 0.556778
0.479896 0.329418 0.330484
0.490788 0.297549 0.310172
0.53672 0.361702 0.519246
0.477916 0.200961 0.3046
0.614528 0.271982 0.652453
0.409362 0.326929 0.642899
0.585569 0.362229 0.514673
0.352032 0.235007 0.593429
0.292352 0.202416 0.465022
0.686778 0.243704 0.540439
0.566358 0.365613 0.465283
0.631822 0.347458 0.434396
0.474438 0.349211 0.356386
0.482715 0.216673 0.686493
0.32581 0.218189 0.556504
0.376082 0.23844 0.626774
0.611965 0.358074 0.452987
0.522875 0.202226 0.315175
0.329055 0.287978 0.597237
0.56601 0.24032 0.67657
0.387638 0.242521 0.629486
0.621575 0.232445 0.347422
0.55831 0.286779 0.315538
0.649603 0.270515 0.612064
0.371237 0.354573 0.507801
0.391784 0.322071 0.340245
0.538556 0.31699 0.660942
0.606337 0.323378 0.353137
0.462038 0.206093 0.672474
0.674456 0.273927 0.568932
0.621996 0.284978 0.643244
0.374079 0.356619 0.525629
0.666546 0.312253 0.49991
0.524036 0.366274 0.430316
0.377018 0.318737 0.629165
0.595418 0.243554 0.654421
0.40673 0.31646 0.647147
0.516715 0.24678 0.295378
0.61667 0.354782 0.463451
0.593478 0.360142 0.51888
0.574618 0.247514 0.673713
0.500402 0.363999 0.50789
0.689835 0.261153 0.524635
0.340035 0.332526 0.470384
0.427078 0.326783 0.647837
0.678358 0.2076 0.503218
0.689684 0.223707 0.522363
0.491858 0.363842 0.453531
0.326217 0.317108 0.467089
0.665772 0.218252 0.566311
0.480098 0.203454 0.293457
0.586441 0.236631 0.66156
0.461905 0.355497 0.600497
0.565476 0.277939 0.675983
0.304906 0.211057 0.52013
0.52165 0.362214 0.515178
0.300647 0.261616 0.51653
0.648113 0.253465 0.381137
0.294801 0.261789 0.48654
0.655551 0.254428 0.598386
0.683263 0.286836 0.490631
0.364553 0.318593 0.361139
0.297955 0.212311 0.45112
0.421796 0.23762 0.320915
0.45912 0.290551 0.30948
0.482686 0.36418 0.542998
0.523184 0.209044 0.307979
0.426843 0.251457 0.665547
0.566076 0.339959 0.350696
0.568537 0.268785 0.676541
0.548086 0.359473 0.538111
0.591329 0.229758 0.336975
0.671213 0.212236 0.480078
0.501066 0.360756 0.566499
0.475 0.198629 0.672376
0.361758 0.348714 0.53345
0.492888 0.36427 0.532398
0.506899 0.35471 0.600301
0.33725 0.314051 0.387561
0.34966 0.341153 0.52371
0.379189 0.356565 0.43966
0.634667 0.246875 0.609173
0.553192 0.212033 0.317419
0.340737 0.243856 0.570316
0.318267 0.212244 0.444313
0.479755 0.365873 0.531596
0.310211 0.285548 0.434248
0.399172 0.330682 0.343846
0.415857 0.240012 0.656528
0.527105 0.36065 0.498181
0.525106 0.264933 0.687335
0.340498 0.252113 0.378436
0.364581 0.24497 0.614435
0.483458 0.242622 0.686312
0.481244 0.36446 0.533017
0.331562 0.230839 0.556674
0.416182 0.363068 0.395886
0.36338 0.319515 0.364297
0.580229 0.293291 0.662412
0.687894 0.252368 0.516081
0.337061 0.302615 0.594812
0.50119 0.365045 0.41744
0.67421 0.212947 0.497387
0.592145 0.28485 0.327619
0.302483 0.262074 0.518662
0.454841 0.366119 0.447694
0.673857 0.24244 0.412283
0.673799 0.213655 0.541564
0.465565 0.326816 0.331595
0.305228 0.229197 0.533682
0.491817 0.361201 0.459052
0.45459 0.263607 0.680009
0.485352 0.238043 0.293296
0.533798 0.241062 0.301947
0.610767 0.33911 0.612605
0.423086 0.292561 0.661419
0.593861 0.233759 0.339067
0.503719 0.25578 0.686036
0.449316 0.362588 0.557736
0.64244 0.276217 0.617881
0.685554 0.243348 0.454736
0.429862 0.235984 0.316407
0.573873 0.235521 0.658759
0.321531 0.282956 0.388429
0.529223 0.358684 0.550932
0.381613 0.247341 0.620284
0.343001 0.248821 0.575204
0.483975 0.36002 0.468247
0.298036 0.259851 0.493027
0.48668 0.209604 0.675617
0.622474 0.265309 0.623915
0.334022 0.240331 0.578144
0.649989 0.29199 0.392321
0.338981 0.306979 0.382256
0.307666 0.28471 0.462629
0.427435 0.368758 0.449335
0.385958 0.26041 0.641227
0.325262 0.292511 0.391631
0.659684 0.305481 0.560793
0.675064 0.296007 0.497941
0.314497 0.217337 0.440486
0.504486 0.240625 0.683281
0.438653 0.247047 0.306514
0.666223 0.227489 0.56419
0.351788 0.244003 0.599876
0.326561 0.229372 0.419132
0.406566 0.258218 0.643929
0.625013 0.265625 0.621932
0.33931 0.270329 0.619259
0.56574 0.359731 0.390765
0.291018 0.217625 0.469145
0.442602 0.230167 0.663532
0.683816 0.266649 0.532169
0.508676 0.361435 0.394934
0.403667 0.272867 0.321664
0.468208 0.344275 0.353824
0.573307 0.342945 0.358966
0.555283 0.310904 0.658287
0.517686 0.355087 0.371854
0.512789 0.358584 0.481099
0.471762 0.218015 0.684705
0.678079 0.214134 0.516432
0.527913 0.256327 0.300421
0.595489 0.254329 0.642763
0.299225 0.262435 0.487395
0.323141 0.267391 0.385746
0.664092 0.294385 0.417354
0.446546 0.364707 0.497953
0.446362 0.359993 0.565283
0.331694 0.299582 0.388822
0.384048 0.263021 0.638031
0.450885 0.225618 0.672665
0.558059 0.357122 0.53072
0.411702 0.367028 0.450336
0.613171 0.270237 0.345946
0.370699 0.304683 0.351625
0.44551 0.360308 0.391984
0.495625 0.35757 0.46603
0.395838 0.26097 0.646435
0.379592 0.344722 0.588023
0.450102 0.333051 0.340168
0.526301 0.225674 0.306007
0.44204 0.352723 0.371886
0.432354 0.351092 0.609181
0.302464 0.256657 0.442943
0.677246 0.223881 0.473443
0.567335 0.235891 0.669192
0.515419 0.276423 0.6838
0.610105 0.350476 0.557602
0.377162 0.300834 0.344763
0.355347 0.250161 0.601378
0.302911 0.218932 0.458959
0.454214 0.363608 0.477848
0.6486 0.243306 0.389189
0.55884 0.352982 0.375748
0.300306 0.25026 0.507505
0.485224 0.235296 0.683701
0.515669 0.282964 0.681568
0.604676 0.27232 0.649205
0.392529 0.258043 0.636766
0.354163 0.292267 0.36035
0.334961 0.312691 0.546707
0.497356 0.357155 0.496912
0.510438 0.361798 0.424948
0.451008 0.35994 0.394654
0.327499 0.293952 0.393469
0.506895 0.238766 0.680067
0.535431 0.222773 0.316344
0.39999 0.350067 0.595284
0.463462 0.299149 0.670331
0.508441 0.233227 0.302439
0.305024 0.250706 0.519614
0.411734 0.265347 0.658363
0.663275 0.314573 0.476017
0.623785 0.304184 0.371417
0.487216 0.212512 0.667359
0.347707 0.298572 0.611499
0.542418 0.229876 0.669996
0.490581 0.243449 0.299325
0.536142 0.359662 0.39424
0.298792 0.228565 0.460338
0.353752 0.307898 0.370272
0.600769 0.262638 0.635047
0.635211 0.340048 0.477536
0.627012 0.24889 0.371463
0.444335 0.241665 0.312563
0.455618 0.235147 0.306442
0.645965 0.332234 0.47657
0.322168 0.29007 0.535887
0.501983 0.222504 0.669311
0.303603 0.238366 0.517351
0.669899 0.296663 0.517709
0.338195 0.315764 0.395591
0.542747 0.356519 0.572592
0.564301 0.334423 0.632022
0.678862 0.221038 0.520939
0.334488 0.264513 0.599429
0.428854 0.291192 0.320464
0.327942 0.268245 0.584893
0.575759 0.315422 0.335873
0.460109 0.255631 0.677844
0.324059 0.287884 0.397568
0.601585 0.272492 0.643158
0.346656 0.270848 0.366757
0.646175 0.279544 0.604265
0.501088 0.351141 0.371033
0.42867 0.256421 0.657069
0.612299 0.267444 0.613305
0.324076 0.288473 0.542436
0.295827 0.241875 0.476254
0.477475 0.354694 0.471423
0.542318 0.362442 0.412603
0.303372 0.237652 0.451795
0.593722 0.286418 0.655822
0.519239 0.249391 0.678764
0.63848 0.292984 0.611277
0.664783 0.224713 0.476541
0.447113 0.259986 0.672293
0.398447 0.272241 0.628322
0.588621 0.264775 0.641383
0.382653 0.354675 0.474014
0.456642 0.25385 0.676346
0.518356 0.340486 0.351454
0.498981 0.355249 0.496663
0.66458 0.271115 0.574906
0.353912 0.262727 0.59788
0.487186 0.257849 0.682134
0.50345 0.355816 0.540564
0.680252 0.27307 0.514144
0.577972 0.356787 0.507184
0.504453 0.355765 0.55258
0.626995 0.336952 0.396392
0.310682 0.279079 0.460918
0.409118 0.338846 0.358026
0.514214 0.24214 0.30608
0.604372 0.321689 0.357636
0.641635 0.287878 0.605987
0.315948 0.251307 0.418874
0.439895 0.362281 0.492989
0.498575 0.257939 0.679736
0.602664 0.259103 0.350853
0.356968 0.305033 0.369874
0.319179 0.265782 0.402948
0.305611 0.239561 0.455965
0.306706 0.238768 0.453997
0.408515 0.273327 0.654422
0.628058 0.344893 0.420289
0.547423 0.356242 0.461407
0.546818 0.24114 0.667879
0.630957 0.340106 0.480753
0.414059 0.362498 0.502389
0.47495 0.274185 0.680972
0.55876 0.266184 0.31813
0.46663 0.274147 0.307808
0.468361 0.355718 0.561102
0.639987 0.278848 0.387985
0.423954 0.266535 0.326018
0.459136 0.361402 0.428641
0.464879 0.355229 0.568798
0.364533 0.27487 0.60069
0.58277 0.354358 0.535119
0.500715 0.354559 0.555211
0.36991 0.318587 0.36692
0.637376 0.283415 0.610203
0.548226 0.301204 0.662193
0.517359 0.334606 0.345879
0.38204 0.269774 0.623173
0.376973 0.318111 0.622243
0.401822 0.275854 0.63403
0.399697 0.355273 0.401045
0.30627 0.246402 0.463727
0.624243 0.314536 0.380338
0.48192 0.323977 0.648988
0.320358 0.240918 0.435415
0.55861 0.25703 0.322592
0.668219 0.254538 0.554298
0.663506 0.269907 0.415171
0.555257 0.255008 0.321649
0.676576 0.251632 0.4738
0.325785 0.266132 0.557655
0.612325 0.264366 0.359776
0.464978 0.355723 0.492791
0.365837 0.300707 0.361712
0.549983 0.351525 0.490322
0.470225 0.356026 0.536299
0.53624 0.244953 0.66389
0.638445 0.262889 0.389972
0.639487 0.277544 0.601407
0.476287 0.326958 0.645719
0.470059 0.356475 0.40265
0.609428 0.353745 0.447849
0.671034 0.277184 0.441638
0.331008 0.303526 0.523398
0.459783 0.34504 0.611718
0.411851 0.325499 0.343004
0.520485 0.357159 0.427062
0.503058 0.35039 0.490833
0.668521 0.233413 0.486874
0.677077 0.261025 0.482552
0.454448 0.297945 0.322804
0.498064 0.298892 0.321399
0.474779 0.286716 0.675178
0.568323 0.3513 0.381799
0.610537 0.351647 0.459376
0.33363 0.303478 0.526485
0.398593 0.358758 0.441507
0.495279 0.351475 0.572944
0.639949 0.309035 0.398584
0.664236 0.246348 0.545457
0.66883 0.250793 0.435884
0.354722 0.333477 0.528078
0.472186 0.352907 0.509448
0.671956 0.24636 0.476281
0.461222 0.249758 0.673633
0.606405 0.346932 0.519966
0.38648 0.285329 0.343413
0.633415 0.324628 0.583906
0.501178 0.240517 0.314249
0.49331 0.233982 0.673011
0.55226 0.349207 0.520321
0.319134 0.273923 0.415527
0.551519 0.349284 0.512146
0.552742 0.352452 0.564837
0.497833 0.255448 0.675227
0.342335 0.322295 0.4818
0.490773 0.348187 0.482418
0.389961 0.27843 0.617288
0.674634 0.270983 0.483423
0.330421 0.280798 0.392858
0.473262 0.315544 0.334088
0.323486 0.282867 0.523306
0.333619 0.285102 0.565032
0.421447 0.363791 0.444074
0.474541 0.350128 0.382547
0.525008 0.351089 0.576466
0.614536 0.348158 0.462409
0.44984 0.358067 0.467656
0.425446 0.360911 0.495318
0.419565 0.360524 0.500667
0.391368 0.293277 0.637266
0.339868 0.313099 0.504752
0.61167 0.323376 0.374155
0.430617 0.326936 0.345451
0.644677 0.270912 0.406131
0.314186 0.268514 0.482302
0.666426 0.277432 0.439856
0.41948 0.354301 0.551624
0.503939 0.277166 0.672249
0.589922 0.336698 0.367985
0.319838 0.26927 0.502499
0.666258 0.272394 0.436233
0.540094 0.345873 0.538773
0.365513 0.304555 0.612969
0.461711 0.266679 0.314188
0.339841 0.316884 0.472738
0.612392 0.349323 0.452808
0.358956 0.330511 0.549337
0.391316 0.293196 0.343208
0.471706 0.349605 0.580335
0.362784 0.331218 0.39609
0.660335 0.293035 0.534637
0.512049 0.246309 0.317705
0.645998 0.27435 0.404157
0.634318 0.289492 0.602636
0.548097 0.346917 0.475475
0.666032 0.240403 0.49743
0.516979 0.347866 0.547295
0.500676 0.329746 0.348365
0.667178 0.249943 0.447457
0.552375 0.347771 0.487632
0.324671 0.265406 0.52415
0.324473 0.266635 0.522009
0.505126 0.349214 0.451551
0.566737 0.349185 0.513695
0.413749 0.350735 0.586183
0.344792 0.289502 0.592915
0.371026 0.29376 0.611995
0.454869 0.293666 0.660081
0.52592 0.351008 0.398267
0.383327 0.284608 0.353647
0.514613 0.352072 0.411156
0.663371 0.283263 0.443497
0.649691 0.278544 0.412371
0.377864 0.3458 0.471093
0.516674 0.347943 0.578477
0.325215 0.285228 0.428613
0.403484 0.347092 0.585981
0.358197 0.290683 0.599257
0.536803 0.330517 0.352371
0.662236 0.240032 0.50848
0.483829 0.260896 0.315547
0.580215 0.282118 0.647176
0.53553 0.340337 0.478891
0.536155 0.263575 0.320671
0.492242 0.313806 0.336909
0.445982 0.354113 0.496093
0.625642 0.3209 0.392555
0.560666 0.348909 0.469473
0.512912 0.346194 0.548631
0.333196 0.273675 0.405541
0.435473 0.320191 0.342111
0.50876 0.34043 0.4779
0.365176 0.333798 0.40233
0.461761 0.342175 0.372211
0.665024 0.289871 0.466789
0.480252 0.260329 0.672966
0.57075 0.357371 0.445175
0.656902 0.295127 0.533499
0.588588 0.288931 0.34414
0.424894 0.281879 0.650363
0.570828 0.34904 0.54547
0.499091 0.303993 0.329969
0.354602 0.324953 0.48522
0.462432 0.251583 0.667258
0.336832 0.296973 0.505608
0.395608 0.293188 0.346778
0.33676 0.300599 0.409744
0.652103 0.308686 0.450879
0.468859 0.346758 0.578342
0.545174 0.352511 0.401854
0.513583 0.284769 0.661802
0.558769 0.341503 0.374715
0.389041 0.290961 0.616948
0.350619 0.313832 0.400217
0.505452 0.293999 0.659823
0.38656 0.302705 0.355963
0.58307 0.308125 0.634336
0.596717 0.304193 0.355264
0.448016 0.296956 0.329975
0.545257 0.34049 0.521019
0.366351 0.328047 0.564266
0.657683 0.293003 0.500554
0.509765 0.298244 0.657136
0.585391 0.345643 0.513834
0.657296 0.298386 0.455673
0.324115 0.265025 0.448642
0.382899 0.340739 0.559297
0.503796 0.298365 0.657856
0.335855 0.281622 0.537547
0.664721 0.264695 0.519916
0.542447 0.349661 0.392683
0.648059 0.301386 0.546025
0.482081 0.343402 0.517861
0.431067 0.305558 0.643527
0.556448 0.353064 0.44512
0.345844 0.309999 0.528261
0.449509 0.273472 0.661928
0.662574 0.247085 0.532071
0.371568 0.310335 0.379714
0.485643 0.333459 0.475175
0.544999 0.324144 0.628478
0.454358 0.304287 0.648427
0.368811 0.305415 0.597368
0.645495 0.314726 0.453536
0.585326 0.347126 0.563137
0.328059 0.268643 0.45061
0.428515 0.287725 0.337044
0.637504 0.31618 0.516256
0.582833 0.313661 0.628119
0.34017 0.295474 0.517425
0.486486 0.337677 0.504707
0.482658 0.302099 0.33519
0.474142 0.325494 0.355867
0.324707 0.27306 0.458734
0.367416 0.329569 0.53487
0.576169 0.343475 0.495429
0.444503 0.348513 0.509669
0.387262 0.301869 0.35928
0.498585 0.285484 0.660596
0.660523 0.27615 0.464014
0.325393 0.268518 0.457945
0.394868 0.315433 0.618302
0.489958 0.284217 0.325032
0.52941 0.340588 0.598669
0.425903 0.319462 0.631176
0.54564 0.343209 0.554092
0.483213 0.337714 0.46221
0.485264 0.339051 0.515735
0.587443 0.308152 0.628654
0.617351 0.283364 0.597913
0.471077 0.344017 0.535283
0.37327 0.336078 0.487913
0.37056 0.310735 0.598126
0.635701 0.327229 0.457378
0.369564 0.322512 0.56239
0.486753 0.331914 0.494671
0.382822 0.314981 0.37604
0.47007 0.284182 0.660944
0.534269 0.334565 0.609409
0.62401 0.334038 0.457409
0.380002 0.34103 0.425077
0.486642 0.319242 0.35262
0.394196 0.338541 0.389553
0.486245 0.33157 0.492237
0.524911 0.289601 0.328566
0.402048 0.286875 0.613495
0.448011 0.350102 0.408827
0.533182 0.333021 0.533363
0.552649 0.278795 0.646455
0.329701 0.281745 0.47763
0.629837 0.329799 0.451468
0.534524 0.288706 0.329825
0.639981 0.289193 0.41642
0.540574 0.320717 0.351464
0.411849 0.347568 0.514754
0.654938 0.255488 0.499554
0.467542 0.244183 0.660953
0.419503 0.293302 0.345203
0.484186 0.33885 0.53906
0.534974 0.331534 0.366502
0.351881 0.318061 0.451928
0.408449 0.310792 0.350039
0.393013 0.344831 0.404945
0.653423 0.289527 0.472047
0.505797 0.333323 0.371655
0.467927 0.339469 0.385219
0.413647 0.311579 0.627698
0.345733 0.286765 0.411284
0.555731 0.327372 0.359391
0.445333 0.314343 0.63553
0.375624 0.327864 0.538902
0.650502 0.261635 0.464691
0.652685 0.2689 0.50943
0.500175 0.314927 0.632817
0.55831 0.333963 0.499142
0.581127 0.345018 0.45984
0.437192 0.34951 0.447283
0.525441 0.323142 0.483833
0.392063 0.288332 0.597619
0.37205 0.305489 0.3877
0.609003 0.334829 0.562178
0.525718 0.325833 0.506801
0.549272 0.34305 0.445376
0.479619 0.336148 0.540616
0.484355 0.323954 0.478483
0.373749 0.323254 0.39747
0.645355 0.290312 0.541279
0.390201 0.337855 0.510611
0.570463 0.342729 0.391818
0.462209 0.334519 0.471352
0.632831 0.306005 0.565925
0.380172 0.297313 0.376961
0.417479 0.334365 0.372952
0.424884 0.349571 0.47788
0.622351 0.287289 0.585368
0.402229 0.345227 0.49502
0.519695 0.32683 0.462035
0.531081 0.325208 0.501169
0.629362 0.32194 0.419096
0.37332 0.327034 0.513792
0.621764 0.30152 0.401063
0.544621 0.329349 0.486459
0.473164 0.29427 0.653468
0.475755 0.339285 0.393976
0.566872 0.343361 0.458282
0.390144 0.334083 0.568814
0.371312 0.328461 0.437042
0.643374 0.254312 0.480027
0.475952 0.283603 0.655256
0.510864 0.311885 0.62753
0.419872 0.346701 0.479614
0.550951 0.335665 0.457511
0.547754 0.306016 0.627855
0.340941 0.288318 0.451253
0.355342 0.299814 0.41378
0.540564 0.290276 0.341544
0.525847 0.280124 0.64406
0.521776 0.292948 0.63795
0.507345 0.280155 0.338902
0.511433 0.331542 0.384634
0.60056 0.34142 0.453493
0.377465 0.332672 0.433179
0.524293 0.328908 0.446972
0.379993 0.312657 0.390053
0.483196 0.334994 0.588262
0.639619 0.29122 0.487015
0.538946 0.322478 0.483504
0.371126 0.32922 0.424012
0.513515 0.317872 0.621503
0.428092 0.341139 0.516126
0.645722 0.268409 0.494658
0.427125 0.310198 0.626409
0.480505 0.299479 0.644875
0.409382 0.304195 0.616123
0.535864 0.2958 0.340895
0.518219 0.320432 0.465119
0.539672 0.327104 0.464217
0.363973 0.311327 0.542588
0.408309 0.328655 0.373913
0.449358 0.317173 0.626097
0.457871 0.335489 0.524519
0.541899 0.337233 0.443444
0.405173 0.313654 0.602825
0.640798 0.255831 0.493101
0.615107 0.330716 0.428695
0.520124 0.308361 0.622199
0.595939 0.328759 0.477581
0.535195 0.324092 0.456313
0.390279 0.33162 0.477159
0.49185 0.313306 0.361669
0.343808 0.28805 0.460475
0.464307 0.287889 0.645752
0.490779 0.321736 0.374299
0.539397 0.337786 0.423098
0.497371 0.330962 0.567824
0.556976 0.334858 0.557208
0.389962 0.315359 0.388827
0.388382 0.332341 0.460918
0.454236 0.278472 0.64477
0.364532 0.311038 0.532281
0.375702 0.325231 0.455172
0.485801 0.314249 0.487882
0.465444 0.324893 0.375525
0.396204 0.335641 0.472309
0.637043 0.285556 0.491768
0.420651 0.339512 0.559813
0.594525 0.315584 0.381824
0.413824 0.346956 0.444859
0.423927 0.347402 0.438761
0.545523 0.329432 0.456826
0.494631 0.278479 0.647592
0.353589 0.299097 0.430068
0.473758 0.328541 0.53693
0.494578 0.251963 0.649582
0.339494 0.281182 0.478536
0.389402 0.330677 0.490756
0.598805 0.308752 0.597242
0.403305 0.321055 0.597007
0.384093 0.323014 0.488201
0.639062 0.256254 0.50603
0.458032 0.324476 0.496269
0.529123 0.304538 0.61988
0.453905 0.33306 0.449928
0.521635 0.312418 0.459585
0.512268 0.254526 0.631624
0.602301 0.296491 0.590044
0.347803 0.287806 0.490198
0.622473 0.299354 0.563304
0.44981 0.334255 0.451415
0.562275 0.323813 0.522563
0.476247 0.308717 0.480533
0.620045 0.319534 0.448623
0.49624 0.25131 0.643776
0.395175 0.329783 0.482672
0.640501 0.260915 0.514118
0.3536 0.291216 0.448534
0.569025 0.306239 0.610305
0.637792 0.25677 0.498296
0.390913 0.315927 0.576395
0.42036 0.335331 0.517326
0.421962 0.324671 0.376665
0.427968 0.318674 0.610555
0.61906 0.312377 0.525561
0.438333 0.335405 0.559651
0.386934 0.318003 0.559401
0.424988 0.336452 0.562112
0.447672 0.334663 0.577872
0.496258 0.247733 0.64213
0.401062 0.297902 0.596674
0.621166 0.318399 0.435483
0.620974 0.307644 0.542943
0.363349 0.301665 0.429929
0.495142 0.326701 0.394948
0.527903 0.306161 0.472125
0.402816 0.314093 0.392896
0.637323 0.258558 0.518779
0.566324 0.326131 0.593354
0.537749 0.302821 0.614058
0.619219 0.313304 0.453521
0.510056 0.303316 0.466277
0.350526 0.280659 0.499271
0.47783 0.325498 0.58041
0.367685 0.301903 0.531812
0.515943 0.317171 0.551999
0.389523 0.321283 0.494743
0.542388 0.282078 0.622065
0.447201 0.324179 0.386461
0.373011 0.294959 0.547944
0.594726 0.32546 0.574238
0.401247 0.327937 0.504662
0.529028 0.325106 0.412349
0.624651 0.284735 0.553201
0.504219 0.304217 0.500047
0.503541 0.305082 0.503526
0.60945 0.312156 0.498214
0.446556 0.331031 0.58338
0.50907 0.320405 0.59386
0.431791 0.297429 0.365194
0.571205 0.340278 0.427724
0.43821 0.324404 0.385059
0.631948 0.291897 0.444756
0.567547 0.333844 0.404422
0.362484 0.300894 0.515715
0.624092 0.290333 0.550601
0.584735 0.341713 0.425861
0.451787 0.321353 0.482871
0.532217 0.263825 0.624905
0.604616 0.316308 0.569567
0.357934 0.296001 0.485584
0.416265 0.288991 0.606888
0.398754 0.319726 0.54246
0.627408 0.272324 0.53267
0.431136 0.325352 0.394094
0.545936 0.300992 0.607503
0.477651 0.321978 0.406267
0.499059 0.292265 0.472789
0.485381 0.305862 0.379742
0.613672 0.297782 0.507956
0.394661 0.299215 0.578813
0.403482 0.323662 0.512314
0.627041 0.269985 0.535668
0.585603 0.324787 0.464962
0.43058 0.318499 0.598434
0.400413 0.325993 0.451825
0.414581 0.32804 0.528897
0.407679 0.326259 0.529974
0.462087 0.300389 0.621233
0.628745 0.273979 0.47065
0.420756 0.319439 0.387754
0.357719 0.285863 0.50233
0.505876 0.317289 0.403985
0.462109 0.270064 0.634246
0.618406 0.288611 0.486015
0.408819 0.32677 0.405285
0.541111 0.322233 0.58259
0.448657 0.319626 0.504505
0.591782 0.319896 0.537891
0.455183 0.316755 0.506492
0.613062 0.297815 0.493968
0.482898 0.303113 0.513588
0.500619 0.294029 0.489184
0.553466 0.319127 0.546248
0.506065 0.31254 0.440402
0.565987 0.312612 0.488381
0.535382 0.319943 0.572035
0.52156 0.297368 0.500566
0.388203 0.308646 0.469159
0.381967 0.303194 0.435661
0.614884 0.287345 0.478425
0.616464 0.282258 0.536396
0.484466 0.296563 0.617902
0.497022 0.283944 0.474784
0.57682 0.323068 0.402986
0.412581 0.322481 0.519475
0.529518 0.254832 0.617268
0.457929 0.286983 0.365536
0.543643 0.307539 0.537186
0.544311 0.315138 0.559505
0.371196 0.295615 0.496588
0.492054 0.301934 0.452801
0.566014 0.308937 0.591891
0.474044 0.254788 0.635072
0.392123 0.310314 0.479512
0.626795 0.254404 0.453464
0.466494 0.265201 0.631296
0.459269 0.309314 0.387483
0.495088 0.315413 0.419564
0.497894 0.310866 0.560951
0.357714 0.269129 0.488983
0.471507 0.317187 0.571743
0.623022 0.29053 0.428525
0.473295 0.292373 0.484989
0.392763 0.290206 0.571246
0.366428 0.288968 0.51733
0.533197 0.301377 0.53193
0.624148 0.256187 0.486197
0.604181 0.301628 0.556196
0.484259 0.315466 0.583418
0.425579 0.322468 0.518225
0.598399 0.31711 0.463665
0.502154 0.300898 0.531962
0.476494 0.313227 0.402224
0.428685 0.277227 0.604898
0.374572 0.287816 0.45746
0.466916 0.310888 0.555602
0.616491 0.265631 0.537342
0.613313 0.273389 0.54138
0.487291 0.27427 0.480152
0.434673 0.317661 0.53524
0.53005 0.283882 0.482361
0.543103 0.314614 0.412831
0.582107 0.292393 0.582983
0.498555 0.280052 0.615125
0.550586 0.306768 0.391354
0.623866 0.261688 0.44902
0.520248 0.292908 0.602516
0.414885 0.318014 0.54919
0.472699 0.282881 0.373695
0.57739 0.309328 0.394214
0.606936 0.281312 0.556334
0.368172 0.270581 0.500807
0.593233 0.31617 0.41744
0.439551 0.295356 0.60691
0.502107 0.271207 0.61651
0.468008 0.302916 0.394875
0.469328 0.281287 0.62051
0.603971 0.291497 0.541749
0.479084 0.282001 0.620935
0.612846 0.289254 0.466814
0.505533 0.280177 0.370556
0.483202 0.283388 0.498875
0.477763 0.310551 0.427067
0.514931 0.28716 0.375296
0.557467 0.270163 0.601047
0.402864 0.28719 0.578337
0.528463 0.264911 0.613554
0.411229 0.287648 0.587759
0.603012 0.292669 0.537414
0.398515 0.299831 0.507762
0.370703 0.269904 0.471472
0.560112 0.291695 0.384335
0.384862 0.279658 0.542883
0.499951 0.295621 0.550957
0.477068 0.272863 0.483598
0.537849 0.306154 0.425431
0.389947 0.295629 0.456109
0.542967 0.289642 0.467822
0.499969 0.289218 0.602145
0.466894 0.284422 0.382885
0.575977 0.297505 0.486505
0.573044 0.278495 0.587438
0.576135 0.301354 0.472656
0.502694 0.283339 0.518436
0.473226 0.297756 0.404719
0.500309 0.2967 0.55429
0.614506 0.262605 0.474399
0.542032 0.301881 0.401044
0.475605 0.302611 0.413429
0.611241 0.259644 0.511117
0.50576 0.28283 0.382273
0.534617 0.303971 0.572737
0.465412 0.275239 0.375215
0.601291 0.296903 0.464847
0.478441 0.297463 0.442046
0.541997 0.306228 0.573878
0.38601 0.285622 0.483688
0.416884 0.310471 0.468127
0.575619 0.2906 0.392441
0.460207 0.29676 0.46296
0.434907 0.316951 0.439871
0.603645 0.303862 0.429746
0.509032 0.285239 0.524023
0.538366 0.307249 0.418945
0.469827 0.298964 0.448758
0.424673 0.290976 0.586955
0.430589 0.30865 0.45037
0.381111 0.268885 0.495033
0.480175 0.261008 0.478924
0.499826 0.245942 0.61044
0.473268 0.268779 0.484365
0.471828 0.294595 0.438692
0.587102 0.293592 0.473627
0.617183 0.24196 0.516936
0.554462 0.29372 0.538363
0.538281 0.262201 0.600587
0.521958 0.280194 0.451411
0.53784 0.289102 0.452587
0.474693 0.268025 0.474976
0.546759 0.288889 0.389971
0.554937 0.295896 0.543997
0.438194 0.303984 0.585444
0.393629 0.290248 0.446819
0.59946 0.271041 0.551348
0.614527 0.259689 0.454974
0.587548 0.289194 0.523349
0.612609 0.247748 0.511917
0.601132 0.262788 0.556435
0.537452 0.297589 0.412217
0.471492 0.279333 0.391618
0.50999 0.271489 0.377432
0.433905 0.307806 0.41451
0.516896 0.277134 0.51925
0.567514 0.29418 0.530943
0.600406 0.271801 0.543947
0.42881 0.26038 0.597549
0.534266 0.283238 0.458836
0.456554 0.297656 0.592442
0.539251 0.291507 0.449622
0.469023 0.251089 0.61571
0.619207 0.229746 0.509566
0.421368 0.296366 0.571929
0.554656 0.286924 0.399268
0.560584 0.267453 0.588099
0.506749 0.267727 0.4589
0.510944 0.279383 0.547227
0.460844 0.272164 0.485246
0.494076 0.269694 0.455639
0.598994 0.262242 0.535647
0.579179 0.289041 0.470694
0.481096 0.267628 0.45921
0.601278 0.257287 0.516113
0.419068 0.283044 0.577228
0.378899 0.24809 0.474976
0.41453 0.282942 0.477888
0.477537 0.266372 0.507839
0.59148 0.27271 0.486856
0.459325 0.290397 0.446606
0.51072 0.282785 0.560109
0.53645 0.289036 0.576098
0.52653 0.270722 0.516542
0.499914 0.266694 0.596093
0.405866 0.288592 0.430865
0.570307 0.266855 0.396787
0.560982 0.280578 0.514204
0.608434 0.248688 0.467654
0.40765 0.27755 0.476739
0.536031 0.292362 0.420108
0.591905 0.245543 0.408314
0.486634 0.27359 0.528898
0.436797 0.246886 0.60215
0.502722 0.249381 0.602418
0.605122 0.251204 0.514118
0.487943 0.287584 0.585345
0.386926 0.261894 0.475361
0.467832 0.290056 0.418754
0.599005 0.259717 0.486283
0.410905 0.267548 0.482475
0.560096 0.292576 0.420039
0.456694 0.282219 0.448697
0.516237 0.258544 0.46198
0.404442 0.27613 0.517611
0.447054 0.272648 0.485743
0.581998 0.267448 0.564576
0.473557 0.261977 0.509885
0.572875 0.274029 0.502512
0.388027 0.261517 0.446543
0.544886 0.281633 0.569701
0.416419 0.288909 0.446112
0.585546 0.264086 0.412167
0.466403 0.239287 0.607912
0.560817 0.275557 0.471139
0.587215 0.264917 0.503278
0.59509 0.241565 0.569156
0.502366 0.265354 0.449801
0.478481 0.242449 0.480477
0.416081 0.285444 0.514311
0.438492 0.28264 0.499333
0.405747 0.270277 0.466717
0.428243 0.292242 0.527208
0.547426 0.280322 0.550245
0.570218 0.265457 0.578506
0.427166 0.293233 0.568095
0.497999 0.268712 0.537499
0.504504 0.247694 0.485138
0.436521 0.278268 0.486775
0.519794 0.276364 0.575316
0.445604 0.294196 0.428386
0.466913 0.269309 0.593545
0.458218 0.266847 0.393601
0.580811 0.249849 0.403833
0.604308 0.235076 0.488345
0.472918 0.244081 0.379147
0.415008 0.259096 0.472916
0.460763 0.228643 0.606368
0.403298 0.261129 0.532541
0.549643 0.275148 0.448265
0.418114 0.261955 0.472072
0.431147 0.269318 0.487064
0.403466 0.231123 0.57446
0.496569 0.240933 0.594584
0.521808 0.258542 0.450629
0.533291 0.268069 0.572709
0.599922 0.232945 0.494262
0.524213 0.266815 0.572398
0.454271 0.271018 0.412266
0.428865 0.234414 0.595926
0.480091 0.255008 0.588599
0.602782 0.237109 0.458365
0.40062 0.256882 0.464575
0.39869 0.244297 0.549354
0.417466 0.256504 0.47908
0.563184 0.256675 0.58029
0.596151 0.245479 0.541022
0.452041 0.262448 0.589812
0.418251 0.270703 0.563586
0.57239 0.286749 0.43024
0.487353 0.264471 0.425358
0.548625 0.280131 0.422139
0.607113 0.230262 0.534135
0.584831 0.249294 0.569147
0.597545 0.231769 0.481308
0.565413 0.256663 0.400585
0.528815 0.265583 0.407116
0.515214 0.260757 0.405298
0.486604 0.235327 0.380304
0.46773 0.259641 0.403008
0.601943 0.239241 0.527595
0.450853 0.264182 0.588849
0.428791 0.224432 0.597651
0.46197 0.241689 0.393164
0.499565 0.231551 0.381725
0.562098 0.266985 0.454922
0.541181 0.257163 0.456318
0.421627 0.255703 0.491166
0.487983 0.230141 0.492577
0.600911 0.229357 0.537037
0.521827 0.239416 0.495005
0.458182 0.266993 0.548476
0.555714 0.257677 0.532328
0.536687 0.263624 0.418939
0.431793 0.270101 0.569293
0.453434 0.253856 0.496948
0.558781 0.2582 0.532079
0.602361 0.213469 0.476338
0.547261 0.235774 0.590814
0.604119 0.215848 0.469033
0.560801 0.241898 0.397227
0.473689 0.219013 0.606135
0.531947 0.241152 0.481621
0.461191 0.246665 0.398215
0.484827 0.230655 0.494889
0.568814 0.265045 0.461726
0.474313 0.260262 0.565202
0.554804 0.252508 0.509919
0.5713 0.274441 0.430487
0.494343 0.243979 0.452301
0.54315 0.261625 0.44939
0.461733 0.265458 0.576787
0.472541 0.228946 0.477819
0.610435 0.20033 0.472544
0.454475 0.25928 0.455725
0.432821 0.27542 0.548609
0.501482 0.214537 0.605826
0.549988 0.251014 0.483515
0.418922 0.251301 0.52199
0.475219 0.227589 0.500681
0.423421 0.258225 0.449574
0.593029 0.226643 0.421888
0.53712 0.224487 0.592256
0.421265 0.242711 0.493178
0.570083 0.244856 0.491106
0.460257 0.25698 0.563381
0.441625 0.258304 0.51806
0.483058 0.240803 0.419544
0.485582 0.236451 0.526921
0.519071 0.237012 0.517217
0.402342 0.227009 0.496148
0.51592 0.231558 0.502356
0.472759 0.217357 0.601287
0.419728 0.252561 0.530416
0.521486 0.232641 0.501795
0.393912 0.235835 0.456109
0.593109 0.223224 0.563227
0.53129 0.23504 0.497322
0.521038 0.228613 0.489497
0.492232 0.241287 0.577109
0.514954 0.230896 0.500972
0.59298 0.218948 0.573042
0.52661 0.246183 0.4127
0.57879 0.239075 0.489077
0.398 0.231101 0.468497
0.433756 0.246859 0.468659
0.496255 0.219525 0.484167
0.57811 0.242435 0.530614
0.55817 0.250124 0.539648
0.54531 0.239106 0.479867
0.612218 0.208741 0.520887
0.446254 0.254786 0.513871
0.470224 0.244995 0.579216
0.504174 0.236325 0.397956
0.419299 0.244703 0.447045
0.473368 0.225278 0.517791
0.524272 0.228034 0.515224
0.606821 0.203999 0.423428
0.448468 0.236449 0.581295
0.411536 0.224282 0.497015
0.446183 0.223918 0.397617
0.55796 0.233071 0.514515
0.448776 0.249201 0.564732
0.401147 0.211243 0.407642
0.455743 0.243439 0.573262
0.52637 0.21007 0.598038
0.601699 0.216505 0.440882
0.544239 0.22964 0.398006
0.544658 0.239616 0.555218
0.425824 0.246011 0.553836
0.457674 0.239914 0.420775
0.604033 0.203137 0.562983
0.529822 0.22208 0.483226
0.430116 0.238236 0.500644
0.466243 0.235652 0.419073
0.499377 0.207756 0.382377
0.585599 0.231747 0.431505
0.589542 0.208897 0.404208
0.513434 0.233326 0.546232
0.568421 0.230447 0.572119
0.581993 0.226489 0.55669
0.549334 0.240175 0.552551
0.45153 0.23874 0.454956
0.457084 0.226025 0.493102
0.493423 0.191466 0.614434
0.418385 0.236722 0.528679
0.558947 0.226605 0.579681
0.416611 0.243834 0.445407
0.591885 0.219765 0.422139
0.398087 0.213144 0.522332
0.420476 0.221948 0.511433
0.596818 0.205115 0.461392
0.598071 0.205725 0.537355
0.414586 0.208974 0.401005
0.554149 0.225947 0.534013
0.409867 0.213249 0.497704
0.592941 0.206641 0.505544
0.48479 0.21711 0.412056
0.399956 0.213576 0.468791
0.412182 0.223408 0.552341
0.52623 0.219343 0.451115
0.411542 0.225243 0.427577
0.47809 0.208684 0.509915
0.47446 0.210238 0.508718
0.391053 0.203636 0.475395
0.440616 0.217074 0.480913
0.542416 0.206363 0.593503
0.502924 0.224236 0.566237
0.540544 0.221433 0.574508
0.464266 0.229367 0.569817
0.456978 0.227926 0.532854
0.523625 0.210474 0.470802
0.492222 0.219209 0.538241
0.391933 0.210578 0.462158
0.435628 0.217981 0.477362
0.476642 0.221254 0.576045
0.504677 0.204777 0.474203
0.518935 0.223732 0.569146
0.423982 0.220084 0.471686
0.407014 0.205091 0.586849
0.429027 0.232049 0.528368
0.609494 0.195695 0.537268
0.422662 0.223226 0.509721
0.533226 0.223249 0.532712
0.469937 0.211482 0.394749
0.483302 0.192012 0.61161
0.41959 0.20921 0.505896
0.434543 0.223905 0.548554
0.573712 0.208816 0.479793
0.534383 0.206757 0.49772
0.561849 0.212203 0.508077
0.401446 0.200283 0.499455
0.609663 0.189955 0.513817
0.498795 0.204681 0.453019
0.609384 0.189889 0.547419
0.48076 0.203295 0.398027
0.544696 0.215305 0.416551
0.578974 0.205178 0.484235
0.406016 0.202509 0.513144
0.452758 0.211832 0.512559
0.576724 0.211995 0.419259
0.56363 0.21952 0.453772
0.446909 0.218491 0.528993
0.564544 0.212015 0.505599
0.403661 0.205929 0.467958
0.424868 0.207909 0.488287
0.425064 0.221882 0.554864
0.429991 0.219981 0.532137
0.594218 0.200594 0.55309
0.511389 0.199155 0.388637
0.618333 0.179851 0.50714
0.537064 0.207319 0.497385
0.445579 0.20305 0.59431
0.5646 0.202731 0.393881
0.496971 0.206939 0.580204
0.53959 0.208925 0.504215
0.473227 0.204867 0.525106
0.416545 0.21497 0.568702
0.440868 0.214624 0.506305
0.579041 0.215988 0.434116
0.581704 0.206627 0.530453
0.578218 0.200058 0.582988
0.417406 0.204903 0.422777
0.432224 0.210843 0.569519
0.452439 0.208063 0.552944
0.54575 0.198988 0.501448
0.45711 0.19405 0.496882
0.386783 0.183823 0.503319
0.473859 0.198272 0.411089
0.602493 0.188353 0.414411
0.611509 0.179006 0.593516
0.384739 0.1759 0.610607
0.509986 0.192456 0.458313
0.583921 0.19704 0.560563
0.614632 0.181573 0.449742
0.484803 0.195477 0.403202
0.432564 0.184625 0.608992
0.567062 0.202526 0.472834
0.603163 0.190283 0.44714
0.549753 0.201518 0.407986
0.56138 0.187669 0.601304
0.544545 0.198007 0.494477
0.586905 0.191947 0.486299
0.438224 0.206793 0.576896
0.443602 0.194535 0.48106
0.510499 0.199909 0.424141
0.600248 0.189024 0.412817
0.541559 0.191078 0.593372
0.404529 0.19485 0.471301
0.465779 0.187476 0.483349
0.452865 0.206565 0.545372
0.416918 0.201241 0.460272
0.406169 0.192015 0.587802
0.501089 0.194183 0.3964
0.400242 0.198577 0.571064
0.547645 0.199924 0.575732
0.486104 0.181779 0.612402
0.46646 0.188662 0.489495
0.41634 0.195074 0.570824
0.449063 0.194011 0.447883
0.599633 0.172871 0.614512
0.595703 0.184021 0.460364
0.457694 0.190811 0.409061
0.380393 0.175016 0.505166
0.553976 0.19306 0.413685
0.452928 0.19549 0.423889
0.524414 0.181581 0.386346
0.414894 0.185559 0.477169
0.439056 0.196877 0.446812
0.570932 0.198435 0.434158
0.587196 0.174992 0.611949
0.554351 0.191083 0.406148
0.575466 0.196609 0.4327
0.616592 0.174862 0.540225
0.564268 0.190567 0.575408
0.572552 0.182537 0.384438
0.591003 0.18611 0.562864
0.61759 0.172361 0.386505
0.576561 0.188174 0.493708
0.478245 0.182108 0.522731
0.477149 0.177096 0.487433
0.552062 0.19377 0.554973
0.42858 0.189731 0.495844
0.563217 0.193308 0.565173
0.461802 0.185653 0.512049
0.400622 0.184269 0.497808
0.395137 0.185024 0.582901
0.54118 0.194254 0.427461
0.497168 0.190334 0.431316
0.436223 0.194663 0.411914
0.560036 0.195172 0.417754
0.566972 0.191586 0.53906
0.448635 0.194617 0.576646
0.421706 0.191848 0.408438
0.410658 0.176949 0.477887
0.44575 0.179306 0.464354
0.469204 0.178683 0.448794
0.61214 0.172062 0.462851
0.58838 0.176044 0.388237
0.617635 0.168598 0.512121
0.419492 0.184593 0.545566
0.562337 0.16611 0.624874
0.52749 0.181735 0.43088
0.563241 0.185247 0.451753
0.393427 0.175698 0.490268
0.585466 0.176322 0.516173
0.565317 0.181596 0.53881
0.598892 0.174355 0.530741
0.419631 0.18006 0.389398
0.620135 0.170038 0.56624
0.490302 0.172293 0.493981
0.564927 0.179938 0.515273
0.521722 0.173352 0.467844
0.502295 0.175786 0.390034
0.507934 0.179269 0.416217
0.487181 0.183524 0.570185
0.554821 0.181206 0.402495
0.55227 0.176182 0.596587
0.410307 0.179077 0.39124
0.572377 0.186598 0.42906
0.419977 0.17552 0.378079
0.529913 0.173779 0.603283
0.585853 0.178944 0.549892
0.407036 0.166757 0.624305
0.427308 0.180473 0.496532
0.533426 0.176661 0.465342
0.521435 0.172658 0.482067
0.53699 0.178518 0.460119
0.589718 0.178103 0.40408
0.534536 0.182453 0.537174
0.406804 0.169593 0.473081
0.610271 0.165602 0.514867
0.453453 0.172875 0.539019
0.428416 0.174364 0.393955
0.467192 0.166772 0.49726
0.617866 0.164156 0.513818
0.420933 0.175716 0.424168
0.571661 0.171349 0.519234
0.385961 0.166749 0.606438
0.612355 0.166221 0.489111
0.400594 0.168807 0.598886
0.426384 0.177081 0.427651
0.398866 0.172545 0.548769
0.58765 0.171724 0.408086
0.391157 0.166628 0.609805
0.436558 0.175911 0.552911
0.559623 0.172015 0.582796
0.471239 0.165272 0.487724
0.57086 0.171912 0.530256
0.614344 0.165437 0.601668
0.490003 0.173414 0.5556
0.560509 0.168131 0.607069
0.487486 0.17095 0.537859
0.626705 0.163002 0.566383
0.376373 0.166258 0.403193
0.482188 0.166434 0.380998
0.380494 0.170566 0.571027
0.4275 0.169114 0.374446
0.505824 0.163392 0.621229
0.48519 0.169424 0.448046
0.450174 0.169138 0.492847
0.423719 0.170845 0.482316
0.534232 0.167782 0.478429
0.436328 0.174003 0.528944
0.399712 0.167491 0.606993
0.596494 0.16808 0.531698
0.400873 0.159075 0.364138
0.613049 0.160765 0.536574
0.577257 0.158313 0.62815
0.436847 0.165298 0.393193
0.613881 0.160992 0.47946
0.607775 0.160691 0.518276
0.5334 0.165885 0.569222
0.426426 0.163478 0.473539
0.38339 0.16227 0.389277
0.510486 0.161376 0.460373
0.624047 0.160088 0.385251
0.433784 0.164768 0.519229
0.365417 0.157451 0.472965
0.637168 0.155602 0.547648
0.484661 0.166039 0.572364
0.434759 0.16572 0.580638
0.476472 0.1595 0.491106
0.454921 0.158632 0.364904
0.489928 0.164272 0.42478
0.491975 0.160207 0.616888
0.414866 0.163076 0.471885
0.573958 0.164962 0.389852
0.575441 0.166199 0.445735
0.628274 0.158269 0.610062
0.629194 0.158248 0.556575
0.48707 0.159782 0.48869
0.605163 0.162355 0.429434
0.571639 0.164608 0.479704
0.449735 0.164843 0.585324
0.610006 0.161872 0.388845
0.367049 0.160359 0.566844
0.529635 0.165244 0.548575
0.488822 0.164915 0.556114
0.395971 0.163547 0.435503
0.554961 0.166211 0.418881
0.459037 0.164606 0.41483
0.397999 0.156804 0.532608
0.616381 0.155669 0.560849
0.427278 0.157693 0.439176
0.446566 0.156903 0.392603
0.488061 0.155103 0.460635
0.597534 0.155674 0.523418
0.373503 0.155314 0.446033
0.550178 0.157767 0.421243
0.37902 0.155994 0.437497
0.401486 0.15698 0.429559
0.580318 0.15798 0.437003
0.441422 0.155787 0.621834
0.617676 0.155706 0.390341
0.40001 0.156877 0.415437
0.584941 0.156442 0.530342
0.433222 0.15628 0.612889
0.382335 0.156055 0.385449
0.440417 0.156535 0.518189
0.40235 0.156895 0.58933
0.357691 0.152395 0.631333
0.616313 0.155825 0.380148
0.58943 0.157374 0.435017
0.386028 0.154163 0.631254
0.629309 0.154119 0.368651
0.616974 0.155401 0.43801
0.490134 0.15588 0.604954
0.565127 0.157463 0.556905
0.443693 0.156835 0.594241
0.387424 0.156993 0.550603
0.460293 0.15588 0.610643
0.5649 0.154702 0.362589
0.361417 0.153396 0.623948
0.4385 0.153171 0.641436
0.63846 0.153399 0.619607
0.440976 0.156124 0.496518
0.593679 0.15676 0.567607
0.392592 0.15 0.417019
0.621407 0.15 0.587843
0.562107 0.15 0.531545
0.457706 0.15 0.392216
0.350266 0.15 0.439486
0.587458 0.15 0.529522
0.496864 0.15 0.609963
0.388069 0.15 0.363276
0.373731 0.15 0.490062
0.580299 0.15 0.395109
0.534539 0.15 0.493184
0.45083 0.15 0.434176
0.593977 0.15 0.598811
0.440512 0.15 0.570273
0.395906 0.15 0.485676
0.432189 0.15 0.647546
0.579676 0.15 0.570283
0.422851 0.15 0.385698
0.604076 0.15 0.472437
0.514315 0.15 0.645514
0.538339 0.15 0.57996
0.606749 0.15 0.485521
0.479405 0.15 0.534164
0.629656 0.15 0.406893
0.605028 0.15 0.608223
0.494365 0.15 0.433142
0.521923 0.15 0.400063
0.602739 0.15 0.42177
0.618487 0.15 0.511879
0.596175 0.15 0.55459
0.481272 0.15 0.438021
0.479487 0.15 0.403606
0.384837 0.15 0.433123
0.603966 0.15 0.519396
0.614101 0.15 0.582405
0.443954 0.15 0.438827
