900 0.012625
0.352363 0.188057 0.351725
0.40456 0.195306 0.342704
0.454575 0.192842 0.347
0.500768 0.193272 0.34999
0.543488 0.196341 0.347386
0.592915 0.196948 0.347098
0.344558 0.198513 0.404345
0.402356 0.217173 0.400855
0.452935 0.212337 0.400178
0.498858 0.210445 0.400943
0.548054 0.213741 0.400733
0.59829 0.212615 0.401639
0.341588 0.189698 0.452291
0.400061 0.215119 0.452602
0.454041 0.203373 0.454083
0.498367 0.199694 0.453704
0.54678 0.206938 0.453113
0.599251 0.208649 0.453821
0.348375 0.192247 0.500522
0.401318 0.214511 0.497195
0.455347 0.201832 0.495823
0.499623 0.19713 0.497251
0.545905 0.204944 0.497753
0.599908 0.205375 0.498167
0.347286 0.195913 0.545268
0.401518 0.218414 0.548101
0.455945 0.210437 0.545775
0.499355 0.205644 0.544867
0.545071 0.21172 0.545099
0.602813 0.207457 0.5438
0.34809 0.188014 0.597199
0.397393 0.211759 0.602673
0.453009 0.206095 0.601345
0.500063 0.198236 0.597266
0.543848 0.20719 0.595802
0.600317 0.210369 0.594942
0.375911 0.218372 0.378401
0.35258 0.193047 0.599128
0.387402 0.216956 0.502473
0.542707 0.203582 0.492963
0.465708 0.211454 0.567081
0.54888 0.205596 0.355551
0.363189 0.209854 0.59309
0.359783 0.191664 0.61229
0.644939 0.187278 0.480239
0.475192 0.20936 0.360211
0.638572 0.182438 0.638059
0.593533 0.21447 0.585672
0.506731 0.209707 0.577342
0.495588 0.200012 0.515199
0.549927 0.20356 0.474648
0.646121 0.186763 0.463524
0.359294 0.212267 0.544898
0.370364 0.199119 0.345178
0.532423 0.195404 0.610005
0.386501 0.21036 0.603392
0.410221 0.219486 0.581751
0.450254 0.212116 0.548389
0.354039 0.207958 0.55807
0.51563 0.206744 0.551267
0.388068 0.190205 0.637933
0.626584 0.199681 0.560491
0.515306 0.201241 0.521577
0.457071 0.20847 0.592972
0.619137 0.205735 0.587107
0.470027 0.197621 0.496583
0.483104 0.188316 0.615383
0.617286 0.2053 0.565851
0.538867 0.201216 0.481359
0.642427 0.190679 0.592183
0.513497 0.193383 0.604106
0.351778 0.205106 0.409228
0.369796 0.216129 0.585205
0.378668 0.217013 0.442021
0.58177 0.220668 0.57331
0.602367 0.208746 0.445213
0.467038 0.197973 0.458199
0.546496 0.205738 0.356982
0.48034 0.201723 0.592785
0.468915 0.187993 0.623481
0.531408 0.202149 0.512104
0.506634 0.197126 0.496686
0.551109 0.193891 0.634313
0.563298 0.212854 0.419989
0.478965 0.19168 0.480014
0.584737 0.20998 0.517298
0.443048 0.212106 0.542781
0.405902 0.2174 0.543725
0.622546 0.208212 0.421766
0.396633 0.196609 0.634614
0.576547 0.220083 0.562732
0.476423 0.192654 0.467024
0.393012 0.214599 0.593174
0.499887 0.193959 0.480284
0.408286 0.219317 0.56719
0.570036 0.21217 0.430089
0.467335 0.199405 0.452224
0.352384 0.198518 0.53291
0.596162 0.215487 0.574242
0.370471 0.200091 0.617933
0.543915 0.185973 0.637872
0.632845 0.202684 0.465621
0.599203 0.210954 0.421357
0.520436 0.205283 0.582883
0.455983 0.213716 0.580371
0.354918 0.207641 0.553033
0.468339 0.211168 0.572755
0.604281 0.209214 0.594433
0.368959 0.215929 0.463739
0.372866 0.216173 0.464451
0.418778 0.211067 0.364706
0.618569 0.206203 0.451464
0.629625 0.205394 0.441719
0.533451 0.207532 0.363097
0.608947 0.206263 0.461563
0.60833 0.209183 0.569417
0.530423 0.210041 0.567783
0.385933 0.214634 0.468919
0.506145 0.210655 0.392105
0.577124 0.212274 0.520922
0.450628 0.212293 0.393565
0.631044 0.204829 0.383084
0.53917 0.202196 0.497873
0.40245 0.219388 0.576154
0.521585 0.19507 0.598606
0.374563 0.217221 0.495569
0.482152 0.198207 0.448184
0.640116 0.193953 0.476684
0.614449 0.201539 0.494411
0.511521 0.201576 0.528683
0.50491 0.195982 0.466333
0.564677 0.206151 0.472338
0.447455 0.199388 0.621842
0.356286 0.195667 0.35692
0.540476 0.210635 0.420494
0.532802 0.206872 0.438908
0.487658 0.197992 0.597519
0.46722 0.20993 0.399476
0.512718 0.197064 0.497711
0.639246 0.188 0.367993
0.40265 0.206441 0.356207
0.625557 0.20519 0.455122
0.634981 0.190566 0.363675
0.452099 0.199954 0.46793
0.38716 0.180444 0.641652
0.373274 0.216083 0.486764
0.551816 0.203358 0.468596
0.63369 0.200948 0.456759
0.489245 0.205174 0.419263
0.519895 0.209315 0.368419
0.438182 0.201418 0.626499
0.444934 0.2055 0.516304
0.532604 0.190059 0.622
0.574155 0.210233 0.440061
0.460296 0.199879 0.454634
0.581323 0.200477 0.636672
0.417972 0.210877 0.609028
0.372922 0.218334 0.539228
0.645987 0.185693 0.4581
0.406088 0.210513 0.604625
0.43277 0.205493 0.492473
0.366381 0.203515 0.356776
0.388468 0.199438 0.625936
0.496591 0.192902 0.482824
0.527763 0.209721 0.404314
0.520731 0.20354 0.582928
0.599079 0.20318 0.358069
0.558784 0.207467 0.511464
0.433338 0.205091 0.490177
0.349764 0.196942 0.482337
0.495391 0.20483 0.551138
0.398039 0.217526 0.555657
0.427659 0.215446 0.553056
0.593266 0.195678 0.640827
0.429335 0.217204 0.582059
0.47244 0.199754 0.438885
0.645095 0.186931 0.45538
0.574372 0.187116 0.651617
0.515194 0.201755 0.448389
0.583679 0.199063 0.638051
0.38325 0.216787 0.526706
0.379298 0.216167 0.50928
0.392991 0.217059 0.562121
0.642895 0.188868 0.461224
0.349408 0.200199 0.402288
0.505924 0.210428 0.372182
0.564572 0.205452 0.489414
0.569359 0.205743 0.468991
0.535146 0.210317 0.38267
0.463662 0.207499 0.407809
0.411857 0.210879 0.505579
0.599343 0.207331 0.441945
0.394138 0.214984 0.51924
0.426978 0.212663 0.401458
0.459064 0.208266 0.407526
0.410292 0.197109 0.634899
0.630899 0.20404 0.391323
0.357059 0.200566 0.527311
0.594283 0.204163 0.497642
0.352382 0.197542 0.492916
0.448755 0.203574 0.605656
0.533266 0.181978 0.633475
0.403796 0.216444 0.555542
0.552151 0.211932 0.552924
0.414164 0.206779 0.360935
0.361552 0.196381 0.604394
0.451618 0.210522 0.395507
0.556879 0.213311 0.375338
0.359253 0.205509 0.514497
0.444969 0.21471 0.575972
0.635978 0.193234 0.368918
0.591832 0.204752 0.506636
0.596141 0.204581 0.530033
0.537009 0.204779 0.534672
0.40128 0.21466 0.527565
0.442438 0.202611 0.49502
0.380569 0.214773 0.413162
0.381437 0.215966 0.532619
0.529667 0.198707 0.358922
0.348994 0.194082 0.463467
0.514781 0.208362 0.378394
0.491729 0.209933 0.376604
0.402 0.199182 0.351495
0.412488 0.213474 0.417178
0.534827 0.203744 0.442254
0.639911 0.192496 0.381636
0.349183 0.198617 0.566049
0.613185 0.19808 0.537302
0.352529 0.200126 0.438052
0.47223 0.204319 0.553833
0.556545 0.20214 0.355708
0.416259 0.201119 0.355785
0.528313 0.207054 0.572606
0.635641 0.197543 0.403415
0.502718 0.20935 0.375557
0.516851 0.194604 0.498911
0.360704 0.206362 0.510479
0.546744 0.20996 0.396642
0.498521 0.195341 0.457665
0.545868 0.204727 0.596113
0.397958 0.214607 0.53747
0.362963 0.209952 0.429578
0.408872 0.212704 0.530188
0.42643 0.205411 0.4953
0.595951 0.203337 0.475078
0.576326 0.208381 0.511124
0.550402 0.204289 0.449991
0.416331 0.215596 0.583178
0.540183 0.194607 0.61773
0.498962 0.200095 0.43972
0.564448 0.205159 0.615913
0.577075 0.208755 0.361307
0.379941 0.202319 0.608387
0.410633 0.210385 0.370447
0.427724 0.208961 0.434951
0.420101 0.211466 0.412111
0.514579 0.202349 0.559723
0.489254 0.208587 0.377985
0.503017 0.198568 0.360197
0.51055 0.201269 0.435765
0.431509 0.200407 0.475176
0.376639 0.214004 0.505274
0.56142 0.210316 0.546172
0.5853 0.210676 0.368981
0.621146 0.196609 0.633417
0.553601 0.210028 0.553591
0.450197 0.203294 0.436692
0.469186 0.194923 0.452004
0.488702 0.194581 0.452086
0.36387 0.206321 0.369635
0.536056 0.189671 0.624378
0.597718 0.205258 0.365168
0.63455 0.177577 0.516709
0.597576 0.203816 0.621989
0.541081 0.198411 0.4651
0.604585 0.201232 0.474996
0.474607 0.192488 0.353951
0.401677 0.212562 0.397386
0.476467 0.200891 0.585985
0.63264 0.181819 0.517995
0.527634 0.196224 0.516066
0.443236 0.197308 0.47585
0.372279 0.215189 0.542268
0.629954 0.198455 0.590491
0.458162 0.204076 0.421743
0.519239 0.20621 0.393132
0.516345 0.203988 0.572813
0.521308 0.201266 0.553184
0.377431 0.211351 0.489163
0.411973 0.210475 0.401867
0.555789 0.202439 0.520539
0.433879 0.207892 0.417979
0.381277 0.213352 0.544954
0.475274 0.207041 0.382385
0.627477 0.187466 0.521171
0.640432 0.189045 0.384577
0.439141 0.203268 0.525023
0.558939 0.198659 0.476219
0.513459 0.189739 0.60262
0.598346 0.199911 0.479744
0.596949 0.20364 0.544391
0.600086 0.205076 0.423651
0.548055 0.207789 0.386467
0.471526 0.187387 0.476581
0.396745 0.186768 0.635682
0.635073 0.176782 0.532374
0.45368 0.196694 0.500813
0.466211 0.208521 0.372244
0.560186 0.205187 0.430354
0.615418 0.205491 0.377234
0.635098 0.188155 0.366156
0.59742 0.198845 0.512787
0.460469 0.197873 0.52089
0.409843 0.208122 0.513349
0.433506 0.206833 0.430184
0.505219 0.175807 0.629312
0.471078 0.187972 0.478856
0.573151 0.207626 0.417353
0.579377 0.202441 0.62738
0.454518 0.207432 0.368468
0.407803 0.20739 0.500112
0.481747 0.200523 0.582752
0.402022 0.202406 0.359824
0.365777 0.208941 0.429891
0.384357 0.210155 0.387857
0.441862 0.202601 0.532469
0.453154 0.200955 0.593923
0.486854 0.195684 0.360489
0.384124 0.209855 0.436991
0.472932 0.205065 0.384193
0.446361 0.199702 0.523401
0.457888 0.204396 0.396615
0.620653 0.196146 0.560386
0.591847 0.204933 0.599743
0.425699 0.209043 0.590087
0.570963 0.207367 0.601755
0.560736 0.199824 0.457248
0.402795 0.209871 0.424716
0.438835 0.19791 0.461497
0.519694 0.198201 0.555885
0.636795 0.177664 0.506398
0.373848 0.211829 0.513423
0.485459 0.189594 0.459286
0.542429 0.200191 0.534723
0.545024 0.200563 0.441017
0.373917 0.200423 0.60356
0.392137 0.204886 0.365195
0.356347 0.199406 0.393083
0.52899 0.179349 0.631037
0.434041 0.197489 0.483009
0.499674 0.186935 0.477983
0.428519 0.201995 0.365175
0.412692 0.206555 0.521495
0.442135 0.206592 0.37449
0.415953 0.208544 0.426581
0.366453 0.206521 0.38821
0.608456 0.202044 0.594085
0.499991 0.194214 0.531978
0.641222 0.187922 0.616472
0.606854 0.200993 0.617473
0.386886 0.203248 0.365951
0.592134 0.196675 0.482469
0.385596 0.208191 0.432264
0.524518 0.178132 0.628062
0.404183 0.196115 0.357829
0.458068 0.202963 0.391881
0.473607 0.19522 0.541465
0.493068 0.187274 0.496883
0.562385 0.196959 0.491254
0.497523 0.186555 0.48924
0.480171 0.186207 0.493111
0.428633 0.196104 0.477156
0.36265 0.20197 0.469798
0.631381 0.19335 0.437357
0.629971 0.193482 0.589322
0.548255 0.193472 0.485123
0.384058 0.18418 0.63155
0.519701 0.200418 0.371626
0.413833 0.201692 0.461956
0.451518 0.188084 0.626452
0.462538 0.18989 0.493458
0.417662 0.199134 0.47172
0.356582 0.19725 0.423784
0.380434 0.209403 0.515946
0.411728 0.207115 0.424146
0.595834 0.204653 0.584686
0.635397 0.183336 0.492132
0.54062 0.192781 0.497418
0.601503 0.194581 0.505018
0.504728 0.192608 0.449242
0.528784 0.20099 0.408412
0.44946 0.191971 0.468475
0.360872 0.198394 0.583885
0.617964 0.194139 0.552364
0.639293 0.186517 0.399751
0.579023 0.211571 0.578418
0.386025 0.207422 0.547023
0.590295 0.19492 0.502752
0.518423 0.187514 0.518578
0.535859 0.176743 0.635692
0.553175 0.183479 0.638132
0.444771 0.20118 0.399442
0.592553 0.2001 0.419052
0.62453 0.19464 0.451899
0.563179 0.202514 0.541293
0.380307 0.204743 0.461385
0.434228 0.202855 0.548108
0.441913 0.204043 0.579246
0.632991 0.191294 0.389654
0.381008 0.202956 0.588122
0.44592 0.19987 0.544649
0.54964 0.193875 0.510231
0.576013 0.199511 0.519846
0.505429 0.189485 0.529155
0.607704 0.191804 0.63168
0.601367 0.188219 0.636849
0.376429 0.206754 0.407682
0.437542 0.196544 0.518221
0.457876 0.190431 0.609552
0.369894 0.206732 0.55954
0.385573 0.202538 0.589692
0.595984 0.199677 0.420394
0.582206 0.194556 0.631151
0.410629 0.195797 0.616962
0.538672 0.190117 0.468443
0.636088 0.188187 0.390953
0.450189 0.189603 0.482447
0.562789 0.200907 0.535071
0.606004 0.201239 0.373655
0.574263 0.197129 0.458877
0.521739 0.18544 0.478037
0.43005 0.196733 0.455799
0.38711 0.203289 0.436271
0.588881 0.193426 0.523486
0.368276 0.181852 0.614102
0.547818 0.174747 0.642188
0.425343 0.196698 0.612645
0.431644 0.199618 0.406155
0.432917 0.204107 0.573344
0.465651 0.197183 0.394146
0.562374 0.200441 0.595797
0.561101 0.19627 0.434143
0.380843 0.191356 0.61048
0.45392 0.19816 0.394461
0.605418 0.197213 0.587717
0.433228 0.193835 0.453987
0.539905 0.188505 0.501007
0.551542 0.196129 0.535943
0.483784 0.192725 0.418468
0.492209 0.194927 0.406021
0.521359 0.184923 0.510571
0.476879 0.184322 0.358384
0.583822 0.200361 0.599556
0.445245 0.201886 0.572423
0.547605 0.190873 0.50854
0.369208 0.190725 0.600686
0.364949 0.197491 0.466404
0.601879 0.191262 0.531345
0.54071 0.187587 0.471834
0.563775 0.194736 0.448148
0.480558 0.190635 0.42847
0.484296 0.182075 0.613347
0.358859 0.193832 0.562007
0.394836 0.192709 0.611243
0.556044 0.19213 0.460112
0.533485 0.18498 0.356545
0.405709 0.204355 0.55863
0.561963 0.195939 0.613682
0.389993 0.184578 0.623914
0.61394 0.195515 0.374043
0.544324 0.195895 0.39785
0.604405 0.195068 0.586123
0.433049 0.190744 0.501584
0.429478 0.19699 0.407618
0.528794 0.192761 0.574183
0.562787 0.196127 0.415053
0.461509 0.17707 0.628929
0.595314 0.195111 0.551917
0.580171 0.200865 0.588903
0.43383 0.191767 0.512855
0.57258 0.192006 0.49668
0.515279 0.185854 0.454453
0.432688 0.200827 0.569726
0.600777 0.192299 0.624356
0.443009 0.198069 0.57869
0.515624 0.194028 0.383036
0.557089 0.188693 0.467719
0.550888 0.189273 0.512125
0.567701 0.195461 0.61267
0.49677 0.181983 0.502772
0.592263 0.189576 0.516412
0.423746 0.189703 0.475374
0.451589 0.197736 0.572306
0.628635 0.180609 0.503046
0.612015 0.184879 0.518358
0.489892 0.181001 0.46736
0.417086 0.191508 0.472176
0.636011 0.180429 0.573744
0.481544 0.190076 0.366605
0.591221 0.19248 0.625439
0.473499 0.189594 0.548002
0.551814 0.194696 0.595306
0.364775 0.189805 0.52223
0.511645 0.182465 0.507865
0.391477 0.196845 0.50917
0.612519 0.19217 0.400037
0.391378 0.194412 0.486167
0.617379 0.189587 0.590481
0.582082 0.18787 0.48794
0.416306 0.195453 0.412085
0.365661 0.191272 0.451327
0.412604 0.186073 0.360896
0.464115 0.190697 0.400674
0.48626 0.181624 0.523712
0.531349 0.183848 0.362555
0.438844 0.187215 0.616446
0.543908 0.191443 0.418994
0.556755 0.1919 0.601452
0.529694 0.1827 0.523936
0.605535 0.187818 0.363928
0.63457 0.177282 0.47769
0.501443 0.183897 0.537577
0.471506 0.172386 0.629008
0.428794 0.190519 0.518787
0.492698 0.18086 0.517867
0.506986 0.186129 0.551462
0.406926 0.196605 0.423937
0.425003 0.190821 0.512955
0.433844 0.187805 0.455529
0.629721 0.184469 0.617677
0.563633 0.190622 0.363647
0.355438 0.18212 0.581436
0.35478 0.183497 0.434747
0.483345 0.180886 0.516804
0.398191 0.195152 0.448476
0.433853 0.193087 0.41148
0.422665 0.183469 0.629085
0.515604 0.179558 0.497203
0.52441 0.181708 0.598778
0.365947 0.192152 0.385805
0.388499 0.186104 0.602726
0.485616 0.179032 0.604074
0.484265 0.178378 0.518383
0.356393 0.182871 0.567725
0.444835 0.185486 0.437587
0.415303 0.192009 0.412752
0.559373 0.191849 0.591264
0.599079 0.182515 0.510743
0.411992 0.194208 0.5585
0.499663 0.180895 0.448171
0.630782 0.174025 0.496951
0.567202 0.192451 0.395766
0.391417 0.193715 0.511263
0.462579 0.178932 0.462979
0.617495 0.186825 0.423552
0.63157 0.173712 0.546265
0.471268 0.185042 0.415249
0.374223 0.194602 0.529957
0.488966 0.176021 0.469823
0.462632 0.183012 0.599072
0.486576 0.188434 0.381725
0.533555 0.189656 0.378859
0.562987 0.195665 0.563802
0.445142 0.187319 0.594623
0.60795 0.184905 0.364301
0.504368 0.179159 0.601454
0.463142 0.18306 0.532008
0.602844 0.18938 0.588944
0.610938 0.184344 0.458181
0.420269 0.181046 0.359062
0.590729 0.179425 0.635556
0.391677 0.194524 0.417824
0.519449 0.179599 0.531559
0.385947 0.180087 0.61958
0.358343 0.179758 0.584743
0.481932 0.174654 0.475863
0.389244 0.188147 0.491547
0.4849 0.17149 0.624864
0.610466 0.18423 0.608378
0.367892 0.187755 0.574056
0.593235 0.185583 0.419599
0.401517 0.189821 0.416735
0.400058 0.185359 0.468284
0.446637 0.178584 0.462524
0.412024 0.183069 0.610435
0.394908 0.190545 0.42026
0.583235 0.188187 0.549138
0.579616 0.182151 0.494906
0.358797 0.180429 0.432273
0.505606 0.175464 0.609999
0.438928 0.186681 0.375123
0.63519 0.173825 0.572468
0.376719 0.184223 0.595506
0.357859 0.180952 0.406986
0.403467 0.170264 0.633368
0.610985 0.184219 0.60723
0.404556 0.1908 0.575193
0.544649 0.183452 0.432787
0.370312 0.18572 0.469839
0.440115 0.172046 0.634237
0.591752 0.181297 0.525819
0.506249 0.179939 0.439251
0.419282 0.188432 0.383129
0.474743 0.180662 0.424199
0.54931 0.185365 0.418774
0.543369 0.186178 0.580778
0.512447 0.181749 0.43077
0.505052 0.173711 0.484807
0.47326 0.175475 0.61433
0.626542 0.171404 0.518516
0.526177 0.1853 0.384267
0.613045 0.178209 0.630601
0.389148 0.183572 0.487234
0.381197 0.187446 0.40624
0.595581 0.180585 0.432019
0.456111 0.174289 0.495481
0.460123 0.177931 0.538409
0.396489 0.18629 0.417736
0.409695 0.179092 0.610746
0.452968 0.173344 0.624702
0.538033 0.175142 0.521973
0.440785 0.176122 0.461888
0.593841 0.184761 0.388342
0.408429 0.185088 0.397754
0.457741 0.177271 0.435728
0.490764 0.170648 0.47339
0.412566 0.177759 0.61865
0.433028 0.1836 0.553532
0.458257 0.179434 0.413489
0.533353 0.178906 0.369538
0.455632 0.178412 0.427259
0.451968 0.181787 0.557994
0.383475 0.185533 0.450329
0.626786 0.173808 0.471173
0.574511 0.180391 0.624895
0.515729 0.175192 0.594683
0.560939 0.183208 0.543451
0.41015 0.184973 0.394753
0.376781 0.179029 0.598409
0.361856 0.175592 0.455769
0.459536 0.172784 0.481892
0.631467 0.176966 0.390099
0.541521 0.180466 0.426545
0.383905 0.186296 0.504556
0.486166 0.173406 0.610347
0.515603 0.175713 0.591253
0.59278 0.182009 0.609969
0.399244 0.173905 0.622687
0.39286 0.181984 0.393125
0.409958 0.180486 0.533249
0.493361 0.168658 0.496428
0.506935 0.172099 0.447928
0.460954 0.173562 0.435863
0.392957 0.182236 0.418293
0.509339 0.170341 0.615105
0.55165 0.173009 0.361296
0.43941 0.179054 0.557037
0.471221 0.175738 0.582519
0.511897 0.175372 0.373239
0.383091 0.183339 0.515825
0.425716 0.175285 0.621554
0.574565 0.174862 0.475371
0.581919 0.179835 0.40946
0.48334 0.162356 0.634856
0.413805 0.182265 0.570511
0.555972 0.17103 0.630396
0.491216 0.176593 0.379229
0.527673 0.174702 0.435496
0.36941 0.176709 0.459761
0.401203 0.181372 0.405445
0.618129 0.172439 0.628172
0.565586 0.174074 0.477965
0.635223 0.170234 0.372728
0.434927 0.172302 0.363272
0.448832 0.17299 0.366779
0.568575 0.174386 0.476657
0.400613 0.181694 0.525797
0.503417 0.163794 0.632659
0.376851 0.182422 0.515738
0.581822 0.175409 0.51555
0.403478 0.180903 0.423885
0.5329 0.174384 0.548322
0.548751 0.180561 0.57153
0.624905 0.167013 0.523945
0.387841 0.177359 0.575204
0.433876 0.174557 0.386322
0.386909 0.178101 0.564735
0.559882 0.176181 0.3978
0.46206 0.169866 0.609231
0.389298 0.177917 0.418559
0.603854 0.172828 0.617992
0.372624 0.175748 0.380065
0.616401 0.172996 0.592361
0.50146 0.171115 0.425721
0.425693 0.165251 0.635808
0.636905 0.161808 0.635005
0.398054 0.177419 0.53248
0.376142 0.17428 0.476875
0.474555 0.165022 0.476486
0.533653 0.170817 0.439511
0.37134 0.174108 0.451693
0.578184 0.175359 0.605047
0.525036 0.167964 0.614573
0.605648 0.174306 0.586848
0.637665 0.162676 0.469657
0.450096 0.170652 0.614316
0.383039 0.158799 0.637836
0.615312 0.165936 0.636929
0.428892 0.169914 0.477233
0.458567 0.169972 0.611887
0.514966 0.171908 0.41641
0.494434 0.165761 0.496588
0.615767 0.173284 0.569472
0.372059 0.169035 0.598256
0.488404 0.168771 0.604609
0.501436 0.167148 0.528457
0.594421 0.170068 0.512206
0.551934 0.169943 0.506849
0.503642 0.16798 0.536244
0.573775 0.174503 0.426403
0.389339 0.169848 0.465009
0.432216 0.168613 0.408891
0.519599 0.167803 0.372564
0.573105 0.171693 0.402583
0.614623 0.169088 0.591606
0.373228 0.172302 0.421525
0.447818 0.165208 0.492316
0.499556 0.165199 0.609099
0.618365 0.166995 0.365042
0.395001 0.172084 0.397681
0.37789 0.173358 0.414113
0.367797 0.167692 0.454082
0.366826 0.167483 0.451619
0.420661 0.166432 0.624824
0.573595 0.169698 0.433577
0.536354 0.164733 0.465392
0.562717 0.164396 0.631943
0.567475 0.167131 0.481003
0.438417 0.166284 0.498461
0.477228 0.166295 0.596722
0.559224 0.172184 0.379414
0.463312 0.167993 0.384653
0.473736 0.165535 0.540978
0.611846 0.170422 0.398239
0.412757 0.165277 0.359723
0.463482 0.165293 0.447384
0.471388 0.166134 0.544866
0.365319 0.160848 0.612768
0.555333 0.167839 0.5306
0.50109 0.164799 0.539433
0.408038 0.171047 0.403252
0.616546 0.168843 0.598516
0.546539 0.169085 0.591666
0.51521 0.168091 0.410524
0.38806 0.164197 0.619495
0.427813 0.171922 0.578875
0.38975 0.156737 0.638769
0.430194 0.162958 0.429637
0.366236 0.162285 0.462076
0.586707 0.16589 0.406627
0.486328 0.163633 0.575187
0.35865 0.162408 0.424213
0.569291 0.163803 0.366842
0.626764 0.161699 0.559805
0.620365 0.164593 0.416795
0.567169 0.1635 0.366012
0.61496 0.162341 0.468376
0.378591 0.167199 0.555422
0.623155 0.163695 0.369615
0.464216 0.160438 0.49356
0.392084 0.166976 0.388496
0.538753 0.160953 0.491913
0.471959 0.160852 0.527436
0.554898 0.158077 0.640213
0.633474 0.16252 0.383937
0.629114 0.162296 0.607162
0.481313 0.163844 0.573306
0.473605 0.162202 0.434412
0.566047 0.164434 0.444795
0.608679 0.163985 0.438633
0.396185 0.166235 0.521415
0.467212 0.163933 0.562734
0.427228 0.165177 0.394369
0.516685 0.161808 0.44418
0.497245 0.159633 0.492548
0.632465 0.158781 0.48263
0.608196 0.162169 0.478495
0.45115 0.164193 0.387615
0.499407 0.163833 0.391326
0.477248 0.16281 0.593198
0.553861 0.165056 0.418213
0.565013 0.163792 0.456339
0.390421 0.160996 0.527171
0.427747 0.158759 0.450622
0.49809 0.158168 0.553202
0.601122 0.160532 0.41009
0.642985 0.154567 0.55965
0.631424 0.158468 0.427735
0.408199 0.160238 0.524774
0.469758 0.156998 0.508495
0.623257 0.158081 0.469328
0.457172 0.158531 0.622345
0.566768 0.159509 0.524233
0.389628 0.160473 0.370888
0.595528 0.161262 0.57328
0.50815 0.156782 0.3592
0.492479 0.156475 0.629313
0.541273 0.157802 0.519456
0.378191 0.162396 0.423091
0.540949 0.157712 0.512551
0.545681 0.159423 0.553178
0.498915 0.157899 0.617792
0.400497 0.159375 0.483933
0.485106 0.156383 0.485092
0.372451 0.154533 0.633969
0.60572 0.158285 0.479607
0.375726 0.161821 0.400598
0.4715 0.158856 0.393924
0.381341 0.161348 0.52557
0.384118 0.161338 0.5608
0.436709 0.158471 0.453164
0.477719 0.158619 0.422892
0.525289 0.158002 0.556316
0.568106 0.159411 0.457788
0.449545 0.157613 0.471964
0.438117 0.158399 0.494164
0.43619 0.158557 0.49831
0.416015 0.159717 0.614752
0.388033 0.155101 0.509245
0.585519 0.155499 0.394945
0.433193 0.155121 0.390409
0.644472 0.153477 0.387007
0.366063 0.154027 0.486393
0.617844 0.155313 0.431557
0.436989 0.154971 0.543027
0.506851 0.154142 0.611475
0.572415 0.155499 0.395318
0.360934 0.153765 0.51266
0.6218 0.155407 0.428351
0.533363 0.153914 0.534618
0.406835 0.155471 0.589488
0.450482 0.154206 0.366716
0.391733 0.154801 0.474808
0.571692 0.155056 0.44462
0.406378 0.15535 0.544557
0.393768 0.155333 0.371546
0.474419 0.154355 0.557858
0.403686 0.155478 0.416732
0.603181 0.154639 0.542955
0.524769 0.153308 0.355854
0.635035 0.154359 0.39151
0.628465 0.154543 0.605664
0.541226 0.153726 0.476217
0.635828 0.152646 0.496775
0.514092 0.153775 0.540369
0.501896 0.154682 0.398751
0.635444 0.154058 0.434549
0.544381 0.153879 0.489338
0.354131 0.153364 0.539333
0.354337 0.153359 0.536695
0.500426 0.15366 0.456444
0.553694 0.154317 0.516331
0.436265 0.155532 0.564172
0.381846 0.155279 0.582415
0.385267 0.15 0.607894
0.451315 0.15 0.612819
0.52608 0.15 0.423721
0.37635 0.15 0.358222
0.514077 0.15 0.429864
0.619219 0.15 0.430725
0.638436 0.15 0.395851
0.410115 0.15 0.473215
0.519845 0.15 0.561512
0.373905 0.15 0.428289
0.429077 0.15 0.56879
0.371946 0.15 0.600148
0.538897 0.15 0.393498
0.644552 0.15 0.514617
0.481272 0.15 0.361115
0.600945 0.15 0.636944
0.531774 0.15 0.481254
0.553546 0.15 0.3564
0.492946 0.15 0.38491
0.443387 0.15 0.497496
0.598555 0.15 0.399211
0.553739 0.15 0.466633
0.510707 0.15 0.543695
0.35857 0.15 0.394157
0.431503 0.15 0.382658
0.502971 0.15 0.480732
0.401317 0.15 0.418044
0.462174 0.15 0.407625
0.605376 0.15 0.456983
0.476237 0.15 0.620263
0.560678 0.15 0.438635
0.607143 0.15 0.544345
0.605074 0.15 0.354514
0.415242 0.15 0.64404
0.560303 0.15 0.546771
0.501973 0.15 0.381449
