3456 0.012625
0.370054 0.450296 0.376706
0.458017 0.43931 0.324218
0.483935 0.343632 0.336948
0.489415 0.352539 0.347288
0.493478 0.405659 0.342426
0.53987 0.440736 0.319533
0.324411 0.452978 0.445488
0.421765 0.465046 0.409364
0.452898 0.342506 0.338494
0.497124 0.241703 0.310596
0.531013 0.378812 0.357483
0.598086 0.479655 0.391374
0.306968 0.421256 0.475623
0.337999 0.307002 0.456729
0.331737 0.437493 0.322865
0.518504 0.508193 0.263521
0.684146 0.398278 0.35495
0.654083 0.303705 0.465606
0.330175 0.389992 0.482464
0.318949 0.273183 0.497653
0.296346 0.548883 0.513968
0.536042 0.600717 0.512439
0.744508 0.443161 0.522332
0.662225 0.202799 0.495775
0.327596 0.438463 0.493661
0.368387 0.415285 0.520977
0.380982 0.355231 0.644744
0.501077 0.407404 0.745742
0.631694 0.347304 0.633966
0.645625 0.280664 0.513936
0.355967 0.457884 0.563284
0.397622 0.49906 0.604778
0.469088 0.383945 0.646636
0.492377 0.236938 0.668117
0.521215 0.287664 0.648665
0.572385 0.479751 0.567178
0.388353 0.493136 0.387493
0.353584 0.462328 0.564451
0.324405 0.226865 0.495896
0.734331 0.469861 0.501129
0.437202 0.336106 0.642943
0.494193 0.370597 0.359406
0.346804 0.484287 0.542279
0.360202 0.463776 0.581891
0.677098 0.403881 0.494373
0.485001 0.290133 0.368682
0.592707 0.455036 0.595705
0.573036 0.439133 0.545092
0.504493 0.252947 0.689649
0.525111 0.585402 0.6191
0.734287 0.392448 0.42443
0.686618 0.414212 0.484982
0.352512 0.354811 0.494662
0.398386 0.458733 0.353423
0.503733 0.269448 0.650318
0.384157 0.500824 0.596838
0.423884 0.476923 0.561051
0.376544 0.348028 0.628991
0.344115 0.416947 0.492072
0.559035 0.352067 0.719696
0.392447 0.447873 0.620746
0.641883 0.388286 0.508138
0.6187 0.508294 0.656299
0.467222 0.342967 0.64539
0.621693 0.454905 0.539988
0.404924 0.604325 0.513238
0.487898 0.294378 0.647419
0.641904 0.410246 0.519345
0.712444 0.508418 0.447799
0.641334 0.451795 0.543734
0.498097 0.247866 0.659966
0.333291 0.445113 0.455336
0.353435 0.48856 0.532772
0.339789 0.29858 0.467068
0.580335 0.386764 0.553932
0.647275 0.339839 0.466166
0.375071 0.499524 0.307108
0.494831 0.358552 0.361128
0.478848 0.244077 0.671233
0.487797 0.356629 0.651648
0.684437 0.481486 0.59637
0.563836 0.599327 0.508833
0.512607 0.419703 0.658634
0.563317 0.396757 0.414624
0.451477 0.606182 0.419013
0.67604 0.224069 0.520206
0.362231 0.33971 0.607378
0.365788 0.418506 0.523734
0.64547 0.408749 0.468439
0.397746 0.458455 0.629753
0.596814 0.353702 0.560503
0.422642 0.571172 0.338485
0.39329 0.506401 0.587635
0.538575 0.600859 0.419505
0.402615 0.413476 0.542903
0.587882 0.383803 0.42603
0.380175 0.459799 0.286956
0.335559 0.406075 0.486486
0.602956 0.397623 0.539319
0.363368 0.472639 0.598989
0.511358 0.409846 0.664535
0.657371 0.283275 0.48033
0.621549 0.469754 0.430268
0.519985 0.243704 0.680527
0.455795 0.384531 0.624199
0.345873 0.402291 0.491175
0.447781 0.323996 0.650021
0.580333 0.47663 0.561342
0.354575 0.220149 0.474574
0.350008 0.206621 0.47282
0.466544 0.39173 0.338192
0.652191 0.258727 0.470382
0.64766 0.3019 0.47546
0.498153 0.297246 0.360751
0.661453 0.241762 0.468637
0.630051 0.40942 0.526648
0.547872 0.31053 0.655431
0.32676 0.201977 0.468284
0.499831 0.217157 0.323032
0.668068 0.273248 0.526017
0.4619 0.318414 0.334366
0.622661 0.496007 0.404485
0.720827 0.489267 0.524836
0.408725 0.459035 0.54655
0.50699 0.229513 0.66865
0.348522 0.19917 0.488503
0.43484 0.450838 0.253508
0.666364 0.356321 0.48932
0.646608 0.222337 0.488782
0.593559 0.4871 0.684929
0.551747 0.570014 0.342968
0.691875 0.296808 0.449953
0.462299 0.43416 0.662368
0.372728 0.462309 0.375675
0.556588 0.31433 0.356163
0.591601 0.342666 0.321353
0.485086 0.241333 0.667069
0.465222 0.267352 0.318008
0.593291 0.595793 0.513398
0.614015 0.468513 0.370434
0.459468 0.44495 0.332838
0.650468 0.263045 0.474209
0.606687 0.471115 0.361669
0.299796 0.485675 0.368224
0.396905 0.44212 0.616321
0.35318 0.194432 0.483889
0.719216 0.372103 0.412745
0.657589 0.308518 0.479906
0.481746 0.294153 0.279007
0.497071 0.252249 0.354654
0.444506 0.451816 0.657268
0.283071 0.394618 0.587728
0.503411 0.356818 0.640544
0.613966 0.358486 0.434768
0.351165 0.463008 0.30861
0.528971 0.444153 0.655984
0.429083 0.486914 0.61436
0.349099 0.317134 0.502152
0.687901 0.417213 0.480545
0.409211 0.495841 0.607802
0.273674 0.334477 0.508375
0.388891 0.470134 0.363243
0.391184 0.470366 0.618468
0.52567 0.604144 0.434105
0.524123 0.31367 0.330163
0.520015 0.244588 0.680143
0.544239 0.454389 0.328859
0.713144 0.318729 0.538781
0.267762 0.342222 0.500478
0.335985 0.35458 0.483042
0.484332 0.353424 0.737274
0.375908 0.400774 0.521189
0.388639 0.345442 0.556033
0.539273 0.442059 0.651875
0.435104 0.450071 0.579683
0.416342 0.369822 0.289317
0.686061 0.416699 0.478968
0.536795 0.418528 0.672921
0.573532 0.410075 0.272053
0.531253 0.442696 0.656386
0.342973 0.285907 0.503983
0.335908 0.223946 0.495203
0.378372 0.408271 0.520326
0.681331 0.404398 0.48335
0.330503 0.45565 0.445204
0.49277 0.229317 0.350712
0.708393 0.285543 0.485837
0.679107 0.300993 0.453163
0.510628 0.295151 0.338986
0.451147 0.325504 0.326388
0.32372 0.317545 0.51091
0.642554 0.377296 0.46347
0.339098 0.300722 0.507874
0.442495 0.405904 0.388089
0.446495 0.340755 0.333529
0.409824 0.459859 0.639389
0.633346 0.491499 0.419396
0.344912 0.357735 0.489261
0.671249 0.208782 0.49655
0.34021 0.333787 0.485454
0.46342 0.415697 0.645061
0.506481 0.391748 0.65911
0.380244 0.414419 0.52642
0.606622 0.335184 0.607904
0.465757 0.40624 0.33736
0.354768 0.471128 0.571263
0.459758 0.325228 0.334953
0.507865 0.372403 0.34322
0.353713 0.309827 0.488777
0.437085 0.378992 0.601556
0.613488 0.477086 0.372943
0.671239 0.207158 0.505706
0.658482 0.234755 0.517023
0.64935 0.389286 0.645333
0.347741 0.364097 0.516645
0.252546 0.411207 0.514867
0.3793 0.432312 0.455324
0.346322 0.303742 0.505236
0.495062 0.32193 0.360074
0.329426 0.371359 0.479013
0.49863 0.218399 0.343118
0.487031 0.209121 0.347382
0.45648 0.444843 0.329127
0.413092 0.412489 0.425279
0.605001 0.358448 0.315432
0.632621 0.480856 0.395876
0.333817 0.447122 0.506493
0.640103 0.270998 0.501638
0.333357 0.38568 0.474022
0.423716 0.340175 0.678061
0.495993 0.392982 0.349714
0.46816 0.399687 0.33322
0.53657 0.303639 0.661863
0.655964 0.47037 0.449393
0.49207 0.217327 0.347963
0.615809 0.588544 0.52098
0.35639 0.293418 0.487978
0.52725 0.380029 0.349525
0.519245 0.542302 0.288512
0.521279 0.29863 0.645905
0.355098 0.369183 0.516358
0.341951 0.339037 0.474798
0.352247 0.373547 0.524486
0.291415 0.303509 0.509972
0.676067 0.227311 0.473177
0.67804 0.269702 0.51822
0.669736 0.369311 0.367362
0.43007 0.473176 0.568115
0.504301 0.325992 0.640352
0.507144 0.387457 0.252324
0.51789 0.382854 0.640172
0.509419 0.424739 0.341038
0.373361 0.490848 0.595976
0.45617 0.443386 0.344956
0.391696 0.391222 0.417231
0.423202 0.401411 0.411744
0.54077 0.311736 0.702126
0.485872 0.205222 0.345525
0.49171 0.294051 0.360506
0.544806 0.352905 0.26595
0.28822 0.341172 0.446744
0.343589 0.212449 0.492458
0.628641 0.337248 0.575552
0.525772 0.442649 0.335097
0.578059 0.477186 0.602873
0.604782 0.338475 0.603214
0.382912 0.347846 0.338388
0.388418 0.464553 0.283643
0.470505 0.49728 0.256775
0.373526 0.482604 0.382108
0.505127 0.373699 0.643496
0.542651 0.456563 0.335185
0.65327 0.328822 0.496458
0.543603 0.464446 0.622067
0.697509 0.484807 0.382176
0.668308 0.219525 0.476435
0.487799 0.302851 0.348469
0.419299 0.473528 0.402201
0.470363 0.258387 0.672625
0.650119 0.325057 0.494837
0.669189 0.487996 0.616144
0.27004 0.419799 0.423569
0.34898 0.337546 0.501844
0.63392 0.457827 0.539749
0.42241 0.362426 0.342225
0.510342 0.244056 0.327819
0.523798 0.275868 0.683461
0.569168 0.341977 0.704776
0.345169 0.191074 0.485303
0.42801 0.451514 0.402808
0.68738 0.333284 0.566618
0.419387 0.363684 0.394653
0.351785 0.36356 0.507308
0.478468 0.198898 0.337403
0.637971 0.308764 0.491368
0.636474 0.480632 0.401805
0.322901 0.362856 0.589809
0.714224 0.319241 0.448365
0.498721 0.245935 0.663893
0.674389 0.220163 0.47908
0.644926 0.289552 0.518655
0.625949 0.465202 0.43528
0.517354 0.372223 0.342397
0.416038 0.597895 0.396949
0.399922 0.453193 0.624649
0.647918 0.331924 0.497372
0.287734 0.537992 0.539217
0.477758 0.233796 0.34334
0.590793 0.349835 0.400376
0.593126 0.491633 0.378486
0.607275 0.471319 0.364641
0.660237 0.205238 0.506565
0.329921 0.503992 0.642758
0.333395 0.345305 0.517203
0.395961 0.368736 0.397511
0.499238 0.379959 0.657816
0.414535 0.601533 0.40894
0.577917 0.44298 0.41309
0.525014 0.439458 0.644999
0.478066 0.260826 0.341212
0.320488 0.308767 0.503166
0.470268 0.249668 0.680444
0.454694 0.448712 0.334284
0.341198 0.335989 0.473938
0.403709 0.491703 0.402015
0.335959 0.356478 0.605576
0.465605 0.370683 0.637576
0.488626 0.28319 0.356243
0.347296 0.338783 0.464305
0.47735 0.20076 0.331721
0.297416 0.399125 0.613378
0.463085 0.302845 0.327199
0.643525 0.384343 0.512376
0.547966 0.463337 0.578752
0.436498 0.471644 0.585599
0.534577 0.394541 0.610184
0.680063 0.33138 0.419503
0.390899 0.414789 0.444282
0.300988 0.371234 0.398653
0.558477 0.32824 0.706409
0.658179 0.343565 0.496813
0.343644 0.237121 0.493286
0.458509 0.552306 0.299512
0.658797 0.375723 0.631902
0.616991 0.354392 0.347652
0.36638 0.487203 0.578933
0.426256 0.47097 0.351349
0.347792 0.475277 0.429182
0.504806 0.379354 0.656417
0.256823 0.363235 0.468698
0.538732 0.598427 0.41007
0.473988 0.353504 0.333476
0.340663 0.341225 0.525882
0.475932 0.31391 0.329931
0.398067 0.394797 0.430301
0.371055 0.49332 0.416671
0.586631 0.471482 0.557686
0.530428 0.513083 0.706779
0.613547 0.469039 0.570535
0.563492 0.480554 0.600712
0.413696 0.475218 0.357913
0.679644 0.228323 0.480687
0.355081 0.352337 0.462266
0.502826 0.364042 0.652903
0.456523 0.441586 0.33397
0.468384 0.283177 0.323935
0.397789 0.406916 0.710795
0.511941 0.601318 0.509119
0.715532 0.306844 0.486671
0.527661 0.606233 0.470313
0.46167 0.60487 0.489482
0.286519 0.334891 0.456222
0.355297 0.261769 0.479929
0.658886 0.353343 0.476883
0.633856 0.454523 0.540367
0.74568 0.44353 0.466764
0.391742 0.454904 0.609655
0.497092 0.246613 0.348003
0.325604 0.31026 0.45217
0.46731 0.421533 0.668599
0.362522 0.592455 0.500327
0.308702 0.294034 0.456148
0.33244 0.411087 0.467104
0.336403 0.251907 0.496848
0.400987 0.408999 0.433495
0.576988 0.439663 0.544836
0.659905 0.334877 0.493388
0.720245 0.4909 0.52077
0.658616 0.210125 0.49874
0.54077 0.463883 0.251862
0.529466 0.303973 0.326647
0.293119 0.483604 0.375242
0.34458 0.470731 0.539226
0.63957 0.338598 0.507037
0.653339 0.471219 0.438664
0.568722 0.397215 0.558037
0.354433 0.385732 0.510164
0.675833 0.219359 0.501561
0.6319 0.521004 0.635668
0.507642 0.387709 0.66082
0.515324 0.409153 0.664302
0.443062 0.368856 0.35399
0.608232 0.462509 0.411423
0.65445 0.289156 0.475309
0.637803 0.332078 0.564843
0.335555 0.213569 0.469504
0.383393 0.361313 0.566709
0.436741 0.396207 0.595203
0.633639 0.486404 0.409289
0.372147 0.495224 0.562938
0.359937 0.353532 0.621814
0.729401 0.398224 0.56694
0.669692 0.287679 0.523843
0.561439 0.523013 0.686199
0.554108 0.462409 0.624737
0.546213 0.447329 0.640282
0.373254 0.459974 0.447407
0.310945 0.361214 0.575199
0.47385 0.379347 0.658551
0.346689 0.435054 0.506007
0.379928 0.498478 0.571926
0.615218 0.467599 0.415733
0.527613 0.439235 0.649819
0.416022 0.483379 0.618273
0.687492 0.515127 0.393766
0.638911 0.48369 0.415651
0.290941 0.533865 0.438784
0.649189 0.327515 0.559083
0.565842 0.472518 0.355263
0.659655 0.335479 0.450042
0.621142 0.578752 0.416325
0.332517 0.35046 0.418142
0.351047 0.350037 0.462136
0.669482 0.230598 0.518231
0.370447 0.465998 0.589562
0.514713 0.400215 0.667946
0.434758 0.476438 0.618933
0.435564 0.366371 0.385625
0.425771 0.402417 0.573858
0.469772 0.258583 0.316967
0.535532 0.390187 0.614766
0.605664 0.345147 0.397432
0.372187 0.476329 0.599785
0.461704 0.316708 0.330149
0.5869 0.45169 0.546302
0.330206 0.351782 0.402392
0.7144 0.494214 0.535887
0.658157 0.348872 0.605388
0.468977 0.299393 0.279979
0.488926 0.270843 0.301514
0.644505 0.549143 0.58999
0.488409 0.282765 0.34301
0.545011 0.426751 0.582206
0.428584 0.369647 0.601316
0.730533 0.427775 0.563358
0.363347 0.478672 0.573143
0.351307 0.248595 0.478526
0.655852 0.240036 0.510944
0.699798 0.511265 0.413761
0.660732 0.333186 0.412651
0.446951 0.337067 0.276715
0.487286 0.282288 0.65315
0.337561 0.439298 0.505899
0.390272 0.478021 0.607535
0.703762 0.360352 0.405561
0.493657 0.359513 0.342712
0.383847 0.42937 0.530522
0.517417 0.369462 0.642023
0.395249 0.466226 0.610326
0.582888 0.479071 0.362973
0.52971 0.364018 0.345542
0.586652 0.44342 0.544768
0.282115 0.339776 0.529911
0.433359 0.373515 0.392439
0.535022 0.30458 0.66392
0.555496 0.388166 0.405558
0.480142 0.395694 0.666576
0.63417 0.343521 0.523313
0.554532 0.414661 0.568458
0.302685 0.342412 0.557852
0.686525 0.287818 0.502263
0.585254 0.502415 0.287859
0.418957 0.383523 0.572662
0.546623 0.461546 0.623325
0.435123 0.387221 0.597727
0.501238 0.237034 0.329822
0.713287 0.348332 0.422995
0.725642 0.392083 0.569304
0.524259 0.401924 0.639416
0.526785 0.596365 0.538717
0.670935 0.219568 0.511264
0.296682 0.320769 0.456375
0.433023 0.353808 0.618952
0.654223 0.290871 0.491694
0.645131 0.235312 0.496372
0.495382 0.585836 0.35739
0.306953 0.29791 0.45641
0.652309 0.420722 0.525426
0.486012 0.254363 0.349174
0.536944 0.4495 0.636078
0.410245 0.374462 0.696665
0.526114 0.353117 0.635509
0.344933 0.304595 0.491295
0.595446 0.584695 0.571116
0.330193 0.288902 0.499044
0.617174 0.475019 0.397773
0.311697 0.226391 0.483587
0.604185 0.454937 0.546212
0.681957 0.266631 0.488894
0.418687 0.409319 0.415312
0.342858 0.259701 0.475477
0.456801 0.424951 0.339399
0.459427 0.310404 0.322049
0.473729 0.578513 0.645673
0.49689 0.310233 0.345197
0.446074 0.452644 0.638194
0.558187 0.324972 0.360606
0.524692 0.363536 0.635629
0.664059 0.467546 0.636951
0.555714 0.45337 0.339905
0.668209 0.353943 0.490586
0.530138 0.493718 0.716132
0.488862 0.378209 0.657772
0.326584 0.333053 0.554954
0.511707 0.587097 0.616151
0.525586 0.391485 0.741894
0.396145 0.415891 0.438174
0.315993 0.313509 0.539723
0.321169 0.360433 0.398385
0.593568 0.472918 0.580467
0.502712 0.395076 0.339893
0.352505 0.461492 0.547358
0.32831 0.383254 0.47231
0.465653 0.593278 0.606244
0.342346 0.334923 0.458093
0.426798 0.358315 0.387308
0.424138 0.465992 0.635514
0.598392 0.594268 0.507647
0.509815 0.236602 0.67191
0.371102 0.489428 0.413846
0.381941 0.485073 0.596592
0.484975 0.267795 0.666486
0.470501 0.592039 0.611591
0.337452 0.444603 0.523795
0.371801 0.359859 0.349197
0.41653 0.410409 0.416658
0.540029 0.396781 0.613953
0.6687 0.223054 0.50313
0.387337 0.421004 0.536426
0.52129 0.483948 0.252741
0.658572 0.303723 0.49323
0.536705 0.434638 0.368693
0.331397 0.303276 0.501003
0.368905 0.540041 0.33587
0.646179 0.434676 0.458301
0.64744 0.321858 0.503401
0.448028 0.316791 0.307911
0.342908 0.313754 0.497681
0.497803 0.59249 0.376537
0.468401 0.318891 0.656956
0.486005 0.210221 0.329135
0.507124 0.291743 0.336008
0.588646 0.347026 0.588665
0.449241 0.42544 0.615855
0.560557 0.454851 0.342834
0.494527 0.253917 0.6699
0.360055 0.48334 0.678437
0.576871 0.445934 0.548065
0.661566 0.287829 0.47243
0.459494 0.400004 0.334795
0.537595 0.434429 0.645892
0.390327 0.433137 0.447017
0.616635 0.479047 0.674801
0.388782 0.46612 0.602069
0.358575 0.46712 0.554684
0.47448 0.604686 0.411451
0.316247 0.242859 0.488063
0.492196 0.352477 0.654294
0.569323 0.477001 0.582306
0.351465 0.471178 0.534958
0.606876 0.44678 0.420304
0.406263 0.438384 0.433308
0.316095 0.276971 0.462065
0.301051 0.475197 0.359588
0.417414 0.484867 0.602033
0.389113 0.429477 0.445444
0.635622 0.344497 0.534162
0.680699 0.286659 0.499171
0.331183 0.363664 0.473441
0.494301 0.273499 0.661868
0.465687 0.352845 0.330526
0.650949 0.411521 0.525043
0.373862 0.485976 0.575821
0.333218 0.445243 0.445183
0.415449 0.465655 0.615744
0.570765 0.477188 0.579735
0.402068 0.461086 0.545183
0.596604 0.341941 0.34115
0.34777 0.212419 0.47794
0.451316 0.429824 0.658095
0.668531 0.2414 0.517295
0.530899 0.399196 0.250466
0.448701 0.426386 0.367359
0.441068 0.336624 0.295252
0.563849 0.332692 0.368571
0.536393 0.343151 0.638981
0.542402 0.350139 0.265757
0.552366 0.601114 0.449917
0.484125 0.297233 0.656435
0.65205 0.275359 0.494194
0.509399 0.278549 0.330855
0.5586 0.461812 0.610896
0.311915 0.243451 0.484335
0.388314 0.45819 0.442793
0.627437 0.430552 0.439687
0.344539 0.583172 0.507734
0.357683 0.444857 0.686045
0.395854 0.435144 0.440156
0.415476 0.484515 0.599418
0.468588 0.405668 0.665719
0.68529 0.460086 0.611401
0.283242 0.432912 0.378016
0.571382 0.466624 0.373695
0.425075 0.44539 0.404652
0.389608 0.372129 0.298096
0.511241 0.598224 0.399772
0.421549 0.478403 0.608317
0.384144 0.361355 0.570747
0.429501 0.371304 0.33987
0.501711 0.288586 0.337926
0.406112 0.343877 0.31833
0.393772 0.342011 0.638292
0.331668 0.298211 0.465608
0.66731 0.312159 0.485116
0.523564 0.408663 0.648899
0.505309 0.238957 0.678774
0.650614 0.332767 0.582664
0.428278 0.44856 0.397558
0.378263 0.485322 0.580652
0.333985 0.251177 0.476145
0.37262 0.590397 0.430048
0.629744 0.473462 0.400473
0.57798 0.324402 0.337057
0.326812 0.263327 0.493075
0.486655 0.283992 0.662467
0.506897 0.242293 0.681206
0.545908 0.44616 0.591961
0.410235 0.473124 0.606647
0.411842 0.470601 0.408516
0.351274 0.351547 0.532473
0.517161 0.601133 0.502794
0.548185 0.503491 0.269594
0.394174 0.379877 0.287007
0.38848 0.432299 0.444214
0.495537 0.288254 0.660185
0.501259 0.360696 0.334744
0.380633 0.350071 0.598102
0.455152 0.308146 0.663501
0.497496 0.259924 0.330534
0.333047 0.311845 0.499215
0.436323 0.466468 0.619027
0.687968 0.291939 0.470389
0.57886 0.433863 0.414073
0.490839 0.390034 0.666757
0.402024 0.433545 0.548423
0.51167 0.362863 0.652608
0.489981 0.239551 0.321
0.581384 0.358104 0.296068
0.332215 0.226681 0.474252
0.415621 0.445799 0.419928
0.561489 0.463014 0.599227
0.71379 0.312675 0.460337
0.603362 0.458814 0.369403
0.462657 0.370915 0.326492
0.477571 0.315286 0.320708
0.704423 0.290704 0.46318
0.342531 0.37927 0.523968
0.498638 0.366442 0.660104
0.334554 0.283646 0.494055
0.675922 0.293242 0.516075
0.387395 0.407162 0.439829
0.61861 0.393997 0.679803
0.567791 0.325874 0.63457
0.652626 0.259184 0.496019
0.37986 0.479532 0.537634
0.440595 0.38549 0.359741
0.365724 0.46734 0.524155
0.540278 0.356818 0.373258
0.472221 0.329786 0.660439
0.382043 0.43002 0.44746
0.550619 0.453876 0.594259
0.388927 0.485806 0.404374
0.587753 0.434336 0.547457
0.508156 0.357756 0.25744
0.434443 0.455476 0.634742
0.576299 0.455839 0.585429
0.348024 0.389012 0.525772
0.323397 0.199355 0.477728
0.454477 0.605033 0.418414
0.600259 0.39668 0.288855
0.328155 0.269291 0.471126
0.545013 0.413547 0.59809
0.502402 0.278233 0.663351
0.58106 0.415073 0.552477
0.683838 0.390372 0.488139
0.467163 0.372508 0.6496
0.411087 0.459659 0.599611
0.555551 0.450599 0.608702
0.262366 0.387911 0.443324
0.472018 0.344012 0.657949
0.532208 0.317931 0.277064
0.521407 0.600997 0.502252
0.627926 0.400944 0.53521
0.383223 0.484644 0.574365
0.484266 0.276056 0.672383
0.54296 0.565348 0.652304
0.675414 0.251413 0.508011
0.73162 0.455409 0.543698
0.545783 0.530692 0.68861
0.60347 0.351021 0.410287
0.318842 0.292237 0.463155
0.41457 0.365633 0.3854
0.502036 0.293584 0.328119
0.558672 0.391464 0.406792
0.585199 0.422318 0.550349
0.346375 0.418612 0.454148
0.317305 0.565525 0.487959
0.49152 0.27883 0.670463
0.57639 0.456089 0.35943
0.41279 0.455764 0.415347
0.368974 0.435348 0.450919
0.325364 0.27399 0.471345
0.326254 0.28553 0.471317
0.434084 0.464083 0.611831
0.63196 0.343109 0.410193
0.651049 0.549777 0.388511
0.516964 0.369567 0.653942
0.721794 0.319654 0.465323
0.250322 0.472648 0.514951
0.47198 0.273224 0.67674
0.529209 0.391768 0.340792
0.469199 0.291349 0.314613
0.418215 0.511922 0.700752
0.603637 0.452635 0.402398
0.444186 0.426109 0.357717
0.386091 0.4863 0.295344
0.404483 0.474004 0.712234
0.395636 0.480877 0.576027
0.69589 0.390099 0.595903
0.533128 0.527238 0.696806
0.416448 0.423254 0.413398
0.577734 0.441065 0.552199
0.530908 0.336726 0.647333
0.528297 0.308885 0.282342
0.404531 0.476577 0.593329
0.416536 0.393131 0.568344
0.41749 0.459324 0.601331
0.370717 0.356243 0.373008
0.319477 0.266788 0.471692
0.581142 0.401484 0.420153
0.471272 0.292406 0.702401
0.330581 0.405729 0.458842
0.531122 0.402563 0.336109
0.645728 0.360114 0.520015
0.636287 0.459268 0.430928
0.529503 0.399403 0.33377
0.674017 0.323047 0.482038
0.35168 0.432918 0.523097
0.583333 0.456769 0.365525
0.421898 0.60683 0.48599
0.4128 0.461385 0.405103
0.67471 0.554789 0.489643
0.427949 0.581209 0.623571
0.515559 0.357186 0.658362
0.61291 0.453744 0.39259
0.584563 0.446883 0.55379
0.460901 0.306316 0.695504
0.42277 0.417024 0.262083
0.694736 0.359937 0.398759
0.655287 0.408738 0.454205
0.330584 0.343831 0.523068
0.417518 0.349417 0.684005
0.426069 0.359154 0.379253
0.576015 0.483066 0.27556
0.530631 0.602829 0.48276
0.670614 0.348271 0.494182
0.674986 0.305763 0.486809
0.445339 0.355017 0.329997
0.498554 0.293145 0.303066
0.467165 0.281732 0.677838
0.584666 0.330991 0.351656
0.708376 0.358056 0.414375
0.333484 0.349005 0.52649
0.298365 0.380195 0.381407
0.507536 0.468339 0.73086
0.60035 0.40747 0.428567
0.651661 0.363506 0.518827
0.661348 0.423756 0.45645
0.328536 0.330495 0.543645
0.4454 0.599432 0.537664
0.675715 0.34272 0.484694
0.473231 0.354283 0.661329
0.715067 0.350494 0.561868
0.424843 0.455337 0.385853
0.612446 0.350073 0.565324
0.494298 0.328345 0.319814
0.493076 0.337002 0.661075
0.680953 0.490606 0.589229
0.359328 0.416694 0.451846
0.684651 0.512312 0.566778
0.634568 0.393605 0.660036
0.492059 0.300806 0.66897
0.280645 0.317546 0.478222
0.497865 0.604071 0.455341
0.406061 0.463323 0.589643
0.677415 0.310535 0.486156
0.386049 0.460079 0.437043
0.457967 0.308316 0.29683
0.333208 0.38638 0.522014
0.364117 0.44377 0.532837
0.296723 0.447088 0.354829
0.435949 0.374339 0.272032
0.590158 0.411929 0.703843
0.708413 0.346803 0.421837
0.350048 0.566443 0.393399
0.270399 0.518829 0.493265
0.258637 0.493248 0.510246
0.428103 0.453153 0.586817
0.308579 0.305451 0.511553
0.575017 0.382104 0.411542
0.417322 0.364384 0.363124
0.620033 0.447893 0.409207
0.305822 0.292022 0.480993
0.65171 0.424211 0.446755
0.310506 0.402719 0.628515
0.495674 0.27414 0.67747
0.570178 0.354842 0.388922
0.321237 0.362949 0.500961
0.65056 0.431895 0.445061
0.650281 0.475236 0.645155
0.410359 0.435448 0.558675
0.463218 0.333566 0.32023
0.296571 0.315894 0.461732
0.697724 0.353717 0.407993
0.362185 0.369239 0.549615
0.429621 0.440205 0.389627
0.419235 0.431862 0.72076
0.396013 0.420721 0.422114
0.659402 0.329989 0.525719
0.501019 0.346345 0.319311
0.617748 0.448779 0.41096
0.581762 0.429223 0.554478
0.66109 0.559883 0.434101
0.668876 0.343648 0.501134
0.585415 0.513788 0.673983
0.506822 0.318368 0.278549
0.669677 0.411396 0.461838
0.682295 0.548998 0.480635
0.331359 0.406126 0.522861
0.330256 0.403199 0.52124
0.534682 0.573533 0.346386
0.713214 0.468078 0.565459
0.366713 0.354638 0.619014
0.387922 0.465823 0.547148
0.411619 0.467935 0.567911
0.454108 0.352066 0.645233
0.568809 0.36559 0.283674
0.410957 0.459036 0.385268
0.552148 0.421749 0.261153
0.652296 0.415744 0.446224
0.622898 0.445394 0.419479
0.273703 0.371397 0.441043
0.571789 0.41925 0.717028
0.350774 0.406376 0.448341
0.371553 0.3469 0.603748
0.397841 0.469356 0.559181
0.548628 0.309273 0.314602
0.667094 0.348344 0.506437
0.481618 0.30465 0.306216
0.548167 0.424309 0.609401
0.618078 0.583633 0.441103
0.522753 0.370075 0.325543
0.492416 0.2998 0.286567
0.337347 0.578785 0.499885
0.591912 0.376965 0.419403
0.69641 0.51995 0.422231
0.573632 0.518675 0.67881
0.370475 0.459895 0.433932
0.421121 0.372785 0.35993
0.544499 0.598792 0.436636
0.389034 0.409678 0.421734
0.425745 0.35247 0.304345
0.6771 0.366506 0.464244
0.478575 0.31384 0.673874
0.690161 0.453981 0.356684
0.661129 0.334917 0.527198
0.550866 0.436215 0.379739
0.436507 0.444858 0.616811
0.678184 0.39162 0.620138
0.501397 0.297296 0.297688
0.280415 0.330363 0.48903
0.469559 0.36768 0.661144
0.31666 0.338594 0.512466
0.426116 0.437407 0.38924
0.375579 0.425038 0.44165
0.655581 0.35465 0.446998
0.411816 0.433927 0.716728
0.59275 0.363503 0.306193
0.50682 0.294543 0.675509
0.570917 0.330364 0.34944
0.412805 0.464051 0.58252
0.390771 0.426699 0.432455
0.501792 0.29807 0.680393
0.419046 0.446403 0.396055
0.558868 0.372099 0.604446
0.558075 0.42365 0.397759
0.436871 0.383902 0.343635
0.669924 0.505613 0.594875
0.376017 0.389604 0.552654
0.681592 0.328275 0.50424
0.507576 0.299399 0.680723
0.733813 0.409649 0.559949
0.661665 0.369485 0.451282
0.328778 0.383705 0.456684
0.349434 0.347741 0.579137
0.501328 0.297843 0.68275
0.348428 0.399645 0.535918
0.667128 0.312744 0.5137
0.583171 0.348683 0.311289
0.647006 0.343814 0.535795
0.474747 0.596343 0.564822
0.440063 0.396937 0.613812
0.661185 0.482453 0.339688
0.334566 0.338397 0.533812
0.460273 0.382244 0.64184
0.656846 0.336085 0.514617
0.402405 0.450202 0.407075
0.480785 0.603203 0.432405
0.557301 0.331755 0.646858
0.445627 0.352525 0.643846
0.400612 0.441752 0.558803
0.661066 0.336327 0.444281
0.645058 0.351066 0.612355
0.327309 0.388477 0.453965
0.429081 0.406369 0.370473
0.694803 0.311243 0.524877
0.564328 0.361273 0.605716
0.327003 0.357572 0.524142
0.487191 0.595663 0.52606
0.473985 0.307499 0.286608
0.452138 0.336025 0.290234
0.321683 0.358026 0.461173
0.338124 0.349954 0.556352
0.736907 0.45736 0.504269
0.328195 0.568649 0.539077
0.414962 0.447954 0.394989
0.492832 0.30266 0.679718
0.676572 0.393039 0.458411
0.321266 0.365423 0.461146
0.417523 0.421628 0.576477
0.485543 0.310744 0.298073
0.574134 0.355554 0.702189
0.426812 0.385656 0.608079
0.638917 0.424034 0.65924
0.469376 0.596484 0.386589
0.484961 0.594927 0.560828
0.562949 0.375201 0.598512
0.577611 0.444523 0.571105
0.4296 0.581294 0.621904
0.26401 0.357389 0.490846
0.401122 0.427869 0.557843
0.671993 0.333395 0.438483
0.375515 0.392369 0.555686
0.487822 0.59912 0.494956
0.407726 0.435484 0.4044
0.460795 0.324562 0.665607
0.568897 0.332221 0.688112
0.68219 0.335577 0.429055
0.357324 0.354779 0.402823
0.481361 0.327677 0.277587
0.389495 0.370587 0.389968
0.486153 0.600081 0.48713
0.520092 0.326004 0.315863
0.40709 0.442243 0.588828
0.378993 0.404554 0.294211
0.639573 0.499534 0.637417
0.540917 0.386894 0.641944
0.295794 0.321113 0.476065
0.66724 0.340011 0.430135
0.529031 0.338537 0.323727
0.617038 0.418527 0.424508
0.547734 0.312289 0.324469
0.260681 0.434154 0.547721
0.681609 0.372852 0.505706
0.46724 0.380493 0.666518
0.424277 0.408371 0.379085
0.479676 0.579076 0.640052
0.554768 0.321412 0.312888
0.332081 0.372825 0.440628
0.425215 0.398471 0.390257
0.374446 0.357042 0.386573
0.682775 0.355823 0.466237
0.516491 0.346388 0.263643
0.425864 0.370543 0.289783
0.423725 0.414323 0.594802
0.374803 0.447356 0.428173
0.553756 0.343599 0.360886
0.435569 0.368632 0.628203
0.339626 0.354475 0.564617
0.679842 0.401696 0.451494
0.678346 0.360656 0.512844
0.50561 0.309707 0.699151
0.708842 0.507791 0.516784
0.716136 0.429783 0.400643
0.32017 0.481913 0.349287
0.588684 0.592653 0.455722
0.396281 0.435781 0.578463
0.394069 0.446301 0.405888
0.63648 0.348841 0.580587
0.614382 0.583065 0.541717
0.646734 0.490778 0.332112
0.4601 0.575986 0.643352
0.477459 0.602246 0.443817
0.394653 0.421682 0.413637
0.651261 0.354365 0.535036
0.278191 0.36485 0.533923
0.59122 0.34331 0.360118
0.394628 0.592817 0.407127
0.621742 0.375903 0.558024
0.393514 0.445602 0.393839
0.403108 0.359853 0.373241
0.277131 0.498896 0.432723
0.588923 0.427417 0.565869
0.252476 0.421635 0.501387
0.578556 0.574911 0.377175
0.626239 0.581267 0.517516
0.618728 0.362908 0.42219
0.304687 0.334717 0.536793
0.595708 0.406124 0.417732
0.659004 0.568217 0.469004
0.460133 0.320238 0.674451
0.437696 0.392736 0.264632
0.701795 0.483835 0.391624
0.361826 0.350893 0.58291
0.341829 0.363959 0.414157
0.700425 0.378689 0.476726
0.465426 0.322702 0.673896
0.523568 0.313327 0.699064
0.265724 0.479241 0.438874
0.664625 0.524591 0.375069
0.551861 0.35049 0.635998
0.329449 0.389212 0.445527
0.377208 0.431635 0.426755
0.541425 0.340254 0.332818
0.524108 0.343454 0.67162
0.526862 0.328389 0.678041
0.508576 0.333572 0.300979
0.53221 0.36125 0.267116
0.701416 0.36959 0.402209
0.344628 0.357961 0.405789
0.592109 0.532419 0.318828
0.39716 0.429155 0.406091
0.451773 0.399462 0.738745
0.693074 0.326424 0.483718
0.635085 0.578859 0.455065
0.363375 0.373302 0.416281
0.530051 0.319893 0.703819
0.271276 0.493293 0.560443
0.689678 0.364932 0.499448
0.424568 0.39902 0.607624
0.469397 0.310086 0.688656
0.412804 0.425623 0.589492
0.536402 0.328792 0.323533
0.575166 0.579354 0.387153
0.633729 0.558956 0.389711
0.360703 0.380132 0.550152
0.404566 0.380541 0.387824
0.428272 0.367667 0.634577
0.382828 0.581105 0.583248
0.630917 0.491582 0.319509
0.40351 0.40987 0.581291
0.696215 0.374665 0.498297
0.639729 0.348602 0.404181
0.538692 0.324443 0.688724
0.740486 0.38157 0.446155
0.621104 0.546438 0.358334
0.261413 0.392989 0.450236
0.49175 0.337983 0.276044
0.317725 0.37268 0.451253
0.450208 0.350411 0.655956
0.484249 0.356173 0.26371
0.601376 0.410461 0.292216
0.515103 0.468491 0.727772
0.644486 0.393354 0.643625
0.395703 0.411568 0.3999
0.297486 0.377712 0.422261
0.449712 0.386426 0.639604
0.344517 0.360787 0.550497
0.316305 0.365561 0.425466
0.484616 0.5999 0.474336
0.42988 0.358884 0.302082
0.270527 0.397236 0.432901
0.692579 0.335965 0.491606
0.327705 0.383676 0.636301
0.577682 0.387336 0.400268
0.295611 0.415437 0.3705
0.311286 0.432515 0.348289
0.649136 0.532898 0.367801
0.49039 0.331272 0.680643
0.360046 0.411278 0.429998
0.436259 0.577113 0.631551
0.489517 0.365801 0.678393
0.291038 0.33557 0.478306
0.258111 0.387275 0.493878
0.575723 0.406756 0.577937
0.397116 0.393028 0.580995
0.262283 0.373983 0.489038
0.692505 0.374102 0.514156
0.38478 0.597314 0.499168
0.549086 0.333613 0.670631
0.35675 0.528056 0.338441
0.586274 0.565877 0.365453
0.515082 0.364035 0.684695
0.582779 0.417052 0.577636
0.300253 0.339139 0.499873
0.618765 0.38951 0.565248
0.342996 0.519926 0.346216
0.704027 0.445935 0.582788
0.452488 0.601937 0.448659
0.665417 0.347206 0.422032
0.490919 0.368205 0.681161
0.252094 0.404775 0.464038
0.687168 0.372443 0.52139
0.334126 0.397666 0.435771
0.57764 0.359495 0.619967
0.695642 0.371678 0.505035
0.376884 0.377823 0.576589
0.261028 0.452648 0.55818
0.40031 0.364294 0.36787
0.407408 0.377285 0.613405
0.68627 0.33683 0.543965
0.340336 0.431172 0.66579
0.358381 0.365492 0.57704
0.33286 0.388324 0.644743
0.37507 0.384329 0.681182
0.490801 0.372351 0.682774
0.397137 0.417244 0.579817
0.644176 0.354068 0.4168
0.648226 0.349113 0.553551
0.358845 0.399199 0.422982
0.496734 0.390277 0.258896
0.602528 0.578986 0.411685
0.388828 0.390746 0.387701
0.6862 0.373285 0.527042
0.601026 0.337771 0.63401
0.559695 0.340672 0.655162
0.667671 0.348796 0.427219
0.555408 0.58291 0.39021
0.310533 0.358956 0.511833
0.433727 0.414188 0.728885
0.345426 0.367389 0.553477
0.584688 0.477354 0.69056
0.267057 0.375534 0.50525
0.552886 0.360172 0.643607
0.403914 0.367624 0.315865
0.366794 0.401336 0.561063
0.616514 0.364162 0.593165
0.262432 0.394203 0.52152
0.576583 0.373884 0.291947
0.634263 0.3845 0.558856
0.541695 0.592814 0.517769
0.541692 0.591069 0.532029
0.730761 0.33446 0.502712
0.384069 0.373926 0.668082
0.527986 0.371204 0.733894
0.404952 0.3893 0.35869
0.65367 0.394407 0.339726
0.396714 0.358741 0.328645
0.642221 0.378044 0.435269
0.602967 0.359371 0.354739
0.322569 0.348059 0.533253
0.638004 0.374309 0.556759
0.649381 0.375006 0.364547
0.352125 0.580819 0.445065
0.543595 0.360349 0.665115
0.61929 0.374043 0.582622
0.289913 0.336024 0.494469
0.401397 0.40909 0.596764
0.325324 0.375425 0.585029
0.66652 0.363259 0.543646
0.386294 0.364404 0.341709
0.570705 0.344101 0.64581
0.441455 0.414765 0.259297
0.525339 0.594947 0.417372
0.470557 0.363936 0.264143
0.712782 0.328352 0.515652
0.377628 0.390831 0.580952
0.26835 0.388394 0.535469
0.661232 0.365476 0.546306
0.720693 0.391358 0.4133
0.395477 0.367503 0.619437
0.297272 0.386591 0.401326
0.279424 0.4076 0.575246
0.286049 0.387319 0.571224
0.433592 0.364436 0.656348
0.683272 0.3583 0.454642
0.392234 0.363958 0.365488
0.312492 0.354844 0.517945
0.524822 0.391164 0.261744
0.445566 0.375916 0.648724
0.705972 0.325325 0.47574
0.375009 0.376127 0.374802
0.597071 0.359488 0.672779
0.336119 0.574081 0.521566
0.663043 0.358385 0.582785
0.370009 0.589252 0.53044
0.715076 0.326675 0.490471
0.470699 0.592835 0.560542
0.52869 0.597204 0.478784
0.65785 0.417213 0.634455
0.540594 0.535159 0.291656
0.730588 0.474345 0.471969
0.602044 0.383743 0.681763
0.598832 0.588949 0.517587
0.283994 0.37593 0.438446
0.34483 0.373494 0.406003
0.701156 0.329264 0.461338
0.661602 0.356641 0.553518
0.475278 0.338321 0.699549
0.520744 0.595422 0.425781
0.600669 0.368135 0.372776
0.268791 0.411103 0.552187
0.547526 0.357676 0.67182
0.427675 0.401129 0.325179
0.662071 0.455976 0.634221
0.626135 0.399695 0.663617
0.296193 0.346446 0.514657
0.498268 0.575111 0.345185
0.596824 0.349298 0.628755
0.45619 0.370107 0.67055
0.259829 0.391067 0.461784
0.655661 0.39405 0.432968
0.445513 0.372214 0.656986
0.418494 0.37954 0.308408
0.504659 0.449629 0.251527
0.519747 0.48115 0.720854
0.29445 0.359881 0.499873
0.418645 0.441466 0.717774
0.625933 0.385388 0.4208
0.444232 0.601636 0.465446
0.366517 0.387824 0.585587
0.324571 0.362642 0.540241
0.645513 0.490572 0.634087
0.703772 0.356792 0.479477
0.633354 0.37603 0.578849
0.455151 0.399309 0.738382
0.262696 0.466076 0.561556
0.704127 0.359405 0.419407
0.543946 0.565271 0.643158
0.439366 0.40083 0.265354
0.400665 0.393012 0.616049
0.314116 0.381632 0.433038
0.410996 0.509644 0.695893
0.661513 0.364833 0.555931
0.654512 0.365976 0.560538
0.491869 0.596741 0.453242
0.293137 0.476027 0.610336
0.610499 0.582817 0.447014
0.592137 0.37189 0.313388
0.597789 0.384215 0.600088
0.505489 0.34094 0.698137
0.575017 0.348879 0.344959
0.649057 0.392702 0.430737
0.546666 0.339056 0.703245
0.308675 0.390076 0.608133
0.444724 0.367872 0.28965
0.588322 0.371245 0.379142
0.629146 0.392209 0.576172
0.304337 0.368175 0.520197
0.611961 0.379024 0.389033
0.409575 0.376047 0.631876
0.510758 0.344983 0.69537
0.426985 0.384677 0.289111
0.442524 0.363651 0.669539
0.65202 0.361157 0.568776
0.46602 0.344172 0.688619
0.686129 0.346208 0.439343
0.518812 0.356976 0.285453
0.470219 0.592138 0.515837
0.435131 0.480078 0.265637
0.532364 0.349421 0.287668
0.582726 0.368431 0.637008
0.369718 0.385357 0.592999
0.548813 0.350468 0.671811
0.380206 0.388362 0.593964
0.661643 0.355173 0.56721
0.279714 0.375167 0.528299
0.281078 0.368477 0.461312
0.573077 0.369578 0.362558
0.351713 0.387769 0.574916
0.530283 0.510961 0.702287
0.456756 0.598755 0.468127
0.59897 0.402889 0.295557
0.310674 0.384989 0.421079
0.653379 0.550486 0.403318
0.504737 0.337956 0.716845
0.432176 0.378557 0.298576
0.745541 0.42512 0.463151
0.59929 0.373948 0.616299
0.726632 0.411279 0.424544
0.547152 0.578863 0.600689
0.432947 0.402043 0.270102
0.530242 0.497616 0.709431
0.692487 0.348013 0.455919
0.578901 0.355767 0.32716
0.435252 0.426889 0.262457
0.71189 0.344469 0.518198
0.521704 0.364452 0.280386
0.597021 0.379278 0.67937
0.434863 0.385528 0.302885
0.696365 0.347939 0.427426
0.43713 0.542618 0.302928
0.603564 0.370298 0.666642
0.266142 0.377265 0.483846
0.280123 0.430307 0.415179
0.586955 0.383899 0.376027
0.38274 0.574725 0.381104
0.321596 0.447839 0.340777
0.631486 0.366576 0.402197
0.570457 0.564777 0.624331
0.592327 0.382777 0.300421
0.410697 0.555802 0.329853
0.38006 0.37818 0.611725
0.295378 0.453885 0.364519
0.287224 0.368516 0.51348
0.46853 0.596769 0.454928
0.507611 0.356373 0.704243
0.443651 0.600054 0.470505
0.414415 0.518991 0.296901
0.724057 0.371481 0.433402
0.707178 0.35834 0.528532
0.676572 0.432582 0.615376
0.568927 0.3531 0.663672
0.591743 0.540127 0.332337
0.632441 0.524347 0.347102
0.450274 0.598838 0.437464
0.571371 0.355888 0.342722
0.666395 0.419806 0.624828
0.387211 0.37284 0.636804
0.318213 0.388338 0.406523
0.640992 0.388635 0.579134
0.663232 0.374934 0.429922
0.706979 0.366031 0.563836
0.712683 0.350669 0.51959
0.635295 0.401294 0.5819
0.584125 0.372942 0.312094
0.436812 0.383461 0.283646
0.527694 0.367783 0.288673
0.361473 0.389286 0.327423
0.602415 0.562275 0.608555
0.702638 0.410905 0.587657
0.652049 0.371999 0.5733
0.390017 0.390829 0.62109
0.625007 0.546475 0.366836
0.409202 0.372405 0.67193
0.633414 0.510714 0.338067
0.438906 0.376198 0.670963
0.713211 0.364052 0.51984
0.3542 0.379645 0.624908
0.584858 0.367081 0.34675
0.597475 0.369811 0.637574
0.550608 0.569325 0.362615
0.567068 0.497669 0.688315
0.394131 0.59795 0.464614
0.511194 0.575736 0.357022
0.675642 0.363527 0.567128
0.72224 0.391498 0.423136
0.467868 0.589357 0.37837
0.721744 0.342726 0.529183
0.36191 0.38147 0.617938
0.26849 0.387443 0.470294
0.270625 0.429052 0.439135
0.43958 0.590908 0.554183
0.739409 0.361611 0.470387
0.373509 0.528205 0.328012
0.561429 0.451878 0.710458
0.593138 0.371265 0.673467
0.638363 0.548072 0.589163
0.505125 0.346796 0.720088
0.331325 0.385279 0.375422
0.597628 0.388731 0.359989
0.721583 0.459593 0.544226
0.688899 0.360043 0.440695
0.270553 0.415725 0.443336
0.589798 0.386918 0.298544
0.62279 0.410626 0.373223
0.478936 0.57908 0.630914
0.396972 0.394519 0.63957
0.51178 0.352566 0.712956
0.720432 0.34459 0.523827
0.469485 0.37819 0.734225
0.266435 0.390279 0.465648
0.415273 0.4355 0.27597
0.726484 0.343344 0.47029
0.262247 0.431741 0.459832
0.622035 0.378131 0.339433
0.366049 0.531904 0.337999
0.578274 0.563967 0.36752
0.282556 0.389777 0.546587
0.332576 0.568755 0.458927
0.64247 0.386228 0.607283
0.423094 0.590724 0.560549
0.743045 0.425393 0.504202
0.318941 0.402941 0.411471
0.607737 0.383517 0.662184
0.299493 0.4137 0.380337
0.616261 0.402748 0.375769
0.43173 0.379583 0.673873
0.711944 0.476106 0.42097
0.741275 0.373691 0.50739
0.648905 0.40428 0.601747
0.53402 0.559362 0.332137
0.461766 0.595884 0.464408
0.265538 0.426484 0.539135
0.287151 0.534192 0.493647
0.288449 0.411903 0.424841
0.273376 0.453531 0.580163
0.643413 0.425677 0.643487
0.613641 0.3761 0.623472
0.346344 0.387542 0.642494
0.522142 0.55083 0.669142
0.540356 0.592226 0.463248
0.285895 0.52561 0.454173
0.566998 0.390136 0.711054
0.356655 0.443102 0.316597
0.42466 0.370164 0.68258
0.420053 0.401695 0.296348
0.617327 0.403435 0.364113
0.721312 0.348848 0.475646
0.456905 0.391758 0.276582
0.278112 0.436931 0.43072
0.423128 0.389288 0.667917
0.300758 0.396701 0.573191
0.658468 0.490608 0.350763
0.279337 0.442901 0.426466
0.273828 0.501101 0.455944
0.335897 0.405112 0.626068
0.4991 0.357177 0.722338
0.592722 0.534881 0.32924
0.59015 0.38474 0.680373
0.726686 0.352239 0.486383
0.576572 0.391634 0.699913
0.39587 0.420293 0.29126
0.380545 0.394162 0.638547
0.45196 0.364197 0.71794
0.682277 0.372573 0.426178
0.291229 0.413699 0.427072
0.315706 0.407153 0.591968
0.269053 0.448677 0.444482
0.609272 0.382273 0.6379
0.667233 0.376081 0.575012
0.402325 0.385587 0.666656
0.330596 0.393489 0.631215
0.659828 0.388271 0.358238
0.479515 0.479838 0.253215
0.610861 0.38951 0.314946
0.684671 0.371887 0.560661
0.645675 0.395545 0.610451
0.722247 0.348863 0.461271
0.602709 0.387319 0.347568
0.570061 0.380119 0.304362
0.545996 0.389868 0.280052
0.490834 0.406226 0.274135
0.430761 0.409451 0.27574
0.703826 0.359329 0.550566
0.400113 0.385567 0.666312
0.379241 0.397927 0.645197
0.432814 0.412228 0.28138
0.512538 0.408238 0.280392
0.701622 0.468436 0.389937
0.644753 0.530119 0.368118
0.256497 0.469656 0.475983
0.48673 0.589054 0.503996
0.682322 0.375538 0.566877
0.593622 0.5869 0.497366
0.379515 0.519643 0.672463
0.691237 0.447641 0.586049
0.590395 0.394832 0.299787
0.349833 0.401278 0.656878
0.35406 0.580452 0.509487
0.69721 0.440481 0.58186
0.718878 0.359195 0.457251
0.584909 0.378113 0.660185
0.705273 0.366233 0.442973
0.597824 0.391851 0.33513
0.450254 0.370926 0.701694
0.619545 0.575798 0.442524
0.426434 0.412803 0.281499
0.47257 0.588247 0.512725
0.70999 0.436599 0.405862
0.431681 0.446293 0.720948
0.712678 0.487344 0.524488
0.66348 0.393063 0.356565
0.512461 0.567667 0.344184
0.643376 0.507824 0.348682
0.402454 0.404898 0.699743
0.441522 0.597322 0.45915
0.71916 0.369958 0.458106
0.367753 0.55699 0.368132
0.309457 0.451695 0.632167
0.508437 0.370069 0.716449
0.689971 0.530855 0.455078
0.271924 0.439269 0.559004
0.431841 0.589944 0.536898
0.295195 0.447695 0.380065
0.655152 0.392073 0.377591
0.573346 0.375699 0.681594
0.258544 0.474201 0.486124
0.738723 0.433744 0.466629
0.397198 0.459376 0.703024
0.294698 0.528784 0.555982
0.472415 0.472641 0.252527
0.467565 0.578209 0.627903
0.601343 0.564162 0.601553
0.269778 0.435202 0.51729
0.577487 0.586183 0.534966
0.445616 0.372432 0.703155
0.282021 0.432989 0.576859
0.595939 0.585286 0.52828
0.300963 0.422468 0.421953
0.668222 0.412189 0.592355
0.626224 0.577227 0.497893
0.582575 0.588066 0.473703
0.484191 0.408544 0.736728
0.572986 0.586905 0.528628
0.661285 0.415662 0.606615
0.571019 0.39702 0.290888
0.741223 0.402857 0.466289
0.279273 0.428724 0.44308
0.296891 0.504988 0.414248
0.517108 0.591644 0.466363
0.716138 0.397323 0.561148
0.684152 0.440864 0.595897
0.665528 0.549412 0.441428
0.712196 0.371162 0.540805
0.312991 0.54816 0.546584
0.424017 0.398293 0.706776
0.523223 0.411131 0.271655
0.296893 0.446389 0.38306
0.417774 0.581215 0.594693
0.614337 0.564462 0.585785
0.672179 0.405365 0.386209
0.386598 0.404132 0.683706
0.263951 0.458405 0.513397
0.409255 0.43518 0.292935
0.713087 0.480285 0.529375
0.375364 0.451281 0.688911
0.339871 0.440997 0.360367
0.392757 0.42367 0.696989
0.551273 0.378556 0.706366
0.678936 0.396445 0.40503
0.582896 0.399496 0.313082
0.629133 0.447305 0.657753
0.314435 0.442531 0.630599
0.401252 0.463512 0.290891
0.669511 0.418583 0.582056
0.606304 0.57904 0.44599
0.274519 0.507728 0.505204
0.423001 0.464527 0.275936
0.50868 0.436658 0.273021
0.674996 0.391561 0.377265
0.655481 0.413831 0.359086
0.561923 0.50652 0.68314
0.635808 0.410767 0.63663
0.682024 0.412832 0.590998
0.644816 0.448043 0.641344
0.366412 0.559502 0.375923
0.373909 0.586343 0.511619
0.494473 0.392428 0.718699
0.280934 0.440394 0.575006
0.608085 0.40554 0.658333
0.298691 0.440704 0.38347
0.66421 0.393155 0.374861
0.283849 0.427809 0.557381
0.26692 0.479682 0.541364
0.703333 0.384076 0.430295
0.698782 0.389425 0.561877
0.360121 0.444409 0.339528
0.681619 0.47069 0.584646
0.265029 0.463973 0.518775
0.733706 0.385425 0.509197
0.482017 0.473733 0.256422
0.272886 0.444817 0.453674
0.310062 0.436091 0.611513
0.598328 0.529011 0.331948
0.319613 0.435548 0.366093
0.437024 0.585688 0.570433
0.425549 0.585797 0.567636
0.269999 0.448621 0.482012
0.319317 0.556766 0.472351
0.577473 0.389623 0.675831
0.520938 0.453966 0.722224
0.59146 0.4097 0.68004
0.414173 0.439416 0.70806
0.365426 0.550954 0.620992
0.590418 0.56829 0.393632
0.492844 0.552415 0.666316
0.281107 0.441293 0.44501
0.301664 0.538952 0.459858
0.441778 0.411438 0.725701
0.539286 0.584567 0.416921
0.561265 0.434188 0.708893
0.278559 0.489631 0.441958
0.349589 0.419259 0.640517
0.283169 0.477836 0.581211
0.689885 0.393267 0.561871
0.268401 0.487401 0.535933
0.62809 0.515292 0.629685
0.453381 0.44758 0.266711
0.477124 0.391008 0.721708
0.271506 0.490983 0.53375
0.327714 0.491741 0.63313
0.728256 0.433021 0.448386
0.613072 0.580319 0.488933
0.710081 0.490446 0.508793
0.26918 0.461963 0.526423
0.722734 0.386501 0.531967
0.517824 0.569417 0.359761
0.684284 0.409376 0.567443
0.470331 0.469258 0.26002
0.607033 0.433006 0.309193
0.735805 0.41963 0.459112
0.272203 0.459649 0.550269
0.353859 0.563935 0.565075
0.668465 0.424263 0.355745
0.695366 0.48449 0.403037
0.332533 0.53959 0.597924
0.716279 0.479625 0.501231
0.27098 0.457837 0.455645
0.278497 0.509774 0.495596
0.319329 0.459451 0.636694
0.295778 0.48954 0.591971
0.690782 0.415501 0.573722
0.523059 0.448986 0.269213
0.720002 0.404077 0.524925
0.621928 0.577603 0.487371
0.395013 0.414363 0.68103
0.610567 0.42717 0.322084
0.501757 0.419866 0.730771
0.63435 0.570434 0.509895
0.422623 0.569084 0.625119
0.334824 0.435944 0.643142
0.314623 0.547113 0.53702
0.690812 0.429442 0.378757
0.725861 0.413733 0.544021
0.633582 0.430175 0.637979
0.328294 0.461297 0.356064
0.359249 0.451624 0.670561
0.389607 0.509413 0.677385
0.639741 0.568318 0.494053
0.385951 0.58322 0.536133
0.276241 0.464332 0.532064
0.445878 0.493228 0.275719
0.67841 0.427083 0.376891
0.650989 0.448466 0.602717
0.36334 0.452979 0.638878
0.545425 0.565872 0.370457
0.686048 0.43848 0.581248
0.697537 0.411569 0.427234
0.470642 0.487458 0.264412
0.395543 0.42794 0.677127
0.71285 0.473441 0.439745
0.692495 0.411404 0.416079
0.606105 0.441031 0.309882
0.590594 0.419537 0.659509
0.635229 0.572601 0.475656
0.735168 0.416434 0.473049
0.376113 0.435024 0.681063
0.347085 0.572441 0.498824
0.539212 0.51226 0.282206
0.677335 0.42774 0.374056
0.576691 0.406288 0.680415
0.266008 0.474768 0.472938
0.419938 0.591858 0.507881
0.381257 0.528282 0.662858
0.284658 0.49047 0.435627
0.350658 0.430326 0.644956
0.50482 0.475254 0.263653
0.329886 0.436549 0.625276
0.594868 0.435018 0.674043
0.483912 0.407197 0.722366
0.417431 0.589782 0.521716
0.340331 0.452514 0.648929
0.385201 0.577216 0.399793
0.621676 0.449806 0.635031
0.713076 0.405157 0.434822
0.415389 0.491687 0.297908
0.280328 0.470737 0.535326
0.623192 0.454793 0.316728
0.399995 0.52127 0.31423
0.534426 0.47457 0.271547
0.280931 0.507584 0.49425
0.349159 0.556898 0.400097
0.685414 0.47543 0.382994
0.611592 0.443794 0.643482
0.612663 0.453467 0.312252
0.690211 0.465841 0.38659
0.699978 0.415341 0.552684
0.620557 0.459032 0.655757
0.612483 0.450208 0.320558
0.685548 0.44102 0.577511
0.659424 0.464558 0.372849
0.723846 0.458614 0.481723
0.439109 0.573636 0.616391
0.456156 0.584787 0.512654
0.623775 0.497021 0.639117
0.302325 0.534918 0.526059
0.638068 0.474574 0.638098
0.394586 0.573433 0.583526
0.272427 0.480435 0.530656
0.341416 0.442711 0.632624
0.612251 0.487318 0.316015
0.494291 0.54869 0.315748
0.37776 0.481742 0.31727
0.640366 0.456129 0.329507
0.680402 0.489134 0.569652
0.397302 0.447451 0.693062
0.357322 0.469152 0.333344
0.285309 0.51056 0.504766
0.372908 0.58571 0.469841
0.447975 0.591975 0.422504
0.721672 0.406923 0.455095
0.643071 0.456391 0.34397
0.716551 0.424812 0.524899
0.318926 0.488366 0.617186
0.572354 0.429505 0.669881
0.56679 0.523341 0.311685
0.677087 0.517234 0.412962
0.276513 0.485031 0.523376
0.718882 0.453602 0.517608
0.660906 0.521484 0.574493
0.718088 0.422889 0.54098
0.381206 0.467663 0.323211
0.680083 0.439684 0.566945
0.494994 0.582512 0.510544
0.67503 0.534119 0.521781
0.576874 0.567973 0.397285
0.490176 0.499736 0.276542
0.503138 0.529622 0.293665
0.484406 0.474473 0.719552
0.607971 0.4661 0.308712
0.585663 0.431522 0.670619
0.3702 0.468668 0.332781
0.676737 0.483808 0.380575
0.397614 0.472002 0.319625
0.555804 0.423634 0.701389
0.698878 0.455621 0.559348
0.39591 0.457708 0.66398
0.310402 0.538765 0.533982
0.60338 0.561841 0.398135
0.574109 0.577524 0.433371
0.609246 0.556187 0.389139
0.66822 0.456484 0.362885
0.587055 0.552026 0.622906
0.290288 0.515514 0.502957
0.718149 0.430533 0.524959
0.394551 0.54468 0.646459
0.386736 0.483319 0.319126
0.430443 0.581863 0.545415
0.713754 0.434774 0.523368
0.336248 0.521468 0.371227
0.681845 0.523585 0.526173
0.361225 0.4585 0.643408
0.721561 0.425182 0.501379
0.363974 0.450548 0.65335
0.343054 0.53508 0.375183
0.311012 0.471473 0.60688
0.668937 0.470209 0.367954
0.368193 0.456046 0.648916
0.369551 0.51554 0.655159
0.60279 0.471246 0.66327
0.448614 0.582738 0.520521
0.671316 0.526627 0.54645
0.647627 0.464631 0.605901
0.484275 0.532253 0.68081
0.586131 0.4393 0.665596
0.47046 0.567873 0.638467
0.681278 0.4485 0.560244
0.322739 0.503357 0.391351
0.462251 0.508268 0.286736
0.326561 0.465975 0.607338
0.409366 0.482288 0.314582
0.508938 0.437257 0.712233
0.485788 0.587631 0.416908
0.389382 0.579734 0.539031
0.316601 0.544295 0.516795
0.60243 0.570691 0.434418
0.3458 0.538285 0.606259
0.371136 0.451597 0.65505
0.714084 0.443536 0.537215
0.399572 0.503154 0.331396
0.706479 0.443139 0.539432
0.581825 0.448448 0.657922
0.399855 0.506002 0.318934
0.719718 0.435767 0.486377
0.713583 0.446182 0.524299
0.565282 0.510958 0.668212
0.337155 0.559414 0.508567
0.347501 0.50564 0.362746
0.540705 0.575638 0.406302
0.658892 0.486041 0.385657
0.347982 0.545827 0.58615
0.295938 0.499803 0.508936
0.68627 0.46444 0.537266
0.480586 0.501564 0.701804
0.393619 0.478359 0.682992
0.466847 0.579979 0.517315
0.447606 0.500693 0.296648
0.477478 0.569904 0.354802
0.493273 0.445023 0.715036
0.310757 0.538376 0.505533
0.619854 0.473011 0.323911
0.685371 0.502918 0.422155
0.638947 0.476769 0.601296
0.689508 0.451209 0.549058
0.495786 0.580603 0.503853
0.689183 0.463375 0.413025
0.694344 0.515625 0.470434
0.420325 0.471244 0.698779
0.659558 0.476953 0.372067
0.323607 0.475664 0.586556
0.561545 0.553599 0.630443
0.481262 0.545287 0.666745
0.305172 0.519818 0.437583
0.609846 0.508964 0.33463
0.424405 0.555077 0.340826
0.311107 0.494601 0.585731
0.685122 0.460184 0.559023
0.360692 0.570675 0.438253
0.414601 0.530502 0.321849
0.497802 0.582812 0.457986
0.702121 0.476254 0.525043
0.296331 0.515432 0.471265
0.592601 0.521949 0.334929
0.301625 0.518327 0.456676
0.320298 0.537397 0.431084
0.677394 0.509469 0.417427
0.429908 0.454871 0.695386
0.661566 0.489985 0.387092
0.33052 0.535816 0.401031
0.684671 0.508435 0.536421
0.415785 0.463467 0.687287
0.352216 0.518452 0.362945
0.376982 0.559693 0.585318
0.362339 0.474193 0.653453
0.383026 0.510049 0.624761
0.650566 0.488557 0.373212
0.686921 0.490724 0.418397
0.392591 0.483746 0.652363
0.642561 0.497394 0.378067
0.698454 0.461624 0.434779
0.490585 0.466998 0.711997
0.620025 0.545156 0.600687
0.419156 0.475619 0.694208
0.317292 0.483691 0.597572
0.449569 0.455085 0.71175
0.568333 0.480269 0.301999
0.371558 0.501877 0.626208
0.439962 0.457058 0.691712
0.626249 0.489968 0.599628
0.384753 0.574028 0.545635
0.665827 0.489455 0.579955
0.330704 0.541975 0.421322
0.655527 0.480151 0.586353
0.612148 0.568318 0.548841
0.436344 0.547863 0.333363
0.310304 0.516352 0.463642
0.675535 0.520002 0.53673
0.49549 0.475509 0.70595
0.389152 0.521491 0.343127
0.304664 0.510305 0.527742
0.619697 0.499651 0.3429
0.571354 0.578102 0.481665
0.42677 0.589681 0.436619
0.628459 0.488813 0.626287
0.406456 0.526934 0.66476
0.310705 0.528025 0.528813
0.441622 0.465215 0.686365
0.631238 0.528562 0.605026
0.402415 0.53568 0.334435
0.70968 0.47555 0.47329
0.499589 0.465244 0.692457
0.562196 0.518797 0.661876
0.706374 0.47588 0.488222
0.473029 0.578554 0.595115
0.673527 0.495568 0.421499
0.629673 0.480584 0.625202
0.4946 0.580363 0.404892
0.517042 0.533568 0.312619
0.677583 0.498809 0.415285
0.698709 0.473713 0.514076
0.672452 0.499513 0.562808
0.478947 0.584367 0.433903
0.464255 0.562408 0.346538
0.313578 0.532829 0.451925
0.697071 0.484938 0.520955
0.659679 0.481983 0.584574
0.410376 0.589723 0.445385
0.342988 0.547764 0.415065
0.49484 0.474522 0.68192
0.525717 0.466906 0.685555
0.549104 0.470457 0.685485
0.508937 0.543844 0.658019
0.657755 0.535758 0.543207
0.504929 0.578936 0.467966
0.32657 0.510934 0.587115
0.495956 0.539225 0.320698
0.693428 0.485935 0.45541
0.551312 0.464567 0.683848
0.561667 0.459677 0.674385
0.375409 0.490476 0.650806
0.387467 0.57735 0.419648
0.311619 0.526805 0.467529
0.505796 0.468882 0.695964
0.353574 0.525255 0.381166
0.56846 0.489644 0.637397
0.322113 0.492992 0.560847
0.643095 0.494964 0.57722
0.52103 0.57726 0.413995
0.319086 0.50968 0.571414
0.366186 0.549259 0.380902
0.411766 0.522148 0.33396
0.570148 0.463001 0.664918
0.365984 0.538449 0.36794
0.476031 0.468325 0.703357
0.472588 0.579601 0.468459
0.52645 0.518876 0.676878
0.424775 0.499178 0.649939
0.512806 0.572595 0.393158
0.681787 0.491487 0.456028
0.334872 0.549786 0.441382
0.475849 0.492571 0.700648
0.317277 0.509759 0.566284
0.509129 0.571252 0.387653
0.323552 0.526773 0.548426
0.338027 0.502686 0.589279
0.636684 0.516442 0.408832
0.600494 0.511828 0.634262
0.327813 0.511591 0.529174
0.64569 0.542809 0.547951
0.404522 0.496278 0.660859
0.639873 0.522105 0.387781
0.435647 0.544755 0.650597
0.618331 0.522337 0.412361
0.315386 0.513788 0.484325
0.383023 0.550659 0.371419
0.522835 0.538073 0.328799
0.653512 0.496299 0.574471
0.461826 0.470872 0.695794
0.585905 0.569216 0.555684
0.482061 0.485416 0.697097
0.471731 0.473242 0.691981
0.373444 0.531857 0.364117
0.373354 0.533889 0.364106
0.501886 0.494985 0.690823
0.439387 0.481736 0.672584
0.615598 0.546841 0.591443
0.397123 0.586385 0.468504
0.450455 0.572603 0.598123
0.547052 0.501117 0.309734
0.320188 0.514281 0.531696
0.407501 0.584206 0.492106
0.477978 0.490909 0.696584
0.68766 0.501588 0.485571
0.430504 0.483824 0.673182
0.671903 0.516473 0.437573
0.492171 0.475538 0.692816
0.679781 0.495025 0.457536
0.53618 0.573793 0.529026
0.674103 0.501203 0.52272
0.331402 0.538551 0.521214
0.575368 0.570336 0.542765
0.619563 0.562813 0.514459
0.653726 0.507229 0.568265
0.327241 0.528383 0.450938
0.611637 0.55496 0.572072
0.450238 0.478318 0.683061
0.67152 0.497385 0.508893
0.339482 0.54725 0.519907
0.592147 0.552666 0.596535
0.423965 0.523743 0.342473
0.582497 0.53392 0.628097
0.666731 0.508982 0.446573
0.583136 0.509019 0.644199
0.32224 0.516597 0.495054
0.610051 0.56015 0.431224
0.511187 0.575996 0.421954
0.675739 0.512163 0.497456
0.615752 0.516974 0.367734
0.646868 0.551241 0.470333
0.43459 0.519971 0.33412
0.444704 0.572888 0.548539
0.539468 0.489771 0.679758
0.445036 0.526653 0.667754
0.611898 0.512045 0.587816
0.365207 0.567277 0.505158
0.534951 0.569631 0.567151
0.576195 0.490336 0.65662
0.365258 0.514689 0.623816
0.334078 0.513825 0.576582
0.541538 0.481927 0.678991
0.328263 0.527153 0.541034
0.554117 0.479045 0.673178
0.436932 0.582331 0.466733
0.522596 0.536757 0.657863
0.667543 0.530088 0.495106
0.396469 0.537171 0.365112
0.580053 0.553001 0.597202
0.408598 0.515843 0.652034
0.646825 0.513933 0.558987
0.52193 0.559015 0.375459
0.593882 0.549868 0.594305
0.604304 0.566081 0.504133
0.44577 0.575447 0.46401
0.350625 0.531377 0.583512
0.400059 0.568117 0.549437
0.342519 0.521433 0.438494
0.554855 0.505976 0.328965
0.56653 0.504068 0.629713
0.661725 0.529394 0.455055
0.449977 0.578762 0.431009
0.602247 0.566946 0.470787
0.44058 0.494119 0.666485
0.587673 0.51468 0.363897
0.529893 0.551139 0.630739
0.417519 0.578032 0.496288
0.649938 0.512463 0.549385
0.470223 0.558322 0.633092
0.668118 0.496769 0.506911
0.458345 0.487731 0.682666
0.667737 0.521663 0.493254
0.418679 0.516891 0.657676
0.484724 0.509037 0.321986
0.406692 0.578286 0.420083
0.657724 0.515209 0.537319
0.52522 0.572151 0.488505
0.446783 0.548193 0.346224
0.502339 0.518791 0.670394
0.486144 0.546913 0.341628
0.455902 0.490519 0.662506
0.422468 0.527889 0.358718
0.471748 0.515262 0.323883
0.431128 0.527865 0.364276
0.346997 0.549112 0.501199
0.668613 0.491593 0.475821
0.35174 0.523761 0.55387
0.512916 0.502639 0.646393
0.567364 0.5462 0.612067
0.647255 0.53844 0.516861
0.529462 0.55152 0.624749
0.657777 0.477425 0.494226
0.640102 0.517623 0.438825
0.432281 0.510092 0.651036
0.368048 0.543296 0.579225
0.457979 0.505099 0.639302
0.547485 0.56935 0.433995
0.358416 0.521601 0.560818
0.62291 0.533631 0.39871
0.421443 0.57895 0.467183
0.437945 0.569559 0.545553
0.425018 0.556194 0.612649
0.639482 0.502693 0.530721
0.519489 0.499548 0.661715
0.495003 0.572849 0.419353
0.644858 0.527998 0.552077
0.447132 0.570879 0.462599
0.489921 0.551617 0.63528
0.615471 0.54109 0.398189
0.597921 0.522127 0.368816
0.580313 0.538026 0.615464
0.571032 0.559535 0.577294
0.633014 0.5306 0.572636
0.578171 0.517489 0.352003
0.578105 0.515198 0.355101
0.552736 0.518554 0.336357
0.53465 0.512512 0.336324
0.357332 0.546551 0.420681
0.431966 0.510293 0.650818
0.448989 0.51967 0.62513
0.567959 0.556648 0.398507
0.601999 0.533875 0.596638
0.372442 0.54985 0.557338
0.578383 0.530669 0.618263
0.540633 0.552547 0.609762
0.648067 0.507748 0.521784
0.536025 0.511031 0.349028
0.607864 0.535722 0.390651
0.537886 0.526109 0.649721
0.46354 0.568229 0.549616
0.56543 0.543047 0.372007
0.508953 0.518043 0.34708
0.466263 0.562416 0.463447
0.564731 0.538227 0.364527
0.592818 0.519297 0.561443
0.485819 0.542809 0.641897
0.588966 0.523452 0.376885
0.366246 0.527485 0.552923
0.539061 0.510948 0.348028
0.453531 0.53816 0.343537
0.547482 0.510244 0.652976
0.569526 0.511434 0.632419
0.497178 0.537097 0.646894
0.449939 0.490059 0.568214
0.451751 0.567889 0.531456
0.439613 0.543197 0.35548
0.378939 0.537577 0.406427
0.410509 0.567479 0.535793
0.426348 0.528146 0.572856
0.4442 0.52725 0.364023
0.336153 0.52618 0.468046
0.594535 0.526174 0.38694
0.378916 0.532699 0.419686
0.349258 0.543358 0.513241
0.379265 0.527967 0.594017
0.363383 0.543086 0.540656
0.565746 0.56148 0.432674
0.450673 0.529333 0.364671
0.403213 0.55958 0.563417
0.408681 0.555454 0.588007
0.518286 0.558958 0.595205
0.45898 0.55309 0.365986
0.417165 0.534739 0.606201
0.632636 0.543047 0.459105
0.402476 0.553711 0.585961
0.41526 0.541398 0.618925
0.59749 0.559044 0.508814
0.488628 0.551431 0.621273
0.513904 0.518528 0.639802
0.420891 0.530265 0.3988
0.545543 0.475252 0.560114
0.345702 0.53558 0.487441
0.618638 0.548484 0.53409
0.580694 0.559258 0.430385
0.43838 0.535235 0.367428
0.395262 0.533062 0.574517
0.541672 0.507686 0.364673
0.355034 0.531341 0.509516
0.489731 0.513198 0.642843
0.639394 0.492809 0.508963
0.480623 0.499598 0.642161
0.365937 0.541227 0.55032
0.545089 0.565596 0.496328
0.34119 0.522572 0.483542
0.50983 0.556836 0.603693
0.657677 0.516235 0.466892
0.502152 0.565983 0.537081
0.560367 0.562174 0.435773
0.620135 0.523445 0.559859
0.580652 0.532333 0.607143
0.511841 0.564105 0.439012
0.39317 0.55153 0.411039
0.562195 0.558093 0.456128
0.557648 0.55842 0.441141
0.432361 0.562327 0.559829
0.611382 0.548824 0.524297
0.497516 0.561115 0.579836
0.606407 0.536524 0.567106
0.537207 0.559375 0.57118
0.628368 0.540525 0.501344
0.633625 0.534588 0.51329
0.450068 0.482824 0.565696
0.546638 0.526757 0.612517
0.431547 0.564168 0.489953
0.599598 0.554126 0.477544
0.483512 0.52551 0.637915
0.60392 0.502771 0.445852
0.567258 0.517753 0.387369
0.578008 0.541655 0.39019
0.484986 0.520503 0.637223
0.570408 0.527797 0.376299
0.606959 0.551656 0.490351
0.586591 0.544907 0.400387
0.475801 0.546731 0.363522
0.493195 0.523048 0.359533
0.622234 0.521635 0.444776
0.44576 0.559572 0.457317
0.595135 0.485636 0.448788
0.455853 0.522533 0.607401
0.639005 0.528241 0.456192
0.638614 0.488886 0.50147
0.546167 0.562706 0.505061
0.593737 0.527165 0.566739
0.523874 0.563051 0.547321
0.596123 0.55502 0.474436
0.473292 0.525055 0.359987
0.429634 0.519706 0.5596
0.416658 0.542503 0.587144
0.565635 0.554878 0.477877
0.394882 0.545357 0.563691
0.456187 0.560871 0.548297
0.437119 0.560991 0.506951
0.482204 0.558936 0.567885
0.396542 0.561846 0.445685
0.369613 0.499712 0.479537
0.611755 0.535735 0.547689
0.479341 0.551022 0.471291
0.61855 0.52511 0.445908
0.625082 0.535243 0.455125
0.429062 0.55763 0.403707
0.541106 0.461924 0.56074
0.592897 0.543573 0.559706
0.620785 0.49413 0.465147
0.501189 0.560365 0.549429
0.567572 0.548239 0.572422
0.370107 0.535938 0.503511
0.450609 0.544997 0.379239
0.49655 0.547574 0.379937
0.623787 0.541931 0.471033
0.561742 0.539642 0.591694
0.480089 0.555798 0.393443
0.613931 0.531309 0.548161
0.483862 0.554181 0.591545
0.626148 0.536079 0.503481
0.560586 0.553516 0.442952
0.544433 0.528645 0.369176
0.464325 0.557811 0.436788
0.468068 0.534771 0.630555
0.461623 0.532827 0.371588
0.477088 0.51148 0.632285
0.532583 0.521731 0.367247
0.645988 0.502737 0.482048
0.506753 0.552925 0.468167
0.371051 0.539209 0.483233
0.569114 0.55118 0.499791
0.5047 0.469415 0.610433
0.469705 0.557256 0.533858
0.632206 0.516336 0.497446
0.470262 0.555267 0.568494
0.530222 0.541359 0.596786
0.486344 0.55132 0.436765
0.552417 0.526015 0.575782
0.366867 0.522602 0.472018
0.569859 0.547939 0.456093
0.623229 0.522157 0.518815
0.454054 0.523737 0.585273
0.376988 0.522314 0.492383
0.385032 0.539251 0.517607
0.627117 0.478849 0.479504
0.376208 0.545373 0.462234
0.547769 0.549829 0.425088
0.574013 0.523021 0.406264
0.599417 0.532385 0.434367
0.456615 0.533603 0.608758
0.625268 0.527306 0.506738
0.371471 0.514598 0.482324
0.470347 0.548934 0.447648
0.609888 0.539838 0.459965
0.48189 0.547404 0.386998
0.510371 0.479588 0.610619
0.438296 0.549032 0.582738
0.49096 0.461198 0.619944
0.589225 0.517568 0.430734
0.414141 0.517188 0.436682
0.564551 0.548128 0.445173
0.40613 0.553318 0.428066
0.498842 0.554393 0.56228
0.50062 0.556316 0.517319
0.441475 0.458106 0.435593
0.381605 0.542101 0.469462
0.397886 0.551795 0.475559
0.461162 0.54112 0.467039
0.504496 0.549299 0.501215
0.615802 0.500437 0.467734
0.460254 0.549108 0.57078
0.535455 0.524408 0.591828
0.529392 0.55353 0.530574
0.553964 0.55152 0.522833
0.519211 0.481005 0.602544
0.565199 0.481454 0.432582
0.46952 0.545765 0.397953
0.494472 0.480984 0.614024
0.619631 0.509261 0.502607
0.545473 0.494233 0.402777
0.446805 0.481486 0.420145
0.444984 0.548867 0.562926
0.429029 0.5334 0.561375
0.513421 0.516553 0.380717
0.500408 0.541813 0.471324
0.578217 0.482372 0.443594
0.592263 0.460027 0.46212
0.612423 0.464829 0.509163
0.494487 0.546592 0.574441
0.457316 0.547874 0.494587
0.611428 0.451296 0.498098
0.449549 0.503682 0.40311
0.54306 0.538776 0.396127
0.458372 0.495117 0.573372
0.380772 0.528829 0.468099
0.493236 0.49468 0.377304
0.613878 0.468237 0.506527
0.472047 0.538582 0.386829
0.584944 0.507565 0.541011
0.495555 0.534045 0.599716
0.557454 0.488915 0.549895
0.466825 0.482667 0.581559
0.415824 0.54426 0.488407
0.589116 0.517584 0.537504
0.518526 0.546369 0.508799
0.495188 0.532473 0.394404
0.453015 0.541029 0.567434
0.409055 0.542811 0.491157
0.38708 0.482093 0.481317
0.520947 0.536802 0.580428
0.480091 0.516043 0.608998
0.570816 0.534403 0.433935
0.473707 0.537265 0.48789
0.472565 0.544802 0.522045
0.435421 0.468926 0.440235
0.449451 0.508819 0.562599
0.427522 0.515594 0.429472
0.615966 0.479822 0.485703
0.384616 0.514175 0.471048
0.440224 0.545909 0.54139
0.387696 0.478795 0.482353
0.529536 0.545435 0.553071
0.399105 0.476614 0.467428
0.44025 0.544042 0.446837
0.493746 0.478771 0.609883
0.465085 0.532686 0.395299
0.435059 0.405466 0.546365
0.607764 0.452929 0.495991
0.412126 0.540702 0.52
0.589724 0.493506 0.531447
0.516253 0.52016 0.387934
0.390958 0.537619 0.468516
0.480119 0.524802 0.604414
0.398469 0.538486 0.48842
0.588001 0.534079 0.4858
0.42315 0.523746 0.430122
0.464533 0.534084 0.471214
0.406869 0.527985 0.50323
0.427576 0.536279 0.500241
0.477926 0.49291 0.385712
0.531483 0.542359 0.515635
0.423044 0.426694 0.458711
0.447756 0.528157 0.557002
0.511712 0.456511 0.401216
0.501914 0.531129 0.44111
0.512459 0.454579 0.40149
0.58801 0.438156 0.517331
0.513469 0.526161 0.467412
0.490894 0.484538 0.60501
0.442468 0.532892 0.466245
0.419835 0.534686 0.516045
0.491669 0.539958 0.541232
0.411991 0.51581 0.450552
0.504595 0.430796 0.596437
0.436469 0.435103 0.544534
0.611703 0.472709 0.478395
0.520719 0.534405 0.487235
0.460669 0.526826 0.473854
0.392107 0.480457 0.480924
0.506777 0.463464 0.598249
0.496814 0.490254 0.390415
0.445672 0.535578 0.545959
0.393186 0.455615 0.476432
0.525735 0.442604 0.579621
0.520511 0.458663 0.40213
0.559328 0.537717 0.523063
0.431283 0.417858 0.541555
0.601341 0.504977 0.510231
0.559081 0.505221 0.417823
0.39447 0.447018 0.508939
0.529618 0.512448 0.393499
0.551795 0.527851 0.46829
0.531988 0.382502 0.574412
0.407478 0.51813 0.491068
0.577725 0.51621 0.468928
0.400566 0.489537 0.488358
0.569318 0.522224 0.500469
0.424721 0.448634 0.535289
0.439814 0.505934 0.544955
0.541746 0.487534 0.413193
0.530165 0.538157 0.526473
0.492216 0.528221 0.558206
0.538177 0.520647 0.459185
0.545644 0.498725 0.412893
0.596492 0.454525 0.494639
0.537615 0.520088 0.467667
0.594711 0.418225 0.502775
0.431647 0.520704 0.433812
0.471687 0.450226 0.582385
0.555803 0.518713 0.471834
0.504792 0.517108 0.470053
0.554065 0.520776 0.444585
0.469704 0.510122 0.577014
0.399879 0.470534 0.501632
0.46777 0.45283 0.414477
0.507708 0.502442 0.398655
0.508435 0.524118 0.484707
0.526148 0.397746 0.581256
0.515211 0.534473 0.542526
0.477471 0.443906 0.404595
0.401485 0.504391 0.484161
0.472354 0.525626 0.504648
0.459197 0.520077 0.408632
0.443365 0.526195 0.49742
0.396856 0.458668 0.477561
0.426895 0.524539 0.525544
0.415974 0.444989 0.465118
0.550746 0.5332 0.522125
0.52677 0.500741 0.581902
0.411691 0.507628 0.488124
0.478515 0.512973 0.494067
0.427166 0.414444 0.536893
0.405555 0.439482 0.474673
0.516963 0.51566 0.440557
0.438717 0.48922 0.541096
0.572105 0.511197 0.510067
0.539748 0.515624 0.430516
0.590572 0.453385 0.492599
0.57967 0.501932 0.502753
0.571258 0.508352 0.497121
0.476809 0.494307 0.399867
0.593201 0.413784 0.488046
0.581966 0.436454 0.46592
0.442717 0.410405 0.441848
0.493668 0.471147 0.592538
0.588669 0.398972 0.514005
0.414947 0.514279 0.464457
0.589189 0.478704 0.503618
0.543116 0.529058 0.529237
0.593803 0.410369 0.47039
0.502573 0.50682 0.406357
0.444672 0.519878 0.525807
0.578886 0.502048 0.478045
0.523431 0.460067 0.408487
0.432418 0.517283 0.502508
0.43517 0.495313 0.537339
0.5564 0.518144 0.503317
0.420274 0.440991 0.530884
0.508222 0.51091 0.475867
0.470157 0.511923 0.488611
0.522674 0.511793 0.473111
0.440984 0.519053 0.524063
0.52744 0.514137 0.476127
0.590915 0.449952 0.492493
0.577865 0.389241 0.523337
0.457274 0.453133 0.431179
0.480935 0.510689 0.515249
0.505304 0.503172 0.415805
0.411629 0.460724 0.473162
0.424757 0.476338 0.460045
0.430133 0.454214 0.53472
0.454464 0.496959 0.423428
0.447783 0.424437 0.441768
0.586383 0.432719 0.50558
0.481002 0.491609 0.471321
0.521805 0.517876 0.544422
0.467328 0.498261 0.478913
0.571056 0.45293 0.461666
0.411263 0.466056 0.513161
0.490407 0.456986 0.589314
0.493803 0.385245 0.595864
0.533738 0.501836 0.469659
0.445041 0.447649 0.545563
0.514693 0.487209 0.410138
0.439541 0.5045 0.527506
0.519504 0.474196 0.576761
0.502703 0.501876 0.453832
0.515143 0.504103 0.449495
0.566348 0.497107 0.498203
0.535572 0.522443 0.521474
0.47495 0.407748 0.587389
0.598934 0.390582 0.47486
0.476978 0.397511 0.592191
0.574485 0.48409 0.521612
0.407051 0.394515 0.473598
0.423339 0.45688 0.530058
0.402712 0.404166 0.510194
0.442528 0.368537 0.560396
0.499259 0.470878 0.40895
0.502799 0.512293 0.549362
0.486884 0.493309 0.466609
0.427264 0.482657 0.519759
0.482313 0.502156 0.535633
0.587317 0.405013 0.491863
0.41779 0.474971 0.472961
0.527607 0.485653 0.419291
0.424202 0.399315 0.53317
0.527437 0.510242 0.539223
0.500826 0.446295 0.580497
0.574769 0.395047 0.521862
0.405924 0.403855 0.480079
0.491057 0.426752 0.587248
0.488097 0.475356 0.573336
0.5313 0.443752 0.559781
0.456215 0.496456 0.434595
0.548091 0.48916 0.535532
0.494578 0.432087 0.413512
0.479868 0.396034 0.407626
0.408215 0.421708 0.486634
0.459887 0.495983 0.53675
0.542802 0.49604 0.538283
0.483106 0.492649 0.493645
0.509072 0.498438 0.490842
0.545379 0.325429 0.565608
0.557033 0.496255 0.523318
0.519503 0.493764 0.424743
0.443406 0.493686 0.469334
0.564715 0.474404 0.523488
0.562918 0.481984 0.481029
0.526829 0.505779 0.499922
0.490357 0.396623 0.409535
0.534841 0.432155 0.43154
0.489924 0.407565 0.590946
0.58165 0.454407 0.472451
0.478323 0.495733 0.552143
0.449287 0.380065 0.429214
0.559299 0.314578 0.557835
0.428027 0.469567 0.514695
0.522234 0.44872 0.420896
0.568438 0.45358 0.468832
0.524069 0.477337 0.554511
0.511838 0.393242 0.41672
0.422044 0.358884 0.536582
0.530056 0.489566 0.541563
0.507136 0.407519 0.417611
0.562919 0.447159 0.463876
0.475697 0.492014 0.515381
0.501976 0.486717 0.545833
0.451267 0.430301 0.444562
0.492423 0.429066 0.580697
0.435361 0.461038 0.459502
0.517281 0.48409 0.483295
0.430451 0.314528 0.567607
0.570234 0.424606 0.518635
0.473479 0.478814 0.425318
0.526349 0.481856 0.4347
0.513927 0.478732 0.466461
0.457977 0.490104 0.519221
0.438072 0.446164 0.534572
0.480418 0.399937 0.411729
0.459881 0.475132 0.467336
0.475088 0.474987 0.457385
0.495773 0.391401 0.413951
0.514166 0.481482 0.432312
0.405498 0.355164 0.502993
0.578461 0.30408 0.42643
0.413882 0.425576 0.511207
0.416207 0.306166 0.424934
0.501539 0.411731 0.417045
0.588973 0.365675 0.469967
0.510596 0.480808 0.448815
0.521983 0.502956 0.522452
0.485657 0.418673 0.584895
0.433345 0.449263 0.467183
0.526597 0.459129 0.434778
0.463168 0.468885 0.494691
0.528499 0.446214 0.553088
0.466809 0.334355 0.593617
0.5816 0.32591 0.530406
0.424266 0.438073 0.473711
0.435921 0.360537 0.551287
0.568001 0.444543 0.484333
0.586189 0.340345 0.497234
0.483994 0.368856 0.593049
0.432755 0.458963 0.490596
0.473796 0.474801 0.503499
0.471666 0.470836 0.54154
0.59112 0.367629 0.479238
0.421906 0.317604 0.426106
0.510716 0.463915 0.469436
0.462568 0.472169 0.533132
0.479298 0.451905 0.563955
0.419566 0.43093 0.486962
0.592966 0.334337 0.48022
0.45991 0.325421 0.590745
0.524501 0.479202 0.538575
0.458969 0.466761 0.491508
0.478992 0.391623 0.585874
0.50654 0.465508 0.482868
0.481891 0.480275 0.527081
0.499627 0.321083 0.593934
0.527096 0.403508 0.5656
0.505654 0.464076 0.481644
0.536078 0.46495 0.463475
0.591983 0.358038 0.480152
0.552655 0.457571 0.494816
0.488799 0.366514 0.591686
0.466875 0.380497 0.576738
0.567534 0.43777 0.491209
0.441667 0.423748 0.459823
0.464199 0.292706 0.599458
0.43998 0.289454 0.587759
0.569232 0.400329 0.516202
0.46221 0.459239 0.530138
0.565248 0.340502 0.536544
0.443642 0.447047 0.474414
0.443949 0.436956 0.462406
0.519416 0.421817 0.431711
0.52056 0.432927 0.434651
0.503598 0.470965 0.513727
0.51498 0.362924 0.419182
0.533757 0.467541 0.523322
0.434891 0.405114 0.534014
0.512414 0.448735 0.55224
0.439592 0.418468 0.534601
0.518119 0.438831 0.558726
0.540177 0.443176 0.463001
0.435055 0.375636 0.541916
0.547736 0.439717 0.526147
0.530242 0.464275 0.502501
0.461982 0.451697 0.495807
0.503839 0.394294 0.576165
0.482841 0.349804 0.594835
0.566266 0.397345 0.465678
0.439308 0.399666 0.539347
0.566666 0.403007 0.518619
0.584055 0.3569 0.490496
0.48945 0.431283 0.562633
0.543755 0.453266 0.524417
0.428597 0.414185 0.469046
0.450204 0.454172 0.506926
0.587576 0.32886 0.487866
0.535193 0.345668 0.421839
0.458659 0.423873 0.445122
0.540613 0.448614 0.474162
0.449756 0.405698 0.54306
0.459271 0.373147 0.426934
0.505791 0.431963 0.463937
0.580026 0.351261 0.518423
0.550514 0.427287 0.51614
0.550452 0.339219 0.546913
0.516209 0.36895 0.573579
0.510083 0.357552 0.42066
0.525327 0.434368 0.468173
0.468968 0.345223 0.411358
0.482807 0.418392 0.561145
0.5344 0.431391 0.481846
0.515976 0.43124 0.474574
0.453173 0.428337 0.471908
0.584539 0.319386 0.504778
0.451298 0.360397 0.5632
0.468492 0.423932 0.484469
0.523887 0.416148 0.55648
0.541919 0.428596 0.487261
0.474703 0.440074 0.540055
0.486569 0.431797 0.445714
0.474387 0.445092 0.532252
0.572177 0.381489 0.49699
0.477081 0.37525 0.417511
0.551352 0.405049 0.528134
0.43084 0.396378 0.465315
0.529999 0.425358 0.454881
0.495038 0.394158 0.571362
0.45311 0.443472 0.52205
0.445988 0.428499 0.493005
0.558718 0.414594 0.495118
0.513973 0.40263 0.567341
0.550674 0.418422 0.523887
0.526604 0.455519 0.529671
0.54745 0.424879 0.488079
0.467692 0.370298 0.57578
0.434001 0.391416 0.486322
0.454672 0.392641 0.446081
0.410975 0.31434 0.508716
0.591841 0.295606 0.522361
0.471865 0.425971 0.511659
0.538958 0.3321 0.559332
0.423194 0.365654 0.489835
0.438304 0.334409 0.558721
0.52508 0.424747 0.495771
0.559558 0.286479 0.570644
0.458283 0.267511 0.597875
0.539667 0.408797 0.53272
0.494483 0.347628 0.418039
0.487261 0.379952 0.571604
0.467343 0.410179 0.490156
0.448001 0.281656 0.591805
0.410457 0.281836 0.422331
0.521632 0.412822 0.477762
0.489298 0.301061 0.402503
0.564726 0.366422 0.524369
0.448734 0.324885 0.574484
0.484059 0.359569 0.58187
0.456232 0.403537 0.453107
0.472455 0.414501 0.453207
0.542529 0.413027 0.478511
0.430914 0.399182 0.513372
0.505166 0.440816 0.528684
0.40753 0.31427 0.466054
0.409558 0.313247 0.497752
0.526718 0.416327 0.466432
0.502037 0.408451 0.555559
0.419286 0.309904 0.430062
0.51158 0.282651 0.593134
0.503051 0.412215 0.46981
0.480176 0.42495 0.537439
0.530593 0.414755 0.490041
0.434141 0.37714 0.477964
0.528499 0.288359 0.587155
0.54006 0.328585 0.422242
0.429952 0.371098 0.522293
0.478154 0.391758 0.471817
0.529561 0.319667 0.571504
0.445831 0.391797 0.498278
0.451578 0.389228 0.457684
0.494278 0.397174 0.455055
0.506513 0.416543 0.507702
0.481084 0.413265 0.530403
0.458091 0.39223 0.470377
0.561876 0.34182 0.444775
0.461788 0.338529 0.576409
0.589367 0.250288 0.566798
0.45923 0.4053 0.532458
0.428376 0.365618 0.49362
0.449528 0.336497 0.566587
0.455579 0.300863 0.407284
0.499703 0.339057 0.419237
0.550449 0.349477 0.440815
0.499251 0.390165 0.489057
0.426578 0.363262 0.479976
0.482816 0.414607 0.528719
0.470738 0.410802 0.515106
0.521697 0.279818 0.592639
0.414362 0.31125 0.523313
0.487677 0.409509 0.536103
0.52838 0.400407 0.494513
0.577384 0.32859 0.495691
0.589403 0.295624 0.517645
0.465975 0.390651 0.47573
0.541011 0.291105 0.579014
0.582939 0.310005 0.481168
0.482413 0.309881 0.592392
0.511761 0.392909 0.471889
0.446669 0.27586 0.588789
0.53519 0.308423 0.413755
0.456832 0.371565 0.478991
0.440745 0.371313 0.527747
0.585282 0.302763 0.465624
0.523263 0.303185 0.579919
0.516523 0.318752 0.414901
0.521874 0.303463 0.40864
0.497778 0.367744 0.485591
0.440524 0.365377 0.491187
0.461608 0.3319 0.574588
0.468713 0.395547 0.527433
0.535763 0.3449 0.548935
0.477543 0.370064 0.484356
0.476469 0.380658 0.550179
0.465273 0.363504 0.55955
0.545048 0.344744 0.437659
0.423942 0.337249 0.486341
0.575561 0.321579 0.508412
0.423161 0.309535 0.432216
0.504933 0.370428 0.553503
0.506727 0.409173 0.520831
0.488061 0.27856 0.400712
0.483394 0.365022 0.563792
0.463433 0.369431 0.440833
0.534966 0.371327 0.484217
0.567179 0.34099 0.455244
0.593887 0.256192 0.429732
0.494147 0.372606 0.471911
0.476478 0.377331 0.462309
0.517885 0.264955 0.595701
0.534055 0.396005 0.513047
0.518112 0.38282 0.459022
0.550758 0.30116 0.415913
0.592295 0.274594 0.455001
0.432026 0.304237 0.562613
0.439501 0.357121 0.50606
0.535082 0.3401 0.433848
0.531377 0.376525 0.526652
0.451467 0.363206 0.534154
0.491667 0.35908 0.445066
0.51689 0.283589 0.58601
0.420589 0.31597 0.511754
0.438027 0.309841 0.562144
0.498396 0.384006 0.518314
0.555984 0.352626 0.480377
0.414475 0.269395 0.41745
0.472865 0.268193 0.398116
0.525142 0.375174 0.504131
0.497153 0.282072 0.586889
0.528769 0.38162 0.514543
0.464999 0.300348 0.582947
0.494837 0.36504 0.543899
0.414187 0.235423 0.595513
0.510501 0.361047 0.449358
0.514215 0.347008 0.433215
0.463819 0.360965 0.494958
0.511981 0.351068 0.552808
0.543895 0.364651 0.519956
0.477366 0.274225 0.590472
0.455569 0.360733 0.540986
0.53161 0.346147 0.545333
0.530267 0.38229 0.519422
0.500348 0.367195 0.500195
0.462705 0.358826 0.444114
0.560908 0.307809 0.42627
0.477521 0.361414 0.455554
0.443015 0.317309 0.56244
0.493765 0.367184 0.502166
0.524684 0.381715 0.530011
0.508055 0.367285 0.498605
0.510087 0.35045 0.485143
0.438 0.329653 0.442054
0.53905 0.344603 0.450461
0.441474 0.258633 0.399774
0.460703 0.349092 0.541269
0.403743 0.263052 0.435474
0.510275 0.262882 0.590507
0.496394 0.336703 0.433456
0.508936 0.362559 0.528976
0.498863 0.336188 0.555091
0.482174 0.344463 0.450386
0.578415 0.303128 0.46096
0.482325 0.338152 0.47508
0.510109 0.344509 0.455173
0.529415 0.342647 0.491137
0.412164 0.280922 0.48691
0.45802 0.240745 0.594249
0.432414 0.330494 0.479539
0.404961 0.255225 0.497918
0.467842 0.335555 0.561002
0.436199 0.327436 0.442008
0.59668 0.237309 0.435931
0.515862 0.251089 0.595869
0.420245 0.309873 0.471636
0.474679 0.303924 0.414673
0.43204 0.332757 0.472181
0.54168 0.345471 0.453972
0.504789 0.307686 0.417443
0.414336 0.252338 0.579168
0.41602 0.261484 0.413412
0.468546 0.304554 0.578035
0.421908 0.308479 0.500744
0.504452 0.3069 0.417078
0.469982 0.335789 0.561754
0.506752 0.337654 0.46869
0.442246 0.324742 0.549432
0.410383 0.223677 0.598649
0.438097 0.29697 0.424258
0.459872 0.248462 0.395903
0.585573 0.254682 0.486399
0.481939 0.334587 0.530844
0.416691 0.257161 0.573483
0.502694 0.244022 0.593575
0.518246 0.330789 0.446117
0.53028 0.259052 0.402805
0.472843 0.33417 0.506851
0.419978 0.270073 0.564426
0.415288 0.242893 0.585022
0.56918 0.248467 0.582336
0.582345 0.272705 0.464315
0.497679 0.329101 0.498077
0.527174 0.275221 0.581216
0.47907 0.331016 0.545717
0.461755 0.322278 0.55795
0.494995 0.264449 0.40405
0.408812 0.261696 0.550328
0.564194 0.30606 0.490729
0.536119 0.322632 0.471607
0.547948 0.321569 0.500703
0.40233 0.242627 0.492236
0.489251 0.32935 0.5036
0.53526 0.334098 0.509777
0.470348 0.337097 0.511314
0.401042 0.251232 0.433761
0.495162 0.322599 0.470667
0.53752 0.232722 0.600646
0.500482 0.295971 0.416704
0.501706 0.325335 0.490766
0.562369 0.315673 0.476006
0.494698 0.328972 0.545262
0.58179 0.264456 0.481427
0.434835 0.253695 0.40104
0.580652 0.255253 0.560003
0.439891 0.315383 0.531802
0.459964 0.27813 0.413505
0.485329 0.310412 0.55018
0.487808 0.316194 0.532229
0.51273 0.294822 0.562784
0.495182 0.229003 0.594649
0.407151 0.256049 0.544853
0.434441 0.284893 0.56254
0.472017 0.317952 0.541663
0.526971 0.312328 0.541327
0.57996 0.256218 0.427918
0.583969 0.257773 0.461453
0.559698 0.241924 0.400185
0.51935 0.250807 0.403525
0.413789 0.26952 0.537635
0.477672 0.29773 0.569332
0.582199 0.256413 0.484154
0.491993 0.318569 0.516491
0.542582 0.304054 0.477259
0.480135 0.31348 0.49885
0.481014 0.248604 0.399453
0.556277 0.30145 0.525414
0.469219 0.305133 0.425541
0.485142 0.315951 0.530079
0.529856 0.310201 0.431021
0.464735 0.236172 0.590425
0.569026 0.286727 0.510221
0.598374 0.225394 0.542215
0.500862 0.286308 0.571086
0.594787 0.223402 0.573746
0.450198 0.31756 0.540719
0.452303 0.326948 0.518018
0.46285 0.250183 0.399501
0.557545 0.265415 0.414017
0.546707 0.312773 0.461963
0.488154 0.308467 0.481526
0.433459 0.297395 0.467395
0.45828 0.297456 0.429827
0.574734 0.242746 0.414903
0.494179 0.301183 0.534759
0.433372 0.292459 0.542036
0.486922 0.216022 0.595869
0.497981 0.296747 0.462375
0.513412 0.310197 0.525612
0.465596 0.255916 0.5799
0.466698 0.307066 0.527151
0.54529 0.296255 0.4616
0.594868 0.226957 0.522131
0.533704 0.300257 0.534095
0.551451 0.292454 0.504538
0.486949 0.29991 0.515208
0.473663 0.247015 0.582658
0.515292 0.251763 0.408276
0.481083 0.290525 0.424176
0.479965 0.218395 0.593747
0.581667 0.25192 0.501406
0.428952 0.290549 0.533219
0.563507 0.256027 0.571957
0.520516 0.288908 0.557892
0.47945 0.287891 0.56477
0.514017 0.2992 0.541226
0.473304 0.301008 0.47408
0.533967 0.260522 0.411099
0.506126 0.294752 0.427412
0.4701 0.302893 0.540022
0.488343 0.300411 0.534016
0.582619 0.215511 0.395494
0.515628 0.272539 0.573605
0.425022 0.285084 0.46758
0.524274 0.304529 0.533479
0.47135 0.304227 0.514897
0.577736 0.217683 0.595704
0.433331 0.216647 0.597949
0.475871 0.288237 0.522743
0.503801 0.283796 0.457772
0.527971 0.284215 0.497132
0.431753 0.279131 0.478135
0.485485 0.207489 0.59834
0.565547 0.272146 0.467357
0.590673 0.231104 0.535889
0.596935 0.201685 0.396458
0.481302 0.250553 0.409457
0.487596 0.288732 0.447948
0.576008 0.232519 0.411216
0.523316 0.272457 0.473868
0.415379 0.252971 0.506909
0.402279 0.229429 0.567308
0.512127 0.287386 0.435409
0.492122 0.287929 0.521208
0.492565 0.245053 0.407864
0.501696 0.269071 0.56664
0.437871 0.25535 0.412242
0.413521 0.253843 0.542755
0.403442 0.235333 0.521256
0.552142 0.267992 0.560301
0.515974 0.27496 0.470853
0.572859 0.248026 0.423555
0.48845 0.288367 0.449696
0.58885 0.232091 0.450183
0.456613 0.294385 0.447628
0.419554 0.244191 0.573954
0.596579 0.21323 0.510181
0.46822 0.290459 0.465234
0.465905 0.245947 0.579925
0.56306 0.274495 0.517922
0.53927 0.285108 0.504393
0.433006 0.280467 0.49019
0.5328 0.29119 0.51579
0.431595 0.234373 0.583414
0.583442 0.233322 0.488028
0.458087 0.275164 0.546787
0.560774 0.261889 0.486421
0.440572 0.264073 0.423882
0.474584 0.212063 0.392838
0.589298 0.224354 0.480492
0.40742 0.223537 0.407924
0.550215 0.267897 0.547713
0.411803 0.242585 0.533077
0.516057 0.220816 0.592011
0.477708 0.273495 0.5243
0.596895 0.211879 0.490005
0.580792 0.238539 0.515553
0.536456 0.268638 0.456511
0.527234 0.215407 0.596389
0.506153 0.225648 0.404414
0.598925 0.204346 0.515949
0.457109 0.260556 0.567027
0.574343 0.248536 0.476325
0.553396 0.219576 0.596609
0.434085 0.274793 0.441024
0.537049 0.214793 0.392151
0.520058 0.262591 0.564857
0.491133 0.270254 0.472415
0.603261 0.199328 0.523251
0.483206 0.275725 0.454893
0.527596 0.275926 0.530539
0.549057 0.263763 0.557983
0.438893 0.270269 0.553993
0.545509 0.270085 0.451025
0.51852 0.269232 0.428902
0.393211 0.207115 0.511913
0.423128 0.260454 0.518982
0.431114 0.271874 0.527903
0.518253 0.265935 0.493042
0.431144 0.262603 0.447118
0.488192 0.256987 0.427481
0.513595 0.232171 0.579717
0.582835 0.227483 0.471243
0.538431 0.213251 0.595653
0.473135 0.205238 0.392737
0.515971 0.221059 0.586566
0.545745 0.260885 0.514152
0.52084 0.250918 0.4638
0.426586 0.249004 0.482625
0.598498 0.205873 0.480778
0.565756 0.240232 0.570793
0.477856 0.254641 0.557164
0.503174 0.234811 0.414819
0.61358 0.188747 0.593573
0.546826 0.260805 0.51421
0.603372 0.201626 0.567631
0.503604 0.2558 0.504166
0.471778 0.265993 0.446028
0.392404 0.203466 0.529083
0.55014 0.254107 0.491251
0.456392 0.263823 0.512786
0.45857 0.263401 0.499972
0.543148 0.239468 0.415189
0.403752 0.21508 0.40657
0.507374 0.256857 0.509207
0.398399 0.206321 0.582715
0.505064 0.257737 0.541301
0.528522 0.231348 0.583254
0.599297 0.206895 0.44193
0.482629 0.215888 0.58799
0.490601 0.260697 0.432254
0.470427 0.266289 0.444817
0.528514 0.22248 0.40392
0.513888 0.259837 0.517836
0.395485 0.209277 0.567346
0.429594 0.221142 0.582436
0.506251 0.247242 0.525133
0.442302 0.234919 0.415509
0.40916 0.226172 0.430642
0.54055 0.246801 0.510262
0.470725 0.199335 0.392333
0.605273 0.191951 0.591676
0.413153 0.225318 0.5261
0.44898 0.251316 0.490356
0.445385 0.235529 0.572806
0.530605 0.23818 0.467065
0.551333 0.24456 0.454399
0.462352 0.249774 0.489185
0.56901 0.224483 0.416023
0.516971 0.242516 0.428207
0.596549 0.200467 0.582534
0.571214 0.233056 0.479949
0.519491 0.23487 0.488711
0.491996 0.220372 0.410099
0.456183 0.254664 0.436254
0.539108 0.24266 0.497682
0.493542 0.243938 0.464872
0.487016 0.244373 0.503748
0.588173 0.213926 0.53175
0.46875 0.248659 0.486198
0.526376 0.23661 0.488655
0.450581 0.216671 0.401897
0.451257 0.245963 0.558328
0.486532 0.206833 0.399151
0.497298 0.223233 0.412709
0.569365 0.237336 0.448642
0.429843 0.25071 0.447457
0.398584 0.205433 0.510378
0.542828 0.222518 0.585368
0.485302 0.243786 0.492025
0.568092 0.236417 0.492639
0.427469 0.231607 0.504751
0.523497 0.218926 0.416051
0.578012 0.218311 0.46917
0.448569 0.19206 0.387501
0.543023 0.234634 0.433868
0.468245 0.193419 0.391406
0.457052 0.202901 0.593081
0.488478 0.234192 0.540322
0.58331 0.210063 0.51709
0.472651 0.238996 0.454134
0.470051 0.239495 0.454817
0.530712 0.237208 0.541121
0.431563 0.229785 0.420512
0.419596 0.217516 0.415372
0.441024 0.237686 0.480102
0.415598 0.224365 0.429498
0.538144 0.189597 0.604724
0.537696 0.224709 0.474808
0.519516 0.19854 0.592146
0.508159 0.233795 0.554515
0.529601 0.231161 0.504438
0.528117 0.217108 0.413663
0.515005 0.231832 0.510663
0.408377 0.218299 0.443459
0.513389 0.225324 0.571087
0.547528 0.229466 0.469462
0.50063 0.236718 0.440088
0.390851 0.191988 0.583971
0.442839 0.243708 0.434489
0.39423 0.182703 0.610578
0.443695 0.238877 0.510812
0.582161 0.215172 0.45531
0.548568 0.214073 0.586364
0.560062 0.236006 0.546225
0.450265 0.240501 0.468463
0.524017 0.218794 0.415853
0.42576 0.226658 0.4338
0.545085 0.222775 0.515026
0.496793 0.222086 0.515126
0.488205 0.216885 0.568779
0.546105 0.2228 0.56979
0.465599 0.187812 0.38991
0.533576 0.191531 0.597179
0.56598 0.223718 0.556568
0.499818 0.223168 0.542198
0.491329 0.222744 0.545081
0.393049 0.195969 0.439668
0.515086 0.213302 0.420106
0.409531 0.204784 0.569046
0.483808 0.207348 0.414399
0.570648 0.217467 0.530511
0.461409 0.223855 0.489737
0.506335 0.2192 0.504577
0.556555 0.221744 0.458507
0.545434 0.227695 0.55447
0.575611 0.213457 0.459934
0.51996 0.222417 0.51212
0.574984 0.208167 0.578434
0.547178 0.223528 0.518789
0.447815 0.221865 0.565857
0.575972 0.214478 0.434312
0.569307 0.219618 0.445908
0.558186 0.218416 0.480074
0.555442 0.193873 0.599889
0.386828 0.183323 0.465203
0.51359 0.211484 0.575247
0.527515 0.200051 0.587542
0.51914 0.21405 0.463692
0.484552 0.224873 0.4366
0.580942 0.204664 0.518092
0.403996 0.20676 0.437335
0.485055 0.222305 0.552426
0.427102 0.209025 0.567834
0.545245 0.214258 0.532534
0.612065 0.178651 0.599282
0.498257 0.203566 0.575354
0.448587 0.215842 0.551977
0.453692 0.186438 0.391242
0.405316 0.191777 0.493882
0.447606 0.21393 0.514595
0.501371 0.190667 0.590093
0.404961 0.193173 0.525151
0.588304 0.192111 0.486238
0.527573 0.205892 0.495727
0.614839 0.172473 0.50561
0.51759 0.214064 0.531197
0.426738 0.209548 0.495382
0.459931 0.211954 0.508927
0.43256 0.216329 0.425893
0.54583 0.20356 0.580517
0.484103 0.207177 0.465552
0.47528 0.210122 0.46336
0.461492 0.217366 0.444249
0.587825 0.183531 0.388722
0.393517 0.1894 0.441595
0.441757 0.179167 0.607584
0.563811 0.215184 0.560758
0.575586 0.203998 0.532776
0.520074 0.196786 0.582645
0.455891 0.215279 0.465183
0.566937 0.212459 0.4373
0.392557 0.185351 0.530319
0.465246 0.209879 0.424014
0.381291 0.175006 0.518272
0.44987 0.213791 0.497286
0.547876 0.214063 0.441852
0.536774 0.208278 0.500517
0.60074 0.187073 0.456665
0.423563 0.197514 0.488463
0.571081 0.193629 0.413618
0.515777 0.195009 0.418479
0.543032 0.20351 0.534293
0.453166 0.20276 0.47071
0.450413 0.180511 0.389176
0.488086 0.194831 0.496555
0.524025 0.204061 0.533093
0.416287 0.178531 0.382282
0.427632 0.186081 0.395155
0.518123 0.189884 0.471828
0.509275 0.178741 0.599562
0.586678 0.191441 0.42857
0.593269 0.184189 0.535465
0.565319 0.204591 0.553722
0.495409 0.191249 0.581883
0.397433 0.187199 0.558528
0.567539 0.203996 0.562626
0.507655 0.199845 0.426937
0.536197 0.185942 0.590771
0.448533 0.206889 0.45127
0.401158 0.187982 0.572024
0.430816 0.207415 0.449455
0.485432 0.195355 0.503238
0.389167 0.180964 0.417187
0.60421 0.175944 0.512359
0.581576 0.1807 0.388182
0.384085 0.172098 0.47954
0.519858 0.190117 0.470818
0.517971 0.19663 0.498972
0.558559 0.199036 0.498789
0.545867 0.202608 0.527095
0.614612 0.175972 0.580996
0.567846 0.189413 0.402101
0.502518 0.19201 0.471755
0.559507 0.176874 0.610418
0.418938 0.179366 0.394918
0.572629 0.191699 0.429926
0.385942 0.170386 0.490279
0.557463 0.193199 0.539609
0.579168 0.186672 0.456742
0.4373 0.1777 0.39031
0.592445 0.174391 0.386577
0.392543 0.173494 0.491114
0.415885 0.188611 0.428707
0.580418 0.171086 0.615072
0.479001 0.18501 0.514516
0.519163 0.189976 0.446452
0.568807 0.178594 0.598745
0.384514 0.173053 0.42104
0.413221 0.183972 0.518051
0.499719 0.168854 0.611536
0.557953 0.188738 0.471853
0.560287 0.190951 0.461785
0.437811 0.194566 0.5641
0.425127 0.173203 0.604119
0.631737 0.161536 0.626374
0.400656 0.166608 0.622987
0.507527 0.170084 0.608469
0.479385 0.188726 0.536961
0.626011 0.166819 0.55978
0.617287 0.166891 0.620967
0.543943 0.188718 0.50078
0.512404 0.186167 0.578575
0.469276 0.192314 0.436628
0.384211 0.170522 0.44896
0.488396 0.192033 0.562136
0.408945 0.177011 0.592165
0.569452 0.185213 0.408378
0.535396 0.19404 0.555282
0.402345 0.181184 0.540237
0.434524 0.192661 0.499258
0.420174 0.181093 0.54291
0.575804 0.18122 0.446661
0.498718 0.182372 0.570439
0.572325 0.182218 0.546085
0.46729 0.182323 0.438507
0.423214 0.172999 0.39015
0.453911 0.181165 0.52304
0.50372 0.180076 0.448271
0.414964 0.176782 0.471337
0.481394 0.174591 0.588651
0.436342 0.18442 0.566114
0.529139 0.182323 0.531736
0.541756 0.182222 0.529537
0.426595 0.183484 0.551114
0.500634 0.175138 0.481636
0.501129 0.167997 0.3827
0.476576 0.162846 0.373868
0.550932 0.172905 0.596932
0.610466 0.166764 0.466792
0.561152 0.166861 0.616344
0.552022 0.183024 0.537951
0.41152 0.175935 0.41383
0.590702 0.17303 0.523585
0.473505 0.178488 0.579413
0.61291 0.167729 0.450634
0.619656 0.163661 0.46576
0.508442 0.161533 0.620929
0.397711 0.172621 0.432054
0.414171 0.173852 0.397997
0.498385 0.172354 0.397893
0.416078 0.169813 0.380548
0.506704 0.174975 0.405995
0.530506 0.17474 0.475377
0.507029 0.175409 0.471111
0.54762 0.165261 0.617234
0.551337 0.173793 0.390886
0.416346 0.171933 0.529408
0.458533 0.166409 0.393979
0.443368 0.175316 0.428328
0.615584 0.16261 0.532522
0.476877 0.157944 0.366637
0.406454 0.166937 0.389505
0.477871 0.171156 0.541034
0.53588 0.173376 0.536255
0.631747 0.159796 0.401121
0.395143 0.165319 0.491184
0.480683 0.16825 0.484433
0.400734 0.167678 0.420664
0.374029 0.163585 0.547679
0.367895 0.162979 0.568749
0.409102 0.16472 0.605293
0.526956 0.173998 0.57404
0.504966 0.167846 0.481352
0.420478 0.171136 0.474048
0.547685 0.170237 0.469632
0.476694 0.172622 0.43766
0.476398 0.16697 0.593638
0.445504 0.174145 0.553355
0.567464 0.176035 0.567393
0.492247 0.172927 0.435488
0.502048 0.170271 0.518606
0.504264 0.17399 0.557915
0.637825 0.156283 0.366229
0.501052 0.172763 0.545353
0.591533 0.163764 0.375549
0.559338 0.172789 0.455321
0.523376 0.157256 0.627476
0.57828 0.169838 0.472764
0.577384 0.171049 0.461333
0.612692 0.161893 0.489255
0.548176 0.172487 0.41709
0.525937 0.159524 0.620214
0.411831 0.163755 0.438531
0.483116 0.16208 0.51659
0.614257 0.157964 0.489811
0.396637 0.16034 0.483862
0.479746 0.162876 0.533039
0.400249 0.161419 0.38596
0.572292 0.165359 0.547724
0.361259 0.157005 0.556716
0.532218 0.164862 0.436269
0.42061 0.158896 0.611909
0.395524 0.160009 0.469009
0.373294 0.158993 0.536285
0.615956 0.158474 0.457858
0.446988 0.165255 0.568841
0.573101 0.163541 0.403078
0.580052 0.161384 0.383363
0.462198 0.155017 0.361606
0.439313 0.165546 0.45221
0.583831 0.164095 0.42326
0.552228 0.16431 0.583723
0.461638 0.158908 0.607828
0.494523 0.161736 0.492609
0.613811 0.160455 0.581268
0.541502 0.163471 0.587309
0.575728 0.158233 0.626094
0.530869 0.164651 0.532303
0.42921 0.165612 0.417531
0.430772 0.165166 0.567692
0.533374 0.164334 0.417605
0.435751 0.165497 0.418592
0.636524 0.155165 0.442932
0.503079 0.161375 0.483289
0.49719 0.164513 0.546973
0.636846 0.154991 0.445405
0.505973 0.15851 0.375101
0.476238 0.162117 0.524933
0.407593 0.154902 0.610529
0.481073 0.156392 0.540297
0.464533 0.156698 0.580006
0.405283 0.155952 0.488593
0.635424 0.152554 0.518405
0.381357 0.155733 0.385549
0.413991 0.157339 0.423901
0.485993 0.155708 0.505315
0.535207 0.155585 0.485926
0.594228 0.156054 0.586726
0.630441 0.153176 0.525154
0.378278 0.153493 0.640894
0.592444 0.154888 0.373642
0.48819 0.156706 0.439712
0.39007 0.153129 0.640876
0.585795 0.156346 0.406547
0.368632 0.15447 0.539357
0.421899 0.154592 0.609005
0.499067 0.156266 0.58866
0.422303 0.155373 0.597075
0.381075 0.155269 0.522644
0.505205 0.156922 0.543852
0.425239 0.157266 0.485365
0.53982 0.152478 0.635415
0.559858 0.156733 0.508948
0.538191 0.153661 0.364008
0.381025 0.155862 0.545706
0.581089 0.156439 0.403399
0.475353 0.153852 0.372794
0.565662 0.152405 0.642792
0.556268 0.156883 0.520277
0.620639 0.154821 0.554481
0.447645 0.15243 0.633056
0.602995 0.15378 0.632543
0.388286 0.154806 0.452729
0.613277 0.15505 0.39979
0.404219 0.15 0.596413
0.642895 0.15 0.486958
0.396437 0.15 0.416204
0.442398 0.15 0.467017
0.35466 0.15 0.443753
0.360694 0.15 0.386384
0.442279 0.15 0.438067
0.523269 0.15 0.61118
0.483369 0.15 0.409676
0.500224 0.15 0.475907
0.389726 0.15 0.427016
0.524661 0.15 0.515981
0.401024 0.15 0.383564
0.428802 0.15 0.446793
0.584858 0.15 0.485081
0.619759 0.15 0.623971
0.393663 0.15 0.366324
0.566785 0.15 0.46894
0.425414 0.15 0.596715
0.62203 0.15 0.394386
0.584758 0.15 0.584071
0.546432 0.15 0.413869
0.39174 0.15 0.536187
0.562922 0.15 0.469956
0.434808 0.15 0.589216
0.408449 0.15 0.465323
0.515047 0.15 0.562528
0.40714 0.15 0.53117
0.378483 0.15 0.649249
0.635992 0.15 0.417266
0.383363 0.15 0.501955
0.405373 0.15 0.638116
0.499236 0.15 0.622845
0.426046 0.15 0.359458
0.384819 0.15 0.517766
0.584501 0.15 0.359723
