2196 0.012625
0.388144 0.288764 0.391656
0.440202 0.23443 0.337821
0.465304 0.192466 0.324501
0.495121 0.184973 0.325691
0.520099 0.192432 0.336429
0.548105 0.237488 0.350097
0.345124 0.234663 0.435955
0.351166 0.278091 0.351653
0.433009 0.285084 0.292768
0.499817 0.269916 0.279525
0.574899 0.28718 0.310123
0.627524 0.260858 0.369291
0.339122 0.214335 0.468191
0.290203 0.275286 0.429347
0.415426 0.414512 0.408533
0.502473 0.413404 0.401106
0.609841 0.406322 0.42005
0.697344 0.247486 0.434309
0.332305 0.198658 0.490239
0.284574 0.270182 0.507254
0.417995 0.418909 0.503129
0.509025 0.416509 0.500734
0.615346 0.402106 0.503888
0.7094 0.232982 0.50553
0.341306 0.209339 0.519129
0.318017 0.268804 0.580962
0.416748 0.389985 0.623814
0.498916 0.394963 0.624633
0.600535 0.389889 0.605889
0.684735 0.231482 0.562533
0.358625 0.270534 0.559834
0.379717 0.239791 0.612264
0.435195 0.23736 0.676294
0.49846 0.234942 0.702047
0.561315 0.254174 0.692475
0.629867 0.255748 0.619682
0.368882 0.252562 0.371341
0.361217 0.264246 0.562106
0.284171 0.240789 0.510877
0.60322 0.40646 0.495329
0.438209 0.330003 0.683545
0.532344 0.18682 0.324055
0.357935 0.230606 0.56842
0.371799 0.273022 0.573032
0.659011 0.210223 0.48369
0.47175 0.171613 0.303879
0.606178 0.27 0.604438
0.641575 0.25968 0.625915
0.510268 0.297964 0.708552
0.500102 0.41593 0.541781
0.630552 0.397926 0.465213
0.659464 0.215293 0.47019
0.3223 0.197301 0.534772
0.409448 0.27393 0.370026
0.530411 0.220191 0.687757
0.373262 0.235127 0.59904
0.356825 0.250445 0.630059
0.400485 0.382941 0.626555
0.332824 0.202334 0.539667
0.529793 0.383071 0.642527
0.407526 0.264934 0.62031
0.66075 0.196215 0.556563
0.539311 0.409254 0.554898
0.434558 0.251737 0.685811
0.650201 0.231425 0.586577
0.452581 0.419243 0.501776
0.481669 0.194657 0.679348
0.660782 0.214704 0.570883
0.588533 0.410968 0.473855
0.641229 0.227379 0.565842
0.512643 0.226862 0.695289
0.338473 0.220597 0.431169
0.35139 0.228845 0.574884
0.300117 0.233037 0.428234
0.647652 0.283978 0.629247
0.689105 0.243853 0.423965
0.447901 0.417257 0.416062
0.531813 0.18634 0.321254
0.470503 0.234602 0.702583
0.46984 0.190139 0.66667
0.575331 0.409318 0.532031
0.52235 0.415478 0.499367
0.53548 0.206138 0.655316
0.631452 0.315667 0.342768
0.473029 0.416789 0.465373
0.710309 0.261169 0.537266
0.37337 0.381392 0.606609
0.316872 0.278145 0.575748
0.669309 0.211279 0.411703
0.410431 0.25051 0.625623
0.65687 0.307258 0.620348
0.466995 0.417182 0.436905
0.368003 0.238667 0.604726
0.510111 0.41593 0.466398
0.335949 0.265547 0.620372
0.656302 0.317269 0.367712
0.447036 0.413577 0.398835
0.334427 0.19705 0.5134
0.660032 0.258633 0.611998
0.379827 0.254346 0.583519
0.526997 0.214754 0.656799
0.680932 0.201424 0.464742
0.657903 0.256868 0.389852
0.531881 0.283257 0.710156
0.424348 0.290195 0.682268
0.330622 0.199239 0.535801
0.442541 0.308464 0.692024
0.634834 0.255048 0.613702
0.29148 0.194661 0.457588
0.286931 0.204458 0.456253
0.427194 0.22213 0.321848
0.692693 0.214548 0.441525
0.682412 0.199723 0.437988
0.52634 0.188998 0.308165
0.700423 0.22816 0.449707
0.664562 0.23457 0.585952
0.558235 0.329542 0.680983
0.279034 0.234624 0.457504
0.510067 0.246275 0.280008
0.699591 0.283996 0.543507
0.432177 0.265169 0.291391
0.630225 0.225977 0.386898
0.592207 0.408638 0.503494
0.345557 0.244826 0.620748
0.524826 0.243517 0.704826
0.284781 0.209046 0.496708
0.472632 0.409918 0.382406
0.668122 0.207629 0.478504
0.699043 0.208618 0.497642
0.52892 0.408231 0.572395
0.516231 0.415173 0.437232
0.688196 0.341075 0.462302
0.442163 0.21403 0.656869
0.387877 0.276904 0.389087
0.579499 0.341427 0.317676
0.567827 0.392014 0.357939
0.48187 0.227996 0.699523
0.452537 0.26794 0.282437
0.533973 0.414292 0.501205
0.609659 0.248934 0.38471
0.428091 0.228927 0.337563
0.688904 0.20404 0.449167
0.60294 0.246036 0.378384
0.411676 0.417931 0.442536
0.408751 0.27744 0.625012
0.282694 0.201778 0.484863
0.636349 0.394822 0.455489
0.67748 0.201148 0.455906
0.485322 0.332424 0.290014
0.517393 0.195755 0.297671
0.435585 0.22548 0.647921
0.37732 0.402591 0.546741
0.524494 0.198907 0.670881
0.676643 0.318142 0.394083
0.433177 0.415589 0.408472
0.560733 0.215951 0.648703
0.396772 0.243688 0.641938
0.310747 0.220104 0.542938
0.659726 0.216471 0.465381
0.386217 0.243071 0.623828
0.322924 0.371755 0.49597
0.396422 0.266898 0.377651
0.396781 0.247282 0.613496
0.50435 0.416094 0.471548
0.546866 0.289991 0.292435
0.532063 0.283108 0.709803
0.56411 0.229269 0.351618
0.666107 0.367058 0.525576
0.324424 0.373535 0.491538
0.328727 0.189573 0.479656
0.492218 0.381289 0.649067
0.320442 0.259104 0.592284
0.335063 0.33013 0.614421
0.565463 0.230648 0.645843
0.371568 0.277534 0.650071
0.453854 0.393698 0.348995
0.660505 0.215141 0.462141
0.54369 0.233619 0.645517
0.531632 0.40704 0.381988
0.561189 0.219667 0.648045
0.299279 0.235835 0.538687
0.290296 0.223812 0.51488
0.324601 0.245692 0.597127
0.663224 0.212805 0.466192
0.343455 0.232826 0.430405
0.504324 0.200001 0.291885
0.688761 0.340209 0.489889
0.696205 0.322589 0.456926
0.541594 0.234961 0.298036
0.446572 0.300693 0.289972
0.292434 0.297731 0.519135
0.684743 0.250046 0.417483
0.294217 0.254684 0.537443
0.382862 0.290633 0.323267
0.439854 0.304227 0.292511
0.419575 0.244936 0.633639
0.637057 0.22604 0.395568
0.32667 0.191502 0.512677
0.711778 0.243893 0.505654
0.325075 0.189311 0.486006
0.432251 0.236378 0.669508
0.51996 0.212574 0.662612
0.323149 0.269492 0.596242
0.616092 0.37085 0.621823
0.428943 0.220834 0.326519
0.366899 0.258999 0.570417
0.433125 0.270637 0.291583
0.551915 0.224765 0.316969
0.317998 0.185067 0.504657
0.394088 0.311338 0.669944
0.612079 0.240874 0.382773
0.712087 0.246837 0.518724
0.697912 0.238417 0.549403
0.582852 0.400476 0.580843
0.303522 0.271266 0.552616
0.36593 0.402731 0.502176
0.322976 0.246471 0.39364
0.304014 0.233589 0.54362
0.518362 0.185557 0.314967
0.329685 0.196114 0.469908
0.515905 0.217611 0.289108
0.48856 0.205344 0.286709
0.432946 0.235108 0.338107
0.337016 0.304219 0.357236
0.56988 0.39881 0.372259
0.627852 0.239461 0.396502
0.342045 0.219256 0.538319
0.683505 0.20696 0.545884
0.329531 0.200479 0.452562
0.451654 0.371229 0.657799
0.534575 0.193451 0.330552
0.434333 0.215987 0.326754
0.552069 0.313562 0.690698
0.649328 0.21732 0.413302
0.501377 0.206594 0.289156
0.541492 0.412797 0.503578
0.314169 0.184641 0.502297
0.568892 0.273455 0.308798
0.503551 0.414885 0.41476
0.563269 0.254311 0.690186
0.308495 0.262952 0.563849
0.318726 0.205972 0.43501
0.307499 0.288163 0.557923
0.305319 0.346307 0.50112
0.712012 0.246042 0.468428
0.70319 0.288526 0.527191
0.621215 0.400588 0.414483
0.361487 0.256044 0.636125
0.534226 0.206781 0.676771
0.501341 0.396459 0.350213
0.564221 0.219814 0.670225
0.55461 0.208597 0.336609
0.374799 0.240246 0.590843
0.418523 0.24003 0.331724
0.340567 0.348511 0.373291
0.354421 0.308891 0.339706
0.527233 0.356774 0.670893
0.485704 0.207546 0.285898
0.498366 0.181711 0.309162
0.523386 0.387567 0.335179
0.318824 0.36287 0.463316
0.289854 0.215452 0.508429
0.649485 0.357175 0.589278
0.565878 0.224183 0.339594
0.600092 0.248672 0.62143
0.619233 0.367919 0.621261
0.405174 0.388419 0.353822
0.451475 0.413119 0.398897
0.485377 0.412947 0.397528
0.378019 0.259665 0.383877
0.526423 0.199418 0.667517
0.570504 0.229339 0.348491
0.6666 0.200132 0.511274
0.589901 0.239921 0.647707
0.589149 0.410895 0.445912
0.707041 0.231054 0.470426
0.477135 0.182974 0.316375
0.357359 0.275649 0.35083
0.462029 0.254008 0.705023
0.666631 0.193752 0.512675
0.565092 0.407935 0.539263
0.373286 0.405989 0.463593
0.314294 0.219768 0.543825
0.645813 0.220898 0.576913
0.431714 0.346299 0.312195
0.529473 0.252404 0.284232
0.529004 0.313799 0.700995
0.538952 0.379452 0.644136
0.282158 0.211377 0.488584
0.362279 0.288254 0.342771
0.65015 0.376083 0.541408
0.372191 0.333646 0.329161
0.314142 0.235768 0.555758
0.469014 0.214456 0.28427
0.67275 0.1881 0.517588
0.63204 0.240744 0.400065
0.358427 0.389186 0.562174
0.670748 0.367538 0.469355
0.512777 0.23335 0.697745
0.71024 0.240392 0.477161
0.685988 0.245145 0.566769
0.661437 0.256973 0.394154
0.557302 0.247724 0.308684
0.461162 0.416277 0.45948
0.410245 0.262867 0.629411
0.665102 0.194572 0.522038
0.414776 0.416881 0.51326
0.45994 0.19747 0.294255
0.637704 0.347441 0.359464
0.613662 0.235216 0.365389
0.605519 0.247064 0.379053
0.706989 0.233815 0.524177
0.428955 0.412797 0.5576
0.296087 0.292976 0.531092
0.36043 0.35409 0.35576
0.50219 0.208824 0.665577
0.460055 0.416677 0.464122
0.63184 0.298416 0.357282
0.56703 0.216013 0.655936
0.449862 0.198306 0.301368
0.289785 0.285346 0.510173
0.468252 0.267223 0.710319
0.426535 0.237106 0.337497
0.316822 0.211132 0.43361
0.355845 0.258374 0.363628
0.369819 0.390381 0.578946
0.429648 0.256929 0.682087
0.484914 0.181665 0.308316
0.302325 0.245663 0.418315
0.466591 0.220758 0.284445
0.386838 0.401972 0.561158
0.441714 0.26862 0.288143
0.663498 0.20848 0.561615
0.618235 0.259891 0.638863
0.375569 0.261969 0.646511
0.597902 0.250266 0.66789
0.664565 0.3708 0.439528
0.320356 0.287671 0.381418
0.355833 0.395736 0.435126
0.535006 0.371951 0.65328
0.665914 0.205663 0.503849
0.297376 0.21028 0.51534
0.48198 0.416012 0.420263
0.594964 0.39765 0.576621
0.594897 0.396425 0.379077
0.368931 0.243827 0.582091
0.408482 0.255967 0.350779
0.347359 0.247592 0.414733
0.517088 0.213123 0.665874
0.329794 0.378486 0.477984
0.509854 0.413859 0.463118
0.434368 0.216972 0.31439
0.301668 0.301993 0.544927
0.438919 0.225196 0.303387
0.327802 0.315254 0.367707
0.352998 0.253567 0.390583
0.639079 0.256352 0.607645
0.503079 0.408287 0.578841
0.631282 0.246397 0.584775
0.603435 0.251913 0.631349
0.401044 0.262241 0.358396
0.71187 0.250691 0.481321
0.304564 0.249654 0.409923
0.514487 0.21134 0.668925
0.429916 0.237604 0.334887
0.444807 0.255032 0.287732
0.454115 0.397395 0.613547
0.497266 0.415065 0.499875
0.679124 0.353798 0.49209
0.505679 0.414275 0.484846
0.474743 0.416333 0.492633
0.312377 0.35372 0.467343
0.307093 0.182509 0.469049
0.673522 0.203813 0.437073
0.646432 0.225715 0.575294
0.615946 0.401667 0.482904
0.398502 0.270477 0.615583
0.516065 0.202948 0.298308
0.293524 0.305307 0.443119
0.450684 0.211273 0.658929
0.440848 0.418066 0.495824
0.291852 0.31242 0.459678
0.331189 0.21225 0.441671
0.296324 0.226141 0.521715
0.327587 0.306739 0.369916
0.643491 0.26288 0.621613
0.669046 0.206987 0.49293
0.591165 0.407403 0.501867
0.704217 0.228491 0.513083
0.512131 0.408912 0.38965
0.548149 0.305911 0.294035
0.408668 0.416701 0.445793
0.351706 0.241143 0.561685
0.670591 0.208314 0.556823
0.648633 0.230189 0.413395
0.636866 0.282635 0.637084
0.316315 0.243466 0.56174
0.7103 0.251214 0.512551
0.543318 0.407576 0.543252
0.520505 0.219437 0.664328
0.533579 0.21894 0.657751
0.42204 0.294685 0.30086
0.648253 0.277454 0.38272
0.684088 0.208874 0.446752
0.657339 0.354424 0.573186
0.287572 0.222534 0.451805
0.349438 0.358006 0.605499
0.389663 0.306446 0.665453
0.635634 0.236808 0.397267
0.358422 0.242289 0.58734
0.387141 0.385866 0.609611
0.621673 0.396365 0.524375
0.697953 0.288255 0.538109
0.514569 0.407988 0.568382
0.585249 0.246773 0.641205
0.573429 0.242652 0.645658
0.330844 0.245696 0.399375
0.352214 0.389728 0.546369
0.447935 0.223782 0.674141
0.332196 0.227036 0.555541
0.361381 0.243557 0.593156
0.652809 0.271287 0.387573
0.563982 0.220548 0.653998
0.399972 0.248796 0.635752
0.578727 0.410989 0.452702
0.638729 0.237144 0.40209
0.413542 0.419056 0.475064
0.661656 0.354963 0.561197
0.592531 0.239468 0.354042
0.692541 0.312243 0.442768
0.54625 0.4114 0.465251
0.327761 0.366628 0.428007
0.30279 0.252374 0.415096
0.703735 0.252054 0.540079
0.373867 0.277596 0.586669
0.526874 0.228692 0.66065
0.404374 0.251315 0.651128
0.382536 0.310931 0.317957
0.365826 0.304119 0.647692
0.455467 0.25561 0.283834
0.591342 0.264152 0.671179
0.640833 0.360572 0.372734
0.378198 0.257312 0.592357
0.439279 0.268378 0.290713
0.646143 0.261526 0.609689
0.339422 0.381083 0.422441
0.587142 0.407133 0.507213
0.621211 0.386916 0.571865
0.477012 0.334555 0.293082
0.489813 0.290054 0.28394
0.54848 0.408622 0.525834
0.479292 0.191967 0.312968
0.614291 0.262084 0.651066
0.392573 0.325625 0.666211
0.612018 0.399922 0.521119
0.3649 0.258092 0.57819
0.303829 0.187589 0.466158
0.693191 0.229939 0.543745
0.583789 0.409756 0.459855
0.664384 0.367568 0.422842
0.469504 0.36879 0.3186
0.482206 0.204577 0.682987
0.336922 0.223517 0.54212
0.386885 0.254369 0.610525
0.643066 0.389291 0.446096
0.514581 0.197491 0.325338
0.327198 0.271026 0.599909
0.561697 0.226726 0.67296
0.394845 0.263415 0.617936
0.601281 0.242222 0.3622
0.56314 0.282395 0.305907
0.647668 0.26386 0.611113
0.334401 0.381764 0.511997
0.376121 0.313634 0.321973
0.548484 0.312313 0.690389
0.622436 0.318839 0.334974
0.465245 0.204449 0.663393
0.679234 0.257956 0.575965
0.624535 0.273966 0.645087
0.338348 0.383602 0.53389
0.69805 0.307277 0.502214
0.529547 0.410456 0.412414
0.36079 0.312405 0.644019
0.587146 0.246353 0.647067
0.391994 0.312458 0.666279
0.516295 0.232453 0.289863
0.650151 0.384436 0.458859
0.622178 0.395203 0.52622
0.571188 0.234093 0.668892
0.50353 0.413081 0.510871
0.706592 0.247486 0.528574
0.303728 0.338391 0.464788
0.414211 0.327465 0.673712
0.675383 0.203799 0.50299
0.692794 0.209671 0.522699
0.492345 0.413171 0.44348
0.293619 0.315171 0.460948
0.655107 0.220907 0.558834
0.480303 0.187975 0.302116
0.57779 0.237105 0.653199
0.454136 0.387838 0.630745
0.570892 0.261372 0.681233
0.315489 0.201982 0.513493
0.529776 0.41023 0.520445
0.293117 0.250148 0.518138
0.634962 0.258572 0.386686
0.281069 0.246679 0.486486
0.649461 0.253471 0.593661
0.707644 0.275292 0.489794
0.3504 0.312243 0.346944
0.306504 0.200558 0.453937
0.430553 0.243317 0.326849
0.452545 0.284063 0.288611
0.481457 0.411828 0.553492
0.51649 0.20043 0.315151
0.426221 0.250731 0.66116
0.579173 0.347444 0.324017
0.571506 0.25199 0.678447
0.562811 0.403681 0.549636
0.57353 0.245368 0.34923
0.671811 0.217771 0.481247
0.503514 0.404983 0.585737
0.476926 0.196992 0.663617
0.326117 0.366275 0.543323
0.494311 0.412349 0.540912
0.510035 0.388728 0.630553
0.324706 0.301058 0.377547
0.312998 0.353645 0.531239
0.346408 0.387396 0.426578
0.625174 0.260136 0.598195
0.538318 0.21071 0.328957
0.347993 0.260971 0.561443
0.325921 0.215936 0.45261
0.477995 0.414532 0.539432
0.295593 0.275045 0.427521
0.381043 0.327023 0.321577
0.419616 0.251744 0.646786
0.535713 0.409441 0.499225
0.526566 0.25347 0.705368
0.353766 0.261546 0.390541
0.374145 0.259759 0.599804
0.481679 0.229577 0.693836
0.479845 0.413325 0.541202
0.338324 0.241329 0.545451
0.395272 0.391039 0.368776
0.34835 0.313793 0.349714
0.587515 0.281077 0.670239
0.702637 0.239757 0.518654
0.328147 0.288843 0.601223
0.503394 0.408391 0.394681
0.674609 0.211882 0.498222
0.591028 0.27807 0.326086
0.295097 0.251724 0.520255
0.447467 0.415216 0.435191
0.667843 0.232695 0.412692
0.669217 0.20687 0.538751
0.459656 0.331382 0.296574
0.310881 0.220241 0.528349
0.492286 0.411579 0.450463
0.449059 0.250286 0.690049
0.484473 0.222997 0.28779
0.530873 0.230947 0.300098
0.628775 0.341425 0.63251
0.414506 0.285068 0.672114
0.576613 0.249274 0.350352
0.502539 0.243822 0.700013
0.439566 0.407709 0.575004
0.641976 0.269232 0.61805
0.691602 0.232326 0.450654
0.437078 0.239211 0.320316
0.566311 0.241558 0.653171
0.322918 0.269767 0.386034
0.538982 0.403468 0.566002
0.387986 0.26992 0.609286
0.351005 0.266555 0.567369
0.482631 0.411353 0.461679
0.285468 0.246888 0.493861
0.486116 0.202922 0.670132
0.617867 0.268326 0.619799
0.344618 0.249119 0.567641
0.65397 0.289325 0.38491
0.330862 0.295074 0.374596
0.286497 0.274852 0.457463
0.410768 0.414807 0.437227
0.387778 0.264131 0.634534
0.322099 0.27929 0.386959
0.678481 0.296056 0.57103
0.70238 0.28681 0.499424
0.321519 0.218258 0.448216
0.502967 0.230129 0.690526
0.439763 0.242529 0.304997
0.659149 0.228023 0.559702
0.362384 0.25924 0.587046
0.336209 0.244079 0.431003
0.406019 0.272309 0.641577
0.620621 0.268097 0.617663
0.34282 0.256915 0.615461
0.581505 0.389424 0.363681
0.293127 0.200095 0.468898
0.445414 0.237181 0.657912
0.700906 0.254127 0.538028
0.512056 0.399508 0.364773
0.404457 0.268598 0.322447
0.462085 0.361392 0.316943
0.588387 0.354744 0.332529
0.565672 0.302936 0.680775
0.522452 0.38349 0.334019
0.517718 0.409443 0.477945
0.471821 0.206511 0.681097
0.678287 0.206829 0.515988
0.528244 0.245362 0.292937
0.590155 0.264615 0.638458
0.284288 0.250053 0.487516
0.330067 0.258195 0.389103
0.673973 0.287009 0.408072
0.435864 0.415049 0.498831
0.435454 0.404259 0.585523
0.326083 0.286416 0.382844
0.385341 0.266979 0.631955
0.452647 0.221527 0.66584
0.576217 0.402401 0.540581
0.38931 0.408852 0.439288
0.602413 0.272699 0.350203
0.363851 0.298738 0.344624
0.433968 0.396049 0.362123
0.496918 0.409154 0.459105
0.396013 0.266073 0.642045
0.354308 0.35866 0.607385
0.440799 0.339669 0.308637
0.520904 0.217262 0.306079
0.429909 0.377965 0.336701
0.416882 0.374808 0.6387
0.295828 0.246381 0.440226
0.681681 0.222474 0.473433
0.561194 0.230438 0.664844
0.516382 0.265742 0.708208
0.638759 0.372158 0.571505
0.372035 0.294295 0.340347
0.363825 0.265376 0.590471
0.304244 0.209811 0.460782
0.446018 0.414971 0.473366
0.636178 0.254809 0.396584
0.572638 0.377359 0.344856
0.293551 0.239063 0.508028
0.483763 0.223796 0.688061
0.517048 0.273479 0.70817
0.6052 0.26825 0.648996
0.39391 0.270254 0.631388
0.353862 0.287379 0.359476
0.310907 0.309464 0.556178
0.499598 0.408898 0.49726
0.514076 0.407423 0.404364
0.441244 0.39748 0.365431
0.323232 0.281625 0.388415
0.505156 0.229822 0.68709
0.526014 0.221152 0.317647
0.376316 0.368263 0.619469
0.456299 0.293325 0.696341
0.506011 0.223766 0.29863
0.300858 0.242774 0.519456
0.409087 0.264582 0.657614
0.698235 0.311594 0.472702
0.631943 0.305596 0.360658
0.486889 0.214828 0.665009
0.340043 0.287372 0.616626
0.537354 0.226027 0.671265
0.489576 0.232836 0.290994
0.544939 0.395315 0.364452
0.295659 0.215974 0.460406
0.34458 0.301676 0.361943
0.597475 0.273983 0.632803
0.674451 0.358127 0.475432
0.608435 0.267892 0.380444
0.446762 0.242347 0.310203
0.457508 0.230943 0.303385
0.685519 0.341637 0.474028
0.306854 0.28567 0.541402
0.499934 0.220956 0.670876
0.302635 0.22923 0.51557
0.697612 0.288597 0.523243
0.322379 0.305732 0.384477
0.555115 0.396721 0.595053
0.577168 0.346738 0.660347
0.682562 0.212132 0.521217
0.339628 0.257693 0.59474
0.421742 0.292319 0.307228
0.331834 0.25925 0.58295
0.587266 0.316338 0.317141
0.456057 0.243429 0.686909
0.321077 0.276955 0.393423
0.602242 0.274075 0.643499
0.356229 0.272474 0.373921
0.648667 0.27646 0.606974
0.501878 0.380084 0.33274
0.426576 0.264488 0.657394
0.611032 0.285663 0.612867
0.311296 0.283581 0.5482
0.284033 0.227032 0.47503
0.474547 0.408196 0.465521
0.551238 0.402253 0.388353
0.29939 0.228792 0.451723
0.599165 0.278451 0.660791
0.518411 0.242221 0.691684
0.644524 0.288007 0.617176
0.671997 0.232805 0.477051
0.442347 0.248213 0.678569
0.393631 0.289833 0.631397
0.587919 0.276437 0.640971
0.349711 0.39084 0.470068
0.452685 0.241874 0.683397
0.522617 0.357542 0.311765
0.501628 0.407561 0.496977
0.667115 0.263581 0.579932
0.358842 0.274536 0.592176
0.484675 0.246156 0.697766
0.507398 0.405214 0.551499
0.703131 0.262425 0.518017
0.602723 0.399412 0.511921
0.50827 0.403794 0.567412
0.651641 0.346851 0.377532
0.29043 0.27135 0.455657
0.390667 0.347241 0.331967
0.512025 0.235813 0.299312
0.62137 0.321372 0.338996
0.646866 0.28493 0.61087
0.31913 0.25207 0.422273
0.426769 0.41394 0.492574
0.49676 0.248258 0.696224
0.589081 0.275808 0.355767
0.348971 0.301267 0.362475
0.321841 0.259996 0.404552
0.298893 0.232191 0.455679
0.300923 0.232375 0.454114
0.40386 0.273006 0.656674
0.658054 0.364253 0.404641
0.558576 0.40561 0.454465
0.544034 0.237581 0.672338
0.670014 0.361477 0.479377
0.390992 0.407124 0.504799
0.470197 0.262953 0.703303
0.558933 0.264401 0.315085
0.461685 0.267679 0.288984
0.463667 0.40439 0.578366
0.637324 0.286677 0.384187
0.422519 0.272943 0.322482
0.452841 0.410293 0.409935
0.459089 0.401717 0.589401
0.362778 0.288836 0.600229
0.60943 0.392351 0.546019
0.503564 0.403059 0.570851
0.354212 0.316956 0.351108
0.640572 0.281571 0.613392
0.557395 0.292418 0.683821
0.521366 0.348162 0.306074
0.381063 0.280328 0.619953
0.359486 0.314242 0.637171
0.395846 0.289714 0.638843
0.374712 0.379819 0.375244
0.29439 0.2393 0.462441
0.640778 0.318564 0.36459
0.480189 0.332766 0.687633
0.320424 0.246943 0.439662
0.555511 0.258567 0.321137
0.673497 0.247064 0.559096
0.664319 0.267772 0.410511
0.55207 0.256535 0.319621
0.691471 0.244566 0.470986
0.325033 0.262176 0.557885
0.598508 0.281296 0.363578
0.459357 0.40938 0.49194
0.360186 0.299342 0.356192
0.564065 0.402325 0.489999
0.466288 0.407692 0.545242
0.534837 0.246242 0.67498
0.630253 0.278721 0.391186
0.642061 0.280649 0.60377
0.473287 0.338095 0.684352
0.465239 0.399765 0.375039
0.640659 0.387156 0.439358
0.681973 0.268698 0.431745
0.304029 0.305775 0.52921
0.452435 0.374243 0.644868
0.394055 0.325924 0.319406
0.525619 0.404029 0.406375
0.506437 0.404231 0.489823
0.678979 0.234083 0.487556
0.696142 0.252846 0.480608
0.446846 0.299882 0.299072
0.497833 0.298381 0.29217
0.469499 0.279369 0.702196
0.584659 0.378101 0.353543
0.6431 0.385239 0.453791
0.306847 0.30679 0.532758
0.371367 0.399111 0.427935
0.496201 0.397728 0.59556
0.65743 0.312617 0.384561
0.671732 0.244884 0.549145
0.671315 0.246248 0.431828
0.317902 0.348344 0.536441
0.468687 0.407371 0.512378
0.686464 0.242694 0.474337
0.457967 0.239424 0.681028
0.639329 0.379291 0.527154
0.386336 0.288783 0.343566
0.656208 0.32885 0.599533
0.498706 0.241572 0.304749
0.491433 0.227448 0.678666
0.56927 0.399648 0.527455
0.315742 0.268851 0.412672
0.567742 0.40011 0.517139
0.568476 0.394847 0.584956
0.495814 0.247675 0.691617
0.303672 0.331215 0.479377
0.491019 0.403426 0.479328
0.383413 0.296253 0.621292
0.697698 0.262872 0.480992
0.331751 0.27495 0.391689
0.468839 0.322855 0.297611
0.307098 0.283134 0.52752
0.328718 0.281505 0.569217
0.402097 0.409587 0.430508
0.469983 0.387029 0.34761
0.532883 0.394131 0.601487
0.648891 0.380373 0.457464
0.44028 0.411325 0.460414
0.406844 0.410503 0.495654
0.398328 0.407902 0.502473
0.382158 0.293527 0.645126
0.304465 0.321033 0.50855
0.631464 0.329682 0.354926
0.416858 0.334606 0.318675
0.645662 0.285993 0.401884
0.292951 0.265157 0.481736
0.67732 0.271922 0.430064
0.397665 0.397494 0.567395
0.502698 0.270663 0.699888
0.609067 0.349637 0.344495
0.30335 0.269441 0.504633
0.674411 0.267689 0.42773
0.553227 0.396151 0.550733
0.352726 0.301619 0.62188
0.457017 0.26634 0.29809
0.302885 0.323869 0.467808
0.645331 0.382365 0.445752
0.326724 0.34243 0.560945
0.386969 0.295278 0.33803
0.46711 0.394059 0.606174
0.339002 0.336792 0.37868
0.685219 0.287402 0.543537
0.509364 0.250189 0.306816
0.647271 0.286048 0.399193
0.641126 0.291812 0.608814
0.56061 0.400093 0.471695
0.680146 0.240676 0.499236
0.524168 0.39864 0.561458
0.501427 0.345265 0.308316
0.673695 0.246995 0.44205
0.567353 0.40001 0.486658
0.314607 0.268814 0.525981
0.313495 0.269884 0.524073
0.508319 0.402792 0.440779
0.588613 0.397989 0.519534
0.391124 0.379521 0.612435
0.339789 0.286579 0.596535
0.361558 0.297482 0.617895
0.446501 0.291372 0.684263
0.532643 0.391908 0.366284
0.383457 0.294879 0.353762
0.519058 0.397235 0.383278
0.678568 0.280037 0.433495
0.655463 0.288597 0.405973
0.34185 0.380959 0.466502
0.522489 0.392095 0.604675
0.314087 0.283095 0.422688
0.378979 0.372531 0.610234
0.350758 0.294942 0.604005
0.544567 0.345744 0.315991
0.677529 0.242948 0.510737
0.481435 0.262657 0.296965
0.585137 0.286389 0.653955
0.545058 0.3964 0.475492
0.536641 0.265915 0.309798
0.491531 0.322692 0.298929
0.434685 0.408887 0.496097
0.648625 0.329355 0.374306
0.577786 0.400708 0.464746
0.519103 0.397816 0.56307
0.333692 0.277503 0.405552
0.422974 0.328133 0.315458
0.512826 0.397541 0.473941
0.339658 0.34371 0.384388
0.454598 0.372441 0.335558
0.691178 0.28514 0.459612
0.476756 0.251866 0.692118
0.589957 0.403935 0.434237
0.683379 0.291603 0.542014
0.590909 0.298638 0.336598
0.417736 0.289232 0.660969
0.593476 0.39208 0.559234
0.499087 0.308851 0.296985
0.314678 0.343231 0.484071
0.458893 0.245179 0.677876
0.308094 0.305069 0.509115
0.390228 0.300206 0.339485
0.323854 0.296884 0.40199
0.682046 0.313255 0.442257
0.463737 0.392885 0.603873
0.555468 0.391924 0.373604
0.515199 0.283817 0.692923
0.572142 0.367834 0.344752
0.378055 0.302974 0.625217
0.331468 0.315436 0.387581
0.50644 0.29456 0.692791
0.37774 0.307682 0.34542
0.594581 0.315534 0.653832
0.606647 0.312072 0.341802
0.439951 0.303931 0.307877
0.560472 0.394788 0.528162
0.337453 0.343205 0.577376
0.689143 0.291698 0.502783
0.512165 0.300028 0.691199
0.614655 0.388388 0.519836
0.683891 0.298803 0.446754
0.311581 0.26865 0.445046
0.352752 0.369495 0.573699
0.504977 0.300259 0.691934
0.32165 0.287459 0.542348
0.687917 0.261375 0.524835
0.552714 0.386669 0.361714
0.673838 0.303756 0.55567
0.481514 0.400655 0.522706
0.420758 0.314379 0.666478
0.570133 0.403309 0.433428
0.312784 0.320812 0.535766
0.441809 0.26864 0.678047
0.676786 0.247253 0.535882
0.357406 0.317962 0.366659
0.484535 0.394136 0.47051
0.556486 0.34154 0.662107
0.446671 0.310565 0.67848
0.352318 0.313723 0.608843
0.680556 0.324103 0.445742
0.611442 0.380846 0.580944
0.313689 0.274173 0.446072
0.42137 0.302677 0.323583
0.677256 0.330341 0.521586
0.596547 0.324428 0.650929
0.312467 0.30655 0.522273
0.486668 0.396637 0.50688
0.479605 0.311774 0.301296
0.469421 0.346466 0.316366
0.305701 0.275338 0.453818
0.331374 0.353649 0.54413
0.601883 0.392264 0.496903
0.432451 0.405194 0.512994
0.378268 0.309933 0.348376
0.497486 0.285697 0.692501
0.683676 0.275013 0.455467
0.307918 0.272276 0.453833
0.375069 0.322345 0.637215
0.487472 0.288903 0.298674
0.537325 0.377064 0.630548
0.411883 0.33349 0.658887
0.559932 0.392065 0.5712
0.481755 0.397186 0.454402
0.485551 0.397559 0.520274
0.599627 0.317701 0.64784
0.624404 0.300998 0.604629
0.467618 0.400366 0.543731
0.334802 0.369517 0.487197
0.351584 0.318101 0.611629
0.673167 0.345144 0.450798
0.340377 0.342111 0.575163
0.486667 0.392913 0.494618
0.365714 0.324951 0.357776
0.464129 0.283331 0.689949
0.543026 0.365965 0.64264
0.660943 0.361916 0.451176
0.348759 0.372929 0.408037
0.484524 0.338718 0.311805
0.371674 0.35764 0.365877
0.485927 0.392735 0.491614
0.527795 0.294341 0.302878
0.389529 0.312623 0.62552
0.437951 0.396426 0.38292
0.545267 0.389636 0.544091
0.558374 0.287243 0.66419
0.301732 0.287026 0.475698
0.66615 0.353168 0.443866
0.538682 0.294393 0.307751
0.655413 0.307146 0.406601
0.548649 0.335866 0.316173
0.385399 0.396611 0.519426
0.678114 0.261949 0.501268
0.465471 0.246582 0.673072
0.411311 0.310429 0.330869
0.483977 0.396234 0.548584
0.542705 0.35741 0.329038
0.31672 0.331153 0.442077
0.393754 0.319035 0.330784
0.367363 0.371084 0.380963
0.685577 0.292691 0.467026
0.507228 0.365681 0.33135
0.462324 0.380505 0.35017
0.3967 0.324627 0.650867
0.336422 0.300206 0.40724
0.567152 0.345414 0.329369
0.436949 0.32922 0.667914
0.340846 0.358704 0.548599
0.673253 0.272757 0.459111
0.681015 0.273524 0.51269
0.502644 0.333996 0.673902
0.577415 0.391251 0.499881
0.607327 0.392989 0.453857
0.42306 0.405359 0.434217
0.533443 0.385309 0.481311
0.378364 0.319513 0.60914
0.35759 0.320564 0.37567
0.636802 0.35875 0.576669
0.535613 0.386878 0.510014
0.560283 0.397897 0.433378
0.478323 0.39479 0.55019
0.483055 0.387999 0.474771
0.350374 0.33806 0.378645
0.671133 0.297161 0.549326
0.355851 0.381357 0.514098
0.588076 0.377172 0.365957
0.455553 0.396463 0.465384
0.65546 0.319711 0.576536
0.372092 0.314825 0.369091
0.399472 0.357818 0.344968
0.405703 0.404674 0.473255
0.633513 0.308263 0.593335
0.373344 0.392581 0.494692
0.525728 0.387986 0.454458
0.541707 0.386492 0.502547
0.658643 0.341877 0.403243
0.334541 0.360978 0.518399
0.640944 0.322885 0.385221
0.55711 0.389207 0.484601
0.468508 0.30045 0.687759
0.472055 0.385794 0.361395
0.586618 0.396906 0.451479
0.362338 0.3666 0.58575
0.337967 0.359322 0.425404
0.671212 0.273414 0.478117
0.471348 0.287824 0.688667
0.51546 0.335112 0.668724
0.398316 0.401001 0.4755
0.563841 0.393674 0.450051
0.55884 0.326479 0.659456
0.318156 0.300088 0.444607
0.336676 0.317814 0.404538
0.545423 0.305677 0.31763
0.529953 0.291224 0.677024
0.526988 0.308764 0.675471
0.506776 0.296165 0.312124
0.514284 0.373097 0.345734
0.632695 0.382621 0.446405
0.34482 0.368445 0.419676
0.530739 0.389199 0.433351
0.360951 0.330504 0.372697
0.481223 0.381172 0.6194
0.677763 0.30648 0.486081
0.549712 0.385043 0.480913
0.340464 0.356008 0.409046
0.518523 0.345127 0.66178
0.408158 0.398924 0.520793
0.677036 0.279941 0.494842
0.414038 0.331268 0.653416
0.478115 0.311984 0.68356
0.39139 0.324984 0.63641
0.54071 0.309272 0.313244
0.524129 0.383992 0.458285
0.549372 0.388407 0.457783
0.331101 0.333731 0.552263
0.388706 0.349198 0.348417
0.442459 0.339981 0.660562
0.45124 0.396569 0.530831
0.550729 0.394571 0.430006
0.382922 0.336599 0.624897
0.66937 0.276798 0.492746
0.646653 0.365425 0.414557
0.526446 0.336261 0.663198
0.631029 0.375861 0.475641
0.543813 0.386715 0.447993
0.355937 0.379229 0.473752
0.490589 0.341047 0.320571
0.316827 0.303305 0.45526
0.458778 0.298898 0.677808
0.48912 0.358794 0.334006
0.547774 0.390729 0.399672
0.498875 0.387131 0.590798
0.574892 0.385569 0.57553
0.370044 0.337279 0.36876
0.354782 0.378391 0.454639
0.447889 0.291197 0.670517
0.3286 0.336958 0.540334
0.33961 0.362316 0.448224
0.485452 0.381478 0.486499
0.459627 0.362265 0.338681
0.364836 0.384904 0.467608
0.674488 0.30412 0.491613
0.398847 0.388175 0.577953
0.61503 0.339632 0.362024
0.390195 0.397441 0.431962
0.404425 0.40072 0.423332
0.556258 0.390089 0.449126
0.493515 0.288162 0.682538
0.330268 0.320969 0.421333
0.471253 0.390648 0.54572
0.493229 0.26482 0.67474
0.309831 0.294765 0.477045
0.354403 0.377249 0.489849
0.616954 0.329239 0.617578
0.379773 0.344818 0.619793
0.346642 0.368171 0.48712
0.667267 0.278673 0.506832
0.450754 0.390492 0.495554
0.537028 0.334388 0.658263
0.445941 0.395881 0.438566
0.528179 0.379061 0.451543
0.513367 0.28608 0.662446
0.618218 0.324454 0.60579
0.316268 0.307894 0.491162
0.645395 0.324306 0.572884
0.440293 0.396743 0.440488
0.585117 0.383705 0.529353
0.473544 0.378476 0.477705
0.656271 0.353015 0.440309
0.495524 0.270548 0.67122
0.362176 0.380164 0.479975
0.669343 0.279918 0.516125
0.32719 0.315967 0.442469
0.582652 0.33914 0.635318
0.667215 0.280631 0.498296
0.365224 0.349987 0.593292
0.3961 0.392707 0.521758
0.405268 0.356266 0.34918
0.412811 0.348067 0.639006
0.658061 0.341867 0.531779
0.424397 0.392453 0.578539
0.358134 0.356352 0.572308
0.405155 0.38799 0.581455
0.437564 0.383967 0.604985
0.495804 0.270136 0.668543
0.382236 0.330579 0.614397
0.654364 0.351523 0.423678
0.654328 0.333826 0.551087
0.336719 0.333528 0.420147
0.494984 0.376498 0.359546
0.536017 0.374629 0.467242
0.382583 0.34854 0.371442
0.66562 0.28182 0.520584
0.582887 0.364449 0.62096
0.546981 0.337484 0.64862
0.656659 0.348594 0.446453
0.514773 0.373606 0.460266
0.321818 0.305282 0.50184
0.475085 0.379384 0.609758
0.333429 0.334481 0.539013
0.522882 0.380423 0.570196
0.353716 0.370431 0.494386
0.548792 0.315691 0.650165
0.438082 0.370223 0.354706
0.34638 0.332525 0.555818
0.619761 0.356333 0.593352
0.36958 0.380695 0.505489
0.536075 0.379068 0.380682
0.647524 0.314144 0.558436
0.508957 0.373938 0.501599
0.508302 0.374566 0.506036
0.649167 0.352823 0.499998
0.436187 0.378331 0.612588
0.512372 0.366512 0.62855
0.422429 0.335626 0.344378
0.591454 0.39286 0.410988
0.426096 0.369066 0.354684
0.66207 0.320886 0.437327
0.585249 0.378968 0.380638
0.325379 0.331058 0.520899
0.649985 0.318536 0.556661
0.610797 0.3873 0.409251
0.442149 0.38931 0.479144
0.534972 0.300091 0.653465
0.6302 0.345512 0.585695
0.320655 0.323586 0.485694
0.402349 0.328698 0.626063
0.368483 0.36954 0.551917
0.656987 0.302709 0.535438
0.416036 0.374444 0.366125
0.556264 0.34086 0.638404
0.475038 0.379588 0.376236
0.502027 0.366323 0.468865
0.483377 0.35234 0.341277
0.653967 0.337686 0.510409
0.373482 0.341794 0.593918
0.372097 0.378767 0.514704
0.654533 0.301611 0.538163
0.617131 0.37823 0.4604
0.415348 0.356951 0.627633
0.370799 0.380581 0.443809
0.387663 0.384742 0.535775
0.378354 0.38038 0.536908
0.458735 0.332314 0.658661
0.665354 0.306383 0.467899
0.403327 0.361053 0.361956
0.325521 0.316347 0.505294
0.508045 0.373242 0.369336
0.458352 0.295184 0.665299
0.660321 0.328532 0.485081
0.386102 0.367994 0.381762
0.552134 0.370789 0.611846
0.437949 0.388568 0.504896
0.622757 0.363495 0.547589
0.447384 0.386121 0.507708
0.654349 0.339794 0.494478
0.482622 0.374382 0.518446
0.504099 0.36733 0.488622
0.571048 0.378824 0.560553
0.509933 0.381182 0.423364
0.589883 0.378059 0.486273
0.545466 0.375289 0.59833
0.530417 0.368848 0.502234
0.352405 0.361419 0.465946
0.352924 0.355639 0.426633
0.657119 0.331983 0.476507
0.647403 0.321474 0.539689
0.484276 0.33248 0.659203
0.499899 0.360371 0.471747
0.597793 0.368256 0.381628
0.384242 0.381983 0.523432
0.530952 0.303079 0.644737
0.454117 0.328142 0.337399
0.558534 0.374133 0.548252
0.557416 0.375791 0.579649
0.333407 0.336623 0.498517
0.493363 0.375077 0.443745
0.581463 0.354042 0.617898
0.471979 0.281763 0.668654
0.356373 0.364839 0.477259
0.650082 0.298317 0.452724
0.463739 0.294314 0.664317
0.454281 0.361995 0.355409
0.496319 0.37863 0.392359
0.499836 0.377572 0.5826
0.328846 0.304535 0.49018
0.468031 0.378944 0.597256
0.649277 0.329879 0.417568
0.470858 0.367931 0.483617
0.373687 0.342213 0.583029
0.332769 0.327735 0.521797
0.545754 0.371347 0.542077
0.65781 0.296971 0.485189
0.631058 0.340488 0.566253
0.482916 0.370891 0.615547
0.403242 0.387815 0.521799
0.634408 0.366538 0.45887
0.506671 0.372267 0.542471
0.47384 0.372743 0.370864
0.420655 0.332588 0.62498
0.342318 0.336663 0.454862
0.46324 0.380227 0.572381
0.642828 0.31042 0.537882
0.639763 0.318404 0.543109
0.488651 0.354012 0.478874
0.417765 0.386753 0.543232
0.539556 0.359851 0.480055
0.552425 0.373046 0.385506
0.599069 0.341548 0.600745
0.500272 0.322034 0.654017
0.560488 0.356882 0.363706
0.648489 0.30797 0.44765
0.525075 0.341504 0.640113
0.389646 0.376066 0.560714
0.470923 0.332553 0.340565
0.596282 0.355026 0.374645
0.628788 0.327139 0.560982
0.338926 0.317564 0.502911
0.621089 0.36285 0.400105
0.43186 0.340152 0.63531
0.504217 0.314156 0.653796
0.464747 0.363002 0.363549
0.467594 0.318146 0.65837
0.633864 0.337215 0.546867
0.478396 0.318054 0.661244
0.652255 0.336326 0.463252
0.505998 0.325957 0.336504
0.482846 0.36144 0.500816
0.475941 0.380115 0.405826
0.516602 0.334491 0.338443
0.56246 0.325984 0.619553
0.385116 0.342668 0.592516
0.531462 0.313259 0.644836
0.394804 0.340542 0.605627
0.634419 0.339251 0.542372
0.366661 0.361829 0.508627
0.338423 0.319201 0.471929
0.569127 0.343648 0.363653
0.361784 0.337316 0.547983
0.502491 0.369432 0.568257
0.476477 0.35373 0.483242
0.546026 0.37424 0.402505
0.358758 0.355718 0.453061
0.553971 0.365745 0.463355
0.500947 0.339808 0.640086
0.46515 0.342562 0.352424
0.605914 0.364846 0.484215
0.58439 0.339055 0.60284
0.606106 0.367866 0.469358
0.506911 0.361534 0.525488
0.470958 0.364509 0.375816
0.502769 0.370043 0.573281
0.652247 0.314205 0.473293
0.54985 0.359947 0.371998
0.473419 0.370718 0.386874
0.643814 0.313088 0.510015
0.506477 0.338296 0.347484
0.543374 0.365776 0.59947
0.464508 0.329735 0.347161
0.638692 0.351029 0.460646
0.477076 0.374402 0.428691
0.552494 0.365902 0.599875
0.351239 0.343993 0.483833
0.390991 0.377371 0.462746
0.590167 0.345889 0.377627
0.454867 0.373658 0.456991
0.41948 0.387242 0.426183
0.634257 0.354357 0.416923
0.515075 0.362669 0.532691
0.546582 0.371768 0.392967
0.466494 0.375177 0.438879
0.41067 0.351331 0.609347
0.412761 0.382043 0.441624
0.351347 0.329905 0.496519
0.480924 0.344744 0.478241
0.501952 0.304141 0.639969
0.472146 0.35129 0.484274
0.469259 0.373471 0.424466
0.622446 0.357196 0.47071
0.64286 0.294227 0.514643
0.572286 0.36627 0.546652
0.540639 0.322632 0.625641
0.528225 0.36038 0.442775
0.546703 0.366983 0.445545
0.474559 0.349907 0.473349
0.5528 0.346053 0.364206
0.572141 0.366716 0.55428
0.427122 0.361465 0.613007
0.366541 0.356318 0.443029
0.621057 0.327677 0.552279
0.642806 0.315645 0.454518
0.619079 0.350188 0.525998
0.641259 0.303442 0.509728
0.617713 0.321401 0.55578
0.544629 0.363234 0.384664
0.470684 0.345664 0.362431
0.510579 0.326477 0.346096
0.420237 0.375367 0.393071
0.52503 0.357508 0.526604
0.591423 0.364791 0.535943
0.625287 0.328026 0.544825
0.424741 0.331176 0.612954
0.542871 0.362224 0.453123
0.452824 0.353161 0.624645
0.548177 0.368916 0.4413
0.469277 0.302211 0.647279
0.640471 0.283452 0.507093
0.403708 0.363804 0.590291
0.563337 0.35099 0.378794
0.566526 0.334766 0.60422
0.511286 0.351384 0.453535
0.515169 0.359281 0.562961
0.457236 0.356201 0.4838
0.496794 0.354007 0.449755
0.625099 0.323992 0.534275
0.610618 0.358781 0.467528
0.481991 0.352498 0.454422
0.631971 0.320342 0.514092
0.404713 0.353578 0.593995
0.353337 0.313619 0.477487
0.38895 0.358832 0.47499
0.475506 0.350738 0.512751
0.627019 0.339802 0.485048
0.454483 0.371073 0.43713
0.514029 0.360836 0.58212
0.543781 0.355373 0.602642
0.537042 0.353514 0.521842
0.500936 0.32934 0.630143
0.384849 0.362572 0.421076
0.578129 0.3399 0.388953
0.582952 0.360082 0.513223
0.639034 0.311635 0.468026
0.380282 0.351707 0.474979
0.542959 0.364414 0.395839
0.597815 0.322598 0.408813
0.486128 0.356428 0.538748
0.437437 0.318097 0.615699
0.504214 0.313493 0.632188
0.634587 0.31307 0.511669
0.487706 0.351392 0.619275
0.358005 0.329381 0.476826
0.465082 0.366144 0.396667
0.634128 0.325706 0.484816
0.387524 0.347454 0.480692
0.574703 0.36742 0.404456
0.452156 0.366129 0.441081
0.522024 0.34383 0.457462
0.379487 0.351487 0.518608
0.439532 0.359278 0.482914
0.596721 0.338783 0.568673
0.470638 0.348445 0.514904
0.599914 0.351418 0.49896
0.368916 0.334855 0.448619
0.552748 0.354847 0.590154
0.395539 0.366111 0.439823
0.600877 0.338363 0.405758
0.468334 0.303026 0.633798
0.581497 0.357432 0.467992
0.618676 0.336044 0.50067
0.598294 0.315285 0.563159
0.506147 0.351804 0.442327
0.479363 0.331486 0.480741
0.392195 0.363075 0.514203
0.424816 0.368429 0.495923
0.381464 0.347156 0.465633
0.408915 0.373216 0.52999
0.559395 0.357776 0.561213
0.578701 0.341294 0.588329
0.412101 0.368503 0.585377
0.499299 0.353286 0.549452
0.508626 0.334936 0.485416
0.422845 0.365186 0.48273
0.523061 0.349453 0.603889
0.43697 0.373735 0.412251
0.466618 0.333847 0.625976
0.458948 0.339823 0.372088
0.587176 0.33132 0.402875
0.631341 0.302772 0.487043
0.47671 0.310771 0.358642
0.395826 0.344225 0.471502
0.464416 0.298387 0.625261
0.385 0.341353 0.533732
0.560574 0.360238 0.442952
0.39956 0.3479 0.470041
0.416154 0.359033 0.48291
0.406596 0.321633 0.572283
0.497628 0.313932 0.621275
0.527412 0.346062 0.443532
0.537021 0.345978 0.595774
0.625675 0.304195 0.491866
0.526871 0.345502 0.598172
0.452321 0.352827 0.393624
0.431973 0.318483 0.602237
0.480922 0.327455 0.619669
0.625694 0.309166 0.461254
0.37973 0.33598 0.465527
0.390768 0.326486 0.547529
0.399567 0.343815 0.477207
0.567039 0.335651 0.590237
0.615237 0.315399 0.535734
0.452134 0.334851 0.614619
0.405899 0.355039 0.572888
0.59441 0.366687 0.421014
0.488718 0.352725 0.407408
0.556619 0.360875 0.405662
0.624962 0.295448 0.52814
0.591786 0.327917 0.566999
0.624316 0.305249 0.481109
0.570114 0.33632 0.393919
0.531353 0.34161 0.382307
0.516753 0.33796 0.380418
0.489068 0.30396 0.363418
0.469033 0.339246 0.381766
0.625785 0.306562 0.522925
0.450697 0.336908 0.613533
0.434676 0.31005 0.600092
0.467384 0.320854 0.378277
0.499343 0.301225 0.366655
0.580034 0.354822 0.453051
0.549237 0.345681 0.453077
0.405638 0.346411 0.488007
0.489349 0.322915 0.494197
0.617348 0.299919 0.529621
0.527902 0.329968 0.496773
0.454798 0.356093 0.559466
0.5721 0.345425 0.531951
0.540865 0.348171 0.400958
0.424033 0.360007 0.583236
0.448662 0.345431 0.496183
0.57633 0.3458 0.530849
0.620501 0.284781 0.478734
0.542558 0.314351 0.602381
0.622075 0.286795 0.472641
0.559242 0.323602 0.393434
0.477546 0.290241 0.627081
0.539358 0.329597 0.480661
0.465235 0.327876 0.382253
0.485778 0.323648 0.496763
0.591513 0.350307 0.459988
0.4745 0.347794 0.588428
0.57149 0.341487 0.506588
0.590988 0.361195 0.423778
0.49784 0.336472 0.447609
0.551028 0.350444 0.445142
0.461481 0.346021 0.602073
0.473327 0.32087 0.478688
0.619867 0.266336 0.477505
0.45229 0.350118 0.452144
0.420729 0.36489 0.554552
0.502213 0.285104 0.621546
0.563072 0.338574 0.48126
0.403942 0.344241 0.520406
0.475222 0.321765 0.502951
0.411536 0.350735 0.447992
0.598689 0.317707 0.427931
0.531199 0.304378 0.605116
0.408558 0.337569 0.490404
0.592326 0.333081 0.48728
0.460419 0.349004 0.58084
0.431018 0.352946 0.518022
0.486242 0.334687 0.405404
0.484883 0.331432 0.533995
0.52447 0.331817 0.522233
0.391995 0.31489 0.494948
0.520078 0.325325 0.505107
0.476807 0.292336 0.621524
0.405474 0.345936 0.529755
0.526624 0.326096 0.504515
0.381507 0.317858 0.461545
0.593709 0.304959 0.549714
0.538154 0.327196 0.49801
0.525485 0.320714 0.490255
0.492557 0.327666 0.600334
0.518905 0.324563 0.503522
0.586818 0.30394 0.558748
0.528051 0.33198 0.394535
0.603451 0.323913 0.486323
0.383861 0.314931 0.472378
0.425376 0.342988 0.4672
0.498472 0.312644 0.484979
0.599022 0.326991 0.524079
0.571737 0.339801 0.537926
0.554072 0.328825 0.478599
0.624895 0.2727 0.515621
0.437864 0.349055 0.514044
0.47208 0.329408 0.604343
0.50468 0.316865 0.382154
0.410516 0.33988 0.448383
0.472585 0.321802 0.522211
0.529151 0.324746 0.518821
0.60235 0.285587 0.437403
0.453236 0.327489 0.596314
0.403142 0.31785 0.495297
0.456737 0.31149 0.394676
0.571404 0.326939 0.50957
0.450185 0.345721 0.57788
0.412387 0.301497 0.421126
0.458801 0.336932 0.590917
0.520705 0.28625 0.609612
0.60981 0.296326 0.450221
0.539789 0.312254 0.392053
0.54728 0.33234 0.559171
0.419506 0.346768 0.555539
0.461015 0.336949 0.411101
0.597684 0.280183 0.544546
0.533871 0.31456 0.482915
0.420931 0.337858 0.496903
0.470475 0.332237 0.40832
0.497385 0.280252 0.378996
0.596784 0.324948 0.436182
0.582187 0.30086 0.419824
0.514171 0.329174 0.554856
0.56616 0.324334 0.56818
0.587525 0.315566 0.543511
0.553637 0.332675 0.553522
0.451661 0.335129 0.454233
0.456119 0.322227 0.493514
0.49482 0.257901 0.616195
0.408414 0.334504 0.526465
0.551252 0.319172 0.581422
0.407908 0.338052 0.447091
0.595194 0.313412 0.430661
0.396703 0.302188 0.516949
0.414662 0.322493 0.508316
0.608041 0.284393 0.468495
0.606961 0.282949 0.52573
0.427255 0.303854 0.411822
0.561932 0.322007 0.528885
0.405368 0.307172 0.496296
0.60669 0.286145 0.50125
0.488767 0.311627 0.405729
0.392051 0.299984 0.474597
0.412135 0.322309 0.548362
0.528641 0.314844 0.447372
0.412163 0.323448 0.433581
0.479105 0.305769 0.512306
0.475552 0.307081 0.511173
0.386019 0.284444 0.48048
0.438721 0.315164 0.482399
0.532112 0.28911 0.597051
0.501454 0.320857 0.579668
0.533367 0.316713 0.582171
0.468458 0.326595 0.585623
0.455855 0.327364 0.536623
0.525767 0.303054 0.469828
0.492082 0.317636 0.544021
0.386089 0.29283 0.470455
0.432197 0.316505 0.479223
0.479733 0.314178 0.594005
0.50693 0.296801 0.475357
0.515453 0.319413 0.582062
0.417187 0.318768 0.474412
0.420291 0.301165 0.577395
0.421636 0.33533 0.526309
0.6132 0.264526 0.526022
0.416482 0.324583 0.506541
0.536697 0.321366 0.534381
0.477283 0.295615 0.391105
0.487169 0.261632 0.614935
0.417802 0.310286 0.503376
0.435175 0.328293 0.548803
0.585562 0.302678 0.481536
0.535181 0.302821 0.497014
0.568927 0.307913 0.502892
0.402429 0.289756 0.497918
0.613642 0.25713 0.50957
0.500648 0.30081 0.455115
0.605789 0.260854 0.531526
0.484771 0.289959 0.398972
0.542651 0.313733 0.415854
0.590492 0.295916 0.485231
0.407673 0.296476 0.509415
0.453963 0.311764 0.513156
0.577699 0.319553 0.429945
0.571328 0.31805 0.459053
0.446583 0.320589 0.529813
0.572695 0.307517 0.50047
0.39944 0.294667 0.474636
0.422646 0.308927 0.489105
0.426224 0.328583 0.553324
0.427539 0.324777 0.530126
0.592847 0.284951 0.535024
0.505692 0.277109 0.391187
0.615285 0.23899 0.505537
0.538013 0.303273 0.496533
0.45567 0.29102 0.597086
0.552719 0.290482 0.406733
0.496738 0.2989 0.591767
0.540871 0.305731 0.502868
0.474554 0.303534 0.529041
0.422592 0.321912 0.565424
0.440223 0.315445 0.50529
0.585314 0.317207 0.444053
0.591321 0.295863 0.51853
0.563353 0.298451 0.566422
0.425247 0.311111 0.433001
0.440645 0.317742 0.570186
0.458396 0.310397 0.555829
0.543933 0.295148 0.499058
0.461763 0.290178 0.498812
0.39738 0.263367 0.500008
0.479313 0.295553 0.414201
0.589066 0.276079 0.434965
0.583056 0.256102 0.564081
0.415059 0.237904 0.582436
0.510008 0.285823 0.461951
0.578122 0.29281 0.537979
0.606717 0.249282 0.462201
0.486976 0.286266 0.408015
0.449034 0.262687 0.597664
0.573653 0.297175 0.477125
0.601338 0.268901 0.459926
0.542437 0.296574 0.41464
0.543609 0.270989 0.587691
0.542895 0.29335 0.493124
0.592967 0.277412 0.488403
0.449086 0.311999 0.579512
0.448446 0.290547 0.485377
0.509718 0.300896 0.424427
0.587197 0.278746 0.433604
0.529476 0.276363 0.590107
0.405008 0.283682 0.478097
0.470769 0.278989 0.488559
0.457986 0.308703 0.547473
0.417331 0.299115 0.468607
0.423849 0.289478 0.574753
0.497785 0.279249 0.402491
0.414181 0.293185 0.559402
0.535386 0.297851 0.572755
0.489395 0.249963 0.608583
0.471077 0.281304 0.493555
0.428522 0.303047 0.563352
0.456109 0.29339 0.457642
0.569808 0.246199 0.58009
0.595612 0.265009 0.470973
0.466925 0.289246 0.41777
0.396985 0.249434 0.501114
0.546229 0.294009 0.42402
0.46197 0.300685 0.431017
0.513299 0.259173 0.400121
0.420463 0.279971 0.483147
0.445717 0.298015 0.456782
0.569765 0.301404 0.447532
0.561394 0.254302 0.58181
0.543893 0.286776 0.41846
0.5741 0.300216 0.447914
0.607548 0.237321 0.525087
0.548498 0.289675 0.561042
0.55302 0.266982 0.408213
0.579798 0.278128 0.53812
0.586656 0.237398 0.41948
0.57827 0.281594 0.49335
0.480768 0.27712 0.523803
0.481868 0.264063 0.492154
0.542014 0.292599 0.543573
0.43418 0.288915 0.496911
0.550805 0.292233 0.549536
0.467293 0.281463 0.513788
0.409607 0.272789 0.497323
0.417292 0.275253 0.566043
0.536542 0.294501 0.433024
0.496643 0.289152 0.437506
0.44912 0.298381 0.421731
0.553876 0.298956 0.428772
0.561978 0.288626 0.525125
0.459466 0.297096 0.57884
0.436081 0.295177 0.421711
0.421025 0.267984 0.484309
0.454791 0.270886 0.474266
0.474695 0.270275 0.461762
0.603464 0.237979 0.473341
0.566248 0.263451 0.417811
0.606534 0.227544 0.50739
0.431132 0.289087 0.538628
0.539643 0.228567 0.596926
0.52089 0.27674 0.438104
0.558768 0.281049 0.462935
0.407581 0.257829 0.492116
0.580245 0.263945 0.508116
0.554405 0.277562 0.524509
0.592778 0.251079 0.517856
0.440159 0.269624 0.408438
0.597533 0.235376 0.540235
0.492636 0.258065 0.495605
0.556219 0.273197 0.507898
0.519123 0.256797 0.471581
0.496304 0.256097 0.407481
0.502181 0.27585 0.427011
0.489423 0.27931 0.57116
0.540962 0.27454 0.41934
0.535085 0.262864 0.580965
0.432657 0.268972 0.412005
0.565785 0.288664 0.445826
0.443178 0.255471 0.399363
0.519444 0.249345 0.591912
0.57609 0.272193 0.527838
0.434789 0.228758 0.596694
0.436548 0.277381 0.498068
0.529282 0.263254 0.469142
0.518648 0.256611 0.482457
0.532153 0.267504 0.465391
0.572403 0.27523 0.430062
0.526034 0.281181 0.529873
0.421476 0.256077 0.481438
0.598014 0.230636 0.508479
0.463627 0.267309 0.535436
0.447076 0.265515 0.414396
0.475056 0.249439 0.500065
0.602732 0.222603 0.507757
0.435986 0.279103 0.441244
0.56002 0.261676 0.509977
0.419084 0.235632 0.577039
0.600793 0.229505 0.492197
0.428939 0.253639 0.575616
0.440036 0.279689 0.443928
0.419474 0.26406 0.535969
0.569128 0.269295 0.4343
0.423314 0.23613 0.580742
0.450403 0.275079 0.546174
0.540395 0.267486 0.563503
0.478502 0.244467 0.492972
0.557911 0.263435 0.517051
0.579422 0.238975 0.566011
0.49148 0.266246 0.549622
0.539246 0.247651 0.582738
0.489237 0.262308 0.533193
0.599232 0.22188 0.539691
0.409028 0.241591 0.431553
0.483549 0.238384 0.405767
0.408488 0.247808 0.54959
0.449691 0.243996 0.39882
0.501845 0.222865 0.601243
0.487666 0.255271 0.462148
0.461296 0.25628 0.496667
0.436549 0.262232 0.488196
0.528298 0.248455 0.479673
0.448886 0.271668 0.525364
0.429107 0.24451 0.580818
0.585763 0.246499 0.517548
0.432831 0.223512 0.398068
0.594374 0.224773 0.520627
0.549178 0.221538 0.591405
0.454115 0.251861 0.417838
0.597288 0.222825 0.485082
0.591314 0.227464 0.50981
0.521954 0.256872 0.553845
0.441885 0.248757 0.482486
0.417907 0.236551 0.42108
0.507366 0.237692 0.469213
0.587758 0.21996 0.421381
0.449011 0.256103 0.516048
0.395916 0.216207 0.480041
0.60686 0.199904 0.527571
0.488704 0.25544 0.562903
0.453444 0.260609 0.567198
0.48276 0.233766 0.494252
0.467301 0.219704 0.395906
0.488991 0.253084 0.443001
0.493002 0.223378 0.595357
0.431566 0.249032 0.481235
0.551163 0.251516 0.418968
0.563404 0.257234 0.462382
0.588409 0.214506 0.571383
0.600889 0.212407 0.533009
0.490508 0.23429 0.491619
0.582045 0.242 0.45194
0.561451 0.24916 0.484727
0.464764 0.255511 0.572917
0.577073 0.235104 0.423725
0.399316 0.225154 0.543344
0.519591 0.256261 0.535321
0.491211 0.253279 0.545774
0.420189 0.249673 0.455561
0.539388 0.259928 0.437109
0.467471 0.257729 0.435332
0.423399 0.241043 0.522688
0.587171 0.223327 0.53474
0.445315 0.246083 0.458495
0.461103 0.237789 0.421601
0.49001 0.224715 0.472868
0.578398 0.23034 0.512037
0.40583 0.222422 0.462862
0.533511 0.24458 0.439861
0.41076 0.228172 0.457548
0.427306 0.244549 0.45172
0.562373 0.24654 0.457058
0.46059 0.218542 0.593871
0.580963 0.22243 0.425866
0.427956 0.246049 0.440504
0.566457 0.238918 0.515879
0.455219 0.227772 0.585953
0.418942 0.227128 0.419858
0.456425 0.239742 0.514009
0.432547 0.244462 0.5653
0.393931 0.187594 0.592101
0.579489 0.219694 0.418237
0.569381 0.244377 0.456613
0.421709 0.203776 0.59307
0.590464 0.204695 0.408119
0.587739 0.221417 0.457381
0.492195 0.227637 0.582361
0.543733 0.245095 0.534574
0.462006 0.240619 0.573943
0.417306 0.236128 0.534207
0.472813 0.225112 0.586792
0.540119 0.219195 0.397676
0.39832 0.194992 0.58485
0.458458 0.198574 0.608127
0.596244 0.195515 0.579486
0.456886 0.23546 0.498398
0.568393 0.243692 0.537809
0.425318 0.230789 0.443597
0.581729 0.219343 0.553401
0.540474 0.22885 0.517818
0.468978 0.224941 0.42467
0.390973 0.199733 0.457021
0.565145 0.228118 0.515336
0.496061 0.216655 0.581715
0.424573 0.210545 0.402379
0.407706 0.212527 0.492007
0.55244 0.232821 0.427109
0.522146 0.218841 0.491396
0.464089 0.228218 0.456671
0.560592 0.233671 0.561536
0.459224 0.232832 0.550089
0.423868 0.222865 0.4904
0.453942 0.190681 0.60972
0.55328 0.235038 0.541118
0.447036 0.227152 0.419898
0.579807 0.217857 0.480274
0.506326 0.188482 0.609044
0.523556 0.230669 0.55661
0.581533 0.215993 0.488617
0.485648 0.223287 0.52294
0.589378 0.207993 0.437046
0.56749 0.226402 0.567798
0.492987 0.223656 0.45405
0.510434 0.224915 0.426081
0.57164 0.229124 0.447695
0.589686 0.207003 0.504927
0.569709 0.229491 0.529683
0.484509 0.222162 0.459028
0.482774 0.227092 0.432445
0.41844 0.223493 0.454982
0.579115 0.218125 0.50943
0.577324 0.22518 0.54864
0.459502 0.228179 0.45977
0.424056 0.217491 0.43809
0.505448 0.178444 0.614262
0.528367 0.18799 0.605663
0.526574 0.206402 0.582494
0.50163 0.216638 0.551185
0.562049 0.217929 0.51728
0.499193 0.202266 0.473883
0.424903 0.216906 0.526881
0.503256 0.21188 0.422531
0.595768 0.194367 0.457139
0.529875 0.203205 0.586979
0.540195 0.200564 0.591788
0.426785 0.212378 0.572195
0.446231 0.222369 0.445946
0.404027 0.202811 0.460548
0.507105 0.193966 0.597894
0.398403 0.198076 0.409262
0.578173 0.18112 0.609429
0.394625 0.197136 0.531091
0.600348 0.190102 0.563032
0.507247 0.208661 0.459636
0.420088 0.2136 0.518234
0.427607 0.216943 0.427306
0.43639 0.204101 0.3998
0.54721 0.201608 0.591254
0.420107 0.209178 0.417985
0.485324 0.194412 0.599547
0.484879 0.204095 0.469008
0.511528 0.216848 0.561411
0.41885 0.180561 0.609757
0.504833 0.21168 0.451348
0.610632 0.182626 0.44427
0.426491 0.218053 0.450534
0.487268 0.211932 0.575387
0.418162 0.212272 0.515817
0.503727 0.212586 0.448745
0.418438 0.199865 0.506774
0.406129 0.196569 0.54802
0.608963 0.180649 0.403799
0.548811 0.211123 0.560053
0.386546 0.182512 0.508549
0.561854 0.207009 0.519039
0.432193 0.195534 0.585363
0.571957 0.202763 0.425796
0.467293 0.206556 0.54694
0.618104 0.172237 0.383952
0.385379 0.182855 0.468071
0.427124 0.203624 0.420272
0.517153 0.202206 0.425056
0.587965 0.194671 0.549913
0.471034 0.184476 0.604711
0.529262 0.203279 0.513743
0.490538 0.194248 0.586911
0.47798 0.180606 0.609609
0.409761 0.19408 0.403352
0.412173 0.195202 0.40613
0.503285 0.199813 0.577037
0.440612 0.181155 0.609649
0.549278 0.208482 0.534209
0.452462 0.202611 0.464148
0.472315 0.20181 0.524157
0.533837 0.194737 0.397056
0.39788 0.190244 0.502189
0.456712 0.19708 0.475526
0.488258 0.197568 0.581791
0.590134 0.189591 0.481157
0.442954 0.187247 0.600622
0.577118 0.200708 0.448637
0.499074 0.185879 0.600743
0.610324 0.179634 0.444324
0.508657 0.197232 0.50093
0.602733 0.179773 0.516149
0.415719 0.187952 0.492486
0.527288 0.190975 0.507655
0.554938 0.194485 0.502444
0.586181 0.187002 0.545151
0.395487 0.185313 0.451155
0.549048 0.195647 0.52523
0.453589 0.177196 0.607808
0.611389 0.171816 0.499392
0.422769 0.190305 0.490815
0.535497 0.194504 0.530393
0.426673 0.183863 0.387643
0.536254 0.195887 0.546879
0.60456 0.178596 0.436109
0.544284 0.198572 0.56349
0.386666 0.177984 0.476262
0.552029 0.195645 0.456385
0.511614 0.189606 0.45234
0.593434 0.18062 0.491019
0.580621 0.186061 0.403656
0.564414 0.193868 0.473698
0.43439 0.184098 0.387298
0.469233 0.187335 0.505645
0.527577 0.189077 0.580311
0.467882 0.196391 0.561455
0.605379 0.173495 0.588321
0.435672 0.192341 0.480933
0.505483 0.189958 0.514005
0.546916 0.195115 0.575056
0.415804 0.191336 0.566086
0.412024 0.188946 0.533568
0.532161 0.186156 0.587576
0.409745 0.186592 0.507783
0.539296 0.187576 0.586756
0.469719 0.185627 0.461642
0.510545 0.193489 0.5561
0.576323 0.189237 0.490038
0.412565 0.178659 0.394662
0.529172 0.183202 0.528608
0.428728 0.18137 0.581146
0.60322 0.172734 0.553244
0.521958 0.183818 0.43402
0.539535 0.184321 0.531554
0.553839 0.183258 0.497624
0.476641 0.174804 0.459422
0.421291 0.182626 0.53408
0.445455 0.182252 0.507257
0.379719 0.174561 0.432014
0.548826 0.178126 0.389841
0.583635 0.170685 0.609132
0.585762 0.179028 0.452848
0.471443 0.182274 0.439494
0.556884 0.182826 0.47614
0.437604 0.173815 0.605519
0.586984 0.172793 0.38051
0.509168 0.182794 0.544159
0.455261 0.175918 0.481163
0.609673 0.169997 0.550964
0.477847 0.184085 0.549371
0.614819 0.16768 0.496587
0.46223 0.173408 0.601524
0.59298 0.175172 0.487664
0.438358 0.182969 0.578225
0.466271 0.173496 0.3797
0.441179 0.186012 0.436612
0.604421 0.170604 0.53476
0.516647 0.176233 0.486576
0.465808 0.181633 0.413369
0.504724 0.18275 0.571173
0.500684 0.180627 0.415137
0.43562 0.167348 0.62116
0.410558 0.173212 0.378799
0.452454 0.173248 0.378578
0.407 0.165186 0.371731
0.413568 0.17076 0.48189
0.626462 0.162047 0.441678
0.385694 0.167578 0.538796
0.538417 0.159698 0.625997
0.528625 0.173983 0.53851
0.585297 0.170535 0.51326
0.509541 0.173626 0.546038
0.631259 0.160515 0.471655
0.61719 0.164841 0.408306
0.423184 0.168236 0.603394
0.42497 0.174415 0.531455
0.418787 0.160356 0.629864
0.538278 0.172257 0.459673
0.380576 0.167985 0.55388
0.588095 0.170985 0.409738
0.459615 0.169627 0.460424
0.46019 0.171393 0.510248
0.447327 0.175232 0.547412
0.630397 0.159241 0.55902
0.534396 0.165151 0.608771
0.508939 0.173506 0.440038
0.590385 0.170038 0.540319
0.477476 0.167344 0.459002
0.488135 0.174368 0.556789
0.577331 0.174091 0.418806
0.585422 0.170196 0.390461
0.540571 0.175129 0.545393
0.526085 0.173463 0.523221
0.577767 0.174199 0.543774
0.569891 0.172861 0.391646
0.574898 0.171168 0.385183
0.546596 0.171778 0.397772
0.535129 0.167509 0.382146
0.409372 0.174022 0.434482
0.422958 0.168232 0.603285
0.403326 0.158313 0.624347
0.55408 0.167058 0.430718
0.568996 0.16714 0.556952
0.42003 0.164701 0.521824
0.552877 0.166726 0.560982
0.516231 0.165189 0.545008
0.621677 0.157608 0.5309
0.544772 0.159662 0.370546
0.585642 0.164259 0.403681
0.530728 0.165946 0.57104
0.468259 0.163438 0.518927
0.55354 0.166338 0.418216
0.510693 0.159252 0.373488
0.489228 0.160277 0.466713
0.55397 0.165955 0.413258
0.622279 0.158614 0.606729
0.485239 0.165521 0.570614
0.59178 0.162013 0.378499
0.37545 0.160961 0.554017
0.546807 0.16027 0.372144
0.455283 0.164142 0.396797
0.547791 0.164082 0.58645
0.56921 0.164638 0.589033
0.496804 0.165426 0.572501
0.366541 0.153545 0.63679
0.464508 0.162782 0.509936
0.444767 0.164477 0.399736
0.382218 0.163214 0.396795
0.441466 0.164414 0.50805
0.371415 0.157366 0.61308
0.41362 0.158948 0.366509
0.378979 0.162091 0.452613
0.599745 0.161016 0.377102
0.373131 0.161237 0.397473
0.405189 0.162788 0.490816
0.387796 0.163805 0.575421
0.400008 0.155913 0.516822
0.557459 0.157562 0.449045
0.420459 0.154565 0.3665
0.428318 0.157706 0.528483
0.426768 0.158174 0.546602
0.503328 0.157173 0.551417
0.46497 0.157268 0.406979
0.390192 0.155595 0.599348
0.590597 0.156897 0.450737
0.423721 0.157966 0.54537
0.418905 0.158239 0.575855
0.569251 0.157572 0.514407
0.483711 0.157226 0.571573
0.533479 0.154001 0.616183
0.373058 0.154104 0.362496
0.631102 0.152392 0.640317
0.392629 0.156161 0.470288
0.581804 0.157124 0.531446
0.566473 0.158032 0.440931
0.417515 0.15572 0.375332
0.373099 0.155255 0.586879
0.563291 0.153723 0.357459
0.381755 0.155328 0.497307
0.492216 0.153669 0.618299
0.633936 0.152627 0.517936
0.466442 0.153277 0.628046
0.397728 0.155789 0.526033
0.530931 0.156791 0.50774
0.377807 0.155849 0.469345
0.499135 0.157195 0.557699
0.613149 0.155767 0.439506
0.490844 0.156588 0.522065
0.554105 0.157311 0.453784
0.614713 0.155394 0.578932
0.567102 0.158195 0.57205
0.519031 0.156512 0.453403
0.39478 0.15 0.400548
0.56066 0.15 0.470194
0.555698 0.15 0.455911
0.437866 0.15 0.535821
0.585545 0.15 0.53052
0.488606 0.15 0.558966
0.593053 0.15 0.568452
0.519872 0.15 0.550928
0.597136 0.15 0.50428
0.603829 0.15 0.517473
0.363916 0.15 0.639636
0.585774 0.15 0.622286
0.45365 0.15 0.489778
0.581764 0.15 0.481547
0.474552 0.15 0.609734
0.637832 0.15 0.37396
0.590269 0.15 0.359256
0.572489 0.15 0.400548
0.478004 0.15 0.616069
0.574632 0.15 0.378584
0.584071 0.15 0.496663
0.578468 0.15 0.40421
0.473746 0.15 0.394185
0.487562 0.15 0.367826
0.622442 0.15 0.392573
0.469764 0.15 0.456919
0.6448 0.15 0.366535
0.394826 0.15 0.63048
0.608928 0.15 0.426605
0.636807 0.15 0.499519
0.532305 0.15 0.518664
0.612883 0.15 0.598006
0.50656 0.15 0.537368
0.580601 0.15 0.47859
0.447681 0.15 0.362818
0.365445 0.15 0.617562
