3348 0.012625
0.369037 0.442524 0.376475
0.457767 0.419472 0.326598
0.483324 0.320319 0.33814
0.489357 0.327577 0.349079
0.493633 0.378751 0.34462
0.53566 0.426569 0.323073
0.327357 0.436163 0.449433
0.419931 0.435936 0.409054
0.449522 0.324428 0.336125
0.497841 0.240086 0.308235
0.533744 0.356095 0.355224
0.594139 0.46169 0.396987
0.311099 0.400115 0.475712
0.3358 0.293898 0.453203
0.333585 0.447749 0.323815
0.516767 0.508538 0.274978
0.68684 0.407669 0.354725
0.654821 0.287798 0.462703
0.332405 0.364 0.48226
0.316124 0.266904 0.499533
0.309789 0.545493 0.512046
0.532907 0.585063 0.510869
0.73813 0.446956 0.521266
0.665164 0.201604 0.496525
0.3321 0.413781 0.492737
0.368997 0.386479 0.523317
0.376269 0.355523 0.653988
0.501508 0.413231 0.742713
0.636479 0.352549 0.639635
0.645936 0.267459 0.51728
0.35715 0.442737 0.561078
0.404598 0.482243 0.599082
0.468234 0.356127 0.644556
0.492743 0.233372 0.669454
0.524765 0.274078 0.650971
0.569159 0.45166 0.563676
0.391802 0.477005 0.392537
0.355649 0.448166 0.561624
0.323753 0.225311 0.496685
0.725673 0.473107 0.50181
0.432662 0.322599 0.64901
0.495283 0.343132 0.360683
0.354255 0.466708 0.537847
0.36189 0.452813 0.579828
0.672287 0.379566 0.493072
0.483702 0.271587 0.37045
0.592014 0.441014 0.594282
0.573293 0.406161 0.548592
0.505485 0.251173 0.693702
0.521909 0.572774 0.60896
0.735396 0.401018 0.426725
0.681027 0.394079 0.484969
0.353584 0.331063 0.494836
0.400205 0.450131 0.353653
0.505691 0.258317 0.651286
0.391519 0.485983 0.590998
0.424876 0.442334 0.559874
0.370495 0.346172 0.637854
0.347574 0.388371 0.492381
0.559787 0.35808 0.723194
0.394166 0.436097 0.621521
0.638459 0.359866 0.508601
0.611345 0.51156 0.647357
0.464433 0.319836 0.645401
0.617542 0.429352 0.537954
0.412401 0.590101 0.511269
0.487897 0.277994 0.647153
0.637906 0.382103 0.519265
0.70142 0.508155 0.451665
0.637365 0.432183 0.540537
0.499067 0.241539 0.66108
0.336762 0.422408 0.457272
0.361479 0.466749 0.529366
0.339346 0.283955 0.46481
0.583286 0.359934 0.559352
0.646723 0.317224 0.463094
0.381933 0.505411 0.314861
0.495793 0.332087 0.362178
0.478287 0.240164 0.672342
0.486889 0.330689 0.65025
0.678587 0.486137 0.590445
0.558873 0.584149 0.507322
0.511988 0.394916 0.654502
0.568586 0.36742 0.408442
0.454056 0.590434 0.425003
0.677881 0.224172 0.522108
0.354843 0.337102 0.61469
0.366213 0.390451 0.525716
0.640478 0.378688 0.467581
0.401811 0.446381 0.628835
0.600629 0.333083 0.566497
0.428745 0.56388 0.350685
0.400438 0.487355 0.581175
0.535065 0.585842 0.426228
0.400902 0.381261 0.546018
0.59348 0.357009 0.418867
0.384313 0.467821 0.290628
0.338659 0.37853 0.486465
0.60246 0.369323 0.54249
0.367395 0.46444 0.596645
0.510826 0.385979 0.660984
0.65712 0.26954 0.479372
0.617641 0.444437 0.432971
0.521967 0.241721 0.684249
0.452114 0.356836 0.625211
0.348682 0.374214 0.491602
0.443564 0.310094 0.654362
0.576886 0.448991 0.558292
0.35444 0.211422 0.474191
0.347946 0.200446 0.472078
0.466591 0.366257 0.339775
0.651689 0.248587 0.468617
0.646239 0.283041 0.47381
0.49867 0.279198 0.361559
0.661885 0.235847 0.467105
0.626715 0.380853 0.527447
0.553032 0.301803 0.660526
0.323869 0.202546 0.467156
0.501778 0.217367 0.321095
0.671187 0.266008 0.529298
0.458774 0.301569 0.333416
0.615806 0.479922 0.411852
0.710793 0.490766 0.522658
0.409899 0.424781 0.546808
0.508292 0.227118 0.670483
0.345263 0.194396 0.489077
0.438286 0.456592 0.258756
0.66527 0.332338 0.488271
0.647186 0.214706 0.489681
0.587532 0.491754 0.67767
0.546858 0.562331 0.35502
0.698064 0.293185 0.447769
0.465258 0.411606 0.656952
0.372785 0.453919 0.376977
0.563026 0.30522 0.349823
0.595592 0.346498 0.313695
0.484904 0.236972 0.668072
0.462531 0.260375 0.316358
0.585848 0.581711 0.511604
0.611436 0.461422 0.375996
0.459289 0.423175 0.335545
0.649349 0.251353 0.472868
0.603021 0.464137 0.367554
0.306677 0.49259 0.373249
0.397273 0.428194 0.617862
0.348937 0.188423 0.484021
0.723634 0.378946 0.413552
0.657155 0.290379 0.478669
0.481603 0.293637 0.274901
0.498044 0.240549 0.355445
0.449057 0.433301 0.652928
0.280974 0.402241 0.588008
0.503694 0.330023 0.639798
0.618852 0.335753 0.427733
0.355778 0.471158 0.312289
0.526702 0.422974 0.651323
0.433422 0.463146 0.609246
0.348602 0.300325 0.503244
0.682131 0.397647 0.481094
0.415184 0.476443 0.602463
0.268158 0.335761 0.508274
0.390681 0.461063 0.365479
0.395888 0.458075 0.616585
0.523163 0.588419 0.439346
0.526589 0.300434 0.326938
0.522018 0.24245 0.683858
0.539155 0.438783 0.33408
0.718567 0.32011 0.541445
0.262994 0.343372 0.500226
0.337356 0.331539 0.481693
0.485012 0.35888 0.739974
0.37592 0.371461 0.524518
0.383565 0.326721 0.562986
0.536432 0.423261 0.648372
0.432361 0.417068 0.579555
0.415674 0.371047 0.282846
0.680298 0.396091 0.47959
0.533858 0.403076 0.670213
0.57254 0.419389 0.271473
0.528817 0.422399 0.652036
0.341305 0.274548 0.506305
0.335942 0.220134 0.496302
0.37894 0.37748 0.523328
0.676331 0.381251 0.483068
0.333549 0.437453 0.44873
0.49395 0.220286 0.351556
0.713673 0.284184 0.485647
0.684083 0.293363 0.450415
0.511916 0.281588 0.33778
0.448342 0.311187 0.322849
0.31997 0.306214 0.511514
0.640344 0.350183 0.460831
0.336943 0.288706 0.50973
0.438499 0.380571 0.384983
0.443416 0.325027 0.329695
0.414415 0.446207 0.637686
0.626883 0.473209 0.425286
0.346359 0.333965 0.488684
0.673824 0.209313 0.497202
0.341247 0.313468 0.483927
0.463846 0.388109 0.641645
0.506275 0.366617 0.656451
0.380632 0.383849 0.52935
0.613061 0.329945 0.615376
0.465656 0.380896 0.339021
0.358073 0.458803 0.567791
0.456555 0.307933 0.333531
0.508733 0.348064 0.34311
0.354509 0.291691 0.488668
0.431521 0.353733 0.605906
0.609645 0.468883 0.37976
0.673995 0.207993 0.506863
0.659374 0.229825 0.519777
0.650944 0.39744 0.647019
0.346318 0.341943 0.518339
0.252869 0.41603 0.513534
0.379969 0.399862 0.452462
0.345033 0.289756 0.507005
0.495271 0.300595 0.361032
0.331203 0.346631 0.478058
0.500467 0.213046 0.342098
0.487593 0.203211 0.345475
0.456529 0.42472 0.331681
0.408438 0.383013 0.420241
0.608337 0.364403 0.308994
0.627782 0.469721 0.403109
0.338109 0.423804 0.504967
0.639948 0.257469 0.504265
0.336042 0.359131 0.473154
0.421613 0.337681 0.686571
0.49678 0.365631 0.35139
0.468378 0.374325 0.335187
0.540493 0.293936 0.666137
0.649161 0.450524 0.453241
0.493187 0.210388 0.347171
0.606452 0.575522 0.518823
0.356798 0.27713 0.488287
0.528803 0.357123 0.347795
0.517757 0.538786 0.301279
0.524708 0.28289 0.647952
0.354119 0.34541 0.518492
0.344136 0.317001 0.472286
0.350471 0.350888 0.52664
0.285934 0.302277 0.510479
0.677405 0.226112 0.472407
0.68177 0.264236 0.520388
0.677257 0.376161 0.363316
0.429964 0.438841 0.566723
0.505588 0.303963 0.64081
0.506889 0.390541 0.250257
0.518353 0.354914 0.638271
0.509023 0.399222 0.343748
0.379723 0.479006 0.591856
0.455574 0.420115 0.346205
0.387363 0.368616 0.41083
0.418846 0.374475 0.406383
0.542953 0.311506 0.707869
0.486313 0.20037 0.343054
0.49127 0.276205 0.361963
0.545483 0.356402 0.261308
0.282826 0.338517 0.445396
0.342359 0.20794 0.493446
0.635262 0.328263 0.582184
0.523502 0.420138 0.339727
0.573739 0.460486 0.599436
0.611019 0.33156 0.610555
0.37777 0.348975 0.331044
0.392857 0.471897 0.287928
0.472686 0.499245 0.26701
0.375656 0.471722 0.386188
0.505152 0.345853 0.641757
0.538109 0.438962 0.340647
0.65369 0.307981 0.496942
0.540801 0.438553 0.616859
0.690823 0.490114 0.388099
0.669606 0.217551 0.475836
0.486762 0.28504 0.350594
0.418757 0.446364 0.403094
0.469251 0.253269 0.674326
0.650007 0.304232 0.495451
0.662276 0.492846 0.609654
0.268875 0.425638 0.426153
0.348852 0.317546 0.50236
0.628993 0.434943 0.536576
0.41935 0.350799 0.335302
0.51232 0.240857 0.326183
0.52622 0.27116 0.688365
0.570908 0.346989 0.709962
0.340718 0.187446 0.485476
0.425218 0.424031 0.401002
0.69469 0.334724 0.570669
0.413852 0.343565 0.388715
0.351619 0.339975 0.508743
0.478226 0.197072 0.334237
0.63741 0.288525 0.492416
0.631586 0.468539 0.408625
0.316424 0.363813 0.592488
0.721009 0.320567 0.447943
0.499684 0.240595 0.665332
0.675998 0.219679 0.478648
0.645627 0.275278 0.522397
0.622071 0.439367 0.437343
0.518313 0.349095 0.34126
0.422374 0.585166 0.405536
0.402663 0.439239 0.624588
0.64794 0.309913 0.498359
0.300713 0.536806 0.535545
0.477273 0.225342 0.344854
0.598042 0.333822 0.392384
0.587441 0.476055 0.385903
0.603871 0.463768 0.370491
0.662952 0.203319 0.508128
0.338197 0.508543 0.636066
0.330121 0.328121 0.51814
0.390703 0.352782 0.390629
0.498952 0.354356 0.655797
0.421112 0.587803 0.416459
0.578662 0.415255 0.410533
0.523652 0.413177 0.640735
0.476527 0.249285 0.343184
0.317272 0.298462 0.503609
0.469285 0.246961 0.682635
0.454995 0.428179 0.336814
0.343058 0.314672 0.471316
0.405626 0.467762 0.40586
0.329506 0.358154 0.610114
0.463289 0.34313 0.63686
0.487744 0.267055 0.358173
0.347475 0.318853 0.460601
0.477068 0.200569 0.328881
0.295796 0.406947 0.613928
0.460086 0.288608 0.325987
0.64065 0.356757 0.512966
0.54813 0.430105 0.575946
0.436368 0.439347 0.583133
0.53655 0.364891 0.609568
0.688999 0.329357 0.415892
0.388962 0.383887 0.439494
0.294115 0.374568 0.395818
0.560786 0.331491 0.712253
0.658255 0.321004 0.496662
0.344467 0.230138 0.494583
0.4625 0.548363 0.312199
0.66151 0.384113 0.634155
0.623212 0.356646 0.339487
0.371756 0.47393 0.574818
0.428855 0.45599 0.353302
0.350144 0.458678 0.433039
0.504606 0.353921 0.654545
0.25321 0.364413 0.468795
0.535186 0.584155 0.417835
0.472985 0.328264 0.335182
0.336841 0.324977 0.528257
0.474139 0.29484 0.330871
0.394561 0.366783 0.424267
0.374247 0.474115 0.421085
0.583444 0.444217 0.555153
0.527671 0.512475 0.69411
0.611192 0.452999 0.566018
0.559406 0.458058 0.596058
0.416289 0.461672 0.360465
0.68131 0.227447 0.480361
0.355123 0.330245 0.45828
0.502665 0.338622 0.651923
0.456148 0.420335 0.335775
0.465245 0.271708 0.323294
0.400299 0.414066 0.712369
0.510271 0.585504 0.508026
0.720641 0.306585 0.486968
0.525213 0.590208 0.47226
0.463616 0.589505 0.489998
0.281889 0.33144 0.454974
0.356307 0.249334 0.479777
0.656125 0.32777 0.475337
0.629392 0.431873 0.537545
0.739233 0.448153 0.469453
0.393332 0.440925 0.609888
0.498165 0.23691 0.348863
0.321926 0.300141 0.448859
0.47003 0.398543 0.663605
0.37355 0.580319 0.498044
0.304599 0.288267 0.454175
0.335368 0.384482 0.466847
0.335862 0.245154 0.498481
0.397506 0.379264 0.428242
0.577107 0.407566 0.548367
0.660465 0.31376 0.492966
0.71006 0.492223 0.518947
0.660772 0.207147 0.499985
0.538165 0.468809 0.259458
0.532314 0.294186 0.322694
0.299988 0.490509 0.380028
0.349972 0.452267 0.535713
0.640039 0.315287 0.509512
0.647747 0.453204 0.443041
0.572121 0.368729 0.56295
0.354588 0.360215 0.511889
0.677807 0.21957 0.502435
0.62327 0.523533 0.625604
0.507413 0.363174 0.658591
0.514615 0.385489 0.660966
0.439828 0.349893 0.350757
0.606216 0.440363 0.413949
0.653683 0.27364 0.47368
0.644338 0.322809 0.571297
0.334117 0.21035 0.468519
0.376584 0.346224 0.573679
0.431381 0.368501 0.599214
0.627942 0.47127 0.415809
0.378907 0.476198 0.558089
0.353503 0.353263 0.628977
0.728571 0.406979 0.565573
0.673132 0.2778 0.526831
0.555521 0.522833 0.674464
0.550657 0.441234 0.620503
0.54334 0.427611 0.63682
0.374749 0.43019 0.447062
0.304026 0.362173 0.576976
0.473705 0.352371 0.656083
0.349527 0.408268 0.506127
0.386351 0.479567 0.566814
0.612367 0.445282 0.418987
0.52588 0.415247 0.64579
0.42118 0.463486 0.614012
0.677896 0.516706 0.401273
0.6335 0.467896 0.421572
0.302798 0.53236 0.443567
0.655861 0.319362 0.565336
0.561034 0.456404 0.36094
0.66384 0.320421 0.446547
0.611334 0.568785 0.423489
0.324527 0.345685 0.413564
0.35107 0.328817 0.458292
0.671025 0.228698 0.520398
0.372575 0.45432 0.588503
0.5141 0.377392 0.665267
0.438117 0.451269 0.614339
0.429739 0.345308 0.381014
0.419177 0.373651 0.578435
0.467775 0.252458 0.315711
0.537534 0.361882 0.614483
0.613498 0.333006 0.389149
0.376572 0.466139 0.598056
0.458875 0.300458 0.328811
0.585607 0.4213 0.547557
0.32233 0.350184 0.397223
0.704449 0.495358 0.532369
0.663437 0.352822 0.609775
0.468482 0.298704 0.27568
0.488357 0.266681 0.298334
0.634236 0.544097 0.581261
0.487208 0.268501 0.344595
0.548078 0.394771 0.582109
0.422776 0.347621 0.60695
0.726389 0.435138 0.56077
0.367347 0.464787 0.569722
0.35269 0.238169 0.478386
0.656442 0.23383 0.513487
0.689471 0.511834 0.419597
0.669572 0.328751 0.407254
0.44644 0.337151 0.271206
0.487413 0.2691 0.653294
0.340925 0.414734 0.505056
0.395025 0.46382 0.6052
0.710094 0.36436 0.404611
0.494011 0.334597 0.343812
0.384803 0.398021 0.532845
0.518285 0.342665 0.641112
0.398464 0.45095 0.609153
0.578126 0.465255 0.369013
0.531689 0.343712 0.343067
0.586132 0.412953 0.547072
0.275771 0.341259 0.530586
0.428187 0.350485 0.38766
0.538688 0.294811 0.668154
0.561337 0.360205 0.399905
0.481107 0.370216 0.663131
0.635385 0.320421 0.527142
0.558338 0.383669 0.570611
0.295042 0.342132 0.559964
0.690965 0.280723 0.502752
0.579794 0.505493 0.298054
0.411719 0.358134 0.578137
0.543777 0.437034 0.618662
0.429531 0.361228 0.602366
0.502892 0.23329 0.328902
0.719938 0.351851 0.422519
0.72581 0.401206 0.568243
0.524398 0.37337 0.636637
0.523882 0.580546 0.535121
0.672771 0.218982 0.512849
0.292059 0.315635 0.454527
0.427536 0.334823 0.624444
0.654203 0.276003 0.492182
0.645053 0.22639 0.498457
0.495588 0.574552 0.368843
0.302766 0.292107 0.454467
0.647886 0.395058 0.524227
0.485635 0.242844 0.351103
0.534818 0.424905 0.631753
0.41001 0.377129 0.703649
0.52866 0.328213 0.636364
0.344964 0.288742 0.491557
0.586524 0.573249 0.564135
0.328011 0.278589 0.500771
0.613531 0.459451 0.403522
0.310167 0.225779 0.483587
0.601589 0.427994 0.545376
0.684969 0.261203 0.488659
0.414219 0.382089 0.410204
0.343714 0.249215 0.474914
0.45609 0.401995 0.339766
0.45677 0.297098 0.319665
0.47497 0.567862 0.634145
0.497071 0.292307 0.345942
0.44844 0.428334 0.634411
0.565178 0.31482 0.353644
0.526578 0.336787 0.635502
0.657687 0.474925 0.63146
0.55116 0.43842 0.343722
0.667636 0.330639 0.489489
0.527867 0.495352 0.705282
0.488583 0.351808 0.655541
0.319012 0.32772 0.558767
0.509405 0.574088 0.606308
0.525381 0.396593 0.741248
0.393144 0.385582 0.433387
0.309265 0.30933 0.542607
0.313668 0.360757 0.393955
0.591487 0.454803 0.5767
0.502851 0.369771 0.340708
0.355439 0.442558 0.544622
0.330238 0.358133 0.471496
0.468098 0.579913 0.597142
0.340702 0.317859 0.453977
0.420542 0.339367 0.381515
0.428355 0.446608 0.63258
0.590578 0.580269 0.506418
0.511321 0.234072 0.674298
0.373615 0.470882 0.41796
0.38708 0.471089 0.593559
0.484897 0.259588 0.66779
0.472368 0.578829 0.602244
0.339843 0.423692 0.521873
0.366386 0.360919 0.342076
0.412033 0.383106 0.411576
0.541991 0.369696 0.614026
0.670052 0.221328 0.504424
0.38699 0.390987 0.539132
0.519293 0.486389 0.262964
0.659212 0.287466 0.493452
0.537624 0.408081 0.37068
0.329294 0.291104 0.501956
0.377874 0.539812 0.345875
0.641486 0.407785 0.45907
0.64806 0.301873 0.505236
0.445662 0.309383 0.302651
0.342299 0.297769 0.498176
0.497558 0.579911 0.386459
0.465947 0.301479 0.65821
0.486632 0.209528 0.327154
0.507849 0.278898 0.334884
0.594389 0.333036 0.595548
0.447187 0.39575 0.615169
0.556336 0.440591 0.346393
0.495165 0.248732 0.671806
0.366728 0.49055 0.673342
0.576821 0.414496 0.551093
0.662149 0.2744 0.470418
0.459764 0.376527 0.335159
0.535594 0.412939 0.643155
0.388903 0.401041 0.443587
0.610265 0.485357 0.66808
0.391319 0.451398 0.60131
0.361805 0.448771 0.551777
0.475579 0.589262 0.417707
0.314577 0.239955 0.488546
0.49143 0.327997 0.65372
0.566858 0.452172 0.578868
0.356797 0.449359 0.532329
0.606472 0.421755 0.420216
0.401798 0.407234 0.430054
0.313056 0.270564 0.46059
0.306667 0.482532 0.363926
0.421108 0.461338 0.59866
0.387382 0.398078 0.441706
0.638045 0.324376 0.538521
0.684323 0.278056 0.499442
0.3328 0.339937 0.471814
0.495164 0.263723 0.663344
0.464532 0.3302 0.330451
0.64713 0.3853 0.524327
0.378337 0.470026 0.572389
0.335056 0.42616 0.447819
0.418199 0.444448 0.61407
0.56844 0.452248 0.576378
0.403982 0.428163 0.545183
0.60238 0.342884 0.332582
0.346723 0.206219 0.477718
0.454603 0.409183 0.655387
0.670307 0.238254 0.519542
0.530251 0.404791 0.249994
0.446419 0.402151 0.365728
0.439588 0.332483 0.289142
0.57159 0.322053 0.360781
0.540216 0.323847 0.641866
0.543163 0.353211 0.261022
0.548193 0.585915 0.453828
0.483538 0.282016 0.656771
0.651718 0.262834 0.495321
0.510128 0.269077 0.329131
0.556155 0.439482 0.607665
0.309973 0.240931 0.484556
0.387786 0.426873 0.441994
0.626667 0.404244 0.438589
0.356999 0.573013 0.505262
0.361928 0.453595 0.684286
0.39292 0.403919 0.43678
0.418991 0.461032 0.596204
0.470449 0.381223 0.662171
0.680728 0.467245 0.606636
0.284377 0.441669 0.380311
0.569341 0.447386 0.37699
0.421513 0.418722 0.401922
0.38771 0.377009 0.292578
0.509729 0.584102 0.408297
0.424849 0.454402 0.605241
0.376899 0.347159 0.577826
0.427727 0.356945 0.333711
0.501794 0.275385 0.337536
0.402101 0.341792 0.310944
0.388322 0.338088 0.647053
0.330366 0.285132 0.463444
0.668519 0.295331 0.484068
0.523096 0.382015 0.645842
0.506433 0.237112 0.681582
0.657842 0.330697 0.588722
0.425486 0.422693 0.39537
0.3825 0.469183 0.577462
0.334147 0.243466 0.475736
0.383179 0.579258 0.43673
0.626044 0.459873 0.406449
0.583723 0.32427 0.328109
0.325223 0.256376 0.494461
0.486663 0.272367 0.66364
0.508092 0.240417 0.684368
0.546962 0.415486 0.590007
0.413321 0.452237 0.604518
0.410411 0.443528 0.409135
0.347833 0.333652 0.535855
0.515189 0.58507 0.50214
0.544527 0.505401 0.280197
0.393151 0.385715 0.282498
0.386575 0.401259 0.440721
0.496347 0.275835 0.661692
0.501686 0.337383 0.334502
0.37374 0.341882 0.606244
0.452089 0.296855 0.667361
0.497723 0.252384 0.32986
0.331366 0.297843 0.499556
0.438517 0.440167 0.615546
0.692061 0.284371 0.468865
0.580669 0.40636 0.410372
0.491132 0.365487 0.664162
0.401058 0.402359 0.550511
0.512058 0.338214 0.652134
0.490375 0.236138 0.319885
0.583122 0.363912 0.289686
0.332457 0.222263 0.473686
0.410851 0.416491 0.41735
0.559793 0.439347 0.596596
0.719747 0.312785 0.460059
0.602708 0.449546 0.372794
0.46284 0.347859 0.326416
0.476278 0.297953 0.32042
0.71004 0.288779 0.462105
0.340415 0.357827 0.525087
0.498203 0.341887 0.659317
0.333026 0.272732 0.495581
0.679684 0.28305 0.517927
0.384733 0.378314 0.434505
0.618207 0.403428 0.681183
0.573952 0.317355 0.641705
0.65246 0.249556 0.497487
0.385056 0.450603 0.53609
0.438012 0.365902 0.356202
0.370772 0.437625 0.523938
0.54667 0.336236 0.369118
0.470006 0.310345 0.661668
0.380958 0.399232 0.443905
0.550671 0.425121 0.591891
0.390146 0.46514 0.407774
0.588424 0.405514 0.550701
0.508279 0.359329 0.253183
0.437083 0.433187 0.632394
0.576648 0.435168 0.585306
0.346485 0.366558 0.52703
0.320349 0.200545 0.477263
0.456881 0.589089 0.424447
0.600964 0.405364 0.286672
0.327136 0.260167 0.470277
0.547349 0.384886 0.598169
0.503991 0.26828 0.665557
0.583271 0.387229 0.556974
0.679977 0.369242 0.487477
0.465991 0.346437 0.648457
0.411645 0.437026 0.599232
0.554586 0.426832 0.606589
0.259549 0.390703 0.444261
0.469972 0.321643 0.658233
0.533852 0.31815 0.271314
0.519181 0.584839 0.501596
0.626329 0.37533 0.53651
0.386747 0.465613 0.571323
0.484216 0.267635 0.674419
0.538696 0.557732 0.63973
0.677857 0.248276 0.509332
0.72497 0.459772 0.540615
0.540872 0.528813 0.675845
0.610337 0.334104 0.402378
0.316191 0.283074 0.461338
0.408953 0.349842 0.379106
0.501947 0.281142 0.326704
0.564356 0.3638 0.400806
0.586868 0.394361 0.55436
0.347559 0.393351 0.453162
0.330262 0.558867 0.487964
0.492015 0.269828 0.672738
0.574386 0.442355 0.361164
0.409213 0.427628 0.414029
0.369417 0.406041 0.448671
0.324039 0.264496 0.470588
0.325003 0.273968 0.470329
0.435486 0.436876 0.609201
0.64005 0.332528 0.402794
0.640437 0.545648 0.397084
0.517394 0.345051 0.653208
0.727365 0.321907 0.465645
0.259048 0.476712 0.513777
0.471088 0.266311 0.679055
0.529044 0.370112 0.338919
0.466951 0.2809 0.312902
0.423949 0.512268 0.690702
0.603431 0.432892 0.403797
0.442496 0.404437 0.355239
0.391858 0.491845 0.301995
0.41007 0.479028 0.705723
0.397487 0.458652 0.573649
0.69758 0.39622 0.595873
0.529715 0.525144 0.683189
0.411725 0.396857 0.408924
0.57876 0.411532 0.555626
0.53419 0.318124 0.650103
0.529911 0.307729 0.276673
0.406999 0.455032 0.591296
0.409802 0.366439 0.573441
0.417957 0.434872 0.600833
0.36336 0.352992 0.365658
0.317811 0.259598 0.471043
0.585944 0.374011 0.41352
0.470633 0.289244 0.708037
0.331442 0.382579 0.458534
0.529981 0.381663 0.3351
0.645898 0.335362 0.52199
0.633488 0.437237 0.433662
0.528212 0.378532 0.332458
0.675926 0.305411 0.480524
0.352277 0.407855 0.523123
0.582197 0.443304 0.367504
0.42765 0.590537 0.486811
0.410567 0.435692 0.40458
0.66239 0.547641 0.489463
0.433878 0.570923 0.613088
0.516126 0.334642 0.658888
0.612624 0.439275 0.395212
0.585003 0.418951 0.555825
0.459697 0.301774 0.702114
0.42492 0.423131 0.26347
0.701609 0.363548 0.396956
0.652946 0.384841 0.454468
0.326292 0.328101 0.524285
0.416027 0.348948 0.692168
0.419639 0.343337 0.373211
0.571641 0.488808 0.283837
0.527951 0.586525 0.48371
0.671121 0.326481 0.493023
0.677321 0.291464 0.485765
0.443932 0.338065 0.326246
0.498475 0.28648 0.299351
0.465895 0.274499 0.680977
0.59144 0.328269 0.342172
0.714605 0.361727 0.413846
0.329294 0.332581 0.528004
0.293555 0.387156 0.379358
0.507593 0.473102 0.72172
0.603847 0.380089 0.423577
0.651598 0.338902 0.520184
0.657579 0.400713 0.458286
0.321816 0.322378 0.547271
0.449752 0.583578 0.534222
0.676845 0.322435 0.483252
0.471903 0.330304 0.661138
0.71944 0.356236 0.563099
0.423405 0.433023 0.38432
0.617415 0.333867 0.571159
0.494538 0.311621 0.318007
0.492064 0.316556 0.662332
0.674446 0.494218 0.582783
0.359533 0.38965 0.449243
0.675159 0.512641 0.560283
0.635136 0.40215 0.661622
0.49185 0.288052 0.671323
0.276827 0.315074 0.477483
0.497173 0.588126 0.458188
0.406249 0.440431 0.589057
0.680027 0.296269 0.485085
0.38492 0.430801 0.436535
0.456442 0.303026 0.292214
0.33112 0.366006 0.522119
0.365323 0.417695 0.533386
0.299355 0.455517 0.357122
0.436932 0.376119 0.267436
0.587844 0.4192 0.70333
0.715507 0.349378 0.420975
0.361206 0.560382 0.402605
0.282668 0.51995 0.493232
0.268509 0.496557 0.509125
0.426277 0.423084 0.586874
0.30354 0.299955 0.512459
0.581243 0.358075 0.403322
0.412556 0.352132 0.356543
0.619949 0.429124 0.410817
0.302985 0.28467 0.480744
0.649761 0.401681 0.448151
0.309282 0.410937 0.629189
0.496438 0.267412 0.680589
0.577782 0.338749 0.380902
0.319582 0.343904 0.500746
0.648378 0.409769 0.446964
0.643238 0.481646 0.638735
0.407776 0.404929 0.560772
0.461681 0.316663 0.318218
0.292524 0.310244 0.460131
0.704895 0.356167 0.406328
0.357399 0.352866 0.553916
0.426622 0.416853 0.386441
0.4233 0.43914 0.719005
0.391043 0.394688 0.417555
0.663045 0.312422 0.52899
0.501379 0.328047 0.317413
0.617514 0.428928 0.412403
0.583974 0.401816 0.558409
0.649388 0.552903 0.439328
0.670222 0.322806 0.500344
0.578866 0.515425 0.66407
0.507267 0.316646 0.27343
0.665929 0.388243 0.463121
0.66978 0.542538 0.481377
0.330491 0.385454 0.521948
0.329306 0.382513 0.520426
0.531402 0.564404 0.358838
0.70697 0.472221 0.560512
0.360269 0.352506 0.626756
0.390472 0.437118 0.546381
0.411478 0.43856 0.567151
0.451015 0.331739 0.647609
0.569548 0.371689 0.278243
0.409721 0.439489 0.384669
0.550323 0.427935 0.262678
0.651042 0.393406 0.446947
0.622864 0.423563 0.42041
0.268803 0.372501 0.44095
0.568529 0.426469 0.715401
0.349907 0.382757 0.445882
0.364526 0.341706 0.611621
0.399284 0.44158 0.558136
0.552423 0.305911 0.30844
0.668182 0.326819 0.506328
0.480751 0.294236 0.303934
0.54927 0.398534 0.608999
0.608685 0.57151 0.446134
0.522098 0.350436 0.322548
0.492379 0.296716 0.282401
0.350231 0.569216 0.498111
0.597966 0.35363 0.411775
0.684674 0.518808 0.427949
0.567345 0.51952 0.667977
0.369914 0.434929 0.434119
0.417386 0.359383 0.353486
0.540656 0.583009 0.441934
0.384299 0.385082 0.416444
0.424169 0.34836 0.296372
0.677003 0.346391 0.463548
0.477154 0.299227 0.676639
0.686817 0.46204 0.361181
0.664874 0.317254 0.530394
0.552264 0.411324 0.379885
0.436205 0.418335 0.616106
0.679509 0.401341 0.620172
0.501601 0.291733 0.293518
0.276032 0.328067 0.488321
0.469025 0.343274 0.660613
0.312219 0.326218 0.512505
0.422899 0.415515 0.385334
0.373486 0.396836 0.437803
0.658675 0.337165 0.4438
0.416036 0.440652 0.714914
0.595046 0.368987 0.299821
0.507767 0.284975 0.6791
0.577111 0.326221 0.340199
0.412136 0.437623 0.581914
0.386544 0.398433 0.428395
0.502141 0.28908 0.684321
0.41593 0.423166 0.393462
0.563075 0.351925 0.60882
0.561066 0.396311 0.39499
0.435917 0.366285 0.339305
0.661968 0.507174 0.587478
0.371361 0.370528 0.557696
0.685276 0.313907 0.503995
0.508329 0.290638 0.68482
0.731215 0.417261 0.558065
0.662882 0.350301 0.449665
0.327553 0.363982 0.455378
0.341455 0.342886 0.584437
0.501638 0.289506 0.686909
0.346235 0.379545 0.536596
0.670053 0.297401 0.515324
0.585861 0.352761 0.303939
0.650468 0.325868 0.539843
0.476604 0.579813 0.559325
0.435968 0.371425 0.617411
0.655453 0.488574 0.346375
0.329379 0.325596 0.536511
0.458787 0.356608 0.641866
0.659201 0.315896 0.516571
0.398503 0.426758 0.405293
0.481308 0.586625 0.436902
0.562618 0.322389 0.652896
0.442255 0.334688 0.647944
0.398778 0.413911 0.560383
0.666445 0.323166 0.440691
0.650261 0.354307 0.617187
0.325796 0.369451 0.453002
0.426051 0.388964 0.365193
0.700126 0.304773 0.527073
0.569143 0.343847 0.611253
0.322857 0.340197 0.524704
0.48747 0.578827 0.52383
0.473376 0.303263 0.283049
0.451301 0.331237 0.285273
0.320083 0.341088 0.459237
0.331566 0.341099 0.559628
0.729131 0.460439 0.504484
0.340613 0.562117 0.535231
0.411994 0.425671 0.392685
0.492508 0.292388 0.683419
0.674918 0.373127 0.459313
0.319889 0.347822 0.459547
0.412126 0.394632 0.579775
0.485135 0.302605 0.294803
0.575166 0.361396 0.706577
0.421501 0.364174 0.614511
0.636968 0.432413 0.657518
0.471422 0.582608 0.39534
0.485789 0.578326 0.555588
0.567288 0.355362 0.603496
0.580703 0.421112 0.573136
0.435463 0.570616 0.61142
0.260368 0.357798 0.490722
0.398235 0.400204 0.56048
0.679075 0.324652 0.435555
0.370612 0.374139 0.560628
0.487886 0.582952 0.495229
0.403111 0.412602 0.400791
0.458092 0.310127 0.66933
0.572008 0.334826 0.694704
0.69066 0.331728 0.426383
0.349434 0.346981 0.396174
0.481 0.324666 0.273206
0.383757 0.358348 0.382818
0.48631 0.584082 0.487881
0.521885 0.313997 0.311575
0.404368 0.419806 0.590432
0.379397 0.412514 0.291541
0.631739 0.504436 0.629244
0.541643 0.366194 0.642304
0.293244 0.312887 0.474815
0.675068 0.33221 0.426689
0.530885 0.324808 0.319476
0.619746 0.394843 0.421582
0.551786 0.306932 0.318628
0.263401 0.439885 0.545824
0.680204 0.352572 0.504714
0.468118 0.357377 0.665791
0.420642 0.391611 0.373632
0.480273 0.567487 0.628673
0.55837 0.319297 0.30599
0.327265 0.35943 0.437898
0.42111 0.378192 0.384773
0.367101 0.349911 0.379004
0.684 0.338884 0.465438
0.516893 0.346858 0.258905
0.425861 0.369804 0.282975
0.419316 0.389022 0.59889
0.371297 0.42292 0.426568
0.559959 0.330643 0.354554
0.431223 0.349601 0.633733
0.33255 0.347453 0.56792
0.678728 0.384843 0.453757
0.678762 0.340215 0.512515
0.505767 0.305312 0.704859
0.696736 0.506266 0.514709
0.714501 0.437019 0.404603
0.325532 0.489142 0.353976
0.581813 0.577857 0.459317
0.391987 0.415274 0.580769
0.390198 0.42494 0.403742
0.642641 0.342114 0.585929
0.604625 0.570574 0.537423
0.640273 0.496355 0.339653
0.46298 0.565569 0.631941
0.478199 0.585798 0.447181
0.389854 0.398486 0.409106
0.65369 0.335182 0.537974
0.273535 0.367771 0.534341
0.598327 0.339144 0.350955
0.403768 0.580556 0.41535
0.624864 0.357645 0.561282
0.39043 0.427939 0.391679
0.397247 0.349827 0.366326
0.284973 0.502059 0.436921
0.593146 0.405308 0.568893
0.254501 0.425057 0.499272
0.571524 0.564787 0.387756
0.616056 0.568121 0.51582
0.625194 0.344505 0.414756
0.297164 0.330666 0.538458
0.600093 0.381704 0.412139
0.646801 0.558304 0.471207
0.457835 0.308512 0.679212
0.439266 0.395261 0.262798
0.694668 0.488167 0.397477
0.354193 0.34411 0.589342
0.334194 0.356616 0.409128
0.698041 0.365747 0.477088
0.463262 0.309103 0.678054
0.524787 0.309365 0.704286
0.271858 0.483812 0.442731
0.654128 0.525154 0.383771
0.556167 0.33516 0.6403
0.326368 0.372741 0.44417
0.372325 0.407064 0.423281
0.544093 0.328684 0.327787
0.525222 0.326236 0.674252
0.528638 0.316431 0.682092
0.509335 0.323904 0.296362
0.53243 0.362764 0.262681
0.707404 0.373828 0.401583
0.336776 0.352177 0.400045
0.585034 0.531228 0.331052
0.39246 0.407783 0.401984
0.454261 0.406013 0.737808
0.697761 0.316094 0.483118
0.62462 0.566926 0.458904
0.356773 0.359136 0.409972
0.531446 0.317879 0.709055
0.28058 0.49878 0.555837
0.6893 0.348805 0.498805
0.419979 0.376938 0.613351
0.468148 0.301835 0.694112
0.408681 0.402307 0.5927
0.539236 0.31873 0.318446
0.56842 0.567607 0.397561
0.623669 0.552621 0.398926
0.35616 0.363445 0.553473
0.400153 0.365351 0.381357
0.424444 0.352555 0.641923
0.392579 0.571701 0.575736
0.624061 0.498392 0.32774
0.397519 0.388884 0.585848
0.694513 0.361191 0.498022
0.648209 0.340962 0.397317
0.541272 0.31953 0.694123
0.741437 0.387108 0.447899
0.61191 0.542767 0.368742
0.259626 0.394701 0.45154
0.491653 0.334913 0.271847
0.314499 0.358988 0.449887
0.44794 0.333661 0.659755
0.484416 0.354757 0.259946
0.6013 0.418644 0.291353
0.51454 0.472694 0.718563
0.645793 0.400811 0.645137
0.391334 0.392728 0.394687
0.289776 0.37758 0.420934
0.448167 0.36362 0.64182
0.339117 0.348089 0.553317
0.308083 0.361413 0.422739
0.484819 0.583831 0.475887
0.429071 0.353959 0.294902
0.267629 0.40073 0.434172
0.696411 0.324505 0.491154
0.324532 0.391096 0.638915
0.584141 0.367309 0.391734
0.29482 0.423877 0.371311
0.312078 0.440929 0.348926
0.638795 0.531732 0.377069
0.489095 0.317005 0.684775
0.355545 0.390469 0.426837
0.441653 0.566909 0.620675
0.489321 0.345216 0.678914
0.288419 0.327703 0.477192
0.256643 0.38864 0.493449
0.58069 0.385579 0.58267
0.390086 0.375144 0.587099
0.259589 0.374072 0.489074
0.691103 0.359765 0.513799
0.394593 0.583204 0.497559
0.553006 0.326541 0.675936
0.366217 0.52919 0.34828
0.57866 0.557906 0.376295
0.515026 0.348523 0.685974
0.587859 0.397055 0.581291
0.296037 0.330516 0.499142
0.622825 0.37295 0.56798
0.35248 0.522079 0.355257
0.699627 0.451949 0.578759
0.454986 0.585089 0.452298
0.673376 0.340556 0.418371
0.490875 0.349086 0.681603
0.252528 0.406941 0.464983
0.686228 0.355989 0.521119
0.329942 0.382602 0.434403
0.582425 0.348976 0.626686
0.694444 0.358493 0.504766
0.369432 0.365964 0.583528
0.266203 0.459316 0.555157
0.395034 0.355381 0.360894
0.401506 0.362929 0.620988
0.691488 0.33055 0.547566
0.342884 0.439935 0.665331
0.350901 0.357686 0.58226
0.330402 0.395936 0.647686
0.374582 0.392768 0.686445
0.49098 0.35397 0.682833
0.391642 0.397608 0.583795
0.651923 0.343496 0.411112
0.652799 0.336611 0.557898
0.353121 0.381777 0.418842
0.49648 0.390423 0.25731
0.593286 0.566751 0.419729
0.383951 0.377984 0.381186
0.685466 0.357333 0.526837
0.606855 0.336676 0.641109
0.563761 0.333319 0.660937
0.675339 0.341152 0.424161
0.550043 0.569799 0.400725
0.306662 0.345942 0.511853
0.437095 0.421735 0.727907
0.34001 0.355047 0.555916
0.579159 0.481612 0.683734
0.264161 0.376601 0.505171
0.555836 0.346093 0.647468
0.401634 0.365445 0.30905
0.361866 0.385633 0.5644
0.621898 0.35615 0.598433
0.260953 0.398484 0.520751
0.577216 0.380051 0.286193
0.636843 0.368754 0.56074
0.538006 0.575909 0.515699
0.537742 0.574342 0.528722
0.734136 0.337648 0.503903
0.381991 0.378413 0.675798
0.528425 0.375488 0.735471
0.402009 0.379102 0.352268
0.657282 0.402504 0.337391
0.393102 0.356871 0.321711
0.646141 0.359568 0.43116
0.609329 0.357748 0.346111
0.317025 0.336076 0.534525
0.640785 0.358946 0.559197
0.65767 0.378612 0.35914
0.36424 0.570225 0.450391
0.544815 0.347108 0.667842
0.624666 0.363209 0.586684
0.285781 0.330585 0.493725
0.39656 0.391543 0.601857
0.319223 0.374538 0.586471
0.668877 0.348784 0.545395
0.382126 0.363426 0.334727
0.575064 0.338426 0.652803
0.443608 0.417877 0.260541
0.522641 0.57812 0.424926
0.471095 0.362082 0.260889
0.717095 0.326754 0.517143
0.370962 0.378899 0.587415
0.266116 0.393234 0.53513
0.663606 0.351064 0.548175
0.722914 0.399265 0.41542
0.389574 0.357998 0.627618
0.291926 0.390075 0.400202
0.278573 0.415233 0.57444
0.282783 0.392605 0.57148
0.432144 0.352358 0.66298
0.685989 0.344884 0.454147
0.386737 0.357292 0.358275
0.307836 0.342311 0.518188
0.524207 0.39333 0.259997
0.444435 0.357103 0.652343
0.711215 0.320239 0.475591
0.368656 0.370644 0.367607
0.598995 0.365114 0.677771
0.348983 0.565212 0.518486
0.668517 0.358167 0.585907
0.380438 0.577032 0.525808
0.719875 0.325641 0.491111
0.473068 0.575451 0.55522
0.52604 0.579655 0.480291
0.65753 0.425462 0.63327
0.537205 0.532205 0.304751
0.721348 0.477231 0.474649
0.602091 0.390776 0.684481
0.590364 0.574106 0.515455
0.278575 0.375205 0.438117
0.337369 0.366733 0.400615
0.707404 0.324225 0.460757
0.665567 0.345992 0.556488
0.474829 0.331031 0.705395
0.518389 0.577912 0.432363
0.608626 0.361521 0.364294
0.268757 0.417205 0.551216
0.548589 0.347678 0.675152
0.428216 0.385633 0.320008
0.656984 0.463743 0.629646
0.625911 0.408275 0.664642
0.290804 0.340479 0.514761
0.498443 0.564426 0.358172
0.602178 0.34611 0.63544
0.457276 0.352139 0.672892
0.258529 0.391301 0.462487
0.658702 0.377756 0.431849
0.445227 0.355315 0.660867
0.418214 0.374361 0.301233
0.503482 0.452023 0.257688
0.51851 0.483377 0.710523
0.291269 0.351393 0.499592
0.423054 0.447899 0.714889
0.631835 0.367344 0.414506
0.44755 0.584498 0.468025
0.360129 0.378936 0.591193
0.319419 0.350335 0.540707
0.637697 0.495828 0.626655
0.704858 0.347663 0.479677
0.638297 0.367067 0.581868
0.45752 0.405584 0.737209
0.269641 0.472745 0.557599
0.710676 0.361435 0.418866
0.539502 0.556209 0.630859
0.441263 0.402775 0.264575
0.395861 0.380064 0.622909
0.307582 0.374379 0.431519
0.417441 0.510136 0.686257
0.664945 0.354501 0.558008
0.658302 0.355948 0.562942
0.491559 0.57946 0.456373
0.300451 0.482568 0.604953
0.601414 0.569102 0.451681
0.593965 0.376264 0.30685
0.602652 0.373588 0.604982
0.505279 0.333433 0.702619
0.579481 0.345894 0.336008
0.652742 0.37581 0.428559
0.548257 0.338914 0.707978
0.305521 0.395518 0.609522
0.445729 0.362717 0.285353
0.596299 0.360883 0.370519
0.633957 0.381304 0.57822
0.299595 0.358649 0.520267
0.620238 0.369094 0.380841
0.405112 0.364947 0.640018
0.510794 0.335961 0.699134
0.427737 0.38329 0.283868
0.442928 0.350988 0.674648
0.657086 0.354112 0.571924
0.465434 0.333079 0.69349
0.692425 0.339589 0.43797
0.518933 0.351512 0.280864
0.47224 0.574312 0.514635
0.440361 0.484641 0.273165
0.533045 0.345789 0.282256
0.585876 0.362999 0.643249
0.363506 0.377315 0.599692
0.55073 0.341641 0.67582
0.374065 0.378098 0.601493
0.667083 0.350324 0.570415
0.275697 0.376926 0.528438
0.278226 0.363679 0.461144
0.578369 0.360822 0.353635
0.34509 0.379544 0.577866
0.527383 0.509407 0.689453
0.459041 0.581588 0.470336
0.599303 0.410384 0.293671
0.303443 0.381703 0.419679
0.642109 0.544909 0.411277
0.504846 0.338644 0.721059
0.432926 0.373068 0.292531
0.740485 0.429379 0.466307
0.603686 0.367971 0.621799
0.726122 0.41952 0.428401
0.541407 0.565223 0.590674
0.434817 0.40444 0.269076
0.527685 0.497682 0.697785
0.696734 0.339001 0.455433
0.581081 0.357 0.319123
0.437927 0.430788 0.265046
0.714236 0.341415 0.51932
0.521645 0.361118 0.275908
0.597226 0.385392 0.682728
0.435909 0.377442 0.297903
0.704119 0.346903 0.426169
0.443458 0.538981 0.315629
0.605098 0.37584 0.671359
0.26406 0.375371 0.483862
0.279794 0.435363 0.418181
0.594248 0.373551 0.36778
0.39195 0.565679 0.391431
0.323869 0.456567 0.342573
0.63947 0.356898 0.394917
0.563834 0.556142 0.612791
0.593469 0.3889 0.295758
0.418362 0.550503 0.34167
0.374146 0.371388 0.62034
0.298976 0.461627 0.367599
0.283342 0.364808 0.513488
0.46998 0.579445 0.457745
0.507802 0.350296 0.7069
0.447128 0.582473 0.472735
0.421674 0.519107 0.308424
0.727425 0.377056 0.434542
0.708162 0.353459 0.529208
0.674574 0.440976 0.611958
0.571263 0.350601 0.669447
0.584219 0.536603 0.344636
0.623243 0.524437 0.357764
0.453025 0.581108 0.442267
0.574814 0.352111 0.334165
0.665859 0.428809 0.622915
0.382686 0.369398 0.645773
0.312088 0.386508 0.404641
0.645208 0.381075 0.580769
0.668448 0.362996 0.427893
0.710797 0.369872 0.564201
0.714232 0.347549 0.520547
0.639312 0.393072 0.583035
0.585196 0.376414 0.305243
0.438163 0.381584 0.279713
0.527432 0.362543 0.283796
0.359401 0.395797 0.323077
0.593136 0.554657 0.597702
0.701186 0.416753 0.585599
0.656767 0.365978 0.575491
0.385567 0.382119 0.62836
0.615253 0.542051 0.377049
0.408446 0.370337 0.679802
0.625637 0.513229 0.347584
0.440695 0.364188 0.676126
0.713051 0.360695 0.520355
0.349355 0.380607 0.630722
0.588896 0.364183 0.338264
0.600846 0.368108 0.643391
0.545139 0.558781 0.374496
0.561542 0.499586 0.679048
0.404103 0.582364 0.467479
0.510054 0.563904 0.369435
0.680481 0.361124 0.568757
0.724313 0.399205 0.425561
0.470486 0.575145 0.388181
0.724284 0.345066 0.530472
0.356795 0.379539 0.624445
0.267604 0.383626 0.470517
0.271755 0.431979 0.442343
0.445089 0.573704 0.548864
0.741232 0.365031 0.471393
0.382787 0.529578 0.338438
0.557369 0.455924 0.704842
0.59382 0.376269 0.677919
0.627933 0.541803 0.579883
0.505494 0.348686 0.723391
0.325655 0.389259 0.37207
0.603085 0.383814 0.353036
0.714324 0.46201 0.540527
0.693761 0.352833 0.440189
0.270613 0.417274 0.445982
0.590527 0.393037 0.294335
0.628007 0.406093 0.370206
0.479679 0.565762 0.619829
0.394705 0.387683 0.64646
0.512157 0.350739 0.715807
0.722497 0.345508 0.525055
0.470932 0.383307 0.734684
0.265433 0.387852 0.466109
0.418547 0.44146 0.278039
0.729648 0.345856 0.471156
0.265563 0.432876 0.461786
0.626425 0.383027 0.333309
0.375508 0.531872 0.348254
0.57087 0.554782 0.378742
0.279939 0.392618 0.546109
0.345421 0.559523 0.462152
0.64565 0.386844 0.609525
0.429938 0.574263 0.55444
0.737484 0.428924 0.504027
0.314047 0.398774 0.411509
0.608631 0.388761 0.665743
0.298083 0.420456 0.381366
0.62272 0.396376 0.371207
0.433552 0.370612 0.680218
0.704418 0.478891 0.426003
0.74106 0.377782 0.508243
0.651294 0.404242 0.602001
0.530838 0.551385 0.345262
0.463761 0.578321 0.466847
0.26718 0.430729 0.537249
0.301051 0.53138 0.493382
0.285366 0.413178 0.426797
0.278444 0.462652 0.576448
0.642005 0.432699 0.641771
0.617254 0.37562 0.628294
0.343391 0.392766 0.646881
0.519444 0.54408 0.655295
0.536877 0.574276 0.466378
0.298817 0.523894 0.458064
0.565613 0.395655 0.711912
0.359431 0.450694 0.31757
0.425103 0.366775 0.690569
0.421068 0.39851 0.292623
0.622389 0.400395 0.359786
0.723494 0.349358 0.476585
0.458731 0.387085 0.275521
0.279016 0.44012 0.43408
0.424717 0.380756 0.674773
0.297601 0.398302 0.572774
0.652144 0.494997 0.358115
0.2804 0.446712 0.429917
0.28362 0.503085 0.459241
0.334071 0.409558 0.627847
0.499763 0.36 0.724661
0.585104 0.531949 0.341737
0.589652 0.389894 0.683281
0.728419 0.354343 0.487591
0.575164 0.397532 0.701403
0.398053 0.425139 0.290191
0.378176 0.392338 0.645413
0.453484 0.367394 0.721529
0.688418 0.367027 0.42544
0.288437 0.413494 0.429134
0.313231 0.408374 0.591886
0.272722 0.451767 0.448126
0.611657 0.38315 0.642325
0.671892 0.373832 0.575951
0.402092 0.38362 0.673503
0.328052 0.399741 0.633377
0.665175 0.394633 0.355393
0.480602 0.480853 0.263183
0.612459 0.396301 0.31116
0.688045 0.368474 0.560977
0.648158 0.397385 0.61167
0.725474 0.351121 0.462107
0.606836 0.386417 0.341147
0.569726 0.382122 0.298304
0.544901 0.391802 0.277321
0.490404 0.399928 0.275007
0.432992 0.411542 0.275303
0.70696 0.359032 0.551205
0.399722 0.384228 0.673131
0.377923 0.398018 0.651492
0.434951 0.411813 0.281016
0.511205 0.40307 0.280885
0.69566 0.473282 0.395476
0.634194 0.528385 0.377855
0.26492 0.472028 0.477403
0.487006 0.570785 0.503871
0.686181 0.373584 0.567072
0.585935 0.570795 0.497036
0.387989 0.521107 0.662049
0.687554 0.452644 0.581505
0.590701 0.40073 0.296415
0.349104 0.40844 0.659927
0.366531 0.568338 0.506379
0.693413 0.44543 0.577778
0.721415 0.359809 0.458143
0.585607 0.378557 0.665022
0.709026 0.363862 0.443464
0.599931 0.392785 0.329804
0.452302 0.367475 0.705557
0.609546 0.56251 0.447687
0.428497 0.414106 0.280846
0.474458 0.569565 0.511917
0.707731 0.441684 0.410426
0.436146 0.452427 0.716463
0.702241 0.486157 0.522048
0.667919 0.40035 0.354628
0.511353 0.557063 0.35751
0.635523 0.50977 0.357624
0.405118 0.409044 0.702273
0.445415 0.578959 0.462472
0.720464 0.369886 0.45925
0.377842 0.550811 0.378204
0.313472 0.460074 0.628844
0.509103 0.369364 0.717646
0.676861 0.525326 0.458862
0.275301 0.445429 0.556294
0.438041 0.571854 0.533094
0.2979 0.453961 0.383253
0.661749 0.394737 0.375472
0.572814 0.378104 0.685364
0.267442 0.476483 0.486804
0.732837 0.436971 0.469754
0.403143 0.464252 0.698329
0.308185 0.527931 0.5505
0.474229 0.473418 0.261977
0.469801 0.564725 0.616912
0.591895 0.555327 0.590919
0.273123 0.435462 0.514615
0.570321 0.569588 0.530867
0.447588 0.370449 0.707445
0.284123 0.440193 0.574376
0.587211 0.569727 0.525032
0.298388 0.4207 0.424626
0.669332 0.413415 0.590363
0.615902 0.562674 0.49821
0.576281 0.570938 0.475659
0.485603 0.413328 0.732976
0.566414 0.569719 0.525162
0.662096 0.419385 0.605006
0.570198 0.402048 0.287825
0.738687 0.405194 0.468581
0.280492 0.428411 0.446429
0.305233 0.505369 0.419987
0.515051 0.573132 0.469158
0.715177 0.40225 0.559501
0.681387 0.446357 0.59167
0.653248 0.541847 0.446468
0.712777 0.371034 0.540426
0.326026 0.543981 0.541758
0.42658 0.400616 0.710283
0.5218 0.410532 0.272327
0.299277 0.451959 0.386303
0.425244 0.567223 0.58515
0.604169 0.554779 0.576791
0.67554 0.408257 0.388292
0.388972 0.409351 0.686836
0.270699 0.459497 0.511458
0.412254 0.437526 0.293711
0.703383 0.479109 0.526465
0.38086 0.458688 0.68641
0.340054 0.443661 0.361076
0.397299 0.428944 0.697089
0.550361 0.379317 0.707838
0.68308 0.394544 0.406383
0.582336 0.401562 0.309145
0.624937 0.454711 0.65339
0.31733 0.450736 0.628058
0.40593 0.468021 0.294978
0.670343 0.417744 0.579103
0.597104 0.564192 0.450915
0.286299 0.508294 0.503992
0.427978 0.469831 0.280952
0.506749 0.433148 0.277385
0.680023 0.398521 0.377036
0.657958 0.418915 0.359413
0.556045 0.506641 0.672611
0.636024 0.416171 0.636685
0.681971 0.416059 0.588528
0.640663 0.454742 0.63733
0.376747 0.55253 0.386016
0.385025 0.571965 0.508124
0.495568 0.391934 0.716993
0.284163 0.447581 0.571997
0.607527 0.409639 0.65958
0.300322 0.446085 0.386454
0.669824 0.398686 0.373828
0.285399 0.430922 0.555073
0.275858 0.483328 0.53758
0.707099 0.383549 0.431603
0.699649 0.389371 0.560642
0.361908 0.447572 0.339631
0.676831 0.474199 0.578504
0.272545 0.465162 0.516617
0.731814 0.388131 0.509828
0.482773 0.473653 0.26619
0.276968 0.445362 0.456764
0.311988 0.441899 0.609353
0.590042 0.526315 0.344582
0.320022 0.441127 0.367823
0.443166 0.568128 0.563304
0.432581 0.568604 0.560582
0.276187 0.446894 0.481888
0.332806 0.548996 0.474183
0.576 0.392203 0.678792
0.519752 0.456602 0.714086
0.589198 0.414683 0.680572
0.419061 0.443573 0.705725
0.375858 0.546689 0.611412
0.58195 0.555846 0.403799
0.492824 0.544343 0.653226
0.283809 0.440368 0.448667
0.315113 0.533745 0.463362
0.445331 0.418049 0.724362
0.535334 0.566401 0.42527
0.55719 0.437816 0.70505
0.286174 0.491337 0.446266
0.349661 0.423228 0.642178
0.291284 0.483836 0.575956
0.6906 0.390251 0.560377
0.278053 0.490417 0.532557
0.619146 0.517345 0.619491
0.456896 0.446837 0.271836
0.478863 0.39218 0.719903
0.281611 0.493332 0.53041
0.335359 0.496743 0.626958
0.723646 0.437436 0.453735
0.603787 0.564654 0.489818
0.699212 0.488008 0.507874
0.276328 0.462436 0.523671
0.720575 0.388811 0.531408
0.515986 0.556729 0.372439
0.683826 0.406361 0.564767
0.472472 0.46811 0.268829
0.605056 0.439166 0.310815
0.73159 0.422748 0.462995
0.278632 0.463674 0.546213
0.366163 0.555673 0.558101
0.668966 0.431651 0.358334
0.687826 0.48618 0.409338
0.344851 0.537262 0.59022
0.706369 0.478212 0.501578
0.276607 0.459121 0.458768
0.290703 0.508924 0.495065
0.323905 0.467106 0.63256
0.30483 0.493917 0.586146
0.689441 0.41667 0.570755
0.52068 0.44829 0.275531
0.715153 0.403279 0.524066
0.611962 0.562262 0.488539
0.399134 0.416476 0.68335
0.609336 0.432556 0.322305
0.502321 0.424109 0.725731
0.623252 0.556644 0.50865
0.429553 0.558408 0.614066
0.336844 0.44255 0.642198
0.328141 0.541897 0.532748
0.690012 0.435984 0.383016
0.721491 0.41835 0.542058
0.631833 0.435359 0.635943
0.331184 0.466656 0.359152
0.364276 0.458811 0.668775
0.397981 0.510826 0.668151
0.628304 0.554611 0.494301
0.39622 0.568634 0.531091
0.283691 0.464072 0.528651
0.451521 0.494791 0.285081
0.678468 0.432891 0.381458
0.648864 0.449909 0.598849
0.367057 0.453668 0.638165
0.540233 0.553284 0.382471
0.683404 0.441739 0.576834
0.698751 0.409101 0.431012
0.473038 0.48705 0.274649
0.401489 0.428994 0.678021
0.70471 0.474113 0.444686
0.694367 0.409887 0.419668
0.603122 0.446694 0.312717
0.588497 0.419999 0.660005
0.624242 0.557705 0.477745
0.730427 0.417018 0.475576
0.381156 0.442108 0.680634
0.360428 0.560118 0.496812
0.535659 0.510544 0.294586
0.677325 0.434252 0.378519
0.57397 0.409076 0.681644
0.274929 0.475628 0.474742
0.427163 0.572709 0.506772
0.390411 0.527194 0.651199
0.291874 0.491182 0.440193
0.352134 0.434694 0.645563
0.502811 0.474648 0.273877
0.331539 0.44218 0.623739
0.59099 0.43917 0.67205
0.485601 0.408377 0.718588
0.424953 0.57126 0.519149
0.34402 0.458517 0.646802
0.395364 0.56537 0.409751
0.617561 0.452243 0.631115
0.713208 0.406575 0.438411
0.421524 0.492545 0.305381
0.288709 0.470119 0.531371
0.618499 0.46273 0.321936
0.409176 0.520568 0.325588
0.530772 0.474668 0.281646
0.293096 0.505942 0.493747
0.360683 0.549864 0.409169
0.679564 0.479642 0.389568
0.608141 0.445169 0.640546
0.608133 0.45962 0.317133
0.685125 0.46987 0.392639
0.695772 0.41239 0.549499
0.615186 0.464215 0.650281
0.608031 0.455487 0.324647
0.682752 0.443718 0.572855
0.656023 0.466897 0.379065
0.715435 0.458856 0.483795
0.444841 0.560237 0.605444
0.460057 0.564838 0.511643
0.615873 0.500736 0.630517
0.316969 0.529893 0.522572
0.630716 0.479764 0.63128
0.404437 0.560993 0.575045
0.281902 0.481656 0.527351
0.343612 0.446767 0.631389
0.604899 0.491412 0.324653
0.495331 0.541373 0.329517
0.384225 0.486418 0.323139
0.636241 0.463691 0.3345
0.67339 0.48958 0.562835
0.403444 0.450946 0.690363
0.362102 0.473683 0.337123
0.298065 0.507889 0.503137
0.385103 0.569638 0.47205
0.451066 0.572513 0.429028
0.719328 0.406779 0.458785
0.63981 0.461307 0.348802
0.709139 0.421705 0.523208
0.326752 0.493118 0.610676
0.568155 0.427879 0.669099
0.560526 0.519887 0.325502
0.665894 0.514056 0.420343
0.286554 0.484688 0.520461
0.710438 0.451552 0.516325
0.650134 0.517463 0.566216
0.712084 0.423669 0.538568
0.386786 0.470637 0.32701
0.676931 0.437416 0.561896
0.494633 0.562782 0.509774
0.661323 0.52616 0.518193
0.569243 0.552898 0.407561
0.49029 0.49742 0.288208
0.503068 0.524444 0.308014
0.486105 0.475368 0.708196
0.601932 0.471032 0.315611
0.581861 0.433294 0.669518
0.375 0.471601 0.336483
0.670461 0.48767 0.387764
0.403445 0.471731 0.323797
0.551346 0.424027 0.698197
0.692567 0.455566 0.554099
0.402878 0.455162 0.661536
0.324559 0.533326 0.529674
0.59356 0.549769 0.407882
0.567124 0.55884 0.439944
0.599191 0.546155 0.399304
0.665199 0.462042 0.368314
0.578766 0.544523 0.611062
0.303875 0.511414 0.501347
0.71052 0.428108 0.523248
0.403818 0.539173 0.635091
0.393426 0.485767 0.325061
0.437324 0.562378 0.540168
0.705687 0.430363 0.521512
0.34732 0.521281 0.380357
0.668201 0.51678 0.522192
0.365688 0.460169 0.641967
0.715022 0.423274 0.501149
0.368292 0.454054 0.652613
0.354807 0.532344 0.384643
0.317628 0.475686 0.60059
0.664404 0.475091 0.374549
0.372947 0.457856 0.648062
0.378849 0.515501 0.644862
0.596171 0.473966 0.657015
0.453632 0.562224 0.518471
0.658573 0.520357 0.540072
0.642976 0.465502 0.600612
0.485594 0.525966 0.667508
0.582122 0.439724 0.663748
0.472582 0.554382 0.626581
0.676693 0.444565 0.554593
0.330788 0.503369 0.399203
0.466278 0.504869 0.298801
0.331591 0.467914 0.601762
0.415539 0.480503 0.320208
0.508617 0.435025 0.70505
0.486095 0.56812 0.423896
0.39977 0.564384 0.533626
0.330743 0.537092 0.513868
0.592688 0.554629 0.440595
0.358334 0.534748 0.597319
0.375968 0.454487 0.654481
0.706574 0.441902 0.534269
0.407433 0.499448 0.339931
0.698735 0.439362 0.53599
0.577491 0.445875 0.655434
0.408183 0.505297 0.328072
0.712757 0.432988 0.487773
0.705054 0.441829 0.522274
0.558868 0.508259 0.657025
0.3509 0.548636 0.505987
0.355347 0.505114 0.370364
0.53636 0.557524 0.416179
0.65272 0.48456 0.393296
0.361067 0.539893 0.577887
0.307906 0.493542 0.506233
0.678257 0.455033 0.532588
0.482285 0.498215 0.689035
0.401909 0.480503 0.676895
0.469868 0.559011 0.515961
0.453597 0.496555 0.307285
0.479885 0.555657 0.367721
0.494316 0.443989 0.706846
0.32524 0.531135 0.50357
0.612559 0.4781 0.331639
0.675441 0.499741 0.428582
0.633242 0.474671 0.594802
0.683069 0.445432 0.543786
0.495365 0.560548 0.50381
0.684137 0.461668 0.419127
0.681516 0.508103 0.472679
0.426857 0.471365 0.691646
0.654672 0.479305 0.379191
0.330219 0.474454 0.579694
0.555135 0.543877 0.618074
0.482649 0.536243 0.653606
0.316797 0.514933 0.443621
0.601759 0.508137 0.345165
0.43165 0.546226 0.353798
0.320684 0.496226 0.579159
0.679379 0.457262 0.552882
0.372791 0.558085 0.444794
0.423845 0.525432 0.334815
0.497006 0.562963 0.461519
0.692136 0.470459 0.522224
0.309767 0.508563 0.473385
0.584363 0.51757 0.347806
0.314358 0.511856 0.460901
0.332576 0.530716 0.437918
0.666957 0.505476 0.424461
0.436012 0.452538 0.690262
0.654785 0.488778 0.394871
0.342229 0.531442 0.409884
0.673142 0.503284 0.531546
0.422893 0.461584 0.682111
0.362222 0.516174 0.372117
0.388076 0.549951 0.576453
0.368701 0.476977 0.650357
0.392761 0.501136 0.616174
0.644408 0.488673 0.381019
0.678467 0.488122 0.424825
0.40074 0.479035 0.646778
0.635226 0.494377 0.386563
0.692196 0.458321 0.440263
0.491675 0.465063 0.701063
0.609775 0.5379 0.589561
0.426198 0.474719 0.686606
0.325113 0.485727 0.590649
0.454587 0.455405 0.704233
0.561563 0.478747 0.311489
0.380548 0.495747 0.619214
0.446263 0.451394 0.685343
0.619531 0.484586 0.591654
0.395622 0.559256 0.539282
0.6597 0.488723 0.572848
0.342663 0.534539 0.428735
0.650549 0.478224 0.579507
0.601597 0.55412 0.542727
0.443442 0.538715 0.346802
0.323127 0.506122 0.467069
0.662877 0.512937 0.531514
0.495859 0.471799 0.693822
0.398909 0.51645 0.354253
0.317704 0.503401 0.523432
0.612166 0.499477 0.352449
0.565124 0.55829 0.483011
0.433111 0.569005 0.442677
0.620479 0.491787 0.618205
0.41503 0.522222 0.652492
0.325661 0.520988 0.52442
0.448426 0.457639 0.67881
0.620816 0.52419 0.593115
0.411928 0.530286 0.346768
0.699704 0.47054 0.476053
0.499359 0.456015 0.682096
0.55555 0.513767 0.64933
0.696325 0.470031 0.489632
0.475376 0.559983 0.585709
0.664838 0.489123 0.428213
0.622058 0.483322 0.617844
0.494492 0.561212 0.413896
0.515642 0.525557 0.327345
0.668545 0.495132 0.422323
0.688878 0.465919 0.512452
0.663884 0.496416 0.555601
0.479849 0.563901 0.439065
0.468199 0.549566 0.360134
0.327135 0.524997 0.457239
0.686585 0.47834 0.518374
0.654473 0.480663 0.577664
0.419112 0.570456 0.451
0.355009 0.539294 0.423036
0.494877 0.461863 0.670821
0.522902 0.457994 0.675947
0.544229 0.467025 0.677108
0.507389 0.532891 0.643471
0.644641 0.525836 0.536798
0.503538 0.558461 0.470979
0.338132 0.509322 0.579837
0.49709 0.529639 0.335347
0.683522 0.47823 0.459945
0.546191 0.460981 0.676405
0.556268 0.456081 0.668695
0.38331 0.489737 0.645019
0.398758 0.562127 0.427898
0.325912 0.516833 0.470643
0.505004 0.461816 0.685197
0.364949 0.518965 0.391028
0.562117 0.479019 0.629699
0.331733 0.487574 0.554063
0.636577 0.487339 0.569274
0.518468 0.557009 0.423046
0.330933 0.507433 0.564424
0.377023 0.541233 0.391194
0.420823 0.514787 0.346043
0.564813 0.459306 0.659819
0.376978 0.532095 0.378343
0.478665 0.462024 0.691514
0.47437 0.560031 0.47109
0.523168 0.511186 0.662368
0.431947 0.486464 0.640725
0.511183 0.554512 0.404186
0.671624 0.480159 0.460696
0.34768 0.53987 0.447313
0.478241 0.487755 0.687775
0.329229 0.506893 0.559376
0.507961 0.553628 0.398927
0.338027 0.519529 0.541562
0.348115 0.498727 0.582252
0.62629 0.503884 0.417232
0.591645 0.509067 0.623872
0.340342 0.498571 0.524231
0.633317 0.531293 0.540791
0.412856 0.490846 0.652534
0.628908 0.515645 0.397901
0.441989 0.534769 0.638068
0.607649 0.504718 0.420693
0.328525 0.500559 0.48441
0.393032 0.541504 0.382119
0.520664 0.527246 0.343837
0.646507 0.490716 0.566747
0.466309 0.463418 0.685003
0.576649 0.552381 0.548612
0.483865 0.478847 0.684403
0.475038 0.462733 0.680159
0.384469 0.524757 0.374958
0.38427 0.526876 0.374897
0.501175 0.488599 0.678319
0.446671 0.471515 0.663446
0.604952 0.537049 0.580759
0.408322 0.566812 0.471305
0.45554 0.554936 0.587888
0.540951 0.494536 0.321819
0.333258 0.504204 0.526511
0.417106 0.563429 0.492133
0.480216 0.484701 0.683809
0.675843 0.491023 0.486519
0.438096 0.475566 0.66451
0.66008 0.507813 0.443496
0.492723 0.466864 0.681019
0.669273 0.483087 0.461966
0.531746 0.55349 0.52562
0.662676 0.489745 0.519035
0.346063 0.527104 0.517216
0.566925 0.551198 0.537174
0.60844 0.545656 0.512292
0.64468 0.499847 0.560163
0.340641 0.516248 0.45682
0.600742 0.541847 0.56307
0.456875 0.469009 0.672964
0.660432 0.483144 0.506807
0.353752 0.535005 0.516052
0.582491 0.540592 0.585064
0.432378 0.512008 0.355147
0.573803 0.526066 0.615013
0.655574 0.496727 0.451801
0.5756 0.504664 0.633938
0.335569 0.502303 0.493479
0.59929 0.543881 0.437779
0.509435 0.554147 0.429904
0.66325 0.500124 0.496564
0.606151 0.510174 0.378293
0.634304 0.536089 0.472694
0.442399 0.508492 0.346551
0.450527 0.551083 0.542557
0.535085 0.483806 0.668828
0.450988 0.518136 0.654887
0.603079 0.498853 0.578097
0.37796 0.550614 0.501958
0.529839 0.549217 0.55977
0.569732 0.487263 0.648553
0.375912 0.509563 0.614554
0.346416 0.50873 0.569107
0.537039 0.475685 0.668915
0.342801 0.517609 0.534798
0.548615 0.473979 0.664451
0.442721 0.559554 0.469856
0.519602 0.525115 0.642328
0.653809 0.517689 0.494275
0.40679 0.526305 0.37665
0.571068 0.539239 0.58527
0.417277 0.50779 0.641007
0.63641 0.502204 0.550468
0.51941 0.542169 0.388052
0.583933 0.537318 0.582875
0.594163 0.547139 0.503236
0.450931 0.551875 0.467344
0.364756 0.52382 0.574249
0.410239 0.550078 0.542395
0.354035 0.506352 0.444983
0.547802 0.495945 0.341134
0.559658 0.491463 0.620049
0.648438 0.51669 0.459283
0.453919 0.556042 0.437233
0.592962 0.547394 0.47339
0.447346 0.483188 0.656395
0.579403 0.501932 0.374757
0.52597 0.535945 0.617407
0.426233 0.554371 0.49612
0.63912 0.499117 0.541725
0.472844 0.542014 0.620796
0.657137 0.481103 0.504958
0.463608 0.47835 0.671365
0.654558 0.508022 0.492697
0.426573 0.508225 0.646203
0.486141 0.494429 0.334898
0.416271 0.558643 0.427994
0.64571 0.501829 0.53138
0.522242 0.550209 0.489592
0.453393 0.535208 0.360013
0.501662 0.508458 0.65641
0.488341 0.532608 0.356391
0.461072 0.475317 0.651821
0.431031 0.512908 0.370958
0.475395 0.500546 0.337283
0.438998 0.509961 0.376243
0.361163 0.533602 0.49897
0.657612 0.472803 0.477664
0.365059 0.510134 0.545964
0.510943 0.481952 0.634269
0.559416 0.532694 0.599065
0.633701 0.52256 0.51349
0.525476 0.535035 0.611718
0.648288 0.454881 0.493331
0.628954 0.500104 0.444252
0.43925 0.497433 0.64017
0.380663 0.532948 0.569731
0.462389 0.484009 0.628559
0.542419 0.547458 0.441005
0.370887 0.507447 0.552706
0.611133 0.521698 0.409121
0.429778 0.553654 0.47034
0.444457 0.547041 0.539518
0.432582 0.541293 0.6012
0.628802 0.479655 0.525124
0.516879 0.484449 0.648987
0.494832 0.550035 0.42726
0.632392 0.515073 0.543517
0.452568 0.546355 0.466093
0.490241 0.534983 0.622235
0.604152 0.528583 0.408432
0.58814 0.511156 0.380146
0.571423 0.526876 0.602065
0.562021 0.541777 0.567673
0.621333 0.519209 0.562236
0.570249 0.505906 0.364361
0.570282 0.502585 0.366865
0.54613 0.506979 0.35018
0.53003 0.497238 0.349823
0.369073 0.534431 0.428718
0.438958 0.497638 0.639954
0.454608 0.498317 0.614034
0.560356 0.538615 0.409004
0.591088 0.521817 0.584242
0.384933 0.535736 0.548807
0.569494 0.519238 0.604704
0.535093 0.535012 0.597435
0.636526 0.487188 0.517448
0.531217 0.491743 0.361865
0.596517 0.522718 0.401575
0.53299 0.512985 0.634984
0.467376 0.544614 0.543701
0.557513 0.528575 0.384511
0.507654 0.497797 0.36082
0.469928 0.538407 0.467202
0.556821 0.524355 0.377749
0.583245 0.495484 0.552755
0.486952 0.526282 0.628227
0.579576 0.508449 0.387935
0.379146 0.510353 0.544569
0.533896 0.492535 0.360831
0.460067 0.52345 0.358089
0.541809 0.499049 0.640538
0.562224 0.500845 0.621587
0.497035 0.52151 0.632465
0.450825 0.453032 0.564245
0.456888 0.543832 0.527543
0.446998 0.528318 0.368732
0.389737 0.521413 0.415859
0.419884 0.546092 0.530265
0.433028 0.499771 0.563863
0.45117 0.506844 0.376164
0.349985 0.507837 0.471051
0.58447 0.510024 0.397622
0.389084 0.513266 0.427578
0.363523 0.527234 0.509714
0.391069 0.515306 0.583413
0.37695 0.527035 0.533698
0.558596 0.538693 0.4397
0.457088 0.507885 0.37711
0.413251 0.540884 0.554739
0.417972 0.538279 0.57783
0.515241 0.537391 0.584664
0.464147 0.534718 0.378595
0.42607 0.516522 0.594781
0.620258 0.524509 0.462831
0.412421 0.53737 0.575944
0.424297 0.52739 0.607156
0.587241 0.537825 0.507169
0.489196 0.531652 0.608621
0.511814 0.498131 0.626493
0.428736 0.50399 0.408
0.543441 0.437079 0.556775
0.360135 0.516254 0.48742
0.606708 0.529676 0.528495
0.57207 0.537124 0.437386
0.446059 0.51642 0.379891
0.406237 0.51325 0.564472
0.536379 0.484221 0.375921
0.368759 0.510797 0.50656
0.49044 0.49229 0.630293
0.629352 0.467209 0.505681
0.482246 0.47583 0.63085
0.379341 0.525917 0.542096
0.539878 0.542769 0.496337
0.354754 0.501637 0.484125
0.507829 0.535998 0.592207
0.645327 0.498891 0.469483
0.501769 0.54248 0.532855
0.553783 0.539215 0.442566
0.609064 0.505549 0.550229
0.571322 0.518524 0.593533
0.510007 0.539823 0.445691
0.403496 0.532489 0.419899
0.555559 0.533843 0.460772
0.551191 0.534299 0.447519
0.439506 0.539221 0.551547
0.599572 0.527688 0.520154
0.497296 0.536649 0.57079
0.594812 0.519181 0.556943
0.531463 0.536529 0.562817
0.615744 0.519434 0.500298
0.620588 0.513713 0.510134
0.450465 0.444608 0.562507
0.540186 0.505703 0.599979
0.439372 0.536608 0.490452
0.589527 0.531496 0.47948
0.485158 0.504724 0.62474
0.595795 0.473674 0.45003
0.559618 0.494669 0.397317
0.568952 0.523863 0.401317
0.486365 0.498726 0.624472
0.561839 0.509924 0.388218
0.595944 0.529663 0.49088
0.576937 0.526565 0.410503
0.4793 0.525596 0.376944
0.494093 0.498935 0.372625
0.611255 0.499317 0.449622
0.452471 0.532014 0.461435
0.588882 0.452454 0.451528
0.459989 0.49644 0.596694
0.62651 0.509217 0.46005
0.628884 0.462228 0.498882
0.540399 0.539308 0.50403
0.583301 0.505796 0.556972
0.520371 0.539792 0.541718
0.58649 0.532139 0.476719
0.476671 0.500096 0.372869
0.435311 0.486906 0.552706
0.425575 0.521215 0.576112
0.558611 0.529661 0.479985
0.406325 0.525939 0.554128
0.460918 0.535439 0.541864
0.444252 0.533915 0.505572
0.483933 0.532934 0.559802
0.407578 0.538404 0.451184
0.379119 0.465461 0.481117
0.599815 0.51548 0.539392
0.481805 0.524974 0.474936
0.607304 0.502434 0.450824
0.61281 0.514402 0.459247
0.436683 0.534114 0.413058
0.540705 0.422301 0.55851
0.58194 0.523602 0.550431
0.611956 0.464234 0.466422
0.500978 0.535196 0.543449
0.558257 0.526965 0.562609
0.383139 0.511271 0.501227
0.457171 0.523247 0.391106
0.497447 0.524972 0.392405
0.611631 0.519992 0.473472
0.553097 0.51908 0.579784
0.482557 0.531974 0.404266
0.60206 0.510708 0.539708
0.485142 0.529369 0.580911
0.613516 0.513659 0.501931
0.553632 0.52828 0.449199
0.538353 0.508313 0.382336
0.468446 0.530857 0.443236
0.471765 0.513854 0.617455
0.466756 0.508365 0.383946
0.479213 0.486046 0.620678
0.528269 0.498146 0.380149
0.634796 0.479205 0.482241
0.505338 0.526523 0.472013
0.383798 0.512402 0.483709
0.560577 0.52515 0.499357
0.503646 0.433558 0.603087
0.473163 0.529696 0.52977
0.620503 0.491146 0.495836
0.473355 0.528294 0.559987
0.525479 0.516038 0.585158
0.487812 0.523216 0.443933
0.544889 0.496828 0.566608
0.378461 0.491908 0.474194
0.561963 0.521456 0.460795
0.611149 0.496338 0.514565
0.457445 0.493249 0.576195
0.388109 0.491675 0.49218
0.397693 0.513655 0.513359
0.61832 0.446032 0.478702
0.388422 0.520405 0.465647
0.541594 0.523139 0.433559
0.565635 0.496724 0.414917
0.588634 0.508154 0.440857
0.461273 0.509661 0.596793
0.612906 0.502868 0.504326
0.382146 0.482157 0.483466
0.474266 0.52045 0.453718
0.598194 0.516695 0.463731
0.484522 0.52252 0.398713
0.508794 0.444843 0.602642
0.444868 0.524976 0.572246
0.490635 0.426235 0.612543
0.580563 0.488741 0.436859
0.42008 0.482569 0.440998
0.556983 0.521704 0.45122
0.415902 0.527673 0.434966
0.49883 0.527493 0.554575
0.500763 0.529606 0.515342
0.439874 0.418397 0.435385
0.393445 0.513988 0.471721
0.409183 0.522557 0.476875
0.466803 0.510316 0.47079
0.503917 0.520858 0.501226
0.606528 0.470103 0.46903
0.464457 0.521531 0.56145
0.530355 0.494397 0.581675
0.524945 0.526804 0.526533
0.545448 0.524981 0.519371
0.517192 0.444818 0.594873
0.560752 0.445294 0.435786
0.473666 0.518554 0.408673
0.493835 0.44678 0.605683
0.608754 0.480429 0.500074
0.540268 0.461072 0.410318
0.447243 0.442433 0.423317
0.450893 0.521877 0.553758
0.436106 0.503704 0.552351
0.511208 0.48691 0.392194
0.499674 0.512019 0.474963
0.573089 0.446639 0.4461
0.587341 0.421043 0.461157
0.605259 0.430157 0.50708
0.494705 0.517614 0.565144
0.463039 0.5182 0.495421
0.6051 0.414822 0.496793
0.452677 0.469507 0.409791
0.537136 0.514531 0.407635
0.458895 0.457963 0.568207
0.391707 0.498017 0.4705
0.492033 0.461416 0.386626
0.606355 0.433774 0.504226
0.475916 0.511089 0.398439
0.576081 0.47628 0.535138
0.49537 0.506087 0.588144
0.552678 0.452505 0.54561
0.4662 0.443826 0.576185
0.425652 0.511325 0.487951
0.57905 0.48772 0.531515
0.515875 0.516668 0.507443
0.495757 0.50318 0.405681
0.457776 0.511884 0.5582
0.419387 0.510903 0.490381
0.394151 0.443421 0.482189
0.517323 0.505656 0.570777
0.481295 0.485984 0.59824
0.56228 0.505496 0.440884
0.477218 0.505675 0.489768
0.475958 0.513377 0.519529
0.435407 0.429031 0.440781
0.452288 0.472941 0.557037
0.432355 0.478994 0.434223
0.607555 0.445286 0.484375
0.394203 0.479509 0.472886
0.446757 0.516185 0.534554
0.394457 0.439925 0.483144
0.524732 0.516318 0.54618
0.40399 0.436817 0.467947
0.448194 0.512287 0.451936
0.493028 0.443372 0.601837
0.469439 0.503064 0.405913
0.431668 0.365846 0.549108
0.601394 0.415467 0.494645
0.422239 0.509243 0.51539
0.581057 0.459171 0.527033
0.513709 0.49004 0.399333
0.40183 0.507137 0.470717
0.481513 0.495479 0.593154
0.409381 0.507268 0.488026
0.578053 0.505196 0.486615
0.429379 0.488403 0.435333
0.469581 0.501472 0.474422
0.416567 0.493433 0.501112
0.436061 0.501332 0.498697
0.47782 0.456777 0.394301
0.526571 0.511347 0.513183
0.422716 0.386179 0.454776
0.452493 0.495052 0.549393
0.510706 0.416177 0.405878
0.501034 0.497218 0.448045
0.511574 0.414261 0.405987
0.584411 0.400029 0.518222
0.511435 0.491022 0.471168
0.490234 0.448885 0.59686
0.450361 0.498302 0.469056
0.428778 0.49957 0.512175
0.492713 0.507585 0.535811
0.4187 0.480094 0.453827
0.504661 0.391641 0.592409
0.434606 0.393701 0.545814
0.603831 0.435779 0.477614
0.517783 0.501211 0.488517
0.466047 0.491703 0.476386
0.398793 0.440799 0.48157
0.505729 0.424875 0.591937
0.495066 0.453832 0.398886
0.45124 0.503159 0.538971
0.39803 0.414551 0.476276
0.526963 0.401975 0.576142
0.519447 0.418577 0.407137
0.549786 0.507127 0.519298
0.429044 0.376897 0.543764
0.591133 0.472311 0.506887
0.552282 0.471777 0.424645
0.398466 0.408745 0.510131
0.525351 0.480497 0.404101
0.545703 0.494576 0.471581
0.535172 0.346987 0.574735
0.416171 0.481202 0.490392
0.569828 0.481578 0.471193
0.407392 0.449966 0.488409
0.560916 0.488289 0.499133
0.425243 0.40706 0.536079
0.444016 0.467555 0.54105
0.537419 0.450327 0.419346
0.525188 0.505145 0.522744
0.492311 0.493061 0.551153
0.533436 0.484757 0.463625
0.540084 0.4635 0.42003
0.590728 0.414668 0.493259
0.533114 0.483772 0.471
0.590869 0.379442 0.503858
0.437366 0.484387 0.438815
0.469695 0.40757 0.578412
0.549597 0.48302 0.47424
0.503709 0.479395 0.473158
0.547334 0.486796 0.450495
0.470405 0.473477 0.569786
0.405207 0.430638 0.50176
0.465329 0.410378 0.416425
0.505281 0.466354 0.407895
0.506942 0.487895 0.486265
0.528556 0.360295 0.57976
0.512644 0.500445 0.537053
0.475449 0.401456 0.407127
0.409468 0.466091 0.484395
0.475401 0.489202 0.504341
0.46288 0.485601 0.416873
0.450208 0.489289 0.496743
0.401658 0.417013 0.477433
0.434351 0.48639 0.521309
0.417498 0.403032 0.462987
0.542499 0.500376 0.518603
0.523608 0.462258 0.574685
0.419253 0.46831 0.487648
0.480395 0.473446 0.494792
0.425407 0.37293 0.539236
0.408886 0.396839 0.473186
0.514099 0.477716 0.446894
0.441595 0.448739 0.538962
0.563787 0.475085 0.507333
0.534307 0.479558 0.437618
0.585341 0.412106 0.491251
0.571566 0.464734 0.500189
0.563545 0.471283 0.495608
0.476653 0.45546 0.407832
0.589329 0.372459 0.488003
0.57904 0.393512 0.463345
0.439297 0.370642 0.438002
0.492465 0.431502 0.586159
0.586043 0.361207 0.516857
0.422261 0.476355 0.46622
0.582185 0.439809 0.50122
0.536071 0.494058 0.525036
0.590682 0.369031 0.468226
0.500641 0.469637 0.415092
0.45025 0.480586 0.522361
0.571508 0.46385 0.478505
0.5222 0.418481 0.413228
0.439252 0.477936 0.500816
0.439084 0.454971 0.53489
0.549098 0.481904 0.501764
0.421085 0.399137 0.531954
0.506845 0.471435 0.478148
0.473114 0.472426 0.489744
0.519878 0.47247 0.47569
0.446874 0.479585 0.520737
0.524109 0.475312 0.4784
0.585836 0.408677 0.491235
0.576625 0.350703 0.527399
0.454963 0.41064 0.431666
0.48207 0.469406 0.513818
0.502928 0.463519 0.423423
0.41556 0.416811 0.472426
0.427675 0.433851 0.460271
0.430722 0.411788 0.535055
0.456098 0.456852 0.428414
0.444571 0.383413 0.43899
0.582841 0.392563 0.50601
0.482136 0.448489 0.473918
0.518188 0.478837 0.539358
0.470112 0.456236 0.480772
0.568323 0.410143 0.459968
0.415338 0.424591 0.512877
0.489178 0.415548 0.583993
0.493114 0.347614 0.593525
0.529977 0.460656 0.472105
0.443492 0.40503 0.545902
0.511835 0.446665 0.417106
0.444571 0.462767 0.524837
0.518171 0.432097 0.57149
0.501352 0.460584 0.457996
0.512591 0.463342 0.454258
0.559695 0.457405 0.496496
0.530069 0.484655 0.518437
0.472269 0.365977 0.58471
0.59578 0.350505 0.472933
0.474461 0.357043 0.589377
0.567854 0.444176 0.518979
0.408642 0.355029 0.470662
0.42505 0.414439 0.530245
0.403702 0.365703 0.51183
0.437294 0.33359 0.563441
0.497379 0.42839 0.414219
0.501196 0.47261 0.54417
0.487311 0.450406 0.469498
0.431258 0.439632 0.518391
0.482679 0.459149 0.532584
0.584403 0.363473 0.492683
0.422444 0.430541 0.472652
0.524211 0.44319 0.425397
0.422259 0.358213 0.535918
0.523241 0.469234 0.534927
0.500015 0.403583 0.576538
0.573575 0.355705 0.525792
0.408004 0.363376 0.47818
0.49021 0.384821 0.583704
0.486658 0.432546 0.568477
0.532107 0.401104 0.557732
0.458202 0.45561 0.439042
0.543372 0.447836 0.532233
0.493209 0.388619 0.415111
0.478402 0.355564 0.408006
0.410628 0.37969 0.485748
0.462072 0.453228 0.534151
0.537991 0.455177 0.534414
0.483883 0.448475 0.494636
0.507442 0.455413 0.491475
0.550722 0.295045 0.570023
0.550668 0.455714 0.520209
0.516161 0.45163 0.430989
0.447943 0.451136 0.470838
0.559809 0.432215 0.521774
0.557951 0.438679 0.480825
0.523225 0.463795 0.499355
0.49011 0.355997 0.409649
0.53588 0.388667 0.431425
0.48901 0.367222 0.588052
0.577188 0.410244 0.470754
0.478387 0.453252 0.548006
0.444856 0.341259 0.425885
0.564201 0.285903 0.564262
0.43102 0.425348 0.513908
0.521577 0.403923 0.423817
0.565454 0.408774 0.467385
0.522244 0.432703 0.550623
0.51381 0.351567 0.415768
0.418939 0.321879 0.540338
0.526847 0.445656 0.537941
0.507764 0.364645 0.417539
0.561135 0.402735 0.462234
0.476824 0.446293 0.514816
0.500578 0.441934 0.542463
0.448551 0.387921 0.442277
0.491616 0.385952 0.577468
0.436794 0.417529 0.459041
0.515353 0.438459 0.484243
0.424894 0.285212 0.572198
0.568419 0.383733 0.520557
0.472499 0.433686 0.429897
0.523417 0.437673 0.439209
0.51221 0.432967 0.468513
0.460472 0.445089 0.518126
0.437546 0.402254 0.535075
0.478751 0.358177 0.412007
0.461983 0.4298 0.469022
0.475522 0.429145 0.460203
0.496268 0.350133 0.413511
0.511644 0.437086 0.436966
0.405243 0.319459 0.504038
0.581466 0.275925 0.420771
0.415398 0.383007 0.512074
0.412221 0.277313 0.419857
0.501417 0.368599 0.417293
0.588584 0.327292 0.466188
0.508609 0.43585 0.452212
0.518569 0.459444 0.520003
0.484266 0.376171 0.581785
0.435019 0.404388 0.465688
0.525297 0.413232 0.437632
0.464569 0.421691 0.495464
0.528755 0.401209 0.550852
0.463039 0.301696 0.592588
0.582458 0.29315 0.535591
0.426596 0.392432 0.471426
0.431347 0.324765 0.55505
0.565172 0.398515 0.483052
0.585736 0.303683 0.497414
0.482176 0.331192 0.590815
0.435499 0.412715 0.489969
0.474617 0.427026 0.504372
0.471408 0.423793 0.540004
0.589622 0.32798 0.477143
0.417828 0.286336 0.420909
0.509466 0.416404 0.470746
0.462947 0.425405 0.53215
0.477773 0.405733 0.561207
0.421778 0.386074 0.485691
0.592468 0.299031 0.478017
0.45516 0.29463 0.590809
0.522304 0.432774 0.535633
0.46062 0.419723 0.492142
0.476526 0.350773 0.583528
0.505543 0.417641 0.483683
0.482077 0.432093 0.525955
0.500749 0.289035 0.592798
0.52922 0.362569 0.564323
0.5047 0.416137 0.482487
0.53415 0.418698 0.464514
0.590871 0.319662 0.477859
0.550408 0.411307 0.493921
0.487573 0.32919 0.589753
0.462609 0.341814 0.576374
0.56511 0.392313 0.490406
0.44087 0.380268 0.456898
0.459983 0.266224 0.598673
0.433869 0.263925 0.590404
0.568326 0.358972 0.519099
0.46184 0.41119 0.529721
0.56755 0.305034 0.541493
0.445883 0.40004 0.473513
0.44406 0.392288 0.460464
0.52002 0.376152 0.431646
0.520579 0.386783 0.43536
0.502859 0.422212 0.513085
0.518365 0.32223 0.416451
0.531564 0.419553 0.521722
0.432816 0.361973 0.535975
0.512108 0.402109 0.549865
0.437798 0.374227 0.535889
0.518532 0.393529 0.556139
0.539653 0.396348 0.46248
0.431327 0.336673 0.545157
0.546677 0.393971 0.526147
0.528452 0.41587 0.50171
0.462699 0.403463 0.496118
0.504501 0.353771 0.574503
0.481046 0.313939 0.592659
0.566646 0.353702 0.462514
0.436385 0.357677 0.541494
0.565913 0.361385 0.521335
0.58336 0.317599 0.489658
0.48846 0.385244 0.56043
0.541962 0.406397 0.523623
0.429108 0.370561 0.465721
0.45082 0.406802 0.50692
0.587296 0.293256 0.486856
0.540257 0.308276 0.417307
0.456103 0.379953 0.443155
0.539467 0.4005 0.473769
0.446509 0.362407 0.544371
0.455768 0.332736 0.424717
0.505506 0.383442 0.463485
0.579671 0.313177 0.521305
0.550036 0.381496 0.516555
0.554435 0.303988 0.552019
0.517981 0.330577 0.573447
0.513084 0.316651 0.418048
0.525071 0.3854 0.467796
0.466368 0.309025 0.411083
0.481278 0.372233 0.559339
0.534015 0.382183 0.481074
0.51584 0.381777 0.47399
0.453814 0.3813 0.470433
0.584476 0.284738 0.506535
0.44597 0.324226 0.565246
0.468846 0.37506 0.483755
0.52515 0.371355 0.554444
0.541534 0.380078 0.486529
0.473468 0.390946 0.539122
0.48522 0.384351 0.445497
0.473486 0.39523 0.531566
0.571556 0.338732 0.498481
0.475663 0.333659 0.417353
0.552169 0.361235 0.529752
0.430252 0.354066 0.461471
0.530525 0.37825 0.453598
0.494661 0.352036 0.569826
0.452323 0.395417 0.522063
0.446465 0.381205 0.49232
0.558048 0.368671 0.495533
0.515227 0.360452 0.565661
0.550626 0.373212 0.524848
0.525475 0.405702 0.527821
0.547149 0.376921 0.48742
0.463635 0.331764 0.575374
0.433772 0.34674 0.484777
0.451573 0.350231 0.442894
0.409661 0.279763 0.510766
0.591613 0.26616 0.527556
0.471323 0.375943 0.511137
0.543109 0.297815 0.563262
0.422613 0.323601 0.488683
0.433309 0.300683 0.562302
0.524957 0.374037 0.494921
0.565729 0.260156 0.576593
0.453936 0.243781 0.598447
0.540499 0.3628 0.533061
0.495808 0.308071 0.416741
0.485756 0.338337 0.570388
0.467211 0.361466 0.489265
0.442174 0.256326 0.593389
0.406517 0.255395 0.417655
0.522075 0.363102 0.476254
0.488823 0.270214 0.402712
0.56547 0.324935 0.527482
0.443029 0.292952 0.576617
0.48221 0.320687 0.580376
0.453953 0.359513 0.450167
0.471175 0.367392 0.451876
0.542703 0.364435 0.477123
0.430154 0.354136 0.514215
0.504707 0.390092 0.527396
0.407018 0.28195 0.462248
0.408829 0.279178 0.498554
0.527286 0.367728 0.464737
0.502196 0.362849 0.554088
0.415613 0.278606 0.424904
0.514869 0.254217 0.592633
0.503654 0.363371 0.468361
0.479043 0.375465 0.536391
0.530805 0.365018 0.489071
0.433718 0.333298 0.475629
0.533313 0.259294 0.587988
0.544514 0.292657 0.418029
0.42778 0.327597 0.524212
0.478244 0.343919 0.470496
0.533582 0.286204 0.573782
0.444565 0.345808 0.497796
0.449218 0.345849 0.454491
0.494644 0.350196 0.452888
0.506486 0.36569 0.506795
0.480096 0.36307 0.529447
0.457177 0.346264 0.468349
0.565691 0.305784 0.438339
0.457282 0.303138 0.576805
0.594007 0.228917 0.572833
0.45718 0.358124 0.532718
0.427311 0.322659 0.492861
0.444132 0.302232 0.568779
0.451229 0.270763 0.405923
0.501494 0.299697 0.417658
0.555042 0.311691 0.434956
0.499971 0.341084 0.487827
0.426146 0.320654 0.47767
0.481925 0.364113 0.527744
0.469905 0.360961 0.514476
0.525969 0.251648 0.592446
0.412185 0.275704 0.526995
0.486845 0.360178 0.535109
0.528999 0.350575 0.493521
0.577617 0.290607 0.495356
0.589377 0.265033 0.52217
0.465704 0.34345 0.474253
0.546929 0.262675 0.582087
0.583089 0.27475 0.479912
0.481143 0.277362 0.590651
0.512807 0.34451 0.469677
0.441212 0.249851 0.590758
0.538408 0.275236 0.411078
0.455496 0.326268 0.477415
0.437694 0.327505 0.529514
0.585924 0.270275 0.462569
0.527176 0.270399 0.580723
0.518867 0.282023 0.413083
0.524132 0.269927 0.407373
0.498253 0.320504 0.484325
0.438813 0.321457 0.49024
0.457082 0.296403 0.575103
0.467089 0.346472 0.527172
0.538799 0.306071 0.552606
0.477013 0.323142 0.483404
0.474214 0.335042 0.549913
0.46145 0.322922 0.560146
0.549691 0.306445 0.4322
0.422956 0.296332 0.484937
0.576104 0.284158 0.51028
0.419681 0.276489 0.427133
0.505259 0.326838 0.553963
0.506578 0.357721 0.519855
0.48768 0.249942 0.400463
0.481504 0.322771 0.563203
0.461162 0.327075 0.438562
0.535964 0.324325 0.482385
0.569785 0.30389 0.448852
0.596205 0.234462 0.424866
0.49482 0.325817 0.470033
0.476028 0.331165 0.460794
0.521791 0.238901 0.595766
0.534805 0.346701 0.512995
0.519853 0.336127 0.455499
0.554245 0.270843 0.412211
0.593722 0.248188 0.450989
0.426672 0.273052 0.567499
0.436981 0.313418 0.506402
0.539035 0.300249 0.429351
0.532611 0.327708 0.527349
0.447266 0.319942 0.535716
0.492388 0.315202 0.442654
0.520641 0.252886 0.586195
0.418693 0.277212 0.51386
0.432753 0.277448 0.566252
0.498266 0.333908 0.517857
0.556786 0.309413 0.477808
0.409959 0.242857 0.412849
0.470881 0.241465 0.397897
0.526059 0.325741 0.503676
0.498928 0.251295 0.586595
0.529746 0.3319 0.514445
0.461011 0.268037 0.582987
0.494178 0.319722 0.544397
0.409264 0.216446 0.598061
0.512449 0.316571 0.445537
0.517 0.304459 0.429875
0.461884 0.315297 0.494392
0.51297 0.309115 0.55441
0.545776 0.318838 0.521425
0.476115 0.245189 0.589975
0.451278 0.318512 0.5426
0.534084 0.305161 0.548428
0.53129 0.332626 0.519558
0.500599 0.31921 0.499731
0.460598 0.316879 0.441698
0.564028 0.275255 0.421641
0.476948 0.316838 0.453842
0.437755 0.283944 0.56581
0.493576 0.319269 0.501746
0.525653 0.331855 0.530019
0.508541 0.319185 0.498035
0.51044 0.304548 0.483909
0.434894 0.292362 0.437674
0.542112 0.303615 0.445217
0.436914 0.233301 0.396604
0.45676 0.306696 0.542538
0.399847 0.23738 0.430693
0.513523 0.23503 0.591002
0.497482 0.294887 0.431706
0.509153 0.314381 0.529583
0.498858 0.295247 0.556216
0.481751 0.301309 0.448616
0.57947 0.269245 0.457394
0.481399 0.293975 0.474206
0.511393 0.300871 0.451903
0.530248 0.297578 0.490411
0.411439 0.248508 0.486501
0.454981 0.216904 0.596179
0.431165 0.289146 0.477559
0.403361 0.228372 0.499651
0.464336 0.296076 0.561393
0.433113 0.290429 0.437479
0.599614 0.215584 0.431182
0.519543 0.226093 0.596494
0.419591 0.272634 0.468625
0.472804 0.268383 0.414934
0.430714 0.291939 0.469331
0.544594 0.304446 0.448661
0.505805 0.270569 0.416672
0.409062 0.228966 0.583283
0.411176 0.235687 0.408766
0.465088 0.269751 0.577873
0.420433 0.269832 0.501739
0.505428 0.269963 0.416351
0.466711 0.295964 0.561875
0.50702 0.293837 0.466837
0.437602 0.288123 0.553159
0.404368 0.206244 0.602474
0.434352 0.262416 0.420727
0.456709 0.224256 0.394142
0.587953 0.225172 0.486166
0.480257 0.289566 0.531101
0.411402 0.231313 0.578148
0.505134 0.218719 0.594871
0.519909 0.288545 0.443073
0.534254 0.23232 0.399921
0.470811 0.289284 0.506843
0.414905 0.242085 0.570035
0.410346 0.220445 0.5884
0.575194 0.223946 0.587033
0.584047 0.241682 0.461659
0.497255 0.284598 0.49819
0.532011 0.244204 0.582593
0.477063 0.288269 0.545975
0.457732 0.28419 0.559361
0.495731 0.235524 0.40291
0.404537 0.236425 0.556893
0.565466 0.267963 0.490915
0.537048 0.281145 0.469872
0.550055 0.280493 0.501404
0.400452 0.217532 0.493449
0.488343 0.284631 0.503765
0.536751 0.289902 0.510856
0.468037 0.292029 0.511387
0.396522 0.226953 0.429159
0.49454 0.279735 0.469773
0.543162 0.211838 0.603226
0.501124 0.259737 0.416188
0.501409 0.281463 0.490644
0.563201 0.27657 0.474129
0.494343 0.286748 0.546499
0.583781 0.232637 0.480659
0.430127 0.228214 0.397092
0.585384 0.230019 0.56677
0.436312 0.275063 0.534919
0.456625 0.245612 0.411912
0.484463 0.27002 0.551193
0.487117 0.272851 0.533052
0.515447 0.258161 0.56454
0.496622 0.205425 0.597743
0.403289 0.230935 0.551398
0.42939 0.253006 0.567567
0.469653 0.276042 0.542342
0.529738 0.27202 0.544694
0.583129 0.229255 0.423227
0.58643 0.228684 0.458287
0.565087 0.220153 0.39579
0.522723 0.223324 0.400725
0.410395 0.240221 0.543591
0.475968 0.260563 0.569079
0.584608 0.225521 0.483569
0.491497 0.274207 0.517142
0.543841 0.264345 0.476802
0.478842 0.269982 0.498979
0.48039 0.222573 0.398531
0.559533 0.263517 0.529929
0.467207 0.266101 0.424879
0.484232 0.272307 0.530751
0.531766 0.270577 0.428988
0.462715 0.210844 0.59306
0.571161 0.250644 0.51335
0.602778 0.203954 0.548558
0.502907 0.250849 0.571938
0.600881 0.201706 0.579802
0.445861 0.278112 0.543509
0.448668 0.283479 0.519157
0.459984 0.2244 0.397805
0.561803 0.238537 0.409956
0.548441 0.273812 0.459547
0.487088 0.265903 0.481362
0.431818 0.258797 0.464318
0.455341 0.259542 0.427895
0.579108 0.217444 0.409991
0.494462 0.259526 0.536206
0.429437 0.256458 0.547577
0.48708 0.194329 0.60104
0.497436 0.255799 0.461871
0.51476 0.26643 0.527494
0.463812 0.225473 0.581776
0.464473 0.264301 0.528197
0.547007 0.258206 0.460207
0.598614 0.203581 0.526072
0.537131 0.260656 0.53777
0.554551 0.254083 0.506537
0.486409 0.257086 0.515984
0.47305 0.217684 0.584606
0.518291 0.222223 0.40569
0.47998 0.251726 0.42375
0.479334 0.195695 0.598577
0.584278 0.221496 0.5027
0.425659 0.253157 0.538222
0.569746 0.228043 0.577256
0.523969 0.251958 0.560415
0.478412 0.251041 0.565244
0.516162 0.258997 0.543859
0.471708 0.258844 0.473527
0.538067 0.230799 0.408165
0.506831 0.254969 0.426703
0.467913 0.262089 0.541198
0.488084 0.258645 0.535195
0.589072 0.196924 0.388591
0.519469 0.238066 0.575068
0.423543 0.247833 0.464137
0.526816 0.262844 0.536274
0.469638 0.261232 0.515429
0.584577 0.197913 0.602685
0.42761 0.195313 0.603463
0.474652 0.246229 0.523538
0.503813 0.243857 0.457067
0.529833 0.24428 0.498625
0.43011 0.241103 0.476392
0.485221 0.187663 0.604668
0.567739 0.237179 0.465449
0.594652 0.206446 0.541505
0.605056 0.18648 0.388656
0.48066 0.220455 0.408169
0.486805 0.248567 0.446847
0.581072 0.208077 0.405688
0.524192 0.234087 0.474019
0.413063 0.221911 0.509472
0.395589 0.206319 0.572681
0.51307 0.247752 0.434505
0.4922 0.246093 0.522518
0.493464 0.216102 0.405771
0.50408 0.233968 0.568423
0.433232 0.225248 0.408217
0.409886 0.225737 0.54925
0.400468 0.210696 0.525563
0.558244 0.237176 0.565811
0.516463 0.236025 0.470759
0.577008 0.219254 0.418889
0.487693 0.248157 0.448559
0.593027 0.206583 0.445326
0.453887 0.255513 0.444892
0.414632 0.216393 0.578499
0.602396 0.191655 0.512434
0.466317 0.249688 0.463988
0.464497 0.215984 0.582436
0.56627 0.23865 0.52177
0.542204 0.24603 0.506322
0.431046 0.242106 0.489998
0.535681 0.250569 0.518283
0.426921 0.206961 0.587571
0.587369 0.205035 0.487265
0.455035 0.238626 0.550501
0.563586 0.226793 0.486273
0.436138 0.229068 0.419972
0.473321 0.19142 0.387812
0.594095 0.19891 0.478812
0.400639 0.202221 0.40142
0.555883 0.234886 0.553886
0.408443 0.214604 0.538616
0.519848 0.196682 0.596893
0.47664 0.23297 0.525629
0.603074 0.190459 0.489524
0.584288 0.209063 0.518384
0.53888 0.231806 0.454888
0.531961 0.193741 0.602383
0.508942 0.199868 0.399364
0.605802 0.184554 0.518861
0.454353 0.227424 0.570122
0.577374 0.215616 0.474459
0.560188 0.198216 0.602817
0.430605 0.238374 0.436395
0.543056 0.194447 0.385424
0.524209 0.227493 0.567268
0.490189 0.23063 0.47181
0.610426 0.181424 0.527092
0.482077 0.236033 0.453414
0.530947 0.23681 0.533632
0.555279 0.231994 0.563288
0.434878 0.236564 0.559408
0.548591 0.234361 0.44859
0.520805 0.230887 0.427148
0.386888 0.188282 0.515366
0.420464 0.2254 0.522824
0.428105 0.234743 0.532409
0.519538 0.227517 0.494208
0.427469 0.226438 0.441937
0.488272 0.219865 0.425606
0.517697 0.201882 0.583441
0.587425 0.199504 0.468265
0.544379 0.191602 0.602668
0.471628 0.185358 0.386422
0.520026 0.194592 0.591712
0.549954 0.224477 0.516794
0.522527 0.21504 0.462418
0.423688 0.213825 0.481651
0.605419 0.185678 0.478936
0.572094 0.210394 0.576288
0.477617 0.219666 0.559747
0.505657 0.204196 0.411054
0.621506 0.176257 0.601581
0.55111 0.224506 0.516874
0.611803 0.181935 0.574991
0.504225 0.217865 0.505714
0.469727 0.227572 0.443735
0.384878 0.184918 0.533792
0.553637 0.219087 0.491658
0.453378 0.22539 0.51466
0.455659 0.224889 0.500898
0.54931 0.210125 0.410813
0.396221 0.195259 0.399103
0.508422 0.218745 0.511016
0.388513 0.186547 0.589669
0.507022 0.220779 0.544322
0.534036 0.202741 0.587096
0.606843 0.186707 0.43591
0.482513 0.191162 0.593612
0.490768 0.223143 0.430394
0.468255 0.227966 0.442484
0.533628 0.197449 0.397428
0.515697 0.221245 0.52008
0.385675 0.187752 0.573784
0.42335 0.193278 0.588828
0.507745 0.21001 0.527929
0.437249 0.204066 0.41034
0.402677 0.198625 0.425058
0.5445 0.211496 0.512451
0.468851 0.180228 0.384892
0.613792 0.177483 0.600284
0.40826 0.197453 0.531533
0.445143 0.214682 0.490527
0.441806 0.203843 0.577688
0.533221 0.204532 0.465255
0.555853 0.211158 0.450921
0.459152 0.212647 0.489261
0.575393 0.196209 0.40934
0.520612 0.206751 0.424732
0.60537 0.181461 0.590896
0.575254 0.201233 0.477837
0.521216 0.200881 0.489312
0.493154 0.193018 0.404721
0.45221 0.218075 0.432814
0.542576 0.208136 0.498828
0.493044 0.207961 0.462979
0.48615 0.207597 0.505218
0.594571 0.189309 0.537023
0.465986 0.211372 0.486011
0.528656 0.202633 0.489245
0.445967 0.192064 0.395026
0.448256 0.21275 0.563182
0.486841 0.18488 0.392139
0.499266 0.194614 0.407548
0.574016 0.20543 0.443898
0.425654 0.215057 0.442049
0.391445 0.184903 0.513927
0.54978 0.195864 0.591235
0.483992 0.207188 0.492541
0.572114 0.204133 0.492119
0.423088 0.197821 0.507764
0.528383 0.189834 0.409251
0.583633 0.189597 0.4653
0.4439 0.174271 0.378198
0.54908 0.201102 0.429248
0.466001 0.175193 0.38291
0.45293 0.181232 0.600981
0.488829 0.199591 0.544784
0.59018 0.184547 0.520014
0.470122 0.203238 0.450659
0.46721 0.203718 0.451336
0.535452 0.202624 0.545686
0.425777 0.197189 0.414097
0.412776 0.190259 0.407642
0.436538 0.202931 0.479098
0.409009 0.194245 0.423352
0.5434 0.173564 0.615311
0.540839 0.193356 0.473102
0.523543 0.177219 0.601593
0.511246 0.199844 0.559179
0.533007 0.197217 0.506416
0.533484 0.189127 0.406402
0.517192 0.197001 0.513167
0.401812 0.191802 0.438262
0.517773 0.192665 0.576239
0.551743 0.197392 0.466917
0.502257 0.201704 0.436484
0.379859 0.174291 0.592026
0.437904 0.208063 0.429764
0.384837 0.169759 0.619627
0.439539 0.203732 0.513772
0.588635 0.187956 0.449763
0.555888 0.188442 0.594082
0.565982 0.204047 0.552801
0.445462 0.205086 0.465976
0.528957 0.189788 0.409017
0.419615 0.192457 0.427412
0.55134 0.190441 0.517808
0.497242 0.188577 0.518382
0.489431 0.185689 0.575241
0.553881 0.190664 0.576381
0.462958 0.170486 0.380417
0.538783 0.17277 0.60829
0.57296 0.192177 0.564052
0.501722 0.189929 0.547758
0.492169 0.18983 0.5511
0.38508 0.177111 0.434223
0.519279 0.183672 0.412867
0.397637 0.1793 0.576984
0.483728 0.180503 0.407226
0.577446 0.187046 0.535734
0.456587 0.190386 0.490278
0.5076 0.18672 0.506967
0.562046 0.190327 0.453905
0.552586 0.195072 0.560707
0.582092 0.184244 0.454554
0.523132 0.189091 0.515051
0.583227 0.180943 0.587996
0.553696 0.191083 0.52199
0.443214 0.189956 0.5729
0.583417 0.184494 0.427079
0.575703 0.188088 0.439662
0.563108 0.188105 0.477916
0.562382 0.175459 0.611214
0.377719 0.168577 0.46296
0.518036 0.181636 0.582402
0.532713 0.176604 0.596964
0.521376 0.183832 0.460594
0.484111 0.191114 0.431989
0.588662 0.17922 0.521174
0.396129 0.182805 0.431455
0.485272 0.189909 0.558662
0.418213 0.17831 0.576993
0.552957 0.182906 0.537857
0.621181 0.166081 0.608801
0.50106 0.17542 0.58361
0.443177 0.184121 0.56042
0.449363 0.168383 0.380769
0.395726 0.170863 0.495936
0.441126 0.182122 0.519384
0.503495 0.169714 0.600344
0.394759 0.171762 0.530582
0.596913 0.170892 0.484147
0.531489 0.177033 0.497145
0.626059 0.159961 0.506693
0.521639 0.181811 0.536135
0.419535 0.179065 0.498076
0.454332 0.180662 0.512684
0.426016 0.183022 0.418298
0.553375 0.176656 0.59013
0.481654 0.177502 0.461956
0.471756 0.179452 0.459465
0.456921 0.184429 0.438679
0.598465 0.167313 0.378201
0.384839 0.171214 0.436121
0.435765 0.164579 0.619127
0.57164 0.183683 0.569049
0.583928 0.176593 0.538759
0.52478 0.172074 0.592325
0.449757 0.183208 0.461908
0.574435 0.181124 0.429893
0.3817 0.167727 0.534968
0.461833 0.179268 0.417079
0.369951 0.161282 0.521023
0.443226 0.18215 0.499639
0.554633 0.182683 0.435453
0.542186 0.178795 0.502049
0.610726 0.169361 0.451241
0.414887 0.170284 0.490139
0.580569 0.168635 0.401975
0.520293 0.169277 0.408399
0.551475 0.173939 0.540347
0.445725 0.173504 0.468308
0.445579 0.163345 0.377601
0.486007 0.168686 0.498516
0.529555 0.173836 0.538675
0.406803 0.162529 0.370923
0.419924 0.166135 0.383067
0.519827 0.166163 0.469133
0.511547 0.162254 0.611865
0.597625 0.168197 0.419667
0.604129 0.164553 0.54139
0.573929 0.174427 0.562855
0.497264 0.167481 0.591875
0.384115 0.16672 0.565827
0.57628 0.17346 0.572433
0.511412 0.170955 0.41847
0.542102 0.165447 0.603436
0.441772 0.175745 0.445434
0.38678 0.166418 0.580635
0.423581 0.175538 0.443518
0.483168 0.168928 0.506314
0.379731 0.164866 0.408134
0.615423 0.160659 0.514324
0.59216 0.163472 0.376347
0.372413 0.159219 0.478614
0.521884 0.166296 0.467961
0.520992 0.169921 0.501255
0.566137 0.171828 0.498692
0.554791 0.173524 0.532128
0.625776 0.161354 0.589854
0.577162 0.167261 0.389401
0.502043 0.167276 0.468962
0.566445 0.162313 0.623651
0.409677 0.160814 0.382344
0.582852 0.164124 0.419769
0.373565 0.156745 0.490569
0.567016 0.165701 0.547245
0.588946 0.162938 0.450009
0.4305 0.159823 0.377525
0.604437 0.158879 0.375142
0.380457 0.158039 0.4918
0.406662 0.163427 0.419824
0.589336 0.157579 0.628412
0.475622 0.161617 0.519723
0.522966 0.164074 0.439339
0.577264 0.160355 0.613758
0.373742 0.158509 0.412526
0.402006 0.16145 0.523389
0.500156 0.156534 0.624804
0.56481 0.163989 0.467501
0.567805 0.164906 0.455783
0.428988 0.166129 0.574881
0.416346 0.158076 0.617685
0.64178 0.153696 0.636149
0.390876 0.155242 0.63509
0.50906 0.156888 0.621789
0.477164 0.16342 0.545736
0.639319 0.155214 0.566408
0.626967 0.156107 0.631085
0.551624 0.163756 0.501917
0.516536 0.161869 0.589565
0.465753 0.164703 0.428577
0.372465 0.157167 0.444252
0.489201 0.164833 0.571783
0.396224 0.159425 0.604332
0.579402 0.162233 0.395045
0.542782 0.165675 0.563983
0.388977 0.161005 0.546735
0.425543 0.164871 0.503221
0.407876 0.156937 0.55205
0.586585 0.156993 0.438419
0.501686 0.156778 0.581378
0.583385 0.156975 0.555391
0.463049 0.15698 0.429828
0.414115 0.155283 0.376573
0.445621 0.156785 0.530268
0.505194 0.156596 0.440741
0.403528 0.155789 0.469239
0.480449 0.155344 0.601574
0.426502 0.15798 0.57796
0.536142 0.157228 0.537664
0.55122 0.157292 0.535301
0.415116 0.157604 0.561719
0.499834 0.155171 0.480336
0.502608 0.153773 0.369213
0.475007 0.15238 0.35943
0.558114 0.155062 0.6122
0.623858 0.153631 0.463246
0.568338 0.153659 0.631138
0.562112 0.157499 0.545327
0.400734 0.15578 0.401993
0.603429 0.154899 0.527673
0.471395 0.15617 0.591359
0.626145 0.154046 0.445288
0.633454 0.152751 0.462427
0.50966 0.152261 0.63565
0.385844 0.155011 0.42411
0.403736 0.155542 0.384836
0.499788 0.154942 0.384457
0.406074 0.154277 0.36743
0.509458 0.155511 0.392464
0.534329 0.155138 0.472581
0.507336 0.15527 0.467768
0.553382 0.153227 0.631877
0.55982 0.155373 0.376968
0.403478 0.15 0.536297
0.454108 0.15 0.379298
0.435623 0.15 0.41744
0.630023 0.15 0.537021
0.475468 0.15 0.350934
0.394551 0.15 0.376304
0.475092 0.15 0.550919
0.543887 0.15 0.542807
0.645221 0.15 0.392473
0.381202 0.15 0.491536
0.476933 0.15 0.483708
0.388032 0.15 0.410463
0.35867 0.15 0.552411
0.351666 0.15 0.575813
0.397646 0.15 0.619311
0.532901 0.15 0.586158
0.505113 0.15 0.479698
0.408687 0.15 0.472071
0.554901 0.15 0.465333
0.473966 0.15 0.428262
0.47458 0.15 0.608489
0.436941 0.15 0.565009
0.578605 0.15 0.580015
0.492396 0.15 0.425799
0.502815 0.15 0.523342
0.507292 0.15 0.56814
0.649689 0.15 0.356198
0.502998 0.15 0.554215
0.603682 0.15 0.362012
0.568644 0.15 0.448459
0.526162 0.15 0.64284
0.58983 0.15 0.468793
0.589061 0.15 0.455637
0.627212 0.15 0.488505
0.556888 0.15 0.403917
0.529193 0.15 0.635507
