3564 0.012625
0.371942 0.459102 0.378132
0.456482 0.457973 0.320974
0.484338 0.369314 0.335502
0.489316 0.37927 0.345186
0.494335 0.433383 0.340283
0.544873 0.453244 0.316858
0.32224 0.468186 0.440949
0.422248 0.49541 0.408262
0.455253 0.363397 0.339977
0.496275 0.243169 0.312276
0.528787 0.403862 0.359266
0.60217 0.494169 0.38582
0.303079 0.440916 0.475084
0.339713 0.321595 0.45991
0.331463 0.427847 0.323874
0.520321 0.505325 0.253113
0.679676 0.390094 0.356956
0.653919 0.321688 0.468219
0.327285 0.41832 0.482846
0.321329 0.280373 0.495946
0.283471 0.549805 0.516022
0.539854 0.616621 0.514213
0.748933 0.438769 0.523214
0.660204 0.203999 0.49531
0.322386 0.462147 0.494666
0.367393 0.444735 0.519451
0.386392 0.35811 0.636132
0.500587 0.401904 0.746608
0.625941 0.34274 0.627356
0.645006 0.295362 0.510922
0.35612 0.473203 0.56507
0.390045 0.512442 0.611682
0.469274 0.413291 0.6507
0.492097 0.240574 0.667426
0.518335 0.302218 0.646954
0.576893 0.506667 0.572047
0.384434 0.506811 0.382331
0.353507 0.476351 0.566708
0.324582 0.227923 0.495314
0.741732 0.466345 0.500159
0.441585 0.353488 0.637675
0.493168 0.399913 0.35761
0.339364 0.49877 0.546804
0.360606 0.475406 0.583319
0.682311 0.4263 0.495201
0.48602 0.309743 0.367121
0.593394 0.468978 0.597119
0.574832 0.471809 0.544604
0.503609 0.255169 0.686382
0.528161 0.597282 0.629929
0.730272 0.384828 0.423241
0.692063 0.43184 0.484073
0.351291 0.380042 0.494504
0.397523 0.467541 0.354148
0.502097 0.281242 0.649582
0.37653 0.512802 0.603879
0.42043 0.508864 0.564812
0.383097 0.352657 0.620869
0.340181 0.445334 0.491976
0.557317 0.347908 0.714829
0.390928 0.458137 0.619378
0.645709 0.417914 0.508087
0.625072 0.502783 0.663286
0.469235 0.369011 0.64625
0.625583 0.477823 0.543868
0.396604 0.618275 0.515635
0.488146 0.311549 0.646926
0.645999 0.438221 0.519729
0.721822 0.50593 0.443869
0.6445 0.469243 0.548119
0.497234 0.254398 0.659379
0.329863 0.466675 0.45197
0.344093 0.506985 0.536703
0.339774 0.314358 0.4691
0.578552 0.415775 0.549322
0.649676 0.365658 0.46858
0.369423 0.492179 0.301533
0.493678 0.386856 0.359493
0.479396 0.248293 0.670717
0.488414 0.383725 0.654001
0.688257 0.476174 0.600583
0.570024 0.614128 0.510346
0.513794 0.443062 0.662342
0.558944 0.429649 0.419197
0.448087 0.621346 0.412442
0.675195 0.223762 0.518821
0.36949 0.34471 0.600274
0.364942 0.447104 0.522559
0.651551 0.437526 0.467446
0.393764 0.467714 0.629875
0.594874 0.376808 0.555714
0.415156 0.576273 0.326519
0.384993 0.522056 0.595575
0.542276 0.615158 0.412323
0.402999 0.447064 0.541263
0.583803 0.414579 0.432008
0.37743 0.450665 0.286235
0.33195 0.434279 0.48639
0.603762 0.427182 0.536925
0.361201 0.480075 0.600905
0.512507 0.432689 0.667577
0.658398 0.298163 0.481111
0.625748 0.493048 0.426787
0.518212 0.245806 0.677615
0.458415 0.414843 0.625188
0.342539 0.431194 0.490956
0.451704 0.340914 0.645366
0.584694 0.502751 0.565944
0.352897 0.228997 0.47488
0.350248 0.213452 0.473395
0.467336 0.418842 0.336412
0.653995 0.269674 0.471897
0.649537 0.322715 0.476992
0.497833 0.316089 0.35979
0.661871 0.247198 0.470149
0.633321 0.43849 0.526416
0.542771 0.322127 0.651258
0.329085 0.201682 0.469373
0.497996 0.216303 0.32427
0.664742 0.282184 0.522727
0.464513 0.337691 0.335433
0.629533 0.508191 0.396723
0.729785 0.486105 0.52637
0.405529 0.491702 0.548005
0.505864 0.231896 0.667576
0.350013 0.204606 0.488163
0.432328 0.444842 0.250559
0.668812 0.381635 0.490407
0.647602 0.229987 0.48814
0.599121 0.481456 0.690326
0.557123 0.575821 0.330296
0.686463 0.302198 0.452235
0.457995 0.455106 0.667648
0.374063 0.470836 0.375802
0.550243 0.326538 0.361573
0.586796 0.341108 0.32947
0.485286 0.245833 0.666667
0.467585 0.274936 0.319462
0.602258 0.608722 0.515287
0.61542 0.473208 0.366311
0.457704 0.465443 0.328944
0.653087 0.27576 0.475338
0.609386 0.475473 0.357069
0.295099 0.477768 0.364893
0.396407 0.455447 0.61459
0.355608 0.201471 0.483819
0.712626 0.367327 0.413294
0.658015 0.328588 0.48118
0.481836 0.296055 0.283215
0.495884 0.264217 0.353262
0.438807 0.467558 0.661273
0.287093 0.388396 0.586181
0.503486 0.385159 0.642144
0.610779 0.385311 0.441593
0.348428 0.45452 0.307304
0.53173 0.46317 0.661132
0.423763 0.507011 0.620453
0.350471 0.335525 0.501296
0.693329 0.434244 0.478886
0.402153 0.511648 0.614418
0.279313 0.334005 0.508056
0.388481 0.47884 0.362447
0.386688 0.479911 0.619757
0.528195 0.620026 0.428615
0.522012 0.328761 0.332613
0.518223 0.246861 0.677223
0.55039 0.467205 0.324565
0.707014 0.320079 0.535972
0.272931 0.341576 0.500432
0.334659 0.379231 0.484828
0.483648 0.349243 0.732937
0.375508 0.431187 0.518656
0.393111 0.368349 0.550189
0.542506 0.459328 0.655416
0.435611 0.482534 0.581946
0.418123 0.371352 0.297405
0.691526 0.434678 0.477114
0.540533 0.432379 0.674359
0.573236 0.402116 0.274872
0.534147 0.461032 0.661067
0.344219 0.298444 0.50205
0.335115 0.227438 0.494467
0.377361 0.439912 0.518117
0.686473 0.425443 0.482564
0.328217 0.472236 0.44095
0.491558 0.238159 0.348821
0.703517 0.288238 0.486036
0.674876 0.310685 0.455932
0.509268 0.309775 0.339621
0.453641 0.342307 0.329583
0.327884 0.33102 0.510441
0.646809 0.40594 0.464895
0.341491 0.31441 0.506336
0.44559 0.43525 0.391035
0.4489 0.359211 0.33657
0.404833 0.470565 0.640453
0.639979 0.50667 0.412955
0.343435 0.383033 0.490022
0.669407 0.207878 0.496244
0.339568 0.355446 0.48677
0.461869 0.442494 0.649345
0.506901 0.417608 0.661592
0.379138 0.446302 0.524432
0.600718 0.343095 0.600654
0.466662 0.432494 0.335658
0.354288 0.483314 0.5741
0.462284 0.34521 0.3361
0.507379 0.398445 0.343216
0.35332 0.329016 0.489024
0.441899 0.407415 0.599021
0.616135 0.482098 0.367691
0.669208 0.206064 0.504905
0.658353 0.239816 0.514703
0.646193 0.3816 0.641981
0.348747 0.387252 0.515201
0.254459 0.406932 0.515852
0.377064 0.465074 0.457122
0.348073 0.319283 0.503767
0.495296 0.345174 0.358956
0.327284 0.398426 0.48049
0.496763 0.223913 0.342581
0.486355 0.215526 0.347612
0.45434 0.463641 0.325682
0.416617 0.444873 0.430509
0.600382 0.354297 0.32263
0.63621 0.488592 0.389878
0.328608 0.468736 0.508327
0.640564 0.285982 0.499446
0.3297 0.415313 0.474653
0.426636 0.346134 0.669333
0.496089 0.421869 0.347919
0.468994 0.426134 0.33108
0.532894 0.315478 0.658416
0.661795 0.4874 0.444286
0.490796 0.224409 0.346843
0.626248 0.600319 0.523637
0.35582 0.310452 0.487735
0.526118 0.40518 0.350839
0.520968 0.543443 0.276047
0.518352 0.315723 0.644553
0.355683 0.394125 0.514475
0.339749 0.363007 0.477121
0.353721 0.397509 0.522622
0.296758 0.30617 0.509231
0.675481 0.227212 0.474184
0.674482 0.27644 0.515952
0.66166 0.365466 0.372431
0.427705 0.50539 0.571872
0.503269 0.350636 0.640299
0.507184 0.385861 0.25615
0.517955 0.411616 0.641713
0.511243 0.450179 0.338013
0.367575 0.501212 0.600891
0.454761 0.466037 0.34188
0.395243 0.416786 0.422927
0.427013 0.432154 0.417558
0.538244 0.314064 0.696041
0.48536 0.210705 0.346585
0.492039 0.3128 0.359174
0.543337 0.351178 0.271631
0.293747 0.345736 0.448413
0.343504 0.217108 0.491832
0.623027 0.348639 0.569224
0.529604 0.463776 0.330659
0.58249 0.492542 0.607046
0.599235 0.347991 0.596183
0.38862 0.35004 0.345898
0.385266 0.456139 0.282094
0.468558 0.494238 0.247406
0.371905 0.491752 0.379107
0.505323 0.402465 0.645723
0.548236 0.471384 0.330378
0.654101 0.352712 0.496193
0.548048 0.486966 0.628062
0.702057 0.477628 0.376918
0.667818 0.220727 0.477272
0.488643 0.321997 0.347092
0.418501 0.501091 0.399716
0.471297 0.264489 0.671613
0.651125 0.348809 0.49445
0.674549 0.480504 0.621063
0.273876 0.41594 0.42215
0.34943 0.359165 0.501133
0.638052 0.477775 0.54432
0.425781 0.37724 0.34918
0.508447 0.247592 0.328623
0.521632 0.281366 0.679104
0.566457 0.338941 0.698468
0.347955 0.195692 0.485276
0.42959 0.481034 0.403627
0.680316 0.335059 0.562022
0.424109 0.388181 0.399219
0.351606 0.388389 0.506031
0.478648 0.200786 0.339868
0.638868 0.331621 0.490582
0.640205 0.489557 0.395635
0.329949 0.363737 0.585718
0.707522 0.320191 0.449605
0.497866 0.251474 0.663025
0.673504 0.219608 0.47979
0.644002 0.305551 0.515212
0.629898 0.488649 0.432279
0.516744 0.397202 0.343568
0.408959 0.609125 0.388223
0.396984 0.464773 0.624359
0.649308 0.357086 0.49676
0.276173 0.536136 0.543076
0.478117 0.241777 0.341374
0.584655 0.371089 0.408314
0.59883 0.502864 0.371233
0.609735 0.476249 0.360031
0.658581 0.207199 0.505333
0.323461 0.496665 0.647918
0.336463 0.363839 0.516371
0.400308 0.388783 0.403287
0.499415 0.406717 0.660267
0.407388 0.614118 0.400987
0.578475 0.471232 0.413392
0.527016 0.463903 0.650089
0.479191 0.272579 0.339799
0.323891 0.321027 0.502949
0.471163 0.252993 0.67897
0.452203 0.467809 0.33079
0.339122 0.359425 0.476325
0.399897 0.513766 0.396596
0.342936 0.356973 0.599819
0.46734 0.400316 0.640238
0.488994 0.30005 0.354614
0.346444 0.360823 0.467645
0.477558 0.200544 0.334081
0.300854 0.39187 0.611331
0.465533 0.318663 0.328719
0.64668 0.413419 0.512292
0.550687 0.494902 0.583655
0.434197 0.501596 0.59018
0.533384 0.425264 0.611183
0.671145 0.334955 0.423533
0.391216 0.446983 0.448292
0.308628 0.369877 0.401992
0.555384 0.327181 0.699834
0.659627 0.368842 0.497179
0.342645 0.243899 0.492254
0.454182 0.554411 0.287424
0.654409 0.368083 0.627833
0.610009 0.355199 0.356236
0.361874 0.500009 0.583402
0.423276 0.485509 0.349664
0.346686 0.490527 0.425557
0.505035 0.405892 0.65848
0.261584 0.363073 0.468893
0.542521 0.611795 0.40162
0.474353 0.380493 0.330953
0.344432 0.359419 0.52385
0.477243 0.334812 0.330018
0.400311 0.424886 0.435672
0.366954 0.509791 0.411747
0.590428 0.49687 0.56191
0.532987 0.51159 0.71837
0.614331 0.483766 0.575352
0.568496 0.50079 0.606737
0.41122 0.488292 0.355672
0.678776 0.228109 0.481284
0.354185 0.376618 0.465963
0.502983 0.390412 0.654525
0.454897 0.461914 0.330903
0.47066 0.295748 0.324851
0.396835 0.400452 0.707234
0.513516 0.617568 0.510493
0.710481 0.309181 0.486604
0.530418 0.622331 0.468381
0.459685 0.620457 0.489129
0.291225 0.339783 0.457418
0.354024 0.274731 0.479772
0.66303 0.380252 0.478105
0.637672 0.474564 0.544612
0.750329 0.438365 0.464192
0.390146 0.467719 0.609214
0.495901 0.256279 0.34665
0.32885 0.322264 0.455255
0.463505 0.443474 0.673513
0.350519 0.603635 0.502233
0.312277 0.300914 0.457833
0.328954 0.437843 0.465864
0.336581 0.258898 0.495331
0.40304 0.440703 0.438483
0.578859 0.471485 0.54446
0.660776 0.358956 0.493869
0.729372 0.487766 0.521901
0.657652 0.213061 0.497815
0.543094 0.457522 0.246651
0.527026 0.31591 0.329586
0.288644 0.475284 0.371943
0.339163 0.486626 0.542654
0.64078 0.365029 0.505303
0.6578 0.487123 0.433452
0.566241 0.428081 0.554224
0.353914 0.412839 0.508948
0.674677 0.218415 0.501175
0.639465 0.516864 0.643752
0.508057 0.413266 0.662921
0.516694 0.431725 0.666974
0.446343 0.390814 0.356312
0.610755 0.482384 0.408335
0.656046 0.306082 0.476685
0.632813 0.344136 0.55876
0.335988 0.21695 0.470394
0.389315 0.380806 0.560669
0.441206 0.426345 0.593067
0.638864 0.498333 0.402795
0.364827 0.512658 0.56851
0.366665 0.355914 0.614409
0.727857 0.38998 0.567168
0.666477 0.298996 0.52096
0.566801 0.521391 0.69779
0.558707 0.480691 0.62885
0.549741 0.465276 0.643681
0.371079 0.48843 0.447298
0.318346 0.362464 0.572204
0.473544 0.407654 0.662464
0.342663 0.461062 0.50653
0.372854 0.516076 0.578189
0.618429 0.487295 0.412027
0.52992 0.461282 0.654428
0.410168 0.499425 0.623314
0.695676 0.511497 0.38707
0.64381 0.496651 0.409581
0.280385 0.532911 0.434221
0.643994 0.338891 0.553074
0.570703 0.485527 0.349477
0.657026 0.353156 0.453373
0.631255 0.587079 0.408529
0.340643 0.358306 0.423141
0.350186 0.373434 0.465808
0.66883 0.232654 0.516494
0.369773 0.478288 0.59028
0.515897 0.422884 0.670091
0.430615 0.497992 0.624482
0.440757 0.39181 0.388604
0.43106 0.433718 0.571141
0.471485 0.264964 0.317995
0.534438 0.419688 0.615316
0.599212 0.362031 0.405612
0.368994 0.485811 0.601825
0.464124 0.335179 0.331719
0.589593 0.480607 0.54802
0.338308 0.35605 0.407498
0.722888 0.491065 0.539011
0.651986 0.346973 0.599803
0.469607 0.301629 0.284485
0.489161 0.275517 0.304342
0.654145 0.551869 0.598611
0.488908 0.297724 0.342047
0.543727 0.459733 0.584193
0.434061 0.395151 0.59704
0.732482 0.420046 0.564917
0.361054 0.492588 0.576493
0.349653 0.258942 0.478527
0.655862 0.246365 0.508781
0.70859 0.508772 0.408153
0.651963 0.340258 0.418192
0.448004 0.338844 0.2828
0.487425 0.296177 0.652777
0.333165 0.462738 0.507209
0.385668 0.490128 0.610374
0.695936 0.358067 0.407686
0.493408 0.385887 0.341321
0.381555 0.461496 0.529308
0.517339 0.397278 0.643056
0.391887 0.479462 0.611526
0.587431 0.489567 0.356992
0.527997 0.386549 0.348145
0.588822 0.473115 0.545418
0.288618 0.340286 0.528773
0.437916 0.400757 0.395792
0.531583 0.316471 0.660479
0.550682 0.419913 0.409621
0.478942 0.422496 0.670931
0.634705 0.369322 0.520613
0.551782 0.447403 0.567905
0.310132 0.344724 0.555105
0.682864 0.296262 0.501794
0.59031 0.496751 0.279759
0.424785 0.41247 0.568467
0.551083 0.482929 0.628472
0.439842 0.416066 0.595077
0.499635 0.240764 0.330028
0.70521 0.346684 0.424466
0.723091 0.383921 0.569165
0.524624 0.430245 0.641149
0.530133 0.612026 0.542889
0.670102 0.219939 0.510123
0.30134 0.327397 0.45797
0.438193 0.376678 0.614825
0.654674 0.307203 0.491375
0.646047 0.244342 0.494811
0.495243 0.595849 0.344846
0.31067 0.304861 0.458087
0.656889 0.445376 0.526977
0.48607 0.26603 0.34728
0.539962 0.471686 0.641061
0.411571 0.374043 0.688939
0.524954 0.380522 0.635403
0.345222 0.321534 0.491265
0.604526 0.59478 0.579051
0.332082 0.300516 0.497876
0.620347 0.487365 0.392686
0.312671 0.226616 0.483677
0.607099 0.479807 0.549317
0.679767 0.272397 0.488902
0.422535 0.440181 0.421097
0.341881 0.270629 0.475697
0.456891 0.44817 0.338198
0.461815 0.325838 0.32467
0.472047 0.586979 0.658254
0.496846 0.329589 0.34473
0.44274 0.474134 0.642497
0.551466 0.33882 0.366456
0.524136 0.391732 0.635947
0.667981 0.458449 0.640512
0.56051 0.465864 0.336713
0.670147 0.37877 0.491748
0.532074 0.489873 0.725221
0.488902 0.405814 0.660913
0.333515 0.340668 0.551113
0.51393 0.599224 0.62666
0.525226 0.386919 0.740584
0.397519 0.447808 0.442438
0.322473 0.319985 0.536791
0.329092 0.36194 0.402736
0.595594 0.490367 0.584727
0.503373 0.421899 0.338729
0.350025 0.478996 0.549985
0.325466 0.411491 0.473122
0.462956 0.604993 0.61595
0.343169 0.354194 0.461931
0.432216 0.382002 0.391417
0.419201 0.481574 0.63867
0.60766 0.607067 0.508922
0.508503 0.239262 0.670265
0.367867 0.5056 0.40946
0.377063 0.497861 0.600545
0.484964 0.276832 0.665654
0.468348 0.603531 0.621589
0.33397 0.464064 0.526052
0.377892 0.361949 0.356846
0.420375 0.44123 0.422345
0.538849 0.424957 0.614267
0.668416 0.224429 0.502288
0.386645 0.45237 0.53487
0.523278 0.479004 0.24428
0.658231 0.321849 0.493158
0.53728 0.460934 0.365893
0.333709 0.317019 0.500402
0.360494 0.537241 0.32699
0.650911 0.459863 0.455905
0.647681 0.344763 0.501831
0.450674 0.326457 0.313116
0.344203 0.331179 0.497438
0.497839 0.604243 0.365758
0.470484 0.338632 0.654467
0.485383 0.210359 0.33042
0.506085 0.30567 0.336699
0.583873 0.363747 0.582419
0.450274 0.455479 0.617734
0.564965 0.466685 0.33982
0.493945 0.259712 0.668562
0.354736 0.475578 0.681565
0.578874 0.476825 0.548374
0.662098 0.302799 0.474042
0.460296 0.424731 0.334243
0.540107 0.454753 0.648729
0.389954 0.466134 0.449442
0.621883 0.470729 0.679574
0.386457 0.479815 0.602958
0.356116 0.484448 0.557245
0.472794 0.619372 0.404536
0.317443 0.245603 0.487633
0.492642 0.378415 0.655724
0.573178 0.500908 0.58703
0.345406 0.490228 0.537787
0.608019 0.470956 0.419394
0.408464 0.471267 0.435576
0.318484 0.284167 0.463208
0.297527 0.467005 0.357194
0.412379 0.505282 0.607287
0.389031 0.461869 0.448206
0.634984 0.367493 0.530978
0.677803 0.296558 0.498931
0.328948 0.390281 0.475722
0.49363 0.284058 0.660683
0.466083 0.377315 0.329932
0.654897 0.437339 0.526046
0.369629 0.502395 0.579996
0.331695 0.463539 0.441773
0.411786 0.483659 0.618338
0.574524 0.50143 0.584366
0.398187 0.492393 0.546672
0.590214 0.344251 0.350085
0.347202 0.218921 0.478169
0.446868 0.449115 0.660793
0.667363 0.245025 0.515335
0.530923 0.394648 0.253103
0.449471 0.452852 0.367895
0.44282 0.343284 0.301781
0.556464 0.347571 0.375125
0.533824 0.365765 0.637431
0.540946 0.348806 0.271444
0.557171 0.616176 0.445692
0.484806 0.313462 0.655139
0.652806 0.289053 0.493301
0.508276 0.289076 0.331877
0.562306 0.482068 0.614325
0.31336 0.245843 0.484138
0.387764 0.488973 0.442899
0.628846 0.456238 0.439516
0.331405 0.591851 0.510268
0.355273 0.43602 0.685791
0.39687 0.467607 0.442573
0.41056 0.505133 0.60455
0.466011 0.429962 0.669685
0.687997 0.45173 0.614519
0.283834 0.423772 0.377149
0.573976 0.483725 0.369464
0.427248 0.474581 0.40668
0.3928 0.369421 0.30467
0.512567 0.611641 0.390565
0.417103 0.498876 0.612935
0.390568 0.380031 0.564577
0.431739 0.388579 0.345649
0.501074 0.302707 0.338138
0.410398 0.348815 0.325823
0.399881 0.349194 0.630261
0.332535 0.312556 0.467573
0.666318 0.330971 0.486254
0.524574 0.434446 0.650675
0.504323 0.24086 0.676736
0.643202 0.337167 0.576333
0.429871 0.476579 0.398836
0.374007 0.50183 0.584692
0.333611 0.259043 0.476338
0.362029 0.601386 0.423639
0.632382 0.483951 0.395293
0.572039 0.327969 0.346207
0.328007 0.270825 0.491687
0.486858 0.296558 0.661156
0.505839 0.244312 0.678819
0.547142 0.476237 0.595649
0.40618 0.491287 0.609945
0.412142 0.498116 0.40663
0.354413 0.371343 0.529533
0.519227 0.617604 0.503666
0.55203 0.499129 0.260472
0.39684 0.376049 0.293004
0.38855 0.464305 0.446754
0.495135 0.301569 0.658581
0.501223 0.385419 0.334919
0.387416 0.361588 0.591002
0.457947 0.32152 0.658904
0.497004 0.267947 0.330846
0.335273 0.327385 0.499147
0.433297 0.489436 0.623663
0.684887 0.301017 0.471739
0.578242 0.462829 0.415764
0.490548 0.415935 0.669935
0.401413 0.465555 0.547881
0.511615 0.388584 0.653491
0.489536 0.242556 0.321557
0.578605 0.354578 0.303262
0.331565 0.23088 0.474821
0.418757 0.477424 0.421632
0.564524 0.485192 0.602406
0.70798 0.314718 0.461166
0.603665 0.466552 0.36684
0.462419 0.395148 0.326073
0.478469 0.334445 0.32194
0.69913 0.294066 0.464296
0.344341 0.402222 0.523135
0.498805 0.391867 0.661605
0.335632 0.295606 0.493011
0.672616 0.304987 0.514335
0.38834 0.437431 0.444386
0.617298 0.385409 0.676663
0.561444 0.33849 0.628672
0.65329 0.269737 0.494812
0.372541 0.506406 0.54023
0.443694 0.408445 0.362751
0.35842 0.493706 0.525359
0.534716 0.380633 0.376771
0.473773 0.351766 0.659187
0.381358 0.461535 0.450047
0.552738 0.481339 0.598015
0.38656 0.504873 0.400311
0.588711 0.463322 0.546868
0.507847 0.357708 0.262674
0.430994 0.475006 0.637731
0.576772 0.477005 0.586142
0.349629 0.413116 0.524905
0.325975 0.197899 0.478322
0.451244 0.620277 0.411794
0.598369 0.389501 0.292822
0.328817 0.279103 0.471578
0.543467 0.443194 0.599146
0.501243 0.289012 0.661456
0.579827 0.444434 0.548876
0.687703 0.41115 0.488208
0.467901 0.400064 0.652531
0.409442 0.480674 0.601272
0.558014 0.473193 0.61141
0.266751 0.38688 0.443224
0.473282 0.368659 0.658603
0.530381 0.319524 0.282664
0.523844 0.617587 0.50312
0.62941 0.427832 0.534445
0.379331 0.504158 0.578467
0.48434 0.285571 0.67066
0.547387 0.571293 0.665014
0.673552 0.255065 0.50681
0.736429 0.450714 0.546196
0.550516 0.530991 0.701237
0.59788 0.372924 0.41803
0.321007 0.302621 0.464738
0.419595 0.386124 0.390584
0.501498 0.30726 0.32937
0.554003 0.422886 0.411107
0.58468 0.451398 0.547848
0.344244 0.443485 0.453561
0.3033 0.571271 0.488148
0.491229 0.288842 0.668449
0.578533 0.468246 0.357397
0.415212 0.485576 0.415747
0.367113 0.464815 0.452085
0.326262 0.284281 0.471834
0.326971 0.298135 0.472275
0.431544 0.488297 0.61592
0.624975 0.357779 0.417852
0.661185 0.551467 0.380318
0.516983 0.395039 0.654679
0.716271 0.319855 0.465575
0.243814 0.467002 0.515935
0.472616 0.28145 0.675007
0.529688 0.415252 0.342108
0.470967 0.3029 0.316576
0.412597 0.50919 0.7093
0.604343 0.471114 0.400663
0.44477 0.449283 0.359165
0.381346 0.479148 0.291261
0.399447 0.467621 0.716268
0.392507 0.503109 0.579883
0.69252 0.384839 0.594342
0.5364 0.527547 0.710094
0.420065 0.453038 0.418174
0.578739 0.47071 0.551736
0.528507 0.358876 0.646053
0.526557 0.31176 0.287724
0.400933 0.496482 0.596895
0.421616 0.423111 0.564748
0.41579 0.481794 0.60338
0.37805 0.363709 0.380407
0.320738 0.274519 0.472021
0.577139 0.432133 0.425569
0.471902 0.297166 0.696801
0.329086 0.429011 0.457587
0.532798 0.424338 0.336999
0.646406 0.386694 0.519098
0.638498 0.479358 0.427535
0.531241 0.421501 0.33479
0.672856 0.343008 0.483598
0.349717 0.457623 0.523704
0.584639 0.468823 0.363371
0.416167 0.622794 0.485464
0.414457 0.488174 0.404832
0.68706 0.559768 0.489521
0.42105 0.589574 0.634918
0.515258 0.381186 0.658254
0.61283 0.466594 0.39058
0.585751 0.47444 0.554513
0.462142 0.312856 0.689037
0.421746 0.411363 0.263079
0.686978 0.358097 0.401708
0.658082 0.431681 0.451721
0.334599 0.360884 0.52196
0.42005 0.353026 0.675531
0.4319 0.380011 0.383765
0.580204 0.475681 0.269737
0.533727 0.61925 0.481852
0.671539 0.372267 0.495394
0.673073 0.321827 0.487944
0.446381 0.374046 0.333354
0.498197 0.300986 0.306568
0.468224 0.290522 0.675023
0.577739 0.337223 0.360939
0.700448 0.356155 0.415989
0.337391 0.366711 0.525123
0.304589 0.375086 0.384646
0.507565 0.462798 0.737569
0.597902 0.436514 0.432223
0.652362 0.389787 0.518428
0.664879 0.445205 0.452499
0.33479 0.340789 0.540414
0.440826 0.614849 0.542074
0.67623 0.365314 0.485982
0.474059 0.379571 0.662887
0.709489 0.34719 0.559691
0.425894 0.479133 0.38677
0.60933 0.368466 0.560403
0.494152 0.347592 0.321567
0.493527 0.359738 0.660391
0.685568 0.486886 0.594469
0.357636 0.44381 0.452964
0.692565 0.511277 0.572914
0.632462 0.385663 0.656732
0.492407 0.314959 0.666138
0.284658 0.320628 0.47854
0.498292 0.620089 0.452201
0.404787 0.485232 0.591506
0.675177 0.326946 0.487458
0.386422 0.488922 0.436974
0.459711 0.315356 0.301864
0.335 0.408489 0.522291
0.361318 0.469487 0.53313
0.295973 0.43832 0.354098
0.43622 0.373862 0.277985
0.590939 0.404969 0.70251
0.699984 0.345921 0.423644
0.338697 0.569604 0.384459
0.259361 0.516467 0.493542
0.250074 0.488874 0.511404
0.428047 0.482049 0.588858
0.313348 0.312883 0.510594
0.56984 0.411054 0.418107
0.422432 0.380168 0.369184
0.620133 0.465256 0.407793
0.308403 0.300017 0.48125
0.653762 0.445682 0.443776
0.313398 0.39444 0.626245
0.494991 0.281857 0.674858
0.563602 0.376567 0.396049
0.322637 0.383368 0.501763
0.652756 0.453085 0.441926
0.655137 0.46726 0.649611
0.411176 0.466956 0.55824
0.464219 0.353486 0.321939
0.300665 0.322776 0.463058
0.689603 0.352824 0.410615
0.366274 0.388144 0.545415
0.431322 0.466263 0.391801
0.415957 0.425418 0.72026
0.399754 0.449125 0.426591
0.657586 0.351532 0.523299
0.501174 0.367011 0.321181
0.618134 0.467241 0.409491
0.581294 0.457605 0.552605
0.672566 0.565061 0.42846
0.669044 0.367289 0.501985
0.591787 0.510045 0.683002
0.506047 0.321842 0.283777
0.673274 0.432958 0.458135
0.694666 0.553418 0.479532
0.33244 0.427062 0.524257
0.331283 0.424399 0.522546
0.538535 0.581021 0.333334
0.716876 0.462335 0.569262
0.37333 0.358948 0.611214
0.383836 0.493264 0.54885
0.410031 0.496256 0.570519
0.456815 0.375195 0.644057
0.566963 0.362264 0.290218
0.412568 0.479457 0.385685
0.553057 0.416226 0.261864
0.653842 0.437159 0.443658
0.623259 0.465966 0.418305
0.279486 0.372547 0.442116
0.573643 0.411829 0.716418
0.35 0.430251 0.449337
0.378479 0.354769 0.596244
0.39494 0.496255 0.561517
0.545326 0.314831 0.319981
0.667353 0.372448 0.506944
0.482241 0.31633 0.309127
0.548067 0.450588 0.610687
0.628297 0.594272 0.435645
0.523613 0.392026 0.329025
0.492224 0.304242 0.290903
0.32378 0.586794 0.502001
0.586895 0.405054 0.425976
0.706879 0.519176 0.416774
0.579548 0.515703 0.689232
0.370961 0.484227 0.433682
0.425367 0.389557 0.366036
0.548744 0.614238 0.430977
0.392486 0.436381 0.426899
0.427756 0.359895 0.312588
0.678242 0.386793 0.464219
0.479973 0.330378 0.669889
0.691148 0.445022 0.353668
0.659281 0.356812 0.525068
0.550596 0.461587 0.378238
0.435759 0.470538 0.618942
0.675268 0.382453 0.618053
0.500841 0.304178 0.301845
0.284867 0.333539 0.489274
0.469822 0.393087 0.663102
0.320707 0.352595 0.51238
0.428117 0.462312 0.392389
0.375844 0.454008 0.444679
0.654051 0.374135 0.449962
0.408598 0.42766 0.716303
0.589328 0.360031 0.313301
0.506131 0.30527 0.672094
0.564737 0.33882 0.357674
0.411882 0.48943 0.584828
0.392968 0.45651 0.435858
0.501654 0.30849 0.676518
0.421164 0.471755 0.398252
0.555919 0.39492 0.600914
0.556118 0.452765 0.398979
0.438706 0.404469 0.347637
0.676237 0.502521 0.601532
0.379596 0.411903 0.548564
0.67908 0.346001 0.504651
0.507013 0.309581 0.676752
0.734044 0.401914 0.560802
0.661654 0.389803 0.452209
0.328985 0.405445 0.458129
0.357163 0.355514 0.573516
0.501198 0.307599 0.678675
0.350855 0.421073 0.535464
0.664794 0.330361 0.512175
0.579584 0.346856 0.319119
0.645325 0.364956 0.532955
0.472949 0.612361 0.571302
0.443299 0.424736 0.612042
0.665088 0.47463 0.334635
0.339507 0.353051 0.53144
0.461197 0.409886 0.643691
0.65635 0.35959 0.513356
0.405575 0.475223 0.408462
0.479568 0.619495 0.427362
0.552302 0.344768 0.642163
0.448939 0.373572 0.640931
0.400769 0.470585 0.55861
0.657158 0.351988 0.447864
0.639149 0.349504 0.60645
0.3279 0.409067 0.454824
0.43194 0.427074 0.375872
0.689576 0.320359 0.522688
0.560826 0.381768 0.601029
0.330771 0.375457 0.523655
0.4862 0.611985 0.528864
0.474627 0.313342 0.290801
0.45321 0.342978 0.295639
0.32275 0.3775 0.464594
0.344202 0.360972 0.552671
0.743217 0.453973 0.503949
0.314945 0.573041 0.543723
0.417174 0.472132 0.396946
0.493307 0.314712 0.675757
0.678129 0.412823 0.455625
0.322065 0.385546 0.464228
0.421837 0.450482 0.574575
0.485805 0.320482 0.302087
0.571897 0.351441 0.69627
0.43134 0.410199 0.603677
0.639529 0.415298 0.659155
0.466814 0.609359 0.377121
0.48409 0.610905 0.567021
0.559657 0.397894 0.594596
0.576427 0.468979 0.570754
0.422764 0.59002 0.633265
0.268503 0.357595 0.490936
0.402462 0.457288 0.55661
0.666031 0.344235 0.441775
0.379394 0.413862 0.551562
0.487459 0.615208 0.494739
0.410887 0.460914 0.407806
0.46304 0.341511 0.661523
0.565089 0.332023 0.681331
0.674292 0.341179 0.432183
0.364747 0.365687 0.409187
0.481592 0.332452 0.282372
0.394502 0.387217 0.396195
0.485796 0.616067 0.486346
0.518739 0.340319 0.319601
0.408482 0.46551 0.588286
0.380058 0.397671 0.298457
0.646042 0.493218 0.643744
0.540904 0.408741 0.641124
0.298754 0.329949 0.477012
0.660252 0.35002 0.433959
0.527975 0.354992 0.32773
0.614741 0.442924 0.426446
0.544268 0.320111 0.329525
0.260428 0.428246 0.549248
0.683235 0.393644 0.50676
0.466312 0.405055 0.668338
0.427352 0.429841 0.385264
0.478611 0.58863 0.652636
0.551395 0.326014 0.31922
0.336008 0.388394 0.444564
0.428827 0.423364 0.395865
0.381154 0.368572 0.393738
0.682662 0.373704 0.466724
0.515807 0.347416 0.269119
0.426896 0.374328 0.298286
0.427482 0.441306 0.591803
0.377116 0.472553 0.429533
0.547986 0.360299 0.366201
0.439844 0.391468 0.62437
0.346244 0.364 0.560573
0.680294 0.417809 0.447263
0.678442 0.382638 0.51368
0.505336 0.316134 0.693262
0.719815 0.50686 0.518318
0.71512 0.422628 0.398043
0.316723 0.473982 0.347045
0.596893 0.606252 0.45171
0.399425 0.458655 0.57702
0.397284 0.469277 0.407762
0.630673 0.357645 0.575245
0.624824 0.594198 0.546923
0.651628 0.483454 0.326537
0.456731 0.584265 0.655921
0.476141 0.618446 0.439839
0.398281 0.447405 0.418318
0.649703 0.376054 0.53329
0.283875 0.364159 0.532911
0.583845 0.350907 0.368964
0.385434 0.603748 0.39842
0.619629 0.395874 0.555384
0.396354 0.464923 0.396
0.408869 0.374048 0.379404
0.271014 0.494984 0.429225
0.586312 0.451076 0.564111
0.252754 0.418254 0.503094
0.586382 0.582623 0.365513
0.637567 0.59253 0.519798
0.613447 0.385728 0.429429
0.311437 0.340737 0.534934
0.591847 0.432979 0.422202
0.671624 0.575569 0.466492
0.462241 0.33452 0.669077
0.437124 0.390842 0.268141
0.706685 0.477806 0.386324
0.369215 0.360701 0.576431
0.349747 0.373855 0.419402
0.701947 0.392272 0.47584
0.4673 0.338814 0.669289
0.52212 0.319455 0.693535
0.261689 0.474832 0.435929
0.67366 0.520733 0.367475
0.548716 0.368858 0.632682
0.331558 0.406793 0.446834
0.380044 0.45764 0.429668
0.539164 0.35443 0.337419
0.523189 0.36359 0.669629
0.525316 0.343855 0.674744
0.507991 0.345519 0.305483
0.531352 0.361543 0.272896
0.693862 0.367141 0.404178
0.352669 0.366566 0.411385
0.599239 0.530989 0.307491
0.400635 0.453137 0.410166
0.449772 0.393741 0.737458
0.689705 0.339375 0.484504
0.646637 0.588542 0.450847
0.369261 0.390156 0.42227
0.528269 0.324398 0.697938
0.263894 0.486271 0.56454
0.690153 0.381744 0.499963
0.428527 0.42347 0.603271
0.470643 0.320559 0.682894
0.415983 0.450603 0.587316
0.534371 0.341513 0.327972
0.582628 0.588682 0.376041
0.64391 0.563009 0.380757
0.364634 0.399314 0.546774
0.408786 0.400173 0.393563
0.432338 0.386779 0.628826
0.37231 0.588919 0.59166
0.636205 0.484023 0.313487
0.408879 0.433452 0.577596
0.697276 0.388582 0.498361
0.632158 0.35994 0.4114
0.536005 0.332093 0.683551
0.737451 0.376911 0.445097
0.62981 0.547346 0.348642
0.264827 0.392693 0.449553
0.491727 0.342646 0.280673
0.320367 0.388703 0.454243
0.452471 0.369749 0.653097
0.484242 0.358718 0.268098
0.600342 0.403302 0.294927
0.515605 0.463257 0.734528
0.641734 0.386265 0.64051
0.39908 0.433496 0.405872
0.30621 0.379973 0.424807
0.451002 0.411524 0.639206
0.349424 0.375354 0.54724
0.324368 0.371931 0.429445
0.484275 0.615953 0.47256
0.431179 0.366981 0.309871
0.275325 0.39598 0.432618
0.690063 0.350125 0.492085
0.332166 0.377219 0.631676
0.572436 0.411946 0.407174
0.29786 0.407484 0.371215
0.312079 0.424465 0.349105
0.65847 0.531307 0.359634
0.491166 0.348039 0.677166
0.362604 0.432652 0.432834
0.430202 0.585431 0.643467
0.489325 0.387064 0.678615
0.293825 0.343992 0.47916
0.261202 0.386851 0.494353
0.570961 0.430171 0.573933
0.403475 0.414192 0.5762
0.266317 0.374873 0.489198
0.693232 0.38902 0.51449
0.374482 0.611287 0.500871
0.545561 0.34383 0.666069
0.348347 0.523715 0.329978
0.594456 0.571722 0.353668
0.514771 0.380861 0.683231
0.578027 0.438856 0.574382
0.304197 0.348956 0.500338
0.615491 0.408278 0.5628
0.335347 0.514495 0.338887
0.706013 0.439518 0.585555
0.449323 0.618657 0.444591
0.657363 0.355823 0.426183
0.490636 0.388162 0.68124
0.253564 0.403281 0.463375
0.687599 0.389843 0.521891
0.337422 0.412964 0.436805
0.573843 0.372936 0.613536
0.696182 0.385467 0.505142
0.383858 0.393713 0.570522
0.258102 0.445274 0.56044
0.405741 0.377019 0.374279
0.412661 0.394859 0.607066
0.681545 0.346973 0.540988
0.339762 0.422569 0.664398
0.365746 0.376442 0.571208
0.336612 0.381856 0.640007
0.376964 0.377284 0.674132
0.4904 0.391766 0.683084
0.402126 0.439609 0.576517
0.637096 0.368026 0.422944
0.644745 0.364244 0.549983
0.363233 0.417975 0.426876
0.496997 0.391533 0.261918
0.612173 0.589105 0.40278
0.393108 0.407711 0.393911
0.686318 0.390329 0.527524
0.594811 0.341398 0.626867
0.555751 0.351359 0.650185
0.660491 0.358413 0.430763
0.561302 0.594137 0.379127
0.314203 0.37313 0.512058
0.431136 0.407618 0.727449
0.350391 0.381809 0.550346
0.589588 0.472275 0.695161
0.271238 0.375553 0.505268
0.550853 0.376569 0.640241
0.406712 0.372687 0.323304
0.371227 0.41979 0.557695
0.611856 0.374144 0.588022
0.265768 0.391121 0.521889
0.574688 0.370251 0.298977
0.631868 0.402366 0.557165
0.546502 0.609407 0.520047
0.546892 0.607205 0.535818
0.726379 0.332739 0.501345
0.387212 0.372496 0.659745
0.526904 0.367974 0.730875
0.408344 0.402878 0.365025
0.648356 0.3878 0.343802
0.400963 0.363404 0.335871
0.639794 0.399204 0.438692
0.595925 0.364244 0.363328
0.327724 0.361667 0.532091
0.635631 0.391558 0.554794
0.64059 0.374259 0.371104
0.339898 0.590026 0.439991
0.54251 0.375286 0.66232
0.614667 0.386789 0.578727
0.29403 0.342444 0.494877
0.40604 0.428875 0.592072
0.332092 0.378191 0.581664
0.664167 0.379973 0.542774
0.391173 0.368703 0.348988
0.566351 0.353459 0.639711
0.439971 0.411995 0.260142
0.527896 0.610642 0.409184
0.470435 0.366903 0.268063
0.707783 0.332664 0.514243
0.384156 0.406425 0.57534
0.272364 0.384854 0.535136
0.658851 0.382053 0.545248
0.715759 0.385184 0.412585
0.401205 0.38009 0.612043
0.304007 0.384711 0.403403
0.282411 0.401338 0.57511
0.291114 0.383911 0.569811
0.435973 0.379666 0.650619
0.681027 0.372715 0.454915
0.397871 0.374566 0.372237
0.316823 0.368544 0.517833
0.524906 0.390474 0.26541
0.447016 0.397197 0.646665
0.701292 0.333023 0.476275
0.381249 0.386279 0.381734
0.593762 0.355986 0.666935
0.322101 0.581176 0.525183
0.657083 0.360767 0.5788
0.358344 0.599894 0.534927
0.710195 0.330402 0.490095
0.468292 0.609264 0.566956
0.531767 0.614524 0.477224
0.656941 0.408627 0.634091
0.544141 0.535339 0.279083
0.73826 0.470589 0.469013
0.600251 0.377995 0.677456
0.608829 0.602237 0.519928
0.290054 0.37919 0.440069
0.35242 0.382843 0.411106
0.695849 0.336868 0.462473
0.657995 0.369862 0.551137
0.475663 0.348025 0.694077
0.522835 0.612283 0.418655
0.592869 0.378358 0.381069
0.27095 0.405681 0.552696
0.546188 0.369486 0.66834
0.427664 0.417802 0.330117
0.664992 0.446748 0.637002
0.624798 0.39171 0.660802
0.301524 0.35385 0.514368
0.498564 0.584022 0.33174
0.591492 0.355041 0.622101
0.455867 0.389242 0.668988
0.262632 0.391973 0.461514
0.653221 0.411747 0.433062
0.446559 0.391305 0.654288
0.419449 0.388077 0.315856
0.5056 0.446426 0.247589
0.520639 0.47674 0.729107
0.297896 0.369471 0.500373
0.414991 0.435567 0.718368
0.621252 0.407182 0.426029
0.440461 0.618568 0.462743
0.372953 0.39966 0.579778
0.3295 0.376194 0.539296
0.651767 0.483833 0.639714
0.702653 0.367405 0.479178
0.628687 0.387033 0.575706
0.453221 0.393875 0.73733
0.257999 0.458386 0.564507
0.695782 0.359075 0.420917
0.548451 0.572571 0.656207
0.438373 0.399317 0.267842
0.405102 0.408622 0.610109
0.320106 0.39032 0.43535
0.404702 0.506858 0.704176
0.65809 0.377532 0.554221
0.65087 0.378289 0.55837
0.49174 0.613613 0.449561
0.288186 0.467829 0.61413
0.620615 0.59491 0.441874
0.589 0.369553 0.320693
0.593879 0.397282 0.595453
0.505217 0.351001 0.693671
0.569794 0.3558 0.353746
0.646274 0.411423 0.431933
0.544434 0.341541 0.697732
0.313285 0.385447 0.605134
0.444473 0.375042 0.294982
0.581333 0.386107 0.387205
0.624378 0.405505 0.574013
0.30907 0.379535 0.520154
0.605206 0.392839 0.396369
0.413935 0.390686 0.62488
0.510278 0.356496 0.691595
0.427306 0.388581 0.295717
0.443489 0.378319 0.664941
0.647345 0.370693 0.565544
0.466595 0.357369 0.684432
0.680189 0.354386 0.441026
0.518517 0.364553 0.291216
0.467549 0.608984 0.517484
0.431091 0.475292 0.260215
0.531403 0.355416 0.293982
0.579758 0.37654 0.631007
0.375932 0.396331 0.586359
0.5468 0.36166 0.667919
0.386183 0.402094 0.587616
0.656493 0.362886 0.563795
0.285025 0.375803 0.527637
0.284551 0.374825 0.462331
0.56713 0.38257 0.370431
0.358312 0.398818 0.5711
0.532979 0.510488 0.714158
0.454005 0.615605 0.465712
0.597582 0.396664 0.299204
0.318299 0.389073 0.423182
0.663977 0.553762 0.395076
0.504203 0.339849 0.711572
0.432369 0.387011 0.305296
0.74843 0.420509 0.460213
0.595554 0.382301 0.610802
0.723896 0.403252 0.421964
0.553038 0.590432 0.611787
0.432158 0.400039 0.272924
0.532499 0.495454 0.719424
0.688835 0.358785 0.456601
0.575331 0.357514 0.335623
0.433403 0.423245 0.262009
0.7085 0.349928 0.516961
0.521456 0.370196 0.286405
0.595047 0.374608 0.67455
0.434715 0.396397 0.307976
0.688212 0.350457 0.429395
0.430921 0.543717 0.2912
0.600524 0.366812 0.661141
0.269372 0.380087 0.484167
0.283016 0.426738 0.413332
0.580448 0.398276 0.383415
0.37245 0.581103 0.37065
0.320997 0.439558 0.340822
0.624495 0.380271 0.410099
0.577497 0.570842 0.636555
0.589964 0.378565 0.306566
0.402174 0.558085 0.318857
0.385801 0.388136 0.604199
0.293893 0.445482 0.363073
0.29185 0.374004 0.513411
0.466402 0.613619 0.451504
0.506944 0.364343 0.70072
0.439726 0.617244 0.468232
0.407469 0.516338 0.28736
0.718392 0.36791 0.433169
0.70484 0.364971 0.527637
0.677018 0.423535 0.617479
0.565939 0.358487 0.657977
0.599276 0.540252 0.321094
0.640383 0.521534 0.338475
0.446439 0.616121 0.432217
0.56694 0.363722 0.350917
0.665635 0.410175 0.625143
0.39204 0.379612 0.628533
0.324926 0.390669 0.408532
0.636486 0.39841 0.577103
0.658417 0.388834 0.431874
0.701813 0.364324 0.562398
0.709876 0.355767 0.518415
0.630959 0.411267 0.580436
0.581698 0.371707 0.319641
0.436586 0.387215 0.288691
0.527583 0.375678 0.295438
0.364995 0.384528 0.332959
0.612348 0.567194 0.619335
0.701779 0.405455 0.588319
0.647542 0.380412 0.570691
0.394447 0.402276 0.614517
0.634274 0.54821 0.357328
0.411264 0.377123 0.663902
0.639847 0.505804 0.330671
0.438767 0.390084 0.666348
0.711674 0.368457 0.518884
0.359662 0.380643 0.618124
0.579679 0.37337 0.355522
0.593926 0.373687 0.631731
0.556541 0.578115 0.349305
0.572051 0.494183 0.696086
0.384478 0.613367 0.462109
0.512635 0.586052 0.343448
0.67059 0.368714 0.564859
0.717165 0.38573 0.421993
0.464736 0.602092 0.367696
0.717798 0.34292 0.52753
0.367369 0.385641 0.610854
0.270393 0.392344 0.470436
0.272184 0.427316 0.436625
0.433788 0.606772 0.560916
0.736529 0.359415 0.469439
0.364928 0.523933 0.318966
0.564725 0.447135 0.713566
0.590715 0.368319 0.668068
0.648093 0.551932 0.598268
0.504349 0.347435 0.715505
0.338122 0.384334 0.379671
0.591802 0.396557 0.366993
0.726933 0.455637 0.547293
0.683683 0.368638 0.441387
0.272748 0.41544 0.441358
0.587902 0.382709 0.304304
0.616552 0.416478 0.377165
0.477704 0.590241 0.642968
0.399745 0.403827 0.633102
0.510915 0.356531 0.709006
0.716882 0.345939 0.5223
0.468487 0.374275 0.731401
0.268616 0.393859 0.465559
0.413379 0.430218 0.276004
0.722611 0.342656 0.469656
0.260968 0.430648 0.458022
0.616213 0.375916 0.346792
0.357453 0.528743 0.329172
0.586193 0.570958 0.355266
0.286814 0.388924 0.546291
0.319206 0.576171 0.455283
0.638505 0.38695 0.603936
0.415679 0.605214 0.567958
0.746437 0.42138 0.504583
0.324469 0.406465 0.411703
0.605406 0.37994 0.657469
0.302417 0.407577 0.380865
0.609749 0.41116 0.380797
0.431456 0.390634 0.667975
0.717377 0.471915 0.415989
0.739831 0.370206 0.505931
0.645721 0.405346 0.600482
0.537927 0.564968 0.319087
0.459139 0.612975 0.461603
0.266422 0.422364 0.540831
0.27478 0.534183 0.493997
0.294011 0.412131 0.42384
0.270921 0.444049 0.582786
0.643537 0.418211 0.643538
0.609776 0.378395 0.618276
0.350404 0.3838 0.636672
0.524944 0.555918 0.682569
0.544408 0.609533 0.459812
0.274649 0.524756 0.450386
0.566987 0.385455 0.708041
0.355286 0.435913 0.317956
0.425615 0.376502 0.674527
0.419837 0.406392 0.301009
0.611493 0.408211 0.369089
0.718499 0.350836 0.474896
0.455764 0.397318 0.278467
0.280052 0.435208 0.428223
0.422782 0.399401 0.66148
0.305545 0.396626 0.572624
0.662818 0.484276 0.345053
0.281098 0.440611 0.423945
0.265642 0.498735 0.453073
0.338966 0.401148 0.622686
0.498122 0.356723 0.718458
0.600301 0.534413 0.317938
0.588961 0.381082 0.675991
0.723894 0.351765 0.485041
0.576449 0.386928 0.69628
0.395148 0.416291 0.294197
0.383729 0.398697 0.631567
0.451592 0.363621 0.712717
0.675203 0.379825 0.42719
0.296621 0.415043 0.425796
0.319599 0.406821 0.591006
0.26778 0.446201 0.441686
0.606253 0.382879 0.633019
0.662346 0.380649 0.573002
0.403609 0.389581 0.659552
0.334451 0.387867 0.627228
0.652847 0.384165 0.362644
0.478748 0.477239 0.244208
0.607974 0.384051 0.320304
0.680556 0.377702 0.559735
0.642271 0.394739 0.60804
0.718131 0.349195 0.460919
0.597658 0.390913 0.35467
0.569167 0.380672 0.311326
0.546094 0.390209 0.284548
0.491367 0.413498 0.274228
0.429689 0.408026 0.277959
0.69941 0.361931 0.549304
0.40154 0.388985 0.659157
0.381672 0.400282 0.638402
0.431591 0.413291 0.283148
0.513727 0.414556 0.280971
0.704883 0.462136 0.385192
0.654292 0.528898 0.359649
0.250418 0.466425 0.475006
0.485802 0.606567 0.504119
0.677895 0.379841 0.565752
0.603076 0.601461 0.497439
0.371593 0.515009 0.68132
0.69287 0.442408 0.589229
0.589031 0.390651 0.304764
0.352029 0.395369 0.652065
0.340514 0.590857 0.512306
0.698867 0.435322 0.584653
0.715131 0.360663 0.4568
0.583055 0.379942 0.654925
0.699839 0.370314 0.442953
0.5946 0.393237 0.341533
0.44982 0.376759 0.69659
0.630487 0.587142 0.436697
0.42543 0.412326 0.283812
0.469953 0.605792 0.513846
0.70966 0.431536 0.402315
0.427732 0.440447 0.722807
0.722071 0.486357 0.526402
0.657271 0.387879 0.360205
0.514183 0.576357 0.330399
0.64963 0.503378 0.341685
0.401171 0.401382 0.695475
0.43689 0.61503 0.45568
0.716256 0.371693 0.457293
0.357719 0.559431 0.358666
0.30757 0.442763 0.633616
0.507289 0.372522 0.713749
0.702329 0.533804 0.451263
0.271042 0.432959 0.561191
0.424956 0.606819 0.542042
0.294439 0.440678 0.378452
0.647454 0.392572 0.381264
0.572181 0.375085 0.676526
0.251805 0.471027 0.485829
0.742646 0.430102 0.463541
0.392379 0.453405 0.705236
0.283168 0.526257 0.561222
0.471033 0.470196 0.244451
0.464744 0.589403 0.639791
0.611426 0.570375 0.612575
0.268693 0.434795 0.519829
0.586103 0.600739 0.539487
0.44532 0.376915 0.697542
0.282502 0.426235 0.578546
0.606185 0.598915 0.531919
0.305755 0.424873 0.419897
0.665976 0.411549 0.593083
0.637966 0.58943 0.497953
0.590436 0.603884 0.471285
0.482842 0.404418 0.738379
0.581195 0.602257 0.532383
0.659411 0.412228 0.606932
0.570785 0.394171 0.295697
0.741961 0.400764 0.464148
0.280521 0.429829 0.440299
0.289874 0.502855 0.40917
0.519308 0.609749 0.463278
0.714866 0.39288 0.561611
0.685168 0.435153 0.598816
0.677274 0.554529 0.436057
0.709746 0.372564 0.540417
0.300391 0.549573 0.551975
0.422486 0.397406 0.701755
0.524166 0.412751 0.272669
0.296438 0.440227 0.381402
0.409393 0.592386 0.605296
0.624665 0.572084 0.595469
0.666925 0.403976 0.385998
0.385845 0.399179 0.678789
0.259188 0.456322 0.515307
0.407221 0.43346 0.293853
0.721494 0.479308 0.53183
0.371497 0.443086 0.68911
0.340868 0.439062 0.361329
0.390064 0.418193 0.694682
0.550964 0.379018 0.703151
0.673574 0.399632 0.404267
0.582703 0.399124 0.318402
0.631746 0.438825 0.659895
0.313618 0.434121 0.631327
0.397634 0.458515 0.289129
0.667476 0.419891 0.58381
0.61658 0.592084 0.440442
0.264252 0.505553 0.506601
0.41937 0.459374 0.2731
0.510461 0.440488 0.270143
0.668321 0.387373 0.37942
0.650566 0.409701 0.36059
0.567225 0.504631 0.692671
0.634482 0.405347 0.635087
0.680524 0.41001 0.592086
0.64717 0.440313 0.643488
0.355748 0.562771 0.366366
0.361788 0.599284 0.514682
0.493265 0.393816 0.718576
0.280347 0.433154 0.57717
0.60744 0.402348 0.655684
0.298908 0.434954 0.382066
0.656931 0.390659 0.377782
0.284696 0.424983 0.559484
0.259686 0.474675 0.544872
0.697012 0.386162 0.429545
0.696371 0.390698 0.562021
0.359494 0.441991 0.341304
0.684234 0.467025 0.589194
0.259421 0.461663 0.520874
0.733649 0.382872 0.507965
0.481622 0.472332 0.247757
0.270954 0.444465 0.450927
0.310296 0.430186 0.612185
0.606269 0.528023 0.320896
0.320627 0.430327 0.366001
0.430746 0.60137 0.578943
0.41806 0.600855 0.57607
0.265454 0.449524 0.48236
0.30561 0.563652 0.470309
0.57734 0.389008 0.671601
0.521918 0.449409 0.727792
0.592251 0.405711 0.677891
0.410152 0.435354 0.708191
0.355432 0.551993 0.630251
0.599873 0.57793 0.382511
0.492832 0.557948 0.679344
0.280627 0.442501 0.44201
0.289463 0.5418 0.4561
0.438885 0.405843 0.72461
0.543314 0.600824 0.407682
0.564502 0.430149 0.710326
0.272759 0.487196 0.438584
0.350877 0.415636 0.637237
0.27754 0.469922 0.585549
0.688 0.397553 0.562348
0.260425 0.482972 0.539169
0.635782 0.511191 0.637868
0.450363 0.448491 0.263353
0.475558 0.390887 0.721477
0.263134 0.487018 0.53703
0.322005 0.484468 0.637757
0.730224 0.428386 0.443202
0.623898 0.594162 0.487994
0.719832 0.49029 0.509114
0.263975 0.460121 0.529069
0.722646 0.383724 0.531663
0.520021 0.580454 0.345694
0.683275 0.412578 0.568946
0.468724 0.469224 0.252457
0.608026 0.426887 0.309812
0.737698 0.416319 0.455369
0.268117 0.454537 0.553714
0.340783 0.569729 0.572125
0.665446 0.417183 0.355308
0.701031 0.481212 0.397017
0.321847 0.538036 0.605447
0.725015 0.478516 0.499979
0.26747 0.456571 0.453076
0.267817 0.508646 0.496329
0.316712 0.451144 0.638672
0.289132 0.483107 0.596727
0.689927 0.414511 0.575354
0.525348 0.449203 0.264944
0.722768 0.402506 0.525134
0.633431 0.590729 0.486259
0.392496 0.412014 0.677069
0.611204 0.421977 0.323878
0.501223 0.415884 0.733423
0.646904 0.581547 0.511421
0.414535 0.577312 0.637183
0.334536 0.429092 0.642327
0.301437 0.549752 0.541726
0.688964 0.422365 0.376023
0.727805 0.408215 0.545124
0.634038 0.424441 0.63838
0.327074 0.455746 0.355243
0.356106 0.444094 0.670344
0.381876 0.505506 0.684934
0.652814 0.579101 0.493926
0.3744 0.596129 0.541665
0.27076 0.462742 0.535448
0.440993 0.490624 0.26819
0.675329 0.420719 0.374057
0.651896 0.4465 0.605396
0.361089 0.450898 0.637865
0.55131 0.576588 0.357067
0.686764 0.435208 0.584336
0.693723 0.414707 0.423667
0.468703 0.486848 0.255329
0.391307 0.426021 0.674402
0.719004 0.470841 0.434743
0.688736 0.413631 0.412978
0.607931 0.435022 0.309411
0.591677 0.419859 0.657597
0.648049 0.584302 0.473414
0.738108 0.415541 0.47063
0.373018 0.427351 0.679123
0.332679 0.582817 0.500993
0.542898 0.510618 0.271077
0.67432 0.421075 0.371349
0.578067 0.404969 0.677618
0.259224 0.473397 0.471752
0.411822 0.609155 0.509596
0.372707 0.525719 0.673403
0.279205 0.488953 0.431882
0.35076 0.425905 0.642611
0.506939 0.474137 0.255228
0.329936 0.430433 0.625113
0.597541 0.430797 0.674212
0.482174 0.405937 0.724139
0.408667 0.606495 0.52513
0.338325 0.445707 0.649168
0.374592 0.5868 0.389319
0.62436 0.445734 0.637379
0.710112 0.40417 0.431838
0.409787 0.489456 0.29229
0.273913 0.469035 0.539218
0.625887 0.446084 0.314221
0.391585 0.51931 0.304534
0.538375 0.472349 0.264251
0.270303 0.507123 0.494929
0.338045 0.560798 0.391009
0.68855 0.469313 0.377292
0.613917 0.441289 0.644764
0.615522 0.446338 0.309985
0.692655 0.460277 0.381478
0.7026 0.417231 0.554544
0.62431 0.451695 0.659066
0.615366 0.444059 0.318926
0.686304 0.438267 0.580823
0.659986 0.460484 0.368252
0.730765 0.456549 0.479186
0.432333 0.584612 0.628422
0.451552 0.60345 0.514134
0.630231 0.491495 0.645801
0.288861 0.536909 0.529589
0.643316 0.467936 0.642824
0.38357 0.583371 0.59303
0.26469 0.477452 0.533885
0.340712 0.437985 0.632129
0.61795 0.481312 0.309694
0.49361 0.554207 0.302235
0.372688 0.476136 0.31425
0.642503 0.447637 0.326963
0.684927 0.488462 0.575695
0.392463 0.443136 0.693529
0.354167 0.464119 0.332246
0.274189 0.510587 0.506403
0.360634 0.600627 0.467785
0.443237 0.609561 0.415568
0.721786 0.406641 0.4512
0.644147 0.450405 0.341312
0.722198 0.425359 0.526072
0.313134 0.481778 0.621964
0.575649 0.43144 0.668711
0.57304 0.523674 0.297895
0.687038 0.518218 0.405553
0.268091 0.483311 0.526332
0.725991 0.453829 0.518304
0.669579 0.523059 0.582795
0.721876 0.420278 0.542501
0.376855 0.464102 0.322214
0.681119 0.440902 0.5707
0.494648 0.601564 0.511413
0.688423 0.538946 0.525037
0.585219 0.580001 0.385512
0.490411 0.500022 0.266107
0.5036 0.532365 0.280103
0.482762 0.470177 0.728318
0.61206 0.459595 0.304698
0.588427 0.43016 0.670025
0.36673 0.46536 0.3319
0.68034 0.477523 0.374262
0.392567 0.471503 0.317703
0.559315 0.422838 0.702224
0.702943 0.454187 0.563465
0.389808 0.458181 0.664287
0.297046 0.541309 0.538487
0.61347 0.57103 0.387721
0.58181 0.594424 0.425791
0.619293 0.563233 0.378898
0.668538 0.449731 0.359099
0.595797 0.556615 0.634549
0.278385 0.516855 0.504482
0.723956 0.430581 0.526139
0.385879 0.546847 0.657356
0.381218 0.479786 0.315758
0.422761 0.59975 0.552359
0.720267 0.437055 0.52466
0.327235 0.517867 0.363057
0.695514 0.527575 0.529862
0.358322 0.455428 0.643029
0.726405 0.425212 0.501684
0.361345 0.446234 0.652162
0.332868 0.53356 0.366379
0.306733 0.465769 0.610855
0.670729 0.463741 0.36279
0.365009 0.453046 0.647868
0.361344 0.512382 0.663497
0.608223 0.466677 0.667187
0.442823 0.601901 0.523305
0.682852 0.529712 0.553004
0.650818 0.462222 0.609757
0.48292 0.536507 0.693742
0.589261 0.438853 0.665704
0.468005 0.578583 0.651713
0.683817 0.450907 0.564773
0.316221 0.500994 0.384958
0.457926 0.509502 0.275923
0.323757 0.462474 0.611065
0.403597 0.482866 0.310727
0.509299 0.437741 0.717139
0.484501 0.605111 0.408899
0.377643 0.593231 0.545079
0.302653 0.54927 0.519892
0.613131 0.584591 0.427161
0.334999 0.538151 0.614513
0.367961 0.44785 0.653652
0.719735 0.443378 0.5395
0.391657 0.503847 0.324541
0.712307 0.445031 0.542206
0.585537 0.450646 0.65866
0.39221 0.504484 0.311616
0.725184 0.436644 0.484632
0.720739 0.448836 0.525765
0.571453 0.510434 0.678682
0.322774 0.568193 0.511506
0.341212 0.503126 0.356795
0.545232 0.591627 0.394739
0.662668 0.484345 0.37909
0.336112 0.548311 0.594127
0.285273 0.503347 0.511201
0.69296 0.471319 0.542237
0.47876 0.50262 0.713297
0.38624 0.474351 0.686569
0.462984 0.599546 0.519084
0.441784 0.502719 0.287533
0.474794 0.581839 0.340305
0.492236 0.443456 0.721074
0.297008 0.54329 0.507513
0.624889 0.465835 0.319115
0.694046 0.504377 0.41584
0.643156 0.476765 0.60641
0.694252 0.455048 0.553814
0.495674 0.600091 0.503791
0.692367 0.464349 0.407141
0.706808 0.519365 0.467994
0.414161 0.469437 0.703441
0.661751 0.472492 0.366395
0.31987 0.474903 0.591662
0.56791 0.560771 0.643159
0.479718 0.55096 0.679753
0.294661 0.522187 0.431657
0.616991 0.506152 0.326082
0.416442 0.561221 0.328747
0.303837 0.490489 0.591181
0.688633 0.461689 0.5642
0.34801 0.581684 0.431669
0.405775 0.532088 0.310731
0.498275 0.601994 0.453783
0.711333 0.479557 0.527647
0.284434 0.519818 0.468987
0.60077 0.522172 0.323539
0.290164 0.522301 0.452062
0.309608 0.54108 0.424142
0.686581 0.511382 0.410337
0.424062 0.456107 0.698177
0.666086 0.487967 0.380249
0.320252 0.536172 0.392131
0.695655 0.511543 0.541325
0.408906 0.463636 0.690321
0.343756 0.51692 0.355013
0.365466 0.567122 0.594477
0.357588 0.469848 0.654545
0.37397 0.514101 0.633319
0.654409 0.485624 0.366942
0.693875 0.491725 0.412052
0.385208 0.485256 0.655709
0.648074 0.496361 0.371029
0.702993 0.463978 0.429259
0.489399 0.465713 0.720643
0.629653 0.549381 0.611282
0.412346 0.474489 0.699351
0.31188 0.479671 0.602813
0.444716 0.452942 0.716713
0.574077 0.478912 0.295535
0.363651 0.503767 0.632614
0.433708 0.460767 0.69618
0.6317 0.491823 0.606808
0.372338 0.586724 0.552687
0.670176 0.489546 0.586205
0.320195 0.545732 0.413439
0.659009 0.480844 0.591912
0.623548 0.580593 0.555612
0.428842 0.553804 0.321018
0.298333 0.52389 0.459515
0.687797 0.524083 0.542063
0.494891 0.476203 0.715897
0.379953 0.522496 0.333585
0.292613 0.513679 0.531755
0.625941 0.496243 0.335594
0.578944 0.596915 0.479654
0.41948 0.608666 0.430756
0.634951 0.48391 0.632465
0.397835 0.528007 0.675396
0.296968 0.531674 0.533152
0.434647 0.470151 0.692124
0.640339 0.529342 0.615348
0.392806 0.537277 0.323821
0.718187 0.477095 0.469977
0.499793 0.47179 0.70223
0.568627 0.520392 0.674305
0.715283 0.478761 0.486292
0.470599 0.594531 0.605278
0.68095 0.49972 0.414392
0.635785 0.475789 0.63067
0.494029 0.597602 0.39455
0.518777 0.539203 0.298415
0.685152 0.500432 0.408186
0.708018 0.478892 0.515463
0.679075 0.501511 0.569715
0.476963 0.603559 0.427696
0.459615 0.572623 0.332697
0.301636 0.538074 0.446157
0.707367 0.488958 0.523376
0.663272 0.482269 0.590274
0.401005 0.606979 0.440309
0.332217 0.552955 0.406727
0.494613 0.484116 0.692654
0.528305 0.47435 0.694142
0.553552 0.472713 0.691806
0.510652 0.55175 0.671935
0.669544 0.541634 0.549837
0.506308 0.598951 0.464403
0.317393 0.508325 0.593934
0.495121 0.546446 0.306733
0.702376 0.490459 0.450445
0.555861 0.467162 0.689219
0.566639 0.462206 0.677778
0.36863 0.488311 0.654507
0.376246 0.590439 0.410858
0.298808 0.534087 0.464008
0.506402 0.473511 0.705753
0.343158 0.526674 0.372007
0.574579 0.497356 0.644504
0.314515 0.494589 0.566682
0.648196 0.499911 0.584753
0.523277 0.595634 0.403405
0.309398 0.507722 0.577766
0.355466 0.553006 0.371356
0.401993 0.525399 0.323023
0.575115 0.465287 0.667392
0.356104 0.54032 0.358643
0.47329 0.47068 0.713566
0.470114 0.598912 0.465164
0.529833 0.524222 0.691205
0.41712 0.50814 0.657738
0.514207 0.588906 0.380646
0.691211 0.499117 0.450906
0.323134 0.556871 0.434894
0.473343 0.494415 0.712064
0.307252 0.508559 0.572556
0.510061 0.587146 0.374885
0.310448 0.529767 0.555431
0.330232 0.502731 0.595804
0.647237 0.524806 0.399535
0.608258 0.512078 0.643603
0.315172 0.520223 0.534327
0.657272 0.550455 0.555323
0.395909 0.498223 0.667244
0.650491 0.524332 0.378484
0.429136 0.551611 0.662362
0.628978 0.534823 0.4026
0.302582 0.524293 0.483441
0.37318 0.555928 0.361317
0.525516 0.545562 0.314791
0.658663 0.499916 0.581736
0.456946 0.474678 0.705286
0.596284 0.583528 0.563475
0.480078 0.488828 0.708643
0.468054 0.479284 0.703071
0.363843 0.534354 0.354679
0.363747 0.536371 0.354651
0.50243 0.499197 0.702762
0.431201 0.48863 0.679652
0.625529 0.55375 0.602296
0.386032 0.604164 0.466015
0.444657 0.587431 0.609608
0.553007 0.504983 0.298742
0.30747 0.520397 0.536821
0.396818 0.602684 0.492288
0.475574 0.494121 0.708345
0.699367 0.508212 0.484414
0.422161 0.489052 0.679499
0.683273 0.522291 0.431298
0.49138 0.481103 0.703908
0.689666 0.503046 0.45264
0.541434 0.594339 0.532805
0.685773 0.50935 0.526588
0.317188 0.546627 0.525385
0.585142 0.587104 0.549026
0.632145 0.577453 0.516769
0.660773 0.511771 0.576281
0.315454 0.536974 0.443898
0.622177 0.565897 0.58143
0.443089 0.484202 0.691347
0.682804 0.507776 0.511108
0.325115 0.556354 0.523939
0.602089 0.561327 0.608525
0.415005 0.531333 0.330587
0.590694 0.538636 0.640594
0.677576 0.517761 0.440673
0.59023 0.510881 0.654202
0.308922 0.52764 0.496006
0.621068 0.573845 0.423651
0.512375 0.595947 0.41269
0.688489 0.520367 0.498026
0.624755 0.519206 0.358192
0.659946 0.562376 0.467711
0.42609 0.527492 0.322188
0.437929 0.592837 0.556072
0.543692 0.493921 0.689443
0.438273 0.531798 0.679429
0.620334 0.520171 0.598612
0.35069 0.581301 0.50791
0.541657 0.587983 0.575551
0.582293 0.491184 0.663035
0.355863 0.515405 0.632247
0.323796 0.513986 0.583835
0.545875 0.486472 0.687493
0.3148 0.532288 0.547651
0.559367 0.482052 0.679781
0.430198 0.603193 0.463652
0.52574 0.545334 0.672277
0.680778 0.538254 0.495526
0.387019 0.544161 0.354672
0.589212 0.563007 0.609946
0.399704 0.519903 0.661919
0.655974 0.521423 0.567807
0.524841 0.573772 0.361626
0.603911 0.558905 0.606228
0.616188 0.582719 0.504824
0.439534 0.597234 0.460447
0.338261 0.534866 0.591932
0.387901 0.583617 0.55737
0.332003 0.532363 0.430694
0.561947 0.512252 0.317458
0.573406 0.513261 0.64017
0.674168 0.538166 0.450262
0.444562 0.599681 0.424372
0.613325 0.584034 0.467383
0.432793 0.501606 0.674947
0.59664 0.522023 0.353033
0.533735 0.563601 0.644273
0.40741 0.598489 0.496575
0.659948 0.521127 0.557811
0.467349 0.571349 0.646192
0.679324 0.508452 0.508999
0.452351 0.493709 0.692557
0.681104 0.530924 0.493399
0.410314 0.52168 0.667728
0.482327 0.521122 0.308547
0.396114 0.594385 0.412017
0.669476 0.523823 0.543956
0.528627 0.594001 0.486922
0.439828 0.557954 0.333201
0.503257 0.526229 0.684393
0.484087 0.557889 0.327682
0.44913 0.50158 0.672142
0.413821 0.538999 0.346846
0.467082 0.526474 0.31005
0.422999 0.541974 0.352324
0.332535 0.561462 0.503444
0.67942 0.505923 0.473415
0.338214 0.532567 0.561756
0.515135 0.519371 0.659551
0.575081 0.555811 0.625091
0.660703 0.549335 0.520439
0.533302 0.565275 0.637885
0.667054 0.496132 0.495022
0.651928 0.531285 0.432354
0.424661 0.519195 0.660706
0.356009 0.550608 0.587994
0.452499 0.521921 0.650672
0.55247 0.589978 0.425597
0.34532 0.53119 0.568994
0.633554 0.541149 0.388524
0.412136 0.600253 0.46413
0.430086 0.590289 0.553203
0.41649 0.567689 0.624353
0.650364 0.519059 0.537324
0.522336 0.51169 0.674336
0.494415 0.593311 0.410031
0.655944 0.536225 0.560721
0.44065 0.593544 0.458767
0.489745 0.565149 0.648908
0.625906 0.549438 0.387974
0.608062 0.527983 0.35784
0.588914 0.545206 0.628117
0.580576 0.573638 0.588523
0.64276 0.538122 0.582616
0.586683 0.523795 0.339706
0.586581 0.522388 0.343185
0.560125 0.525659 0.322753
0.539873 0.523697 0.322944
0.346334 0.55604 0.412303
0.424328 0.519385 0.660488
0.442238 0.536767 0.636469
0.576019 0.571402 0.386669
0.611855 0.541581 0.608609
0.359695 0.560789 0.565202
0.586797 0.537863 0.631234
0.545999 0.566953 0.622134
0.660588 0.522641 0.526767
0.541817 0.525389 0.335818
0.618278 0.544022 0.380263
0.543041 0.535238 0.664193
0.458901 0.589639 0.556674
0.573795 0.55347 0.359488
0.509766 0.533716 0.333076
0.461902 0.58579 0.459169
0.572949 0.547777 0.351596
0.60346 0.537697 0.571457
0.484847 0.555673 0.655853
0.599426 0.532514 0.365757
0.35331 0.540037 0.560855
0.545344 0.524476 0.334955
0.446709 0.548824 0.330455
0.553562 0.517822 0.665497
0.576728 0.518548 0.644279
0.497679 0.548953 0.66114
0.446226 0.523798 0.574192
0.44519 0.590246 0.536194
0.432139 0.554828 0.342637
0.368608 0.54949 0.396505
0.398762 0.5864 0.542135
0.418498 0.552101 0.581579
0.436731 0.543128 0.351723
0.323081 0.54032 0.463859
0.605073 0.536457 0.376288
0.368698 0.547958 0.410916
0.334777 0.555719 0.516675
0.368295 0.536295 0.604354
0.349693 0.555099 0.547265
0.573156 0.582361 0.423973
0.443582 0.545992 0.35219
0.391594 0.575159 0.5724
0.398283 0.568718 0.598544
0.521672 0.577701 0.606028
0.453227 0.568051 0.352744
0.408019 0.548134 0.616644
0.644893 0.557149 0.454902
0.391719 0.566283 0.596096
0.405908 0.551056 0.629774
0.609549 0.577603 0.510418
0.488325 0.568507 0.633981
0.516348 0.534653 0.654245
0.412361 0.55095 0.388996
0.550322 0.510351 0.565555
0.331558 0.550851 0.487245
0.63093 0.563443 0.540419
0.589891 0.578372 0.421763
0.430746 0.550421 0.355349
0.384719 0.548398 0.583631
0.548766 0.525474 0.352527
0.340694 0.547211 0.51252
0.488867 0.530027 0.656774
0.649988 0.513499 0.512429
0.478503 0.519214 0.654809
0.352738 0.552544 0.55785
0.551012 0.58799 0.495725
0.327394 0.539285 0.482322
0.512164 0.575008 0.615209
0.670174 0.528952 0.463635
0.502303 0.588711 0.541886
0.567147 0.583409 0.427388
0.630727 0.536183 0.570747
0.589543 0.54153 0.619988
0.513318 0.587489 0.431125
0.382228 0.566509 0.401153
0.569484 0.580734 0.450183
0.564318 0.580774 0.433316
0.423894 0.583008 0.569326
0.624074 0.566182 0.528988
0.49775 0.581973 0.589288
0.616955 0.550218 0.577234
0.544646 0.579148 0.580421
0.641209 0.55661 0.503058
0.646852 0.549673 0.516975
0.446904 0.518074 0.570928
0.553428 0.542702 0.625425
0.422102 0.589044 0.489198
0.610834 0.574109 0.475138
0.481824 0.542192 0.651914
0.612878 0.527777 0.440543
0.576788 0.534436 0.37664
0.587346 0.554583 0.378993
0.483434 0.538144 0.651203
0.579885 0.539855 0.364405
0.618849 0.570611 0.489858
0.596242 0.558642 0.389666
0.47228 0.563619 0.34968
0.491724 0.541843 0.345958
0.633455 0.539716 0.438767
0.438331 0.584622 0.452872
0.602304 0.515293 0.44508
0.450181 0.544248 0.618499
0.651359 0.542703 0.451598
0.648802 0.510896 0.503986
0.552597 0.58568 0.505691
0.604316 0.543672 0.577062
0.528031 0.585666 0.553781
0.60711 0.575217 0.471537
0.469049 0.544137 0.346765
0.421995 0.547688 0.567106
0.407396 0.559054 0.597361
0.573591 0.578799 0.475004
0.383554 0.560859 0.572304
0.450355 0.583752 0.555756
0.428203 0.586068 0.508302
0.480172 0.581856 0.576288
0.383783 0.581465 0.439293
0.357944 0.528979 0.477862
0.623284 0.551551 0.556851
0.476782 0.576 0.467252
0.629649 0.543529 0.439968
0.636817 0.551679 0.450333
0.420424 0.577204 0.394301
0.544225 0.499114 0.565401
0.603762 0.559794 0.568793
0.630401 0.520472 0.463066
0.501365 0.583716 0.556111
0.577152 0.565218 0.582976
0.356388 0.555458 0.505749
0.443779 0.563201 0.367373
0.495786 0.566763 0.366819
0.635931 0.55953 0.468419
0.570103 0.555053 0.604304
0.477178 0.576743 0.38131
0.625412 0.547005 0.557833
0.482476 0.575204 0.602228
0.638978 0.553279 0.505765
0.56778 0.576742 0.435355
0.552144 0.543407 0.3561
0.459599 0.582685 0.429791
0.464247 0.551387 0.643493
0.455956 0.55222 0.359095
0.474351 0.532629 0.645525
0.538318 0.539236 0.353809
0.657713 0.521505 0.481432
0.508429 0.57812 0.463723
0.357352 0.560636 0.482302
0.578185 0.575381 0.500268
0.506006 0.501954 0.61964
0.465285 0.582111 0.538374
0.644915 0.535616 0.499541
0.466716 0.578609 0.577248
0.535263 0.561537 0.60811
0.484695 0.57735 0.429029
0.561082 0.548616 0.586121
0.353909 0.54614 0.468921
0.578169 0.572227 0.450236
0.636516 0.541673 0.524509
0.448721 0.548993 0.594973
0.364213 0.547425 0.492698
0.371939 0.560154 0.521559
0.636228 0.507377 0.479636
0.363236 0.565841 0.457812
0.553894 0.573479 0.415261
0.583364 0.542785 0.3966
0.609494 0.552257 0.426952
0.451072 0.553436 0.620203
0.638203 0.546034 0.510033
0.358831 0.541002 0.480958
0.466377 0.575264 0.441615
0.621108 0.559081 0.455618
0.479187 0.568951 0.374537
0.512313 0.510569 0.6206
0.43103 0.569017 0.59334
0.490913 0.493223 0.628553
0.598324 0.541029 0.423169
0.405419 0.54641 0.430087
0.572304 0.572293 0.437947
0.394523 0.574231 0.420155
0.498862 0.578323 0.5702
0.500545 0.582029 0.519123
0.440813 0.497771 0.433875
0.368568 0.565331 0.466174
0.384487 0.576354 0.47334
0.455421 0.569205 0.463188
0.505542 0.576125 0.500761
0.625937 0.526927 0.465802
0.455571 0.572772 0.579936
0.541603 0.547482 0.603055
0.534134 0.57939 0.534881
0.562122 0.576516 0.526389
0.522192 0.512965 0.612425
0.570925 0.513378 0.427991
0.465313 0.568847 0.386642
0.494721 0.511973 0.624183
0.631695 0.532824 0.506238
0.552368 0.522452 0.394014
0.443866 0.51803 0.414778
0.438241 0.572489 0.57186
0.420936 0.559024 0.569748
0.515904 0.540644 0.368218
0.501395 0.569116 0.467354
0.584459 0.514208 0.439882
0.597817 0.496107 0.461647
0.619946 0.495629 0.512272
0.494329 0.57118 0.583452
0.450776 0.575159 0.493597
0.617935 0.484764 0.499587
0.44407 0.53314 0.394141
0.550048 0.558243 0.384185
0.455162 0.528443 0.580434
0.368494 0.553974 0.464512
0.492879 0.523499 0.366411
0.621733 0.498731 0.509713
0.468025 0.561589 0.37479
0.595385 0.533305 0.548387
0.495961 0.557389 0.611068
0.564394 0.521502 0.555583
0.46521 0.5183 0.588921
0.404308 0.571931 0.488158
0.600612 0.541561 0.544939
0.521456 0.574448 0.509975
0.494559 0.556993 0.382414
0.447491 0.566099 0.576218
0.396933 0.569628 0.491364
0.378122 0.518038 0.48041
0.525178 0.562165 0.58996
0.47806 0.542212 0.621014
0.579358 0.560032 0.425977
0.469959 0.565879 0.48571
0.468408 0.573321 0.524433
0.433272 0.508206 0.437775
0.444144 0.539951 0.569547
0.42007 0.547716 0.422509
0.624844 0.510444 0.486907
0.373268 0.543421 0.468054
0.432247 0.572417 0.548351
0.379073 0.515059 0.48158
0.535116 0.571129 0.560316
0.392464 0.513689 0.466118
0.432258 0.5723 0.441301
0.494085 0.510859 0.61974
0.460289 0.557343 0.384107
0.437245 0.446251 0.545584
0.614316 0.487182 0.497579
0.400503 0.567086 0.524222
0.599637 0.522566 0.537314
0.519328 0.544751 0.375615
0.378561 0.562972 0.465159
0.478153 0.549889 0.616195
0.386029 0.564686 0.488279
0.598574 0.559254 0.485176
0.414787 0.553667 0.422983
0.459239 0.563482 0.467758
0.39552 0.556549 0.50548
0.417675 0.567032 0.501876
0.476027 0.524266 0.375457
0.536442 0.571151 0.518054
0.421782 0.468391 0.461365
0.441513 0.556521 0.564538
0.513776 0.493907 0.393599
0.502993 0.561469 0.433505
0.514469 0.492138 0.39404
0.592877 0.474423 0.518113
0.515939 0.557335 0.463005
0.49102 0.5168 0.615113
0.434338 0.563744 0.462966
0.40926 0.56408 0.519792
0.490791 0.568631 0.546672
0.402797 0.546214 0.445143
0.504981 0.469448 0.601898
0.436454 0.475858 0.545208
0.619704 0.505915 0.478825
0.524044 0.564192 0.485687
0.454558 0.558054 0.470945
0.38358 0.51728 0.480173
0.508439 0.498961 0.606743
0.49736 0.522291 0.380361
0.43867 0.563854 0.552934
0.386782 0.4948 0.476194
0.526654 0.482405 0.585425
0.522898 0.495709 0.394092
0.568225 0.565306 0.527046
0.432087 0.459113 0.541203
0.612959 0.532371 0.514707
0.56723 0.532558 0.409836
0.388955 0.483724 0.508473
0.535304 0.538316 0.382103
0.558753 0.557624 0.464382
0.529573 0.419683 0.574857
0.396856 0.549331 0.491761
0.586775 0.546368 0.465904
0.391698 0.525279 0.488519
0.578673 0.55242 0.502448
0.422082 0.488265 0.536362
0.433233 0.539098 0.550557
0.547644 0.519708 0.405348
0.535206 0.568038 0.530402
0.491957 0.558104 0.565466
0.544022 0.55232 0.453663
0.553106 0.528326 0.404442
0.602867 0.490923 0.496511
0.54316 0.552124 0.463529
0.599106 0.456125 0.501931
0.423999 0.552829 0.427115
0.472217 0.491753 0.588013
0.563166 0.55047 0.468758
0.506141 0.550238 0.466116
0.561909 0.550592 0.437514
0.467034 0.541246 0.585709
0.392385 0.507364 0.50223
0.468514 0.493621 0.409922
0.509773 0.533238 0.387997
0.510248 0.556055 0.48278
0.524479 0.436334 0.583633
0.518241 0.564462 0.548409
0.478655 0.484975 0.399273
0.391606 0.537887 0.483764
0.468427 0.558017 0.504768
0.453983 0.548781 0.398697
0.435222 0.558874 0.49841
0.39038 0.498194 0.477324
0.417515 0.556689 0.530458
0.412678 0.486499 0.465967
0.558741 0.562587 0.525932
0.531696 0.5323 0.591306
0.402103 0.541592 0.488609
0.475713 0.547682 0.49291
0.427497 0.456288 0.536287
0.400676 0.481306 0.475351
0.520495 0.5494 0.432776
0.4333 0.52543 0.545301
0.581924 0.542814 0.513474
0.546764 0.547041 0.422112
0.59659 0.491275 0.494411
0.589415 0.534293 0.505757
0.580418 0.541159 0.499073
0.475062 0.527831 0.390132
0.597997 0.454004 0.487905
0.585974 0.477838 0.466893
0.445031 0.452 0.444814
0.494708 0.507633 0.601092
0.591588 0.436332 0.511922
0.405556 0.546945 0.461198
0.597627 0.513127 0.506766
0.550425 0.559307 0.533881
0.59848 0.451248 0.471455
0.503971 0.538257 0.395959
0.437083 0.553754 0.530124
0.587496 0.535729 0.477156
0.526094 0.498335 0.400579
0.423609 0.551817 0.50513
0.428709 0.530854 0.541883
0.564575 0.550127 0.505402
0.417546 0.481299 0.531374
0.509838 0.54551 0.472867
0.465911 0.546658 0.487192
0.526134 0.546396 0.469781
0.433007 0.553197 0.52836
0.531438 0.548082 0.473292
0.596761 0.488126 0.49411
0.579625 0.426816 0.520376
0.457519 0.494883 0.42851
0.478811 0.54724 0.516715
0.507473 0.53703 0.406366
0.405912 0.502239 0.473111
0.419723 0.516449 0.458454
0.427315 0.49433 0.536258
0.450313 0.532589 0.416185
0.449318 0.466933 0.443182
0.590962 0.471195 0.506029
0.479209 0.530287 0.46775
0.526224 0.551374 0.550634
0.463093 0.535709 0.476582
0.575134 0.493523 0.461782
0.404746 0.504251 0.514581
0.491416 0.495967 0.596461
0.494384 0.423701 0.598867
0.538435 0.538183 0.466263
0.444376 0.48887 0.547227
0.517904 0.522928 0.400978
0.432302 0.540414 0.531753
0.522647 0.512379 0.584399
0.504266 0.538486 0.447923
0.518343 0.540291 0.442956
0.57454 0.532706 0.500409
0.541632 0.555586 0.5251
0.476736 0.450239 0.591011
0.603756 0.431136 0.476086
0.478709 0.438455 0.59565
0.583203 0.519447 0.52561
0.40436 0.435269 0.475895
0.419321 0.496474 0.531672
0.400612 0.442916 0.5092
0.447478 0.406358 0.558318
0.501176 0.509069 0.401024
0.504459 0.546517 0.55554
0.486035 0.53172 0.462501
0.420618 0.521336 0.522886
0.481007 0.54002 0.539275
0.591092 0.445861 0.491186
0.411286 0.51584 0.472442
0.53221 0.522321 0.411085
0.424872 0.441738 0.531983
0.532668 0.545192 0.544778
0.502272 0.48769 0.586397
0.576433 0.433258 0.518768
0.402966 0.444632 0.481544
0.491828 0.468405 0.592002
0.489168 0.515002 0.580064
0.532656 0.48523 0.564102
0.452126 0.533435 0.428167
0.555157 0.525597 0.540297
0.496244 0.4749 0.409569
0.481023 0.438216 0.406122
0.404624 0.463261 0.487296
0.455653 0.53381 0.540551
0.549803 0.531694 0.543571
0.481609 0.532144 0.49266
0.510977 0.536659 0.490156
0.541454 0.359098 0.562513
0.565399 0.532053 0.52749
0.523769 0.531074 0.416399
0.436986 0.532348 0.467148
0.572065 0.512285 0.52694
0.569106 0.521374 0.481011
0.531215 0.542562 0.500996
0.490668 0.438659 0.408395
0.535414 0.475008 0.42945
0.490573 0.448112 0.594559
0.586849 0.495532 0.473119
0.477073 0.533478 0.557154
0.453188 0.420744 0.431579
0.55546 0.346769 0.552963
0.42259 0.510302 0.516999
0.524403 0.49089 0.415045
0.572703 0.495956 0.469208
0.527885 0.517766 0.560374
0.510424 0.435968 0.416793
0.424781 0.398782 0.533564
0.535196 0.528095 0.546797
0.50707 0.450999 0.41654
0.566262 0.489672 0.46399
0.473403 0.532879 0.516428
0.503864 0.526771 0.550545
0.452047 0.473591 0.445196
0.49338 0.472025 0.585363
0.432027 0.503047 0.458606
0.519783 0.525132 0.481967
0.435711 0.345753 0.563693
0.57329 0.4644 0.517916
0.473028 0.519186 0.418595
0.530613 0.521512 0.4279
0.516218 0.520315 0.463068
0.453358 0.530339 0.521446
0.436516 0.488285 0.535829
0.481775 0.44318 0.410278
0.456288 0.516783 0.464829
0.473797 0.516699 0.45322
0.495424 0.434058 0.413457
0.517547 0.521804 0.425297
0.40531 0.392671 0.502108
0.575562 0.333539 0.432222
0.410898 0.467286 0.511116
0.420802 0.338098 0.430075
0.502104 0.455445 0.415444
0.590631 0.406701 0.473046
0.513187 0.521594 0.443285
0.526238 0.541543 0.525928
0.486682 0.461186 0.588974
0.429902 0.493021 0.467527
0.529491 0.501662 0.429367
0.460335 0.512338 0.494349
0.530404 0.489343 0.557435
0.470205 0.369985 0.595768
0.582115 0.361292 0.526435
0.420227 0.483014 0.474956
0.440329 0.398961 0.548264
0.572157 0.488233 0.485693
0.587641 0.378631 0.496841
0.485704 0.40785 0.596157
0.428116 0.502439 0.49157
0.471939 0.518149 0.503287
0.470616 0.514104 0.544234
0.5936 0.408509 0.481056
0.426142 0.35236 0.431114
0.512526 0.50793 0.466978
0.460393 0.514876 0.535438
0.480177 0.496435 0.568395
0.415983 0.474748 0.487929
0.594379 0.372195 0.481727
0.464115 0.358922 0.59155
0.528567 0.520948 0.543154
0.455749 0.510328 0.491173
0.480892 0.433231 0.588923
0.508002 0.509707 0.481669
0.481079 0.523636 0.529119
0.49902 0.355272 0.595892
0.525661 0.445341 0.568096
0.507031 0.508455 0.48036
0.539374 0.507569 0.460959
0.594052 0.397999 0.482088
0.557085 0.500545 0.496528
0.490102 0.405207 0.594452
0.470385 0.421681 0.578488
0.571319 0.481222 0.492573
0.44103 0.467904 0.461646
0.467394 0.320735 0.600701
0.445183 0.316449 0.585509
0.570823 0.440895 0.513971
0.460918 0.504015 0.531911
0.564154 0.378025 0.533219
0.439876 0.492371 0.474583
0.442154 0.481313 0.463086
0.519868 0.467307 0.430016
0.521777 0.47821 0.431726
0.50509 0.515557 0.515264
0.511983 0.405317 0.420708
0.538414 0.511301 0.526412
0.435806 0.448889 0.533613
0.514271 0.493382 0.5566
0.440061 0.462578 0.534904
0.519291 0.483101 0.563316
0.542227 0.488115 0.462065
0.438188 0.417007 0.53994
0.551178 0.483263 0.528032
0.533805 0.50882 0.504109
0.460032 0.497305 0.495851
0.503682 0.435572 0.578578
0.484681 0.387517 0.597978
0.56697 0.44233 0.467971
0.441221 0.442861 0.538833
0.568184 0.443879 0.516578
0.58573 0.39721 0.491268
0.490645 0.477103 0.566518
0.548288 0.496771 0.527094
0.426794 0.458687 0.471741
0.447701 0.498798 0.50781
0.588722 0.366685 0.488153
0.530777 0.38636 0.425207
0.459816 0.46866 0.445645
0.543215 0.49418 0.473753
0.451982 0.449971 0.543439
0.46219 0.415232 0.428143
0.506583 0.479456 0.463171
0.581556 0.389276 0.516491
0.552993 0.4718 0.517054
0.547588 0.377232 0.543597
0.51509 0.408372 0.574225
0.507401 0.400124 0.422062
0.526576 0.48197 0.467427
0.470868 0.383582 0.410621
0.484149 0.464924 0.564397
0.535925 0.479274 0.482351
0.516753 0.479564 0.474408
0.451247 0.474977 0.472649
0.585381 0.356036 0.502477
0.456182 0.399255 0.562146
0.467512 0.472129 0.484978
0.523654 0.460882 0.559971
0.543613 0.475922 0.488115
0.475226 0.487833 0.542415
0.487726 0.478549 0.444167
0.474547 0.492835 0.534132
0.573612 0.424207 0.496045
0.478178 0.418471 0.416826
0.552014 0.448658 0.527503
0.430482 0.439923 0.468675
0.530589 0.47205 0.454522
0.495683 0.437088 0.573751
0.452234 0.489494 0.523252
0.444238 0.474982 0.49381
0.560456 0.459905 0.495257
0.513288 0.44534 0.570009
0.552573 0.462667 0.524159
0.529876 0.50146 0.532983
0.549055 0.471823 0.488929
0.471252 0.411434 0.577486
0.433533 0.436826 0.487965
0.45697 0.436665 0.448397
0.412198 0.350881 0.50675
0.592354 0.327623 0.518064
0.471889 0.475105 0.512808
0.536042 0.369255 0.556636
0.423193 0.40912 0.491249
0.443306 0.370178 0.555748
0.526283 0.47449 0.497077
0.554105 0.31499 0.56622
0.461625 0.292492 0.598174
0.540196 0.454468 0.533559
0.493238 0.388805 0.418396
0.488731 0.422686 0.573634
0.466951 0.458987 0.491054
0.452775 0.308293 0.590723
0.414663 0.310076 0.426732
0.521709 0.462594 0.478774
0.490012 0.333601 0.401614
0.564817 0.40744 0.522251
0.45442 0.358975 0.573184
0.485921 0.399895 0.584243
0.457631 0.448775 0.455046
0.473122 0.462233 0.453353
0.543051 0.461458 0.479522
0.430667 0.444614 0.513409
0.506617 0.489296 0.531287
0.407699 0.348871 0.469104
0.410169 0.349219 0.496736
0.526889 0.464966 0.467069
0.502404 0.454444 0.558326
0.423319 0.343844 0.435161
0.508871 0.312753 0.594197
0.502726 0.46126 0.470494
0.481063 0.473832 0.539809
0.531244 0.464178 0.491199
0.433984 0.422087 0.480195
0.524487 0.320158 0.587368
0.536263 0.367481 0.425548
0.431449 0.415985 0.521226
0.477801 0.440664 0.472533
0.52658 0.355916 0.570347
0.446404 0.438651 0.499043
0.453224 0.434027 0.46009
0.493985 0.445175 0.456086
0.507173 0.46686 0.509366
0.481932 0.463147 0.532439
0.45836 0.43931 0.471921
0.558923 0.380757 0.450328
0.466084 0.376315 0.577113
0.584769 0.273053 0.560512
0.460483 0.452935 0.533446
0.428863 0.409897 0.494727
0.454816 0.373032 0.565247
0.45964 0.333276 0.408077
0.498026 0.380062 0.419938
0.54666 0.390115 0.445742
0.498701 0.440213 0.490173
0.426446 0.407255 0.482232
0.483635 0.464628 0.530763
0.471123 0.460594 0.516438
0.518086 0.309683 0.593392
0.416466 0.348888 0.520228
0.488545 0.458847 0.538274
0.528368 0.45067 0.495849
0.578 0.368191 0.495209
0.589815 0.328639 0.513789
0.465833 0.438829 0.476795
0.536071 0.322214 0.577148
0.583605 0.347319 0.481684
0.483675 0.344143 0.594628
0.510946 0.442481 0.473403
0.45124 0.302988 0.587393
0.532338 0.343781 0.415775
0.457655 0.418371 0.480209
0.443149 0.417066 0.526818
0.585412 0.337258 0.468128
0.520177 0.33812 0.579912
0.514483 0.357104 0.415883
0.519745 0.338282 0.409311
0.497334 0.416725 0.486479
0.441699 0.410791 0.492225
0.465909 0.369624 0.575074
0.469786 0.445276 0.5286
0.533757 0.386207 0.546575
0.477786 0.418628 0.484851
0.478361 0.42763 0.55143
0.468669 0.406506 0.560048
0.541327 0.385646 0.442107
0.424473 0.380027 0.487621
0.575924 0.360548 0.506258
0.426909 0.345056 0.437144
0.504879 0.415339 0.553843
0.50751 0.460301 0.522803
0.488155 0.308596 0.399944
0.485209 0.408749 0.565171
0.465311 0.413403 0.442204
0.534339 0.41998 0.485692
0.565484 0.380919 0.460201
0.59182 0.279345 0.43433
0.493519 0.421062 0.473112
0.476737 0.425 0.463011
0.514385 0.29251 0.596406
0.534274 0.445401 0.513885
0.516853 0.430914 0.46136
0.547333 0.333548 0.419286
0.591811 0.302453 0.458909
0.436877 0.337026 0.558613
0.441464 0.40237 0.50607
0.531682 0.382131 0.43743
0.53093 0.426242 0.52682
0.454836 0.408614 0.53337
0.491134 0.404552 0.446622
0.513797 0.316102 0.58651
0.422306 0.356517 0.509882
0.443016 0.344024 0.558901
0.49858 0.435035 0.519346
0.555772 0.397705 0.482402
0.418399 0.297792 0.421108
0.474257 0.296514 0.396972
0.524684 0.426023 0.50499
0.495835 0.314592 0.587888
0.528503 0.432234 0.515307
0.468337 0.334689 0.583539
0.495472 0.411964 0.544167
0.419068 0.254055 0.592655
0.508999 0.407247 0.452131
0.511842 0.39093 0.435457
0.465154 0.408474 0.495335
0.511451 0.394837 0.552054
0.542782 0.4112 0.51914
0.478324 0.305044 0.591979
0.459057 0.405222 0.540257
0.530004 0.389483 0.543476
0.530053 0.432655 0.520044
0.500097 0.416851 0.500639
0.464454 0.402499 0.445677
0.558012 0.341644 0.430703
0.477982 0.407674 0.456415
0.448179 0.352649 0.559951
0.493834 0.416773 0.502555
0.524408 0.432277 0.530962
0.507677 0.41706 0.499174
0.50994 0.398587 0.486119
0.440739 0.369285 0.445706
0.53674 0.388068 0.454494
0.445436 0.285106 0.400994
0.464017 0.393814 0.540839
0.406347 0.289871 0.439619
0.507307 0.292414 0.591057
0.495437 0.379926 0.43456
0.508875 0.412422 0.529057
0.499096 0.379187 0.554795
0.482548 0.389365 0.451583
0.577939 0.338682 0.463983
0.483121 0.384717 0.475642
0.509174 0.39013 0.457511
0.529019 0.390084 0.491874
0.412458 0.314975 0.486911
0.461244 0.265424 0.593622
0.433179 0.373848 0.481088
0.405334 0.283964 0.49627
0.471123 0.377477 0.561712
0.438947 0.366777 0.445829
0.594338 0.260311 0.440736
0.512456 0.277438 0.596202
0.420436 0.349422 0.47386
0.476544 0.341397 0.41371
0.432667 0.375935 0.474425
0.539562 0.389031 0.45788
0.503846 0.346278 0.417715
0.41921 0.27638 0.574732
0.419909 0.289344 0.416716
0.471624 0.341438 0.578923
0.4232 0.348983 0.499534
0.503554 0.345312 0.417313
0.473078 0.378097 0.562776
0.506782 0.383888 0.470146
0.446738 0.363404 0.546755
0.415004 0.241304 0.596279
0.442041 0.332934 0.427481
0.462364 0.273887 0.396166
0.585176 0.286608 0.487218
0.483406 0.382239 0.531045
0.421243 0.28331 0.568651
0.500299 0.270885 0.593702
0.516833 0.374839 0.448503
0.526403 0.287582 0.404008
0.474486 0.381768 0.506837
0.424124 0.299273 0.559091
0.420199 0.26533 0.581112
0.563057 0.273463 0.578099
0.58207 0.305214 0.467063
0.498156 0.376248 0.498034
0.523096 0.308667 0.581076
0.480935 0.376155 0.546098
0.465411 0.362702 0.55754
0.493874 0.294849 0.403837
0.411812 0.289107 0.544367
0.563749 0.346188 0.490033
0.535703 0.366837 0.473041
0.546895 0.364963 0.499919
0.40282 0.269263 0.491072
0.490063 0.376747 0.503474
0.534464 0.380475 0.509189
0.472203 0.384767 0.511341
0.403835 0.276808 0.43769
0.495921 0.368067 0.471422
0.532579 0.2547 0.599779
0.49984 0.333651 0.416674
0.502167 0.371926 0.49095
0.562134 0.356955 0.477303
0.495175 0.373596 0.544822
0.581721 0.298269 0.482559
0.438833 0.28027 0.40287
0.576371 0.282532 0.553207
0.443279 0.357693 0.52959
0.462807 0.312225 0.414052
0.486311 0.353393 0.549759
0.488525 0.36256 0.531931
0.510726 0.333693 0.561764
0.49378 0.254487 0.594296
0.409614 0.283353 0.539251
0.438754 0.317733 0.558524
0.474215 0.362822 0.541837
0.525289 0.355815 0.539137
0.577024 0.28466 0.432173
0.5832 0.288853 0.464659
0.554459 0.2652 0.40328
0.516074 0.279826 0.40441
0.416086 0.301665 0.532879
0.479366 0.336911 0.570034
0.581784 0.289663 0.48524
0.492496 0.365907 0.516177
0.541956 0.346374 0.477643
0.481276 0.359945 0.498616
0.481196 0.276112 0.399086
0.554512 0.342695 0.522161
0.471087 0.345784 0.42564
0.486031 0.362698 0.529874
0.527875 0.35115 0.432672
0.467042 0.263092 0.589732
0.567973 0.325188 0.507678
0.596475 0.247926 0.53686
0.499354 0.323691 0.571013
0.589455 0.245195 0.568405
0.454149 0.359295 0.539012
0.455279 0.372527 0.517267
0.465038 0.277394 0.399567
0.553006 0.294235 0.416962
0.545436 0.353959 0.463934
0.48913 0.353894 0.481674
0.434686 0.337902 0.469608
0.460948 0.336802 0.431261
0.570605 0.270114 0.418912
0.494044 0.346056 0.533868
0.436902 0.330354 0.538261
0.486732 0.240321 0.594878
0.498458 0.340243 0.462869
0.512678 0.357233 0.524461
0.467192 0.288394 0.57938
0.468698 0.352983 0.526608
0.544068 0.336267 0.46291
0.594106 0.252399 0.519012
0.531673 0.343481 0.531645
0.549585 0.33363 0.502769
0.487433 0.34605 0.514676
0.474411 0.278975 0.582541
0.512359 0.283016 0.409059
0.481999 0.330996 0.42398
0.480617 0.243739 0.592848
0.580686 0.285177 0.501028
0.431883 0.329995 0.529646
0.557656 0.284469 0.567542
0.51791 0.328306 0.556276
0.480512 0.327071 0.564896
0.512592 0.342476 0.539466
0.474555 0.346084 0.474412
0.530092 0.292187 0.41249
0.505249 0.335712 0.427765
0.472116 0.346722 0.539549
0.488665 0.345422 0.533322
0.578069 0.235925 0.400064
0.512444 0.308595 0.573281
0.425962 0.323886 0.470038
0.522796 0.34954 0.531593
0.472852 0.350455 0.514555
0.571667 0.238923 0.591483
0.438302 0.238258 0.59572
0.476836 0.333755 0.522236
0.503759 0.32619 0.458262
0.526918 0.327721 0.496193
0.43281 0.319007 0.479201
0.485646 0.230355 0.596437
0.564745 0.308632 0.469272
0.588826 0.257785 0.531186
0.590923 0.219855 0.402692
0.481484 0.282627 0.409384
0.488194 0.331091 0.448759
0.571703 0.259066 0.415418
0.523034 0.314483 0.473643
0.416443 0.286615 0.504568
0.406681 0.252611 0.561937
0.511142 0.32844 0.435896
0.491931 0.333342 0.520364
0.49148 0.275969 0.408267
0.499569 0.306391 0.56615
0.441746 0.286644 0.414369
0.415894 0.284266 0.537313
0.404667 0.261905 0.517361
0.546842 0.301022 0.556255
0.515833 0.317233 0.470819
0.569026 0.278389 0.427447
0.489019 0.330818 0.450549
0.58655 0.259798 0.454837
0.458897 0.335156 0.449922
0.424039 0.271378 0.569096
0.594868 0.237738 0.508526
0.469663 0.333895 0.466074
0.467476 0.278046 0.578988
0.560901 0.313435 0.515208
0.537581 0.327514 0.502995
0.434439 0.320755 0.489972
0.531154 0.335385 0.514108
0.43616 0.260942 0.580016
0.581941 0.264824 0.489269
0.460574 0.314225 0.544506
0.559429 0.29964 0.486821
0.444217 0.299927 0.426363
0.475362 0.235174 0.394485
0.587472 0.253146 0.482312
0.411699 0.247534 0.411941
0.545576 0.30409 0.543634
0.413579 0.273158 0.528252
0.512597 0.247383 0.590963
0.478256 0.31772 0.523579
0.594494 0.236753 0.49062
0.579114 0.271418 0.513655
0.534896 0.307912 0.457517
0.522984 0.239935 0.594978
0.503746 0.253786 0.405879
0.596111 0.227542 0.513589
0.459506 0.295093 0.565077
0.573481 0.283824 0.478406
0.547048 0.24219 0.594091
0.436958 0.311453 0.444819
0.532566 0.236828 0.394904
0.516569 0.299729 0.563904
0.491823 0.313169 0.472656
0.599535 0.220514 0.519966
0.483974 0.31802 0.455774
0.525126 0.319538 0.528794
0.543937 0.297892 0.554176
0.442309 0.305186 0.549743
0.543366 0.307584 0.452913
0.516432 0.308918 0.429503
0.39609 0.228582 0.508847
0.424711 0.298586 0.515848
0.433355 0.311714 0.524604
0.517396 0.308558 0.492257
0.433692 0.299322 0.451283
0.487786 0.29619 0.428058
0.510016 0.26483 0.578386
0.580973 0.258842 0.474083
0.533174 0.237527 0.593343
0.474191 0.228265 0.39558
0.512337 0.25025 0.585136
0.542699 0.301438 0.512451
0.520001 0.291067 0.46428
0.428098 0.286507 0.483066
0.595201 0.230051 0.482412
0.559746 0.269304 0.565955
0.478 0.292774 0.555906
0.501001 0.268177 0.416008
0.605747 0.204506 0.586378
0.543726 0.301211 0.512488
0.596939 0.223086 0.56135
0.502811 0.298211 0.503157
0.473146 0.306989 0.447391
0.396554 0.224803 0.524766
0.547907 0.292849 0.491156
0.458418 0.305472 0.511427
0.460487 0.305123 0.499164
0.538312 0.271045 0.417491
0.408433 0.237825 0.411008
0.506217 0.299499 0.508103
0.404776 0.229147 0.577947
0.50302 0.298494 0.539791
0.523795 0.262219 0.581912
0.595016 0.230549 0.447267
0.482829 0.243981 0.586394
0.49017 0.300403 0.432934
0.471888 0.307065 0.446204
0.524565 0.249957 0.405928
0.512121 0.303027 0.516577
0.400876 0.23241 0.561889
0.43436 0.248932 0.578665
0.504324 0.289627 0.52358
0.446439 0.26793 0.418054
0.412781 0.25561 0.434611
0.537638 0.287016 0.508889
0.472249 0.222223 0.39654
0.596996 0.210287 0.58443
0.41507 0.256522 0.521534
0.451679 0.291166 0.490026
0.449291 0.267081 0.569377
0.529383 0.276708 0.467866
0.548358 0.280631 0.456911
0.464384 0.290679 0.488959
0.564243 0.254141 0.420026
0.514167 0.280581 0.429464
0.589128 0.223164 0.576138
0.569419 0.267869 0.481954
0.51862 0.274691 0.488071
0.491023 0.250809 0.411659
0.458932 0.292887 0.438381
0.536826 0.282207 0.496979
0.494145 0.284315 0.465774
0.487255 0.28584 0.502661
0.585816 0.241646 0.527734
0.470516 0.290036 0.486149
0.525139 0.276489 0.488011
0.454278 0.243864 0.404634
0.454084 0.280686 0.554631
0.486165 0.23231 0.402215
0.495716 0.254967 0.414252
0.566509 0.270705 0.452731
0.432564 0.287234 0.45166
0.40196 0.229411 0.507301
0.536838 0.250888 0.582892
0.486081 0.285088 0.491491
0.566005 0.271986 0.493494
0.429685 0.268504 0.502331
0.519867 0.251757 0.418092
0.575515 0.251018 0.472494
0.452648 0.213903 0.393906
0.538884 0.270267 0.436393
0.47024 0.215937 0.396963
0.461225 0.228031 0.589616
0.487633 0.27309 0.537686
0.580585 0.240154 0.515263
0.474429 0.27863 0.456042
0.472019 0.279026 0.456769
0.526846 0.276628 0.53849
0.435767 0.26464 0.423935
0.424 0.249251 0.419555
0.443861 0.275659 0.480556
0.419432 0.256789 0.433573
0.533118 0.210419 0.597566
0.536225 0.261272 0.475689
0.515632 0.225176 0.588005
0.505352 0.271256 0.551677
0.527299 0.271178 0.503009
0.524137 0.24873 0.415962
0.513195 0.27247 0.508954
0.411547 0.247246 0.447437
0.509795 0.260197 0.568813
0.545237 0.265704 0.4711
0.49956 0.275081 0.441781
0.399666 0.214516 0.577765
0.446553 0.280607 0.437478
0.403566 0.198228 0.602443
0.44644 0.27749 0.50854
0.578984 0.245862 0.459753
0.541958 0.241848 0.582991
0.555147 0.270301 0.541221
0.453471 0.279234 0.469921
0.520349 0.25153 0.41791
0.429559 0.262479 0.437905
0.541205 0.260688 0.513201
0.495853 0.261088 0.512894
0.487362 0.251303 0.565713
0.53981 0.255576 0.566021
0.468058 0.209717 0.39673
0.528575 0.215907 0.590999
0.560584 0.255619 0.550422
0.497735 0.261073 0.538785
0.490173 0.260003 0.541452
0.399634 0.218731 0.444056
0.51203 0.24763 0.422518
0.415425 0.232967 0.563012
0.48397 0.238824 0.417156
0.567112 0.251524 0.526939
0.464331 0.261838 0.488994
0.505363 0.257678 0.502783
0.553189 0.256331 0.46151
0.539964 0.262712 0.549829
0.572408 0.246452 0.46402
0.517714 0.262102 0.510113
0.567952 0.237539 0.572522
0.543023 0.261445 0.516672
0.451998 0.254756 0.561352
0.571758 0.246994 0.439202
0.565657 0.252832 0.450354
0.555361 0.253124 0.481693
0.548715 0.216588 0.592821
0.393974 0.202359 0.467265
0.50979 0.245477 0.572245
0.522685 0.229038 0.583586
0.518364 0.249783 0.465045
0.485074 0.262198 0.438647
0.577411 0.235583 0.516163
0.408532 0.234184 0.441657
0.484597 0.258617 0.548437
0.432155 0.241071 0.561758
0.540292 0.251263 0.528987
0.603143 0.194215 0.590375
0.496018 0.236994 0.571566
0.452688 0.250141 0.546024
0.45758 0.209362 0.398912
0.410785 0.218345 0.4926
0.451507 0.25016 0.511323
0.499056 0.217579 0.584626
0.410859 0.220203 0.520776
0.58358 0.219453 0.487871
0.525479 0.241713 0.494711
0.606448 0.188602 0.504668
0.514428 0.252962 0.527957
0.430084 0.244602 0.493559
0.462937 0.248107 0.506256
0.437083 0.252327 0.429779
0.538952 0.234766 0.575869
0.486384 0.242695 0.466987
0.478011 0.246333 0.46496
0.464713 0.253913 0.447332
0.5798 0.203801 0.398018
0.401481 0.212409 0.446313
0.44838 0.197839 0.598411
0.557703 0.247042 0.554795
0.571184 0.236463 0.528591
0.515682 0.227996 0.578203
0.459835 0.251719 0.466855
0.562387 0.245648 0.441835
0.400612 0.207276 0.526006
0.467927 0.245314 0.42685
0.390194 0.192046 0.515446
0.453922 0.249953 0.495496
0.543459 0.248519 0.445362
0.533689 0.244264 0.499557
0.594215 0.210007 0.461092
0.427955 0.231436 0.487716
0.56456 0.22439 0.420421
0.512639 0.227781 0.423197
0.537663 0.239617 0.530268
0.457969 0.237556 0.47204
0.454821 0.202598 0.39815
0.48971 0.228368 0.494892
0.520184 0.241885 0.529375
0.423925 0.198651 0.391951
0.434036 0.211999 0.404059
0.51821 0.2207 0.473579
0.50663 0.200805 0.591173
0.580039 0.221175 0.435068
0.585769 0.209234 0.530325
0.559128 0.237056 0.546853
0.493722 0.221929 0.576589
0.406526 0.212793 0.551914
0.560925 0.235687 0.555935
0.505484 0.234338 0.430629
0.530522 0.213121 0.583664
0.453407 0.242246 0.454892
0.410477 0.215268 0.565214
0.435189 0.242697 0.453842
0.486906 0.229011 0.500842
0.400251 0.202118 0.424141
0.59562 0.1959 0.510427
0.57359 0.202473 0.398289
0.392749 0.189738 0.4803
0.519685 0.22098 0.472679
0.516505 0.23111 0.497545
0.553968 0.232334 0.499043
0.540445 0.238795 0.523762
0.604631 0.194893 0.573129
0.561047 0.216245 0.410276
0.504236 0.223985 0.473253
0.552852 0.195238 0.599317
0.426838 0.204869 0.405388
0.566403 0.224786 0.436284
0.395441 0.188633 0.489998
0.550474 0.226646 0.534395
0.573764 0.21777 0.461846
0.443285 0.200745 0.400491
0.58304 0.193084 0.397107
0.401907 0.193946 0.490687
0.42314 0.22221 0.435437
0.572566 0.187825 0.602395
0.48094 0.215926 0.510716
0.517426 0.222244 0.450881
0.560996 0.20182 0.587726
0.397149 0.192435 0.427941
0.42005 0.213769 0.514157
0.498812 0.184884 0.601094
0.554172 0.219669 0.474753
0.555928 0.222741 0.465707
0.443891 0.227608 0.557366
0.433844 0.193866 0.592745
0.623784 0.172228 0.617375
0.410564 0.180187 0.612546
0.505598 0.187746 0.597956
0.480466 0.220408 0.531401
0.616002 0.182254 0.553872
0.609019 0.178779 0.611724
0.539446 0.221198 0.500086
0.508476 0.218342 0.572507
0.472312 0.225657 0.441222
0.395212 0.188874 0.453017
0.487922 0.224693 0.556121
0.419339 0.201144 0.582908
0.562204 0.214098 0.416779
0.529777 0.228742 0.549371
0.411301 0.207327 0.534695
0.439743 0.226226 0.496956
0.427695 0.21332 0.536462
0.569499 0.212429 0.452994
0.496495 0.213888 0.56366
0.564336 0.213016 0.538988
0.471061 0.213761 0.444449
0.431082 0.196439 0.401879
0.458527 0.211856 0.518281
0.503962 0.210077 0.453641
0.422486 0.204885 0.474236
0.482469 0.199635 0.580309
0.443494 0.216642 0.558642
0.524186 0.216572 0.527642
0.535245 0.215492 0.525486
0.433761 0.216175 0.543836
0.502681 0.202695 0.482581
0.500334 0.186409 0.393709
0.47837 0.179181 0.385385
0.543949 0.196458 0.58595
0.601696 0.18395 0.469846
0.554484 0.183179 0.603609
0.544271 0.21551 0.532717
0.421556 0.205488 0.423093
0.581452 0.197389 0.519789
0.475824 0.207811 0.571896
0.603344 0.185228 0.455178
0.610324 0.178206 0.468568
0.507176 0.174617 0.608884
0.409967 0.197004 0.43922
0.423461 0.198856 0.409234
0.497677 0.195236 0.408463
0.424444 0.189387 0.391797
0.504874 0.200685 0.415383
0.529307 0.200978 0.477774
0.508623 0.202505 0.473715
0.542117 0.180982 0.604865
0.544581 0.195804 0.402232
0.424865 0.201497 0.524464
0.462806 0.188262 0.405909
0.450212 0.207287 0.436423
0.603701 0.179065 0.528405
0.478537 0.172538 0.379436
0.416992 0.187482 0.401543
0.479728 0.198198 0.533681
0.529577 0.204637 0.531365
0.620521 0.17252 0.410021
0.406135 0.185812 0.490972
0.484545 0.193979 0.484675
0.414041 0.193118 0.429615
0.385792 0.181142 0.54264
0.380201 0.181418 0.562063
0.420005 0.183739 0.592748
0.521468 0.205202 0.566504
0.506544 0.19269 0.482719
0.428503 0.199034 0.476964
0.544232 0.196051 0.473191
0.479705 0.201101 0.444743
0.478548 0.188494 0.583554
0.452245 0.203808 0.545461
0.558645 0.20634 0.558218
0.493168 0.201598 0.442669
0.501535 0.198301 0.514726
0.501697 0.204004 0.550414
0.627041 0.165933 0.375654
0.499364 0.202131 0.538655
0.581333 0.180728 0.387116
0.553916 0.201016 0.460769
0.520871 0.169109 0.614352
0.572538 0.196732 0.476203
0.571086 0.199033 0.466267
0.602409 0.178015 0.490027
0.541347 0.202001 0.426297
0.522779 0.173687 0.607407
0.423085 0.190714 0.447082
0.485301 0.186233 0.512047
0.602759 0.173511 0.490488
0.408249 0.180376 0.484801
0.481718 0.18735 0.526288
0.411836 0.180347 0.398119
0.562264 0.192591 0.539641
0.374509 0.171979 0.551364
0.528335 0.191178 0.444333
0.429815 0.176017 0.597659
0.407455 0.179743 0.47195
0.385626 0.175247 0.532161
0.604623 0.174303 0.461631
0.454493 0.192335 0.559426
0.563829 0.188264 0.415332
0.570464 0.181548 0.396666
0.465252 0.168424 0.375421
0.447064 0.193029 0.459117
0.573653 0.191734 0.432728
0.544261 0.191441 0.572795
0.465921 0.175133 0.594607
0.496628 0.185254 0.492002
0.600981 0.17979 0.571816
0.534822 0.189376 0.576396
0.568155 0.17262 0.612003
0.525129 0.193221 0.527872
0.438392 0.195903 0.428184
0.44021 0.193002 0.558532
0.528295 0.191343 0.427745
0.444086 0.195315 0.428978
0.623693 0.166614 0.44722
0.504642 0.184124 0.484543
0.496278 0.191097 0.539485
0.623974 0.166214 0.449418
0.504695 0.17501 0.387735
0.478883 0.185967 0.519014
0.418455 0.172182 0.59642
0.482971 0.179218 0.532492
0.468992 0.180444 0.568579
0.416671 0.177184 0.489076
0.621353 0.163836 0.516383
0.393502 0.172716 0.396548
0.426168 0.184772 0.434561
0.488397 0.177573 0.50251
0.531617 0.176607 0.487563
0.581882 0.178141 0.574412
0.616535 0.165953 0.522336
0.387408 0.164956 0.629556
0.581287 0.171965 0.38666
0.490224 0.180133 0.448103
0.399247 0.164122 0.628634
0.574529 0.179721 0.418741
0.382093 0.170094 0.535065
0.431227 0.172191 0.593972
0.497123 0.17894 0.576858
0.432584 0.17616 0.583331
0.394203 0.172351 0.519412
0.503451 0.181643 0.536909
0.434336 0.181394 0.48649
0.535905 0.163158 0.620787
0.551184 0.180574 0.507053
0.533311 0.168019 0.377505
0.39471 0.174723 0.540269
0.570433 0.180011 0.416258
0.477434 0.169936 0.38674
0.559721 0.162174 0.627995
0.546905 0.181418 0.516776
0.607045 0.171597 0.547969
0.452232 0.162469 0.618246
0.593211 0.166289 0.619505
0.402336 0.173317 0.457349
0.599886 0.171893 0.410784
0.416948 0.169959 0.583072
0.627825 0.15834 0.487656
0.411895 0.171235 0.426516
0.450134 0.17095 0.47126
0.369537 0.160669 0.447637
0.373482 0.164015 0.396043
0.450085 0.17347 0.447219
0.519758 0.16666 0.59574
0.485212 0.171255 0.42206
0.501639 0.168339 0.478597
0.405667 0.169537 0.435264
0.52079 0.171881 0.513749
0.413207 0.168775 0.397326
0.438475 0.173422 0.454865
0.574387 0.170906 0.486382
0.608776 0.163786 0.611255
0.405114 0.166424 0.379544
0.559025 0.170945 0.472719
0.43524 0.169863 0.582233
0.608166 0.165328 0.405578
0.572759 0.173316 0.570841
0.539282 0.173089 0.425567
0.406046 0.169847 0.531007
0.55564 0.170556 0.473626
0.443832 0.171275 0.575782
0.420373 0.170322 0.469624
0.511428 0.173931 0.553565
0.419278 0.172608 0.526002
0.38742 0.159709 0.636853
0.621402 0.163006 0.424718
0.397313 0.167149 0.50076
0.413909 0.161458 0.623918
0.498913 0.162287 0.607343
0.433268 0.163923 0.374683
0.39898 0.167676 0.514863
0.574788 0.1648 0.374221
0.413133 0.162397 0.480239
0.631377 0.155641 0.509472
0.531392 0.16366 0.510559
0.459977 0.162818 0.474394
0.51559 0.164368 0.431618
0.636164 0.155874 0.396977
0.565669 0.162589 0.59337
0.368917 0.158851 0.553592
0.48603 0.16262 0.468202
0.394845 0.161526 0.448643
0.629061 0.155726 0.486613
0.533949 0.159249 0.611765
0.381135 0.162341 0.589411
0.476279 0.159404 0.595225
0.401819 0.162361 0.442637
0.614544 0.156506 0.360992
0.587 0.163415 0.550615
0.548982 0.157488 0.624927
0.62254 0.156924 0.475759
0.484348 0.163019 0.412826
0.501723 0.162345 0.489823
0.553493 0.163068 0.470192
0.490495 0.163945 0.439345
0.551555 0.163918 0.511714
0.424552 0.163666 0.465653
0.421239 0.163926 0.579177
0.470305 0.163098 0.411002
0.564095 0.157832 0.363126
0.607046 0.160558 0.598769
0.474839 0.156953 0.366444
0.587386 0.163763 0.575728
0.525148 0.163902 0.420696
0.452135 0.164574 0.417542
0.395795 0.162962 0.55001
0.555752 0.162525 0.592968
0.435065 0.165571 0.522838
0.40965 0.156308 0.461353
0.504453 0.15614 0.456177
0.469146 0.151561 0.637539
0.498003 0.156252 0.452985
0.530676 0.151577 0.643469
0.624539 0.154542 0.399348
0.600262 0.15495 0.617437
0.399972 0.15476 0.366949
0.433331 0.156514 0.394996
0.582727 0.154612 0.624294
0.398043 0.156008 0.391205
0.391295 0.155761 0.493009
0.476672 0.153932 0.606537
0.41883 0.155172 0.610856
0.58453 0.157189 0.573468
0.357761 0.153584 0.572315
0.622309 0.154846 0.385958
0.404988 0.156107 0.490177
0.555521 0.156038 0.478478
0.391177 0.155739 0.495092
0.414564 0.157058 0.546768
0.595814 0.154014 0.629881
0.461796 0.156221 0.484273
0.57734 0.153136 0.63726
0.583462 0.15649 0.53939
0.577536 0.156671 0.399972
0.601809 0.155768 0.419794
0.395873 0.155912 0.486233
0.518007 0.156724 0.584758
0.539448 0.157123 0.428158
0.424027 0.157511 0.560586
0.602645 0.154885 0.493936
0.500362 0.155906 0.397722
0.504081 0.157362 0.572571
0.560005 0.155761 0.375646
0.400281 0.155994 0.490124
0.405235 0.15 0.642172
0.503639 0.15 0.477372
0.607161 0.15 0.438507
0.511238 0.15 0.45582
0.394377 0.15 0.629995
0.61466 0.15 0.400099
0.433654 0.15 0.488597
0.531234 0.15 0.608168
0.431256 0.15 0.445062
0.470084 0.15 0.598656
0.643143 0.15 0.445904
0.39846 0.15 0.59948
0.446628 0.15 0.525933
0.461716 0.15 0.47533
0.395457 0.15 0.530529
0.353891 0.15 0.603407
0.530117 0.15 0.572159
0.385789 0.15 0.356674
0.465333 0.15 0.355383
0.547375 0.15 0.504317
0.626608 0.15 0.454859
0.611345 0.15 0.388325
0.557602 0.15 0.38057
0.574824 0.15 0.386009
0.570319 0.15 0.414803
0.586039 0.15 0.517501
0.559955 0.15 0.555139
0.552768 0.15 0.60783
0.456223 0.15 0.547888
0.379563 0.15 0.362845
0.633163 0.15 0.646365
0.430514 0.15 0.568378
0.449081 0.15 0.478242
0.46449 0.15 0.471961
0.438818 0.15 0.456589
0.539712 0.15 0.356665
