2592 0.012625
0.387164 0.365283 0.390791
0.455029 0.280751 0.33985
0.473357 0.210002 0.342507
0.491924 0.206555 0.350312
0.506054 0.230228 0.353002
0.529259 0.298305 0.349833
0.347831 0.294842 0.451175
0.377122 0.286395 0.375632
0.430633 0.270492 0.298618
0.500684 0.245289 0.27985
0.566862 0.278086 0.322557
0.598332 0.294675 0.392476
0.335311 0.260264 0.472616
0.302869 0.259596 0.42831
0.386823 0.455076 0.378072
0.507193 0.46271 0.36491
0.644551 0.437275 0.394359
0.682017 0.235885 0.437301
0.342945 0.232076 0.484689
0.289059 0.251965 0.508129
0.389866 0.475268 0.504566
0.516318 0.476875 0.50232
0.659274 0.439139 0.50996
0.700748 0.211989 0.503895
0.349332 0.255521 0.504388
0.342361 0.262143 0.565788
0.391146 0.402569 0.662519
0.500838 0.425206 0.671635
0.629341 0.396685 0.634632
0.667808 0.218835 0.551874
0.362296 0.329471 0.551807
0.404805 0.296722 0.586469
0.443974 0.237857 0.657804
0.497809 0.220828 0.693931
0.554964 0.237785 0.680008
0.604685 0.273931 0.592314
0.397072 0.310062 0.396774
0.366939 0.32803 0.550388
0.296357 0.223373 0.506894
0.642455 0.449038 0.497724
0.42485 0.310737 0.69888
0.515658 0.209259 0.354142
0.375738 0.292521 0.539896
0.376909 0.344717 0.56349
0.658312 0.244691 0.486814
0.476178 0.171852 0.34627
0.594139 0.325254 0.592621
0.617361 0.257674 0.599903
0.511487 0.271619 0.723638
0.506169 0.474656 0.558096
0.676129 0.426597 0.456152
0.659895 0.253058 0.47665
0.347641 0.21397 0.515532
0.419464 0.350991 0.371211
0.522865 0.212343 0.672465
0.40058 0.300375 0.571479
0.381685 0.259065 0.599365
0.372735 0.385073 0.66027
0.352719 0.233795 0.517176
0.541725 0.397577 0.688936
0.412622 0.33107 0.615307
0.638301 0.219621 0.534208
0.55832 0.462858 0.578829
0.437732 0.238923 0.669763
0.623643 0.260139 0.561154
0.443383 0.480402 0.50228
0.484741 0.199752 0.659243
0.638671 0.234816 0.547068
0.621571 0.458952 0.468748
0.625765 0.274724 0.545947
0.50969 0.216657 0.683836
0.349013 0.269304 0.448822
0.374327 0.278458 0.544024
0.321231 0.229585 0.438574
0.631059 0.267856 0.613063
0.670155 0.235571 0.43043
0.432735 0.467372 0.387454
0.515736 0.205039 0.352849
0.471668 0.220747 0.694559
0.477157 0.211151 0.649834
0.60713 0.457437 0.546927
0.533236 0.475714 0.500939
0.520311 0.243682 0.644692
0.624062 0.29618 0.349847
0.468125 0.478662 0.454737
0.707692 0.236951 0.538639
0.342459 0.379995 0.633301
0.339413 0.271067 0.563586
0.644152 0.229519 0.432348
0.422422 0.321139 0.616107
0.649369 0.284562 0.616342
0.458897 0.476269 0.415479
0.396078 0.289143 0.573937
0.516183 0.47768 0.45649
0.357871 0.257167 0.597879
0.648717 0.297379 0.366384
0.431085 0.458407 0.363545
0.350062 0.232411 0.49857
0.637444 0.251197 0.591489
0.395183 0.337132 0.569966
0.516041 0.249181 0.652766
0.664537 0.207801 0.470081
0.630918 0.2725 0.407338
0.534601 0.256642 0.71751
0.420266 0.271032 0.670533
0.351907 0.227688 0.514606
0.431991 0.287594 0.699267
0.609706 0.27424 0.586908
0.318863 0.182198 0.462227
0.310693 0.188043 0.459801
0.448224 0.240989 0.338014
0.673071 0.206138 0.449266
0.657647 0.202289 0.451259
0.514192 0.191319 0.341076
0.686388 0.215894 0.453343
0.639359 0.242535 0.564669
0.571846 0.308392 0.696863
0.292658 0.213152 0.455823
0.509343 0.223033 0.288805
0.702567 0.262974 0.549529
0.434308 0.25108 0.303535
0.602058 0.283713 0.415522
0.62844 0.454635 0.508077
0.37232 0.252007 0.591358
0.521937 0.225711 0.698567
0.305553 0.191769 0.493094
0.465754 0.452984 0.339376
0.66317 0.230379 0.48176
0.681448 0.196075 0.495122
0.544215 0.458781 0.603439
0.523624 0.475077 0.41622
0.720845 0.326166 0.451129
0.457429 0.249614 0.641116
0.393774 0.35636 0.393716
0.590488 0.320077 0.304008
0.58936 0.396554 0.316617
0.482873 0.216953 0.690192
0.448359 0.247138 0.287288
0.548314 0.473451 0.503785
0.589528 0.323732 0.403739
0.44868 0.273188 0.34667
0.667508 0.199889 0.457381
0.580023 0.322856 0.398961
0.380282 0.469409 0.423906
0.408388 0.331677 0.622355
0.305267 0.183517 0.483405
0.681678 0.417347 0.442326
0.659837 0.21121 0.464444
0.483285 0.313911 0.261219
0.50958 0.187392 0.326903
0.450319 0.274543 0.634501
0.332373 0.434127 0.563877
0.514977 0.212842 0.649339
0.674066 0.291412 0.386102
0.411996 0.460975 0.377843
0.537241 0.258527 0.634307
0.417624 0.279252 0.616637
0.331556 0.221617 0.526574
0.658677 0.253657 0.472991
0.409354 0.292283 0.599536
0.275534 0.3714 0.500447
0.410372 0.346717 0.385192
0.412842 0.319096 0.600269
0.508978 0.478166 0.463306
0.547081 0.271829 0.293391
0.534777 0.256724 0.717124
0.536942 0.290337 0.362313
0.71037 0.365938 0.537202
0.276569 0.375733 0.494198
0.345503 0.218246 0.47831
0.490756 0.394732 0.697559
0.345508 0.251031 0.57333
0.332665 0.300988 0.612448
0.544633 0.273373 0.632957
0.385789 0.273671 0.623764
0.438521 0.406929 0.302744
0.657584 0.250674 0.470609
0.531633 0.281607 0.648011
0.544872 0.44213 0.336511
0.538481 0.262339 0.634821
0.317167 0.228694 0.527883
0.307773 0.21105 0.507968
0.351068 0.243596 0.57365
0.660202 0.244223 0.473243
0.350488 0.290923 0.447135
0.500552 0.187232 0.317788
0.725184 0.325462 0.488873
0.716723 0.301604 0.445603
0.529994 0.230178 0.31387
0.438631 0.282633 0.285308
0.288454 0.2788 0.522183
0.664759 0.243955 0.424546
0.309232 0.243276 0.531315
0.394461 0.283391 0.340854
0.432451 0.287432 0.288804
0.43259 0.314081 0.623734
0.611242 0.28203 0.422523
0.349011 0.215297 0.498677
0.70653 0.221256 0.504587
0.345011 0.211894 0.48215
0.442735 0.247383 0.650066
0.511425 0.238555 0.654984
0.346805 0.260068 0.578569
0.638242 0.35808 0.642938
0.450291 0.246996 0.340443
0.377144 0.328945 0.553959
0.433767 0.256432 0.30179
0.529868 0.237571 0.332609
0.346213 0.197785 0.494037
0.390831 0.288035 0.661688
0.587993 0.313599 0.405442
0.707742 0.222856 0.51788
0.68721 0.220518 0.544912
0.615322 0.429172 0.612534
0.318216 0.26316 0.545959
0.317035 0.433933 0.504312
0.347729 0.259868 0.414786
0.322522 0.229174 0.530686
0.507984 0.195331 0.347363
0.341542 0.226381 0.472465
0.510583 0.20272 0.308075
0.488027 0.188759 0.308369
0.450221 0.281021 0.343615
0.353105 0.290373 0.368525
0.592712 0.41618 0.329038
0.606405 0.306151 0.418636
0.351571 0.265466 0.519039
0.662651 0.19957 0.533509
0.344046 0.231159 0.462224
0.435344 0.369422 0.700568
0.516035 0.2238 0.352562
0.455046 0.242067 0.339474
0.562153 0.290963 0.702
0.627664 0.267173 0.436621
0.498502 0.191493 0.31148
0.558386 0.471473 0.507247
0.343443 0.1929 0.492992
0.557768 0.269799 0.322718
0.508086 0.468633 0.383962
0.556352 0.238488 0.676906
0.327385 0.254973 0.552581
0.341596 0.219154 0.449711
0.318454 0.27749 0.554582
0.271056 0.330234 0.504967
0.705344 0.225937 0.467447
0.711998 0.266694 0.531527
0.657793 0.422957 0.388611
0.384007 0.262389 0.606095
0.5232 0.210839 0.655784
0.502692 0.41653 0.300794
0.543594 0.229646 0.650287
0.528574 0.247304 0.351929
0.398827 0.314118 0.567712
0.43809 0.274063 0.345488
0.335788 0.328995 0.365286
0.3647 0.293504 0.353165
0.538097 0.351457 0.710693
0.485611 0.190322 0.30609
0.495429 0.184489 0.343222
0.533029 0.397285 0.285703
0.278233 0.361028 0.454403
0.309229 0.202103 0.502236
0.669862 0.343942 0.605392
0.538023 0.266584 0.354369
0.577905 0.300138 0.598561
0.639661 0.353584 0.640682
0.378502 0.387063 0.316249
0.437077 0.458989 0.36324
0.483988 0.46245 0.359858
0.396306 0.33427 0.401259
0.515734 0.218383 0.647719
0.541529 0.284664 0.363416
0.655846 0.218113 0.505075
0.56639 0.266168 0.621846
0.62027 0.457533 0.430649
0.697242 0.215209 0.471091
0.480365 0.191532 0.344581
0.383629 0.290783 0.376339
0.459958 0.235527 0.700771
0.651736 0.211576 0.505119
0.593423 0.45826 0.557188
0.327164 0.442129 0.45266
0.334545 0.22499 0.52627
0.62215 0.261598 0.550349
0.417297 0.333359 0.292936
0.526845 0.23231 0.294136
0.535724 0.290173 0.720388
0.554164 0.389559 0.689083
0.300792 0.192209 0.486352
0.380932 0.292167 0.365434
0.692936 0.378504 0.559373
0.367338 0.307547 0.332915
0.3336 0.237582 0.538612
0.470968 0.19611 0.300768
0.650496 0.197677 0.507766
0.611226 0.304621 0.421184
0.318244 0.397805 0.581824
0.716882 0.367508 0.460405
0.510089 0.221707 0.688941
0.704147 0.221703 0.476625
0.670587 0.229186 0.559177
0.635607 0.270762 0.409812
0.541803 0.252032 0.323271
0.452184 0.477312 0.446213
0.417442 0.3227 0.621449
0.650698 0.212895 0.511896
0.384277 0.47278 0.518259
0.465466 0.186528 0.320148
0.647255 0.33159 0.346244
0.58014 0.286926 0.393345
0.582614 0.321311 0.399556
0.699176 0.212584 0.521686
0.404543 0.468079 0.579247
0.297455 0.278772 0.533017
0.348461 0.339463 0.343582
0.499263 0.231562 0.656177
0.451014 0.477806 0.452356
0.616118 0.29889 0.36941
0.54248 0.246755 0.636394
0.459251 0.191963 0.328019
0.290314 0.269233 0.512432
0.464049 0.244095 0.711647
0.445247 0.281488 0.346135
0.338293 0.222033 0.448205
0.386872 0.291353 0.390855
0.332219 0.403314 0.603867
0.4331 0.244653 0.664018
0.485648 0.182838 0.340814
0.323802 0.244695 0.429124
0.468573 0.202954 0.298275
0.34505 0.436451 0.584479
0.440337 0.252366 0.295733
0.643614 0.226001 0.540413
0.595742 0.266283 0.613634
0.394411 0.269115 0.618131
0.580327 0.245043 0.644387
0.704336 0.367752 0.421826
0.341182 0.277853 0.393101
0.310645 0.412095 0.416403
0.548449 0.376573 0.698842
0.659388 0.225808 0.500445
0.319144 0.20251 0.506451
0.479081 0.472232 0.391464
0.629852 0.422167 0.604953
0.622185 0.40987 0.343054
0.389712 0.314081 0.55852
0.428325 0.314508 0.36304
0.361339 0.309949 0.432701
0.509821 0.234298 0.657207
0.281011 0.388671 0.474893
0.515855 0.476302 0.452053
0.452398 0.225146 0.332206
0.300972 0.286269 0.548806
0.452038 0.223751 0.319521
0.340468 0.293447 0.372802
0.375181 0.306315 0.413863
0.614689 0.275645 0.583018
0.509406 0.460294 0.611668
0.608368 0.300598 0.565585
0.58009 0.284554 0.606557
0.42085 0.324602 0.371059
0.708504 0.230133 0.479973
0.326503 0.248314 0.422468
0.508306 0.228099 0.657977
0.446987 0.278336 0.342497
0.445672 0.239978 0.297674
0.438703 0.431464 0.65799
0.501317 0.47647 0.500701
0.721342 0.347539 0.49177
0.51116 0.476897 0.480982
0.471743 0.478327 0.490407
0.274984 0.347297 0.460089
0.337322 0.184008 0.471752
0.652804 0.218847 0.45193
0.624356 0.264842 0.551328
0.65917 0.440088 0.481425
0.402881 0.32928 0.607955
0.508551 0.194572 0.323064
0.287942 0.285025 0.434819
0.463192 0.244293 0.646099
0.425115 0.479976 0.494096
0.277568 0.289751 0.449908
0.342546 0.246792 0.455674
0.313482 0.218441 0.512814
0.344288 0.289112 0.377815
0.620535 0.261977 0.597404
0.662394 0.225261 0.492403
0.627391 0.45432 0.505812
0.694893 0.210367 0.510654
0.519462 0.452616 0.347501
0.55244 0.284563 0.287261
0.375835 0.468374 0.428173
0.365098 0.295436 0.539395
0.650388 0.216235 0.539068
0.627814 0.279617 0.433469
0.620877 0.268177 0.618081
0.336135 0.245631 0.544544
0.70766 0.229206 0.512022
0.563817 0.46276 0.562901
0.512609 0.242588 0.659651
0.521289 0.251721 0.654181
0.419904 0.284762 0.305722
0.624293 0.295964 0.396481
0.665081 0.20919 0.455713
0.678407 0.337629 0.589323
0.305285 0.207233 0.454157
0.331025 0.339611 0.616873
0.38874 0.287671 0.653943
0.612134 0.293713 0.420773
0.384152 0.293094 0.558421
0.356338 0.392383 0.640315
0.66783 0.426779 0.537083
0.704189 0.268607 0.54421
0.524972 0.464402 0.597466
0.564544 0.282982 0.618465
0.554575 0.280293 0.628835
0.35379 0.273744 0.42016
0.308888 0.399113 0.563286
0.457602 0.232317 0.659214
0.349136 0.254101 0.532712
0.388023 0.293809 0.564018
0.627056 0.29066 0.40213
0.541196 0.253719 0.637958
0.417695 0.294957 0.615184
0.606785 0.46232 0.440019
0.616332 0.293669 0.424141
0.384215 0.473951 0.467095
0.686192 0.338976 0.57778
0.561198 0.293619 0.377896
0.701657 0.295066 0.432177
0.562068 0.471687 0.455935
0.296677 0.360505 0.410922
0.323378 0.251245 0.425162
0.698751 0.232034 0.5397
0.383016 0.340667 0.575918
0.518693 0.256917 0.66224
0.420144 0.27811 0.626712
0.383965 0.289255 0.32862
0.369661 0.288047 0.632836
0.453839 0.237763 0.290222
0.579732 0.254002 0.650304
0.659081 0.34734 0.353244
0.395821 0.328645 0.575878
0.438859 0.254525 0.298929
0.623431 0.268808 0.587363
0.303532 0.37986 0.401145
0.622597 0.455463 0.512926
0.657577 0.398708 0.594534
0.472148 0.318134 0.262672
0.489003 0.269263 0.275279
0.570389 0.465623 0.538405
0.481435 0.194988 0.335835
0.59507 0.259902 0.62722
0.384678 0.300774 0.663961
0.65627 0.437499 0.53255
0.381109 0.322241 0.55898
0.331772 0.185379 0.469607
0.682073 0.215583 0.537731
0.614498 0.459663 0.449985
0.696753 0.359366 0.402354
0.45958 0.365357 0.273244
0.484742 0.205983 0.666881
0.348287 0.261215 0.522678
0.403637 0.315999 0.593279
0.687362 0.404134 0.430141
0.503533 0.218201 0.343808
0.350705 0.264173 0.581174
0.543103 0.231898 0.655525
0.404845 0.320044 0.605434
0.570235 0.300974 0.387036
0.556509 0.27564 0.314325
0.625608 0.267664 0.589693
0.285995 0.387687 0.520678
0.378788 0.289272 0.334312
0.558817 0.290659 0.702873
0.617277 0.295069 0.341629
0.473221 0.231698 0.653112
0.661554 0.242968 0.568231
0.607315 0.265128 0.622834
0.293371 0.386764 0.548441
0.717401 0.28657 0.503799
0.541315 0.46181 0.379719
0.361861 0.2933 0.633568
0.566279 0.273193 0.622812
0.388543 0.291544 0.658116
0.511757 0.219386 0.302036
0.696282 0.39779 0.445957
0.668232 0.424652 0.53947
0.552775 0.241868 0.649484
0.510092 0.47428 0.516053
0.702785 0.226796 0.527742
0.274427 0.324247 0.456265
0.402821 0.304449 0.679391
0.66286 0.211623 0.499055
0.676325 0.197263 0.516238
0.493084 0.475541 0.42464
0.277074 0.29384 0.451452
0.64211 0.248635 0.540616
0.481824 0.182885 0.330564
0.556827 0.263999 0.631741
0.438285 0.407562 0.676839
0.563478 0.247483 0.665101
0.336394 0.210575 0.501379
0.545119 0.46992 0.530578
0.304215 0.241172 0.513917
0.611398 0.301986 0.405949
0.286043 0.229181 0.484463
0.625323 0.271436 0.573879
0.712025 0.255108 0.488102
0.36075 0.299175 0.358196
0.329584 0.198698 0.460913
0.444488 0.271822 0.335665
0.446026 0.268081 0.28764
0.480776 0.472872 0.573344
0.50609 0.207405 0.336844
0.435066 0.272972 0.64113
0.591801 0.327535 0.307675
0.560402 0.242904 0.660598
0.591341 0.45379 0.571782
0.548537 0.299719 0.363168
0.669318 0.235081 0.483672
0.509833 0.454417 0.621642
0.481744 0.22309 0.651805
0.289444 0.356754 0.559245
0.498559 0.47296 0.556685
0.515568 0.414644 0.678691
0.342567 0.286977 0.386059
0.279694 0.337788 0.542637
0.306852 0.393279 0.405995
0.60452 0.304923 0.579709
0.518675 0.239102 0.341111
0.358574 0.307529 0.547024
0.333564 0.240846 0.461702
0.476816 0.474898 0.55322
0.308622 0.265333 0.428153
0.376251 0.300932 0.327254
0.430652 0.297306 0.6298
0.550629 0.470654 0.501076
0.524904 0.234499 0.703572
0.374126 0.312331 0.411062
0.393263 0.317167 0.57878
0.482797 0.223258 0.686824
0.479171 0.4741 0.555826
0.346287 0.281189 0.529456
0.367249 0.398857 0.332328
0.35867 0.30092 0.359803
0.58156 0.269055 0.652374
0.698098 0.222695 0.517084
0.346669 0.27607 0.586787
0.508413 0.456198 0.354578
0.667289 0.221351 0.496537
0.573682 0.282141 0.346684
0.30625 0.244598 0.515819
0.432 0.472433 0.413034
0.646057 0.249819 0.428541
0.655985 0.217411 0.526266
0.448542 0.313587 0.27376
0.328214 0.224568 0.515061
0.493157 0.474932 0.434525
0.449031 0.239664 0.680894
0.484458 0.208252 0.298519
0.520762 0.22872 0.312845
0.636182 0.32096 0.640747
0.415468 0.275843 0.655571
0.552375 0.304027 0.365383
0.50123 0.23083 0.696461
0.420493 0.461895 0.605855
0.621063 0.270649 0.596411
0.680538 0.227159 0.454327
0.449418 0.259459 0.328588
0.549915 0.270963 0.639709
0.346541 0.272399 0.402622
0.558297 0.45578 0.595154
0.396726 0.326328 0.596974
0.363433 0.313822 0.553626
0.480569 0.475502 0.449964
0.291189 0.232859 0.491952
0.487952 0.219979 0.657369
0.59866 0.293419 0.599424
0.362183 0.289758 0.546061
0.634904 0.295641 0.391837
0.351478 0.28979 0.386108
0.287588 0.258261 0.451491
0.378174 0.466321 0.416539
0.403436 0.294403 0.612709
0.343771 0.278162 0.400609
0.672602 0.274172 0.574901
0.711696 0.267908 0.499735
0.331646 0.236513 0.458447
0.501665 0.22475 0.682952
0.448085 0.245481 0.315796
0.646461 0.249003 0.544048
0.383527 0.313504 0.565018
0.343368 0.291076 0.444433
0.412134 0.306912 0.628209
0.601056 0.292871 0.597012
0.36778 0.261216 0.588955
0.605674 0.394164 0.325149
0.314613 0.189282 0.470527
0.452492 0.269416 0.64943
0.697504 0.2362 0.538069
0.518288 0.427768 0.314119
0.418554 0.279469 0.337714
0.449906 0.355282 0.276899
0.602838 0.335219 0.313959
0.571332 0.280754 0.679254
0.531805 0.392685 0.283656
0.525934 0.474285 0.471967
0.476296 0.210945 0.66718
0.665116 0.208149 0.509732
0.522736 0.235875 0.302417
0.575392 0.29353 0.618716
0.287694 0.235935 0.485777
0.354519 0.275923 0.409092
0.657456 0.282267 0.408846
0.417174 0.47839 0.498113
0.414482 0.452189 0.62169
0.346692 0.284402 0.395227
0.400192 0.296544 0.61035
0.461715 0.243855 0.654902
0.610362 0.450323 0.558831
0.347074 0.453195 0.419752
0.580172 0.30349 0.370049
0.377461 0.299497 0.363292
0.413096 0.414191 0.316368
0.499527 0.473756 0.446494
0.40877 0.294228 0.621943
0.334352 0.342986 0.620173
0.427636 0.327896 0.289169
0.510785 0.218934 0.320433
0.407896 0.374118 0.294356
0.391672 0.373598 0.675966
0.309485 0.241424 0.443454
0.677678 0.230085 0.476016
0.543384 0.246668 0.650403
0.515918 0.243228 0.711947
0.674817 0.370365 0.592002
0.385747 0.29961 0.360616
0.383577 0.31674 0.569904
0.320107 0.208233 0.464724
0.431577 0.477038 0.4639
0.615882 0.306859 0.414132
0.593587 0.36932 0.307681
0.303564 0.230908 0.503231
0.485195 0.221903 0.679793
0.517182 0.249691 0.7153
0.588946 0.27284 0.62668
0.403515 0.306883 0.615316
0.375626 0.299831 0.378665
0.309665 0.294428 0.560954
0.504343 0.472997 0.497324
0.521943 0.459389 0.367749
0.422475 0.421072 0.31838
0.343655 0.281583 0.401133
0.503318 0.226994 0.680172
0.51208 0.236791 0.325857
0.350204 0.361208 0.642335
0.445991 0.27487 0.70387
0.501111 0.219236 0.309365
0.312068 0.241083 0.512975
0.418863 0.281894 0.635268
0.718563 0.290212 0.466455
0.620826 0.304929 0.367701
0.487809 0.239904 0.66046
0.35704 0.278426 0.598469
0.526041 0.237146 0.663111
0.48879 0.222208 0.296767
0.563493 0.413731 0.316859
0.310714 0.207604 0.462942
0.362001 0.299409 0.374271
0.584774 0.298985 0.616641
0.71973 0.355897 0.468809
0.59226 0.331438 0.393363
0.453799 0.253242 0.316064
0.463577 0.232977 0.309435
0.723515 0.329377 0.467227
0.312027 0.282358 0.540582
0.498265 0.236072 0.665554
0.315096 0.228027 0.50707
0.708922 0.271097 0.527452
0.335664 0.291217 0.389402
0.57837 0.429735 0.634385
0.592043 0.330702 0.679114
0.670637 0.207935 0.515046
0.367135 0.273531 0.570186
0.420421 0.289473 0.312243
0.358119 0.272404 0.562064
0.58886 0.297121 0.318096
0.457047 0.237862 0.679441
0.341342 0.279212 0.406292
0.588161 0.284257 0.623587
0.379993 0.309521 0.395221
0.630409 0.2784 0.591506
0.503439 0.389411 0.281932
0.431282 0.291539 0.641291
0.602251 0.315103 0.603434
0.319038 0.282195 0.545579
0.292368 0.210587 0.473217
0.469948 0.473871 0.454696
0.569836 0.437307 0.343516
0.311209 0.225485 0.455687
0.589062 0.272477 0.640791
0.515234 0.235292 0.68883
0.630442 0.281154 0.603985
0.674183 0.252171 0.479647
0.445154 0.244411 0.665875
0.394108 0.314872 0.621627
0.57882 0.29833 0.626283
0.300985 0.413021 0.462595
0.454706 0.237836 0.674186
0.530689 0.350568 0.268896
0.506943 0.472184 0.497048
0.648472 0.261873 0.570685
0.377286 0.313708 0.573655
0.483516 0.235802 0.696946
0.515815 0.468224 0.57335
0.70553 0.245284 0.518899
0.644867 0.443355 0.51992
0.516604 0.46303 0.596357
0.662558 0.328152 0.362468
0.292273 0.259699 0.45081
0.376195 0.325477 0.325063
0.506751 0.234111 0.306147
0.618231 0.301262 0.343157
0.632101 0.282183 0.597847
0.334919 0.272327 0.433951
0.402733 0.475383 0.489954
0.495298 0.238557 0.696194
0.572805 0.321736 0.369721
0.365933 0.304223 0.375243
0.341962 0.274202 0.419374
0.30816 0.229388 0.458093
0.310251 0.231645 0.457223
0.412129 0.286058 0.635808
0.68311 0.350293 0.3826
0.57931 0.466533 0.441342
0.534058 0.244952 0.665451
0.718068 0.363145 0.474162
0.349268 0.455588 0.506309
0.466495 0.245821 0.705614
0.546301 0.27249 0.32488
0.458289 0.255611 0.288392
0.454524 0.460455 0.61071
0.622583 0.312196 0.391719
0.428467 0.291067 0.330891
0.438796 0.461787 0.377468
0.446965 0.452439 0.626708
0.373259 0.317265 0.585649
0.651338 0.422617 0.564733
0.510219 0.461386 0.601224
0.362184 0.309007 0.360295
0.624554 0.283466 0.597501
0.562074 0.274117 0.683378
0.528631 0.336841 0.267627
0.38977 0.311716 0.603138
0.359835 0.296929 0.627913
0.396927 0.309035 0.628057
0.3454 0.381272 0.344714
0.300138 0.233766 0.462104
0.636474 0.308454 0.363114
0.475001 0.319262 0.72307
0.327127 0.270476 0.447898
0.540986 0.275772 0.32895
0.662081 0.244779 0.552125
0.643041 0.286484 0.418522
0.538185 0.273563 0.326466
0.689666 0.243851 0.471344
0.33972 0.276055 0.544365
0.582635 0.326629 0.374784
0.45151 0.47482 0.489069
0.37488 0.308925 0.371961
0.589574 0.463049 0.488852
0.460391 0.47139 0.561109
0.529602 0.251184 0.674693
0.618424 0.322722 0.398539
0.626952 0.289504 0.59017
0.465634 0.326315 0.719582
0.454465 0.437891 0.327905
0.684365 0.401874 0.421498
0.666745 0.268154 0.432915
0.293313 0.294747 0.534278
0.435441 0.381467 0.690857
0.38591 0.307201 0.321336
0.536779 0.455953 0.369442
0.512645 0.470617 0.487685
0.679271 0.242906 0.488695
0.696794 0.247491 0.47999
0.439211 0.291917 0.292024
0.499016 0.283632 0.277117
0.46302 0.260801 0.710116
0.608056 0.372443 0.3175
0.689224 0.40212 0.439289
0.29599 0.297481 0.538588
0.3248 0.426595 0.405276
0.499223 0.445874 0.635701
0.650491 0.300646 0.380814
0.66498 0.247186 0.544347
0.656595 0.26157 0.439709
0.28726 0.335666 0.55017
0.464643 0.472796 0.516635
0.686932 0.247524 0.475104
0.459822 0.239237 0.674066
0.687618 0.395037 0.540733
0.398137 0.311078 0.359569
0.661023 0.311463 0.607917
0.49557 0.248837 0.304561
0.49151 0.233105 0.674182
0.601302 0.455042 0.540595
0.332488 0.27759 0.422252
0.598603 0.458054 0.526091
0.596585 0.429455 0.621082
0.494178 0.242163 0.692768
0.271243 0.319581 0.475839
0.492175 0.471133 0.473274
0.383873 0.318972 0.61049
0.700635 0.254789 0.479626
0.352322 0.291216 0.406279
0.461287 0.309137 0.272546
0.307819 0.286315 0.527648
0.345109 0.290607 0.559672
0.365474 0.458136 0.406988
0.459942 0.404069 0.298778
0.549931 0.431478 0.643713
0.69569 0.39401 0.443667
0.422029 0.473282 0.446019
0.372227 0.466739 0.494191
0.359607 0.460573 0.503105
0.38709 0.29384 0.628046
0.279128 0.306196 0.513448
0.633181 0.316235 0.350433
0.402309 0.324918 0.310137
0.636757 0.314508 0.402981
0.288425 0.25972 0.480369
0.661235 0.276454 0.431479
0.359035 0.437429 0.595123
0.501065 0.25424 0.708531
0.62098 0.333755 0.330077
0.303882 0.273774 0.504552
0.657205 0.276899 0.431045
0.579229 0.452106 0.574072
0.360617 0.293155 0.60818
0.454552 0.263961 0.297047
0.276157 0.311167 0.460306
0.69009 0.395122 0.429043
0.3117 0.328904 0.573781
0.395408 0.306853 0.352539
0.456719 0.438023 0.649741
0.342 0.323511 0.374823
0.690247 0.273999 0.550894
0.505094 0.260125 0.305136
0.636293 0.310965 0.401457
0.630342 0.292569 0.598609
0.583079 0.463758 0.464392
0.681949 0.246556 0.499856
0.538437 0.459677 0.58937
0.504137 0.336668 0.269504
0.663463 0.259544 0.447121
0.594464 0.460909 0.484321
0.317428 0.284651 0.522571
0.315822 0.284635 0.521205
0.514105 0.468875 0.420071
0.627673 0.448057 0.529709
0.360509 0.386061 0.643763
0.358695 0.291761 0.581332
0.369074 0.301987 0.602715
0.436969 0.277731 0.686435
0.547681 0.416524 0.315837
0.392593 0.325382 0.367082
0.528578 0.438351 0.334393
0.666298 0.281298 0.431715
0.645534 0.305744 0.405596
0.293815 0.397251 0.458046
0.535084 0.431476 0.648833
0.322915 0.290286 0.425432
0.348589 0.371707 0.63775
0.362791 0.302921 0.590092
0.557884 0.33452 0.284803
0.680592 0.249086 0.510979
0.479626 0.262124 0.289696
0.580595 0.291136 0.641099
0.560176 0.463989 0.469154
0.530258 0.274839 0.309698
0.491799 0.309762 0.269899
0.414382 0.474962 0.494326
0.65129 0.314251 0.365052
0.608354 0.457094 0.455639
0.531506 0.460079 0.591673
0.347625 0.303403 0.415652
0.409946 0.321589 0.308285
0.51979 0.467156 0.466559
0.336289 0.32938 0.376244
0.438224 0.376254 0.287986
0.693478 0.278256 0.45385
0.474456 0.246616 0.695889
0.621583 0.45113 0.412514
0.691145 0.279051 0.550121
0.584116 0.304183 0.346126
0.416193 0.295305 0.650808
0.632784 0.426826 0.582778
0.501185 0.296509 0.275126
0.275504 0.340561 0.483209
0.458703 0.247273 0.67368
0.289109 0.301935 0.513129
0.395007 0.313207 0.351375
0.333505 0.297589 0.405882
0.69447 0.302687 0.430053
0.451854 0.438089 0.647002
0.576009 0.414755 0.326726
0.51556 0.26918 0.708414
0.591803 0.359487 0.311045
0.378357 0.312101 0.612416
0.339658 0.308036 0.388774
0.506545 0.27928 0.712116
0.38338 0.316439 0.359372
0.598315 0.304152 0.655198
0.602748 0.30751 0.347331
0.432345 0.303727 0.301262
0.589963 0.454931 0.541774
0.325422 0.331886 0.586898
0.705085 0.282133 0.504878
0.514038 0.284512 0.712568
0.662668 0.426565 0.530934
0.689185 0.291536 0.437551
0.313516 0.281204 0.446158
0.317228 0.368123 0.593944
0.505397 0.284868 0.713552
0.321081 0.297987 0.54376
0.693178 0.25526 0.526669
0.572603 0.399456 0.315753
0.679817 0.288758 0.564918
0.481656 0.467465 0.531491
0.411176 0.300992 0.66872
0.594707 0.458627 0.409305
0.293697 0.309792 0.546466
0.43817 0.26068 0.669308
0.676009 0.24721 0.534775
0.365282 0.327708 0.372466
0.483331 0.46589 0.461488
0.573138 0.330184 0.686405
0.434447 0.297329 0.690657
0.354857 0.311281 0.601809
0.702588 0.312645 0.431296
0.64573 0.394229 0.607252
0.312629 0.288574 0.446071
0.415257 0.313058 0.324667
0.712745 0.322324 0.530574
0.603305 0.312072 0.657293
0.294153 0.30549 0.528226
0.487811 0.465776 0.510244
0.475977 0.305729 0.274733
0.460597 0.343366 0.278137
0.303248 0.280927 0.451161
0.299634 0.347919 0.560808
0.64521 0.439564 0.499615
0.410229 0.473706 0.517025
0.382597 0.322027 0.360989
0.495041 0.272721 0.709175
0.681312 0.276626 0.451879
0.305602 0.281177 0.452152
0.368686 0.312678 0.631046
0.485885 0.285616 0.282885
0.553179 0.397256 0.677674
0.397323 0.32008 0.66866
0.587622 0.439429 0.604046
0.479043 0.467611 0.439714
0.486947 0.465656 0.528594
0.603451 0.308025 0.650361
0.620594 0.315859 0.598659
0.461745 0.467702 0.559409
0.284348 0.381863 0.488479
0.352048 0.310671 0.605995
0.707113 0.338816 0.435003
0.327104 0.336514 0.585735
0.487175 0.464296 0.493702
0.367006 0.330181 0.362122
0.455264 0.271955 0.699275
0.559913 0.374767 0.6886
0.703393 0.364349 0.434906
0.316544 0.368795 0.383457
0.481784 0.334691 0.273238
0.35264 0.356175 0.345248
0.486048 0.464359 0.489667
0.529811 0.289078 0.288816
0.380453 0.327247 0.622298
0.417482 0.435403 0.337698
0.569032 0.452331 0.564962
0.561333 0.286391 0.663748
0.285218 0.286918 0.473011
0.701494 0.350109 0.426749
0.540609 0.292414 0.296524
0.656453 0.311822 0.397723
0.561257 0.324781 0.289955
0.338094 0.443191 0.526392
0.6865 0.268372 0.503366
0.46366 0.255431 0.674218
0.404257 0.318991 0.333091
0.4838 0.464688 0.567933
0.558259 0.354032 0.290018
0.295226 0.327206 0.43145
0.388489 0.311928 0.336297
0.338227 0.370389 0.353437
0.698609 0.288199 0.460845
0.51129 0.373695 0.278216
0.448935 0.397574 0.300873
0.385988 0.316223 0.651259
0.340973 0.318246 0.408963
0.580867 0.331225 0.309938
0.422311 0.316269 0.684305
0.305744 0.358789 0.565849
0.675835 0.284754 0.45612
0.691801 0.273577 0.516118
0.506161 0.327894 0.712949
0.612829 0.450437 0.501591
0.649515 0.437199 0.440733
0.394038 0.462756 0.411191
0.545876 0.458671 0.476932
0.367962 0.339785 0.609226
0.362988 0.337734 0.376838
0.665679 0.359178 0.595225
0.554425 0.457398 0.516521
0.582045 0.458535 0.407748
0.4758 0.464233 0.569935
0.481457 0.462454 0.467218
0.348165 0.336952 0.372141
0.678267 0.287515 0.558807
0.304079 0.404757 0.52271
0.613699 0.381455 0.329408
0.443979 0.466868 0.453355
0.661396 0.313089 0.585784
0.373843 0.34622 0.372067
0.378016 0.34734 0.322439
0.369879 0.463107 0.46397
0.63408 0.320979 0.593818
0.323636 0.432484 0.493954
0.536601 0.460311 0.440072
0.561129 0.457201 0.505623
0.674213 0.327196 0.384614
0.287653 0.364998 0.529766
0.644853 0.321025 0.37457
0.579953 0.45853 0.480992
0.459698 0.288893 0.707459
0.462999 0.414784 0.311154
0.620658 0.450513 0.437385
0.329141 0.369053 0.608394
0.308021 0.360449 0.407425
0.687326 0.289631 0.476815
0.463563 0.27808 0.704472
0.523657 0.331636 0.70917
0.358987 0.4574 0.4669
0.588143 0.458812 0.43395
0.574371 0.316101 0.676905
0.306609 0.310695 0.439082
0.336021 0.324301 0.400451
0.551604 0.307044 0.301901
0.534421 0.284045 0.694757
0.534816 0.299707 0.701441
0.50872 0.304487 0.288795
0.521482 0.391009 0.290986
0.678896 0.406593 0.429792
0.310773 0.369455 0.397034
0.543862 0.457899 0.407082
0.359149 0.341978 0.368728
0.475592 0.419991 0.669379
0.707329 0.303721 0.483893
0.567945 0.457527 0.476054
0.318784 0.349156 0.391174
0.527504 0.34712 0.706062
0.369869 0.4592 0.527967
0.692661 0.285131 0.496525
0.39883 0.325303 0.664839
0.471899 0.302908 0.714231
0.379217 0.326369 0.636779
0.547361 0.306459 0.29404
0.534586 0.458337 0.445421
0.567375 0.458907 0.445122
0.315047 0.328226 0.567242
0.37255 0.342255 0.334235
0.426227 0.333559 0.686947
0.439122 0.46839 0.541051
0.569436 0.456673 0.401927
0.367136 0.337038 0.6304
0.687336 0.290645 0.494558
0.680078 0.364663 0.38979
0.538926 0.334372 0.702522
0.683254 0.409517 0.469741
0.560291 0.458225 0.430117
0.305155 0.408536 0.467544
0.489876 0.344207 0.278149
0.298254 0.312896 0.448147
0.446959 0.291528 0.692861
0.486648 0.370661 0.282259
0.566192 0.43704 0.355441
0.503004 0.441479 0.631986
0.607826 0.425291 0.608333
0.361016 0.349643 0.359492
0.307523 0.400989 0.440715
0.437383 0.286073 0.675118
0.303179 0.333316 0.556919
0.298219 0.373327 0.433013
0.485046 0.458238 0.483192
0.444804 0.371969 0.291035
0.315008 0.418757 0.458186
0.703985 0.304266 0.491568
0.36202 0.425094 0.610511
0.625572 0.338506 0.348885
0.346382 0.443369 0.408618
0.367596 0.449728 0.395659
0.577584 0.458885 0.432164
0.490191 0.28278 0.703473
0.321361 0.326137 0.413324
0.465852 0.462574 0.563205
0.48894 0.270862 0.688639
0.286072 0.302759 0.474554
0.302558 0.404418 0.490785
0.622108 0.321464 0.622988
0.360888 0.344233 0.630461
0.294447 0.390986 0.488055
0.686269 0.291295 0.511178
0.437725 0.46575 0.493567
0.553887 0.332662 0.69292
0.427246 0.462522 0.416094
0.540338 0.455464 0.435372
0.514697 0.29586 0.688912
0.624545 0.32956 0.611125
0.287399 0.315663 0.492647
0.656766 0.328778 0.584008
0.418752 0.462691 0.418813
0.626557 0.437665 0.542943
0.468674 0.45746 0.471009
0.693187 0.356592 0.421625
0.490798 0.278019 0.688627
0.310763 0.415054 0.475782
0.687183 0.288164 0.52147
0.309254 0.328482 0.433685
0.598249 0.343994 0.656344
0.687973 0.29443 0.501445
0.341491 0.358141 0.609495
0.351483 0.447966 0.529173
0.382378 0.35393 0.322939
0.391283 0.350927 0.663321
0.696647 0.343264 0.545732
0.396662 0.444003 0.613282
0.326306 0.366887 0.591054
0.370231 0.426313 0.616185
0.415748 0.423314 0.648387
0.49106 0.280295 0.686852
0.366549 0.342658 0.619911
0.684029 0.350486 0.402664
0.67948 0.329848 0.567356
0.321204 0.338846 0.408396
0.494756 0.405096 0.305896
0.54931 0.452845 0.457508
0.363213 0.364957 0.349513
0.68566 0.292553 0.526882
0.609907 0.372779 0.654927
0.564518 0.341099 0.682103
0.694913 0.353809 0.428648
0.523077 0.45327 0.447658
0.293966 0.318716 0.506148
0.467165 0.426955 0.657842
0.307527 0.335964 0.556292
0.537104 0.445304 0.605282
0.301161 0.397049 0.498001
0.564513 0.320453 0.674148
0.416669 0.384785 0.307875
0.327358 0.344892 0.570488
0.64393 0.359455 0.613894
0.317497 0.418248 0.509984
0.55268 0.416698 0.329316
0.662786 0.323062 0.570193
0.517755 0.45289 0.505287
0.517342 0.45314 0.511513
0.702281 0.368998 0.503213
0.413856 0.411141 0.656542
0.518669 0.39624 0.681536
0.40488 0.352056 0.325083
0.623639 0.429939 0.377144
0.400958 0.37827 0.310732
0.68295 0.321548 0.419601
0.612764 0.398621 0.342465
0.290686 0.33172 0.532178
0.667426 0.32269 0.569909
0.645648 0.41484 0.379819
0.423739 0.464706 0.471071
0.545769 0.309899 0.680249
0.650741 0.350587 0.601376
0.283356 0.331311 0.486155
0.383577 0.345983 0.638304
0.323779 0.394595 0.569793
0.680957 0.310911 0.547039
0.38876 0.389644 0.323972
0.573594 0.352738 0.672045
0.467456 0.42486 0.324934
0.50699 0.44985 0.459547
0.478994 0.372133 0.288781
0.701779 0.349066 0.517013
0.350685 0.361915 0.609564
0.31954 0.417869 0.521908
0.67719 0.311892 0.550103
0.665523 0.419824 0.448388
0.38873 0.368907 0.661183
0.322868 0.415442 0.426065
0.339957 0.432665 0.548625
0.329368 0.420209 0.550583
0.443634 0.333262 0.692927
0.697011 0.31376 0.457404
0.377092 0.368369 0.327132
0.291805 0.326832 0.512381
0.513295 0.409488 0.314278
0.446146 0.297831 0.681977
0.708416 0.336823 0.481314
0.356651 0.384614 0.348782
0.573668 0.399593 0.656734
0.416364 0.466279 0.505616
0.667857 0.386253 0.565596
0.431496 0.464797 0.509713
0.70478 0.352935 0.49522
0.481439 0.453734 0.527507
0.510218 0.449776 0.487252
0.606727 0.432077 0.58768
0.517584 0.452354 0.390317
0.632423 0.437386 0.483579
0.566662 0.414504 0.642059
0.547319 0.44912 0.506168
0.302701 0.389671 0.456683
0.317837 0.372012 0.405951
0.707142 0.34347 0.468721
0.679481 0.331367 0.554876
0.480486 0.338614 0.704442
0.504416 0.446606 0.46351
0.626534 0.383461 0.348518
0.333579 0.431034 0.531987
0.543018 0.322679 0.680673
0.440505 0.348873 0.307654
0.590124 0.440172 0.5708
0.583809 0.424561 0.617687
0.290951 0.350711 0.505319
0.495272 0.456037 0.42293
0.606158 0.368187 0.649217
0.463412 0.288779 0.688453
0.303626 0.398732 0.473027
0.676287 0.323489 0.437098
0.452748 0.30015 0.685452
0.437678 0.384705 0.305811
0.498153 0.436153 0.342853
0.504617 0.440633 0.622617
0.295425 0.329097 0.492109
0.457533 0.434949 0.641049
0.669504 0.335579 0.398797
0.464708 0.451999 0.479202
0.346493 0.371988 0.601271
0.298105 0.336407 0.534602
0.572001 0.443895 0.562613
0.695151 0.31634 0.482616
0.657681 0.357067 0.581699
0.4777 0.41558 0.666896
0.36026 0.449611 0.528988
0.685209 0.393118 0.444676
0.515518 0.451882 0.563372
0.465491 0.413059 0.318619
0.398104 0.361843 0.651131
0.305689 0.360852 0.443002
0.452734 0.451204 0.604924
0.674397 0.330473 0.551389
0.671219 0.337862 0.557291
0.489163 0.443369 0.473781
0.382641 0.45244 0.558105
0.554193 0.44519 0.474465
0.57333 0.410932 0.337143
0.619914 0.35842 0.621791
0.503853 0.332125 0.699597
0.580965 0.371756 0.322289
0.676831 0.329353 0.430207
0.536576 0.360752 0.690022
0.346528 0.421749 0.583112
0.462768 0.356684 0.297251
0.620145 0.369286 0.34534
0.653798 0.354477 0.574119
0.30092 0.343021 0.511096
0.652409 0.377617 0.372078
0.411744 0.358941 0.667603
0.508934 0.325539 0.697392
0.452408 0.395895 0.311681
0.456373 0.323997 0.695535
0.670464 0.356865 0.562332
0.472181 0.324008 0.704043
0.697982 0.350141 0.448798
0.511311 0.347564 0.292583
0.480868 0.447605 0.503866
0.469701 0.447845 0.364564
0.524634 0.354689 0.291396
0.578949 0.361908 0.649631
0.357542 0.373981 0.613415
0.546101 0.328384 0.683826
0.368973 0.366785 0.62562
0.674201 0.358888 0.557992
0.313299 0.399553 0.516017
0.296919 0.351998 0.468046
0.586967 0.364331 0.332862
0.327436 0.369005 0.564793
0.508741 0.444741 0.602681
0.472023 0.444027 0.479932
0.565209 0.42852 0.3561
0.313096 0.387336 0.43822
0.576088 0.448258 0.452013
0.503738 0.362605 0.692388
0.45404 0.373183 0.304733
0.657245 0.419373 0.481335
0.607592 0.367889 0.62983
0.655643 0.421363 0.460784
0.516726 0.446967 0.540296
0.461752 0.411789 0.323602
0.509051 0.44194 0.610376
0.699978 0.331318 0.46295
0.569706 0.387146 0.324349
0.465401 0.428672 0.336086
0.691297 0.33783 0.51598
0.511915 0.366261 0.296743
0.563879 0.407833 0.644742
0.454385 0.360872 0.306304
0.690636 0.375983 0.446739
0.471574 0.453844 0.399348
0.575342 0.403819 0.643551
0.300098 0.378644 0.484477
0.343663 0.43551 0.449639
0.612168 0.370657 0.349084
0.440747 0.45512 0.44206
0.386106 0.448457 0.39821
0.668788 0.369162 0.391831
0.528278 0.447015 0.551062
0.566106 0.418981 0.344111
0.456168 0.455464 0.415592
0.379725 0.379504 0.641435
0.373696 0.449642 0.419852
0.305401 0.36565 0.503259
0.478296 0.439025 0.473388
0.505792 0.334336 0.687393
0.465807 0.443477 0.481211
0.459987 0.450863 0.393068
0.677211 0.400348 0.461999
0.682836 0.327215 0.521704
0.611157 0.429493 0.566655
0.555963 0.358064 0.667443
0.54239 0.446651 0.419252
0.566085 0.449089 0.424816
0.469407 0.442691 0.46632
0.570651 0.369742 0.323726
0.610034 0.427506 0.577934
0.400212 0.393693 0.654055
0.322367 0.393179 0.425363
0.65472 0.365745 0.565675
0.682266 0.340803 0.43729
0.67171 0.389471 0.53727
0.68693 0.334619 0.515556
0.647219 0.366161 0.568077
0.563764 0.405614 0.334782
0.461992 0.385551 0.310065
0.517276 0.356754 0.299522
0.392199 0.422329 0.352579
0.543658 0.443363 0.542431
0.636433 0.419079 0.550715
0.663099 0.362399 0.558431
0.398957 0.377183 0.644574
0.560454 0.446987 0.437098
0.434062 0.384376 0.672407
0.568253 0.449267 0.417739
0.459591 0.325326 0.685448
0.678534 0.325508 0.512434
0.369884 0.401135 0.623398
0.585237 0.385728 0.336923
0.588467 0.378028 0.638951
0.519933 0.442891 0.43604
0.526271 0.441121 0.596472
0.445218 0.448028 0.47913
0.500886 0.445718 0.431326
0.669107 0.362824 0.545911
0.662645 0.411538 0.457933
0.479533 0.445803 0.439445
0.68378 0.356378 0.520855
0.372113 0.391916 0.625366
0.307778 0.365464 0.476411
0.339817 0.423253 0.467161
0.468806 0.443433 0.521302
0.686363 0.382086 0.48185
0.438051 0.451734 0.412912
0.524412 0.428767 0.625418
0.56366 0.398902 0.648605
0.56253 0.440272 0.533918
0.503991 0.365278 0.68427
0.344116 0.409883 0.394821
0.602312 0.385668 0.356195
0.627913 0.42852 0.518583
0.688722 0.343618 0.455565
0.329833 0.410972 0.468543
0.561708 0.417866 0.346865
0.625069 0.380198 0.385268
0.485131 0.445699 0.558435
0.417323 0.374193 0.648765
0.508834 0.350074 0.684226
0.684804 0.348348 0.517758
0.483927 0.39634 0.673984
0.308062 0.3786 0.474475
0.453836 0.432994 0.349981
0.692112 0.362123 0.480882
0.338125 0.415912 0.476201
0.603639 0.415746 0.365073
0.434373 0.450222 0.418883
0.534037 0.43831 0.440523
0.326875 0.405248 0.527655
0.416437 0.451247 0.476363
0.628381 0.388358 0.590025
0.461161 0.443546 0.523852
0.651611 0.413238 0.500185
0.328318 0.386271 0.434539
0.575817 0.404562 0.631733
0.349501 0.43012 0.418162
0.630447 0.382452 0.378335
0.458311 0.342806 0.677752
0.622434 0.431619 0.458444
0.67595 0.385404 0.503039
0.62338 0.383219 0.576572
0.513665 0.444373 0.418354
0.475683 0.432696 0.47778
0.341492 0.426385 0.519577
0.391153 0.451636 0.493107
0.333297 0.40848 0.455654
0.366204 0.443117 0.539869
0.58957 0.428209 0.590132
0.606445 0.386751 0.620275
0.379002 0.415446 0.620826
0.504105 0.443685 0.575517
0.516268 0.432893 0.482569
0.388534 0.448958 0.475557
0.535047 0.402692 0.655125
0.412838 0.440382 0.376761
0.452623 0.373039 0.676502
0.447294 0.391895 0.324207
0.614414 0.387573 0.374741
0.686411 0.348089 0.484212
0.473551 0.363619 0.313172
0.349544 0.421089 0.463024
0.454303 0.353241 0.668246
0.338127 0.403159 0.546904
0.587585 0.444243 0.420646
0.354072 0.425956 0.460334
0.377251 0.442943 0.476114
0.378948 0.40568 0.595841
0.499883 0.366181 0.675707
0.542082 0.440312 0.41897
0.554656 0.401677 0.641551
0.68131 0.355633 0.491234
0.540546 0.403516 0.647054
0.437325 0.421802 0.348234
0.409109 0.388378 0.635198
0.474166 0.379466 0.6758
0.675155 0.359348 0.448876
0.332961 0.400915 0.456738
0.353662 0.401765 0.563566
0.35375 0.424321 0.470612
0.590909 0.390647 0.625217
0.657984 0.369788 0.54566
0.433088 0.385743 0.659927
0.370668 0.417174 0.601908
0.63235 0.417509 0.390903
0.488654 0.43443 0.36303
0.579758 0.419973 0.361833
0.665531 0.348082 0.536683
0.620409 0.390949 0.586286
0.68314 0.359073 0.476139
0.593746 0.393626 0.359343
0.54547 0.395754 0.331103
0.525592 0.397203 0.326222
0.490126 0.364573 0.319919
0.461523 0.404229 0.331797
0.673096 0.354167 0.531155
0.431227 0.387975 0.658561
0.414391 0.3884 0.63243
0.461893 0.391693 0.331559
0.502594 0.366056 0.324053
0.619256 0.431776 0.438593
0.570938 0.439689 0.436989
0.36123 0.430023 0.484548
0.488965 0.428946 0.496978
0.659957 0.360116 0.537671
0.543607 0.43067 0.498096
0.440044 0.446576 0.586226
0.612952 0.423614 0.543211
0.559063 0.414356 0.354515
0.394925 0.422211 0.6202
0.429237 0.445408 0.495704
0.618768 0.421283 0.541566
0.675719 0.352696 0.474692
0.557153 0.378526 0.642528
0.67533 0.351337 0.466094
0.578128 0.392611 0.359724
0.472873 0.347371 0.676382
0.556106 0.43035 0.473963
0.458289 0.399616 0.335266
0.483593 0.429614 0.500917
0.637408 0.421107 0.448406
0.466807 0.424556 0.634475
0.612145 0.426452 0.506552
0.629171 0.418585 0.394315
0.502586 0.438001 0.42662
0.573921 0.441981 0.423861
0.446512 0.408787 0.649799
0.467025 0.428367 0.475828
0.668023 0.344895 0.47605
0.435839 0.444469 0.436275
0.38663 0.442027 0.575397
0.50575 0.349994 0.669675
0.594684 0.432598 0.47454
0.357388 0.425623 0.528259
0.467473 0.430061 0.510315
0.370848 0.434077 0.429713
0.636222 0.39442 0.408183
0.541989 0.374375 0.650007
0.365661 0.427612 0.488663
0.643363 0.408855 0.483605
0.447074 0.429512 0.621599
0.397919 0.447806 0.52314
0.485721 0.425642 0.361312
0.481857 0.434724 0.554847
0.541982 0.432327 0.537352
0.347695 0.402332 0.499138
0.533383 0.429437 0.511925
0.471668 0.356461 0.672694
0.36097 0.426568 0.540547
0.542814 0.429333 0.509917
0.33994 0.394119 0.453868
0.624966 0.385482 0.55738
0.558074 0.429228 0.497834
0.538986 0.426069 0.487946
0.492372 0.399911 0.653496
0.531451 0.429057 0.509516
0.611943 0.390818 0.568914
0.541009 0.405012 0.345782
0.660349 0.394072 0.483075
0.339157 0.396071 0.468965
0.391605 0.438466 0.456505
0.502348 0.422946 0.482397
0.649514 0.395973 0.530658
0.610688 0.419976 0.550756
0.579365 0.43073 0.471293
0.663728 0.33778 0.521609
0.409543 0.448431 0.518193
0.461768 0.397933 0.656943
0.509166 0.390739 0.332759
0.370981 0.428542 0.431645
0.462366 0.431682 0.537738
0.548397 0.428862 0.53099
0.63546 0.379707 0.428774
0.436108 0.403028 0.639957
0.361016 0.413637 0.498496
0.45061 0.406478 0.357314
0.612236 0.418915 0.509281
0.433399 0.430043 0.616073
0.390766 0.405579 0.405345
0.443932 0.414284 0.635476
0.527556 0.363529 0.65712
0.652808 0.374293 0.440429
0.552973 0.391796 0.353562
0.56806 0.423264 0.586907
0.386287 0.433929 0.577296
0.450344 0.428927 0.373653
0.625539 0.371057 0.546919
0.549156 0.422893 0.476306
0.383207 0.434962 0.496416
0.464227 0.427252 0.368182
0.49847 0.373577 0.344135
0.638772 0.403712 0.418065
0.611662 0.397152 0.402746
0.522821 0.430212 0.586791
0.590281 0.409875 0.593682
0.624545 0.396005 0.552363
0.57899 0.423919 0.576368
0.435665 0.438077 0.440567
0.440463 0.433166 0.495448
0.497074 0.345249 0.655474
0.365678 0.423745 0.536827
0.568124 0.398687 0.61565
0.368175 0.426205 0.430274
0.63331 0.397888 0.412775
0.357101 0.399251 0.525988
0.375088 0.423536 0.513884
0.659782 0.367257 0.463293
0.649204 0.363878 0.530608
0.41159 0.40908 0.388785
0.596935 0.419732 0.536338
0.365975 0.410281 0.500862
0.657338 0.367618 0.503244
0.489571 0.415149 0.36533
0.351125 0.397509 0.473853
0.379357 0.419272 0.566396
0.54336 0.42583 0.42377
0.379428 0.41986 0.414993
0.471725 0.422853 0.525593
0.46682 0.423891 0.523746
0.348854 0.383678 0.482621
0.413981 0.431092 0.480885
0.540688 0.374949 0.636604
0.505258 0.411925 0.624853
0.545873 0.400866 0.622217
0.458615 0.414041 0.632025
0.439277 0.436431 0.554255
0.538417 0.417547 0.456306
0.491824 0.427999 0.571902
0.347553 0.388465 0.469998
0.403491 0.430067 0.476343
0.474286 0.400289 0.647091
0.513815 0.414359 0.4664
0.5234 0.406922 0.62674
0.380247 0.423778 0.469829
0.399986 0.402871 0.602242
0.383737 0.433311 0.536011
0.647976 0.345649 0.530421
0.377349 0.425748 0.51121
0.556416 0.424995 0.552181
0.476715 0.39688 0.350579
0.489043 0.349716 0.656779
0.381599 0.419804 0.508761
0.410406 0.436412 0.568232
0.63536 0.397072 0.476863
0.551216 0.418122 0.494502
0.606914 0.411925 0.498699
0.367161 0.399717 0.503602
0.650646 0.342866 0.514071
0.50455 0.419705 0.438452
0.636612 0.3518 0.533607
0.48469 0.401044 0.362676
0.560315 0.411311 0.382591
0.642551 0.388996 0.481761
0.371785 0.406231 0.51727
0.435192 0.430189 0.523222
0.613124 0.414171 0.408857
0.608312 0.419003 0.45016
0.424271 0.435402 0.543636
0.613103 0.40912 0.496196
0.361381 0.401447 0.474699
0.388858 0.422227 0.490521
0.398212 0.431768 0.574373
0.394532 0.432047 0.541805
0.62923 0.378839 0.537447
0.506144 0.384748 0.358408
0.643303 0.329463 0.509109
0.555243 0.418208 0.493606
0.44551 0.384497 0.636861
0.565735 0.394944 0.38497
0.498938 0.391495 0.640932
0.560179 0.419453 0.502084
0.466138 0.42295 0.550385
0.397186 0.422966 0.591493
0.414425 0.432815 0.510509
0.62644 0.410005 0.430645
0.637831 0.386893 0.520158
0.578962 0.404841 0.584228
0.399961 0.421214 0.416042
0.423354 0.423802 0.602652
0.447594 0.425895 0.586305
0.562785 0.414288 0.495264
0.449674 0.416917 0.506217
0.371179 0.380913 0.503783
0.477648 0.414006 0.381846
0.619 0.387358 0.429659
0.591453 0.375713 0.557932
0.421216 0.369375 0.587566
0.516353 0.410039 0.447639
0.611301 0.396274 0.540256
0.642092 0.350715 0.464291
0.486459 0.405043 0.375579
0.449266 0.369831 0.626935
0.615371 0.403798 0.471934
0.64293 0.366966 0.456968
0.556772 0.403945 0.386743
0.548419 0.374174 0.612966
0.561137 0.41316 0.488053
0.642976 0.376341 0.487278
0.434693 0.411456 0.617415
0.431443 0.418385 0.488913
0.515876 0.415746 0.391616
0.617299 0.390805 0.427295
0.535379 0.375832 0.626914
0.371105 0.399624 0.480732
0.463575 0.40871 0.493672
0.445942 0.426692 0.573476
0.384417 0.414436 0.466462
0.407319 0.404104 0.598612
0.497649 0.396354 0.370923
0.393026 0.406336 0.577547
0.544465 0.400651 0.605778
0.492107 0.350325 0.645781
0.4633 0.410333 0.499984
0.40893 0.420246 0.587925
0.445415 0.41849 0.452054
0.566092 0.373646 0.57897
0.644195 0.367752 0.469915
0.462983 0.411845 0.390896
0.376755 0.371039 0.503668
0.563163 0.41004 0.400509
0.454904 0.422219 0.409164
0.511393 0.38096 0.376748
0.391632 0.406821 0.487924
0.429581 0.421356 0.45125
0.60313 0.413477 0.43902
0.560485 0.374448 0.588594
0.557022 0.402908 0.395418
0.609767 0.409737 0.440103
0.633133 0.334696 0.524084
0.558431 0.404713 0.58056
0.558883 0.386654 0.396128
0.609982 0.388887 0.537283
0.591546 0.370901 0.429197
0.620829 0.391424 0.489735
0.473892 0.409205 0.543743
0.479055 0.399362 0.497277
0.554656 0.410763 0.559059
0.409622 0.418286 0.503158
0.565289 0.408475 0.562887
0.4564 0.412548 0.528298
0.380962 0.39556 0.503648
0.40387 0.398384 0.582512
0.551175 0.414485 0.408822
0.497279 0.416057 0.415456
0.439954 0.416168 0.398333
0.57579 0.41575 0.407963
0.59045 0.407637 0.52523
0.450201 0.40386 0.619417
0.422686 0.413578 0.402189
0.395654 0.400521 0.490966
0.443893 0.405528 0.47805
0.471226 0.403724 0.45982
0.64219 0.344469 0.478193
0.579391 0.39505 0.413364
0.630757 0.329918 0.508733
0.409688 0.417461 0.554857
0.532555 0.34387 0.613646
0.52685 0.406033 0.415106
0.58592 0.405999 0.458227
0.383677 0.385142 0.498026
0.617885 0.380619 0.505591
0.573974 0.406013 0.524606
0.628161 0.360772 0.517834
0.438039 0.392564 0.390808
0.615225 0.34552 0.533298
0.492913 0.39589 0.498209
0.578788 0.40232 0.502863
0.529575 0.390323 0.46079
0.494118 0.385562 0.386195
0.501526 0.406392 0.403144
0.490042 0.397863 0.611458
0.550172 0.398188 0.399341
0.537915 0.377609 0.607499
0.428483 0.394437 0.397362
0.594629 0.40992 0.439295
0.448039 0.377721 0.385937
0.520702 0.362763 0.625401
0.609118 0.390342 0.525003
0.446515 0.347843 0.607395
0.415582 0.412807 0.506025
0.542109 0.394707 0.459016
0.529328 0.390495 0.473724
0.545208 0.397961 0.454963
0.597245 0.402549 0.42425
0.532953 0.410642 0.54296
0.399867 0.393662 0.489392
0.626362 0.341282 0.509337
0.456376 0.404098 0.557892
0.445254 0.39563 0.398305
0.471408 0.391222 0.509318
0.62538 0.329938 0.507999
0.421566 0.411624 0.436422
0.582896 0.395025 0.504491
0.423816 0.375845 0.58483
0.631244 0.338333 0.496625
0.426012 0.387656 0.593472
0.42655 0.412088 0.439513
0.401394 0.396649 0.547308
0.592079 0.400282 0.431218
0.428449 0.372326 0.590229
0.441389 0.409143 0.569256
0.544084 0.393382 0.580619
0.477057 0.387334 0.499479
0.577808 0.397576 0.512656
0.582106 0.371506 0.553524
0.490499 0.400566 0.576716
0.538235 0.369264 0.602236
0.485719 0.400253 0.553439
0.61199 0.334388 0.529476
0.405716 0.379797 0.441458
0.48383 0.372992 0.392016
0.400761 0.375605 0.553059
0.45704 0.371013 0.38876
0.501476 0.337114 0.625038
0.48873 0.393153 0.459517
0.453727 0.396847 0.50533
0.419092 0.403339 0.496372
0.541671 0.384299 0.472341
0.435643 0.409018 0.541299
0.430919 0.376756 0.595638
0.618317 0.365789 0.515456
0.448431 0.356428 0.40345
0.617806 0.3414 0.516997
0.537696 0.345486 0.598336
0.454347 0.391131 0.406695
0.626198 0.336431 0.490438
0.618405 0.346568 0.509057
0.523591 0.392812 0.57016
0.429876 0.393455 0.491198
0.419851 0.38545 0.426778
0.513659 0.378444 0.464748
0.585815 0.356961 0.438327
0.438079 0.399155 0.52885
0.389524 0.342206 0.486609
0.609975 0.307533 0.51655
0.48939 0.389752 0.593339
0.451247 0.393633 0.595793
0.483279 0.379889 0.49952
0.4751 0.34959 0.389793
0.487934 0.394215 0.435299
0.49458 0.343599 0.620998
0.415477 0.393936 0.49058
0.555963 0.387262 0.411033
0.591721 0.388832 0.462642
0.577925 0.346414 0.549454
0.61274 0.325377 0.522941
0.492635 0.379704 0.49463
0.609362 0.368444 0.457583
0.589904 0.383202 0.482672
0.464854 0.385933 0.606821
0.584875 0.377538 0.433271
0.398305 0.350445 0.536292
0.521329 0.397865 0.544925
0.489986 0.393295 0.567261
0.404738 0.390103 0.464826
0.547939 0.396303 0.424883
0.464681 0.399662 0.427296
0.40976 0.38634 0.531004
0.604326 0.352223 0.525688
0.4379 0.391132 0.466103
0.463041 0.385191 0.415719
0.49265 0.370046 0.476086
0.603369 0.36376 0.508289
0.398112 0.358775 0.475058
0.53829 0.385235 0.429047
0.402333 0.368305 0.470535
0.416216 0.391057 0.462256
0.585452 0.383181 0.459919
0.469911 0.341887 0.61413
0.584096 0.364351 0.441108
0.420258 0.392773 0.44923
0.586914 0.379654 0.509647
0.463159 0.357586 0.607819
0.424905 0.379995 0.428927
0.45089 0.386917 0.525496
0.431711 0.386724 0.580222
0.427285 0.305585 0.566233
0.576875 0.363997 0.434053
0.595945 0.378548 0.460907
0.44236 0.332939 0.587585
0.574957 0.340796 0.433022
0.610917 0.347233 0.468156
0.493499 0.359543 0.608851
0.548895 0.390197 0.533606
0.464991 0.376662 0.602286
0.408261 0.377341 0.539006
0.478118 0.353823 0.615054
0.527425 0.343991 0.394731
0.426216 0.321327 0.564722
0.471633 0.307772 0.613089
0.5724 0.321164 0.550036
0.452561 0.382795 0.506935
0.584123 0.383406 0.529811
0.421264 0.381868 0.457517
0.585161 0.357938 0.536436
0.545351 0.378433 0.514141
0.472229 0.375622 0.423144
0.395711 0.324277 0.47095
0.580673 0.373089 0.509024
0.496005 0.352237 0.602692
0.44268 0.35267 0.415704
0.403252 0.349247 0.496492
0.554088 0.377188 0.426114
0.527213 0.365834 0.489085
0.464063 0.376034 0.464325
0.55917 0.373614 0.554809
0.460305 0.379107 0.567007
0.41525 0.371992 0.499313
0.470476 0.297319 0.607915
0.556143 0.381001 0.53603
0.454261 0.378332 0.421132
0.606058 0.349227 0.485372
0.500017 0.294704 0.609161
0.522211 0.376803 0.564283
0.605147 0.347344 0.491534
0.486575 0.374899 0.53213
0.591762 0.340921 0.456942
0.562304 0.36561 0.557707
0.494284 0.370166 0.456276
0.507018 0.371838 0.41799
0.588742 0.368795 0.457919
0.604924 0.33391 0.502945
0.584918 0.374336 0.520801
0.485937 0.369197 0.46389
0.483337 0.375797 0.430567
0.412748 0.370904 0.469205
0.599054 0.354726 0.505852
0.585144 0.366452 0.53424
0.45855 0.376099 0.468155
0.426877 0.37114 0.45427
0.49852 0.276777 0.604191
0.513707 0.299407 0.605236
0.517835 0.344615 0.595761
0.501933 0.366475 0.559176
0.570716 0.366098 0.511077
0.496445 0.348353 0.480155
0.421414 0.368228 0.529856
0.498926 0.360342 0.420485
0.599633 0.318601 0.472851
0.519351 0.337083 0.598728
0.525344 0.330273 0.598267
0.439288 0.358165 0.574037
0.448345 0.373048 0.457651
0.406074 0.338693 0.473638
0.501785 0.314544 0.605076
0.420073 0.338103 0.432728
0.543283 0.28947 0.581613
0.401001 0.320876 0.518734
0.582748 0.312939 0.534892
0.506088 0.35521 0.463737
0.416519 0.36258 0.520537
0.435065 0.371507 0.44005
0.455555 0.341663 0.411118
0.530217 0.331431 0.593565
0.433121 0.364787 0.432842
0.488294 0.312464 0.607677
0.483748 0.350418 0.47756
0.509227 0.364923 0.571855
0.450367 0.291334 0.587206
0.503717 0.358673 0.455116
0.599136 0.292512 0.466489
0.425144 0.370201 0.465642
0.488995 0.35437 0.594131
0.414954 0.359548 0.517637
0.502513 0.359756 0.452444
0.420135 0.347969 0.507918
0.417179 0.334402 0.534521
0.580515 0.297495 0.437545
0.540529 0.358292 0.554294
0.400371 0.295829 0.500857
0.564961 0.356567 0.512645
0.452623 0.334428 0.582465
0.564172 0.348043 0.443589
0.473083 0.357168 0.55733
0.579524 0.266175 0.426002
0.393479 0.29802 0.476794
0.441215 0.359151 0.435207
0.510197 0.349809 0.426624
0.582718 0.333358 0.528843
0.480675 0.295078 0.60492
0.52945 0.354909 0.512968
0.49159 0.326901 0.59625
0.484604 0.283903 0.605362
0.432412 0.339493 0.425923
0.433412 0.34389 0.42732
0.500022 0.343547 0.588743
0.46523 0.288973 0.596902
0.546518 0.36071 0.5285
0.454943 0.350216 0.475783
0.477588 0.355954 0.532
0.518228 0.320288 0.403198
0.405352 0.317348 0.4993
0.459495 0.342756 0.485178
0.490021 0.335512 0.593559
0.592961 0.318494 0.486789
0.464461 0.306933 0.594551
0.580914 0.343442 0.466054
0.496132 0.302481 0.601613
0.596995 0.290012 0.466691
0.508371 0.346796 0.502828
0.592423 0.2972 0.505745
0.422215 0.33166 0.495093
0.524557 0.340186 0.507581
0.550655 0.342028 0.500485
0.579799 0.329678 0.524352
0.407562 0.314227 0.467041
0.544732 0.346816 0.520272
0.472851 0.285656 0.597658
0.59496 0.276709 0.495807
0.428244 0.337059 0.494956
0.532769 0.346616 0.528089
0.453186 0.308915 0.408754
0.52986 0.34639 0.544209
0.588501 0.298356 0.461701
0.532777 0.346258 0.560049
0.3977 0.291959 0.48147
0.546171 0.34047 0.466404
0.503801 0.334476 0.463268
0.587185 0.308053 0.491598
0.557981 0.325029 0.430655
0.564664 0.336953 0.481008
0.459112 0.307299 0.405218
0.474968 0.335822 0.510993
0.515354 0.331992 0.585315
0.475849 0.344273 0.570101
0.567601 0.288059 0.548972
0.441119 0.338192 0.48869
0.506785 0.340353 0.515961
0.53088 0.340801 0.573463
0.433938 0.336305 0.552804
0.420863 0.33427 0.524029
0.517361 0.321057 0.589897
0.418184 0.326226 0.504596
0.522273 0.324625 0.587939
0.471098 0.324066 0.475315
0.507897 0.342794 0.558843
0.577223 0.332326 0.491471
0.439809 0.313845 0.421494
0.526615 0.332718 0.527288
0.453118 0.323469 0.570067
0.579836 0.29466 0.524516
0.511047 0.328885 0.446376
0.534274 0.333786 0.52744
0.544321 0.32807 0.496807
0.476427 0.303271 0.473892
0.433153 0.33229 0.525474
0.456519 0.328687 0.508689
0.402298 0.28912 0.455078
0.526122 0.298568 0.410459
0.544458 0.280978 0.574071
0.576112 0.316783 0.470892
0.474918 0.323825 0.457457
0.545881 0.324909 0.482295
0.465072 0.288318 0.588052
0.553183 0.286941 0.417484
0.508785 0.331153 0.54334
0.463164 0.309666 0.489021
0.583498 0.282489 0.522476
0.48498 0.332409 0.549753
0.595251 0.267932 0.494057
0.477694 0.288227 0.591981
0.582152 0.303246 0.489246
0.459693 0.325859 0.571483
0.478736 0.281312 0.393519
0.454405 0.334092 0.45494
0.584244 0.288325 0.514228
0.507956 0.316151 0.490567
0.474709 0.327189 0.424948
0.501078 0.326819 0.572208
0.494944 0.324796 0.42653
0.465401 0.2596 0.594504
0.443561 0.287714 0.410543
0.471637 0.281928 0.396609
0.442792 0.271015 0.409584
0.426587 0.305959 0.486637
0.599613 0.251416 0.466495
0.414651 0.280377 0.518536
0.514963 0.245674 0.588771
0.522518 0.318853 0.53434
0.571111 0.307111 0.502618
0.508281 0.317879 0.541174
0.607481 0.238641 0.481456
0.584054 0.271262 0.444661
0.456948 0.289359 0.578466
0.440594 0.321771 0.522406
0.455313 0.244347 0.590622
0.522373 0.311802 0.470145
0.413214 0.274653 0.526388
0.56246 0.30844 0.441502
0.465769 0.295633 0.474348
0.470782 0.311799 0.51092
0.46377 0.321524 0.539388
0.592191 0.24081 0.525448
0.513836 0.272822 0.584634
0.498855 0.312529 0.457048
0.573246 0.305856 0.517811
0.477629 0.288306 0.473152
0.492626 0.317449 0.550461
0.555271 0.316478 0.445463
0.554193 0.297203 0.426008
0.529758 0.31973 0.537912
0.521697 0.318132 0.520052
0.563515 0.317647 0.523938
0.54123 0.299936 0.421243
0.543852 0.291328 0.418332
0.525096 0.300911 0.419402
0.516998 0.274892 0.408447
0.427518 0.318045 0.455597
0.456774 0.289563 0.578319
0.444757 0.249204 0.581676
0.532403 0.306675 0.451424
0.545701 0.305395 0.535188
0.439541 0.304285 0.512947
0.532749 0.304711 0.544258
0.512007 0.304102 0.535714
0.589004 0.249538 0.510487
0.52305 0.254419 0.406915
0.556627 0.298727 0.437483
0.516347 0.302162 0.559846
0.478707 0.299433 0.515634
0.531076 0.30628 0.440033
0.501467 0.255997 0.406104
0.485401 0.272909 0.476867
0.53103 0.304867 0.435977
0.573192 0.244414 0.558356
0.490306 0.300154 0.557145
0.5559 0.272467 0.421202
0.413189 0.260724 0.525242
0.524403 0.257478 0.407943
0.471492 0.292801 0.41827
0.523474 0.295581 0.568982
0.536583 0.294115 0.563138
0.496491 0.299877 0.559574
0.411455 0.205828 0.590075
0.474882 0.294005 0.508612
0.465059 0.298411 0.422572
0.418929 0.278128 0.432106
0.457725 0.299113 0.505707
0.419012 0.23732 0.569418
0.4484 0.258573 0.408129
0.403253 0.268752 0.467302
0.561552 0.266681 0.421997
0.412184 0.26601 0.433764
0.423804 0.289828 0.491738
0.425576 0.281635 0.543549
0.428051 0.278852 0.507482
0.533354 0.287724 0.464839
0.453332 0.253405 0.409555
0.450828 0.293194 0.517175
0.451905 0.295668 0.529384
0.502243 0.288298 0.534704
0.476552 0.290219 0.429022
0.434684 0.267508 0.560946
0.565239 0.283287 0.469295
0.449104 0.295598 0.528219
0.45083 0.294034 0.550322
0.545668 0.288 0.502987
0.48948 0.284959 0.549509
0.511912 0.250156 0.577129
0.418145 0.235406 0.410439
0.585166 0.203093 0.591991
0.413894 0.267347 0.478608
0.557721 0.287324 0.512083
0.540774 0.29023 0.461164
0.450509 0.265918 0.415524
0.419008 0.252513 0.547951
0.534892 0.235476 0.404798
0.411978 0.257439 0.493581
0.49169 0.243121 0.581855
0.595751 0.227862 0.503691
0.480083 0.229685 0.591647
0.42834 0.278067 0.512848
0.518219 0.284924 0.500692
0.403067 0.255029 0.47678
0.499074 0.287505 0.538995
0.583251 0.26224 0.46503
0.494375 0.285309 0.513632
0.530722 0.286217 0.467319
0.571352 0.261424 0.53668
0.537652 0.289207 0.544828
0.506317 0.278354 0.466723
0.431497 0.273938 0.43662
0.532155 0.267815 0.47687
0.529957 0.270378 0.468677
0.461106 0.277672 0.520263
0.556293 0.272001 0.510162
0.492237 0.271526 0.533734
0.555888 0.2715 0.532209
0.51074 0.273176 0.529722
0.565924 0.265988 0.495339
0.570636 0.261492 0.502385
0.409326 0.200069 0.591548
0.540932 0.245486 0.572543
0.465862 0.257399 0.491163
0.551056 0.270258 0.483843
0.484226 0.247855 0.573173
0.589245 0.217959 0.421977
0.552884 0.235842 0.411703
0.543053 0.275463 0.436371
0.485479 0.240439 0.577482
0.543379 0.258521 0.423161
0.554157 0.270686 0.491491
0.547909 0.277461 0.439763
0.482762 0.268068 0.424339
0.48899 0.240623 0.408069
0.579732 0.244269 0.437113
0.474629 0.251656 0.469897
0.595385 0.205629 0.41411
0.438759 0.231532 0.581291
0.574986 0.261868 0.458191
0.596693 0.222526 0.494039
0.518666 0.271577 0.506561
0.563909 0.25183 0.550248
0.504039 0.273316 0.520375
0.549613 0.270133 0.48229
0.468696 0.238983 0.406004
0.414993 0.223237 0.571692
0.435286 0.256906 0.54937
0.534131 0.255234 0.489523
0.431699 0.254559 0.528012
0.469612 0.258985 0.521981
0.464283 0.252313 0.503557
0.48315 0.253994 0.534178
0.444021 0.264736 0.456629
0.396352 0.211582 0.491041
0.562754 0.254624 0.527485
0.487298 0.239496 0.48628
0.575952 0.24168 0.438727
0.567922 0.256869 0.457459
0.451068 0.265781 0.434825
0.585911 0.195379 0.596157
0.548206 0.260693 0.531198
0.594944 0.214593 0.43955
0.494168 0.255689 0.52574
0.531329 0.259387 0.537344
0.417185 0.239093 0.492464
0.460379 0.253777 0.423845
0.49858 0.255908 0.430834
0.562531 0.257004 0.472221
0.535965 0.256251 0.55375
0.487559 0.260887 0.436488
0.566498 0.250122 0.530623
0.483549 0.252469 0.547601
0.567353 0.251956 0.496214
0.532259 0.256532 0.466324
0.527334 0.244805 0.422804
0.479853 0.252 0.455994
0.470481 0.249698 0.567074
0.460796 0.239318 0.4134
0.473726 0.224562 0.584293
0.522616 0.234292 0.414479
0.588847 0.22865 0.468895
0.500881 0.244088 0.484484
0.420699 0.23261 0.476013
0.536559 0.242844 0.503871
0.517957 0.192122 0.602182
0.476974 0.239235 0.523105
0.579551 0.227137 0.490256
0.474366 0.241863 0.538682
0.524803 0.233835 0.564289
0.48982 0.237282 0.458082
0.558818 0.224434 0.571538
0.406846 0.219612 0.467973
0.53825 0.242255 0.46972
0.576458 0.229309 0.51502
0.432531 0.221078 0.576236
0.409204 0.218314 0.494928
0.421563 0.22943 0.50638
0.60026 0.201274 0.456545
0.42502 0.239785 0.460241
0.526816 0.242308 0.454233
0.560077 0.223559 0.415852
0.566024 0.23897 0.434835
0.450504 0.236862 0.570052
0.572352 0.234896 0.500389
0.404115 0.214917 0.486793
0.480554 0.231935 0.465259
0.560409 0.246549 0.461271
0.485336 0.243386 0.429902
0.528161 0.197031 0.599973
0.449905 0.25084 0.545581
0.486928 0.192486 0.603469
0.574498 0.217989 0.419023
0.401079 0.206306 0.419943
0.53579 0.243024 0.463307
0.434529 0.248033 0.439221
0.496054 0.23932 0.538959
0.497721 0.239648 0.516026
0.393271 0.18727 0.391055
0.423678 0.224164 0.463306
0.439208 0.228006 0.472453
0.47208 0.215246 0.479578
0.501771 0.224749 0.5094
0.588735 0.208024 0.444884
0.464163 0.231876 0.544908
0.552029 0.213611 0.579199
0.51592 0.228955 0.525845
0.528546 0.231293 0.520277
0.546986 0.195143 0.600046
0.583095 0.192019 0.396746
0.472297 0.231287 0.431367
0.496375 0.194979 0.596003
0.582023 0.212032 0.501139
0.557741 0.199126 0.396545
0.406082 0.19143 0.391376
0.453205 0.234672 0.539838
0.427223 0.225418 0.557485
0.509525 0.210697 0.410981
0.495601 0.217529 0.485916
0.589938 0.193788 0.404552
0.606276 0.187797 0.412369
0.600283 0.191556 0.521633
0.495449 0.224665 0.55342
0.469927 0.222005 0.505644
0.606366 0.183455 0.501301
0.421643 0.203164 0.398125
0.527603 0.229389 0.434571
0.420208 0.197786 0.587249
0.413249 0.214946 0.461153
0.48536 0.20263 0.398611
0.599365 0.192519 0.514367
0.47043 0.225256 0.423084
0.579822 0.209362 0.55847
0.496519 0.217609 0.568855
0.583294 0.198779 0.578687
0.423455 0.189146 0.593988
0.43936 0.212916 0.487601
0.573119 0.210429 0.546868
0.512109 0.215754 0.514352
0.490738 0.211752 0.424585
0.451917 0.222286 0.551555
0.43469 0.212782 0.488877
0.39513 0.191256 0.490814
0.525496 0.211385 0.565674
0.471021 0.204034 0.578985
0.548383 0.220221 0.442147
0.477998 0.206305 0.500488
0.478494 0.210428 0.524157
0.392609 0.185007 0.400027
0.422398 0.202241 0.576096
0.406894 0.196486 0.413423
0.595878 0.190737 0.468242
0.407669 0.200662 0.465689
0.448578 0.219978 0.533067
0.393969 0.190359 0.493196
0.524436 0.216308 0.546384
0.390771 0.189011 0.44817
0.453691 0.218277 0.453111
0.493664 0.190074 0.59531
0.457922 0.2135 0.420527
0.380609 0.174133 0.602652
0.606102 0.179851 0.494446
0.430161 0.213786 0.518135
0.587746 0.195597 0.557544
0.511201 0.204127 0.415274
0.422428 0.211646 0.460981
0.472878 0.208184 0.573373
0.427581 0.210229 0.484167
0.555565 0.217523 0.486501
0.410813 0.200392 0.418386
0.471347 0.204532 0.481144
0.422051 0.198219 0.506519
0.439312 0.202763 0.503864
0.45738 0.191714 0.397972
0.522799 0.205583 0.520227
0.380019 0.174476 0.402332
0.436787 0.208653 0.558295
0.53137 0.178268 0.38485
0.496356 0.20025 0.453366
0.53371 0.178027 0.383991
0.609022 0.174966 0.558984
0.508375 0.193435 0.478339
0.486416 0.187174 0.591154
0.453463 0.20003 0.468511
0.43077 0.203224 0.519416
0.495936 0.202115 0.538621
0.406474 0.193979 0.431808
0.523266 0.172308 0.612406
0.388112 0.17686 0.595135
0.601219 0.185226 0.449047
0.513682 0.199592 0.498849
0.466612 0.19415 0.47956
0.396038 0.185618 0.485544
0.523711 0.180511 0.601682
0.490717 0.18752 0.399672
0.443844 0.208599 0.544166
0.386437 0.180098 0.462482
0.572615 0.180465 0.606253
0.547289 0.179561 0.383469
0.542256 0.207092 0.525939
0.381403 0.174175 0.596089
0.580907 0.194827 0.516073
0.562433 0.194154 0.408584
0.383873 0.182502 0.545845
0.52727 0.193534 0.411368
0.536651 0.199055 0.477647
0.586798 0.170913 0.618693
0.418669 0.186793 0.492587
0.563194 0.192583 0.462367
0.402066 0.181664 0.4976
0.557385 0.194302 0.506584
0.388078 0.17763 0.582055
0.419784 0.190888 0.566373
0.559168 0.182512 0.396252
0.525134 0.19439 0.530131
0.492267 0.192462 0.554646
0.53141 0.188057 0.469088
0.554785 0.184768 0.404084
0.60597 0.171197 0.489058
0.531852 0.186609 0.477375
0.617774 0.166903 0.528651
0.418506 0.190313 0.421746
0.423645 0.173545 0.607071
0.546812 0.189196 0.475499
0.504911 0.18349 0.477705
0.544165 0.193677 0.448409
0.442956 0.190899 0.575329
0.39355 0.180854 0.52736
0.425016 0.17698 0.380154
0.503663 0.183137 0.407756
0.506235 0.187264 0.494802
0.576052 0.169951 0.617432
0.516221 0.193026 0.542823
0.446154 0.175215 0.378951
0.409637 0.183299 0.485491
0.472119 0.187346 0.512689
0.440336 0.193239 0.414246
0.446924 0.190573 0.503485
0.388543 0.176345 0.464668
0.427584 0.193197 0.535784
0.38312 0.173781 0.420882
0.540461 0.195404 0.527211
0.557087 0.186661 0.585839
0.415368 0.177552 0.488615
0.476969 0.175995 0.50494
0.378602 0.168628 0.591533
0.382509 0.169398 0.44255
0.514232 0.181367 0.44526
0.411669 0.179847 0.571404
0.56703 0.184198 0.517017
0.536651 0.183631 0.435547
0.607089 0.166258 0.482843
0.575126 0.18004 0.504816
0.567301 0.182001 0.499351
0.454779 0.177829 0.401996
0.623074 0.160365 0.480412
0.613443 0.170513 0.407827
0.387757 0.167379 0.379039
0.489406 0.173569 0.593558
0.623038 0.163474 0.564666
0.416141 0.180917 0.450114
0.592256 0.173111 0.50497
0.538936 0.184821 0.534534
0.62468 0.167663 0.417228
0.494458 0.177511 0.413704
0.437873 0.184069 0.53582
0.573789 0.178979 0.464909
0.549674 0.172258 0.385612
0.43228 0.182811 0.509997
0.413649 0.181185 0.565296
0.552298 0.183835 0.51083
0.384765 0.173245 0.578512
0.510741 0.176239 0.482966
0.468772 0.1766 0.498128
0.524538 0.176845 0.480004
0.434858 0.18413 0.534832
0.528108 0.177934 0.484159
0.608585 0.165832 0.48361
0.621932 0.163736 0.586964
0.4103 0.167432 0.384937
0.475651 0.16966 0.526973
0.499264 0.171068 0.417304
0.390653 0.166773 0.445316
0.397127 0.16882 0.425361
0.392295 0.169107 0.579641
0.424996 0.173091 0.405434
0.393916 0.164899 0.381497
0.612271 0.163433 0.530371
0.480145 0.166108 0.479012
0.527022 0.174528 0.55054
0.463136 0.168306 0.488078
0.601991 0.167082 0.405488
0.394538 0.169888 0.542391
0.479312 0.166819 0.598009
0.491471 0.159069 0.624565
0.540251 0.169725 0.470641
0.39655 0.16694 0.592202
0.517963 0.168501 0.403192
0.424989 0.174279 0.546737
0.551728 0.169416 0.592452
0.503867 0.170398 0.454499
0.517112 0.17141 0.449504
0.572898 0.171937 0.498656
0.535293 0.174669 0.528958
0.430277 0.161304 0.619146
0.631415 0.162445 0.4278
0.436297 0.160378 0.622185
0.586263 0.170846 0.54415
0.370744 0.160638 0.429299
0.391294 0.170275 0.573022
0.372925 0.164128 0.545683
0.379493 0.162137 0.616487
0.496894 0.166914 0.395141
0.504625 0.173903 0.556196
0.487445 0.167079 0.471445
0.407559 0.164438 0.546679
0.47359 0.164069 0.551069
0.625714 0.156242 0.498307
0.398878 0.162182 0.447994
0.539643 0.163183 0.406552
0.372742 0.159756 0.58847
0.537392 0.16604 0.549699
0.513245 0.160153 0.602021
0.62036 0.158465 0.58417
0.374208 0.158175 0.4511
0.484737 0.159269 0.609527
0.472674 0.163437 0.58493
0.578801 0.162074 0.594929
0.431921 0.167052 0.418374
0.573503 0.166695 0.559266
0.493156 0.160042 0.381556
0.455176 0.158273 0.368962
0.38024 0.159112 0.474303
0.435613 0.166215 0.557804
0.564792 0.167102 0.557473
0.479697 0.161023 0.510779
0.515099 0.162946 0.500215
0.610758 0.156573 0.630163
0.572481 0.16652 0.53901
0.522903 0.164088 0.418613
0.433151 0.164918 0.462158
0.588834 0.16371 0.551892
0.58042 0.162183 0.464122
0.534193 0.164461 0.5085
0.491537 0.157896 0.370688
0.581095 0.160908 0.377457
0.480375 0.158218 0.616444
0.606226 0.162719 0.422787
0.460816 0.165781 0.566225
0.391506 0.157164 0.364673
0.622727 0.156857 0.627365
0.402845 0.156699 0.540338
0.549439 0.156159 0.386266
0.599509 0.156413 0.418978
0.555214 0.157385 0.577938
0.548684 0.154263 0.364183
0.359767 0.153463 0.595155
0.555296 0.157806 0.561759
0.532325 0.154819 0.371666
0.599226 0.156122 0.408856
0.46492 0.156327 0.536875
0.509522 0.157425 0.566785
0.3995 0.15554 0.385018
0.489723 0.154841 0.607414
0.400573 0.156414 0.418377
0.529589 0.155996 0.486248
0.361661 0.152831 0.627615
0.611085 0.155318 0.566777
0.445176 0.157054 0.405131
0.539217 0.156868 0.420574
0.523145 0.155894 0.461769
0.435787 0.157496 0.541499
0.393111 0.156559 0.581572
0.455594 0.154471 0.370333
0.445527 0.15653 0.460409
0.462823 0.156334 0.451481
0.509573 0.154044 0.367687
0.518697 0.156704 0.419788
0.357449 0.152743 0.525817
0.636856 0.151866 0.356143
0.381063 0.15581 0.541669
0.35517 0.152008 0.360805
0.517217 0.154888 0.37435
0.63736 0.153658 0.410642
0.515132 0.156577 0.438405
0.532068 0.157545 0.53493
0.465985 0.154603 0.611765
0.398067 0.15 0.425057
0.551312 0.15 0.403871
0.443295 0.15 0.510442
0.572361 0.15 0.587825
0.414034 0.15 0.638931
0.639654 0.15 0.603325
0.388664 0.15 0.431924
0.369153 0.15 0.611776
0.605 0.15 0.459949
0.64751 0.15 0.508702
0.460242 0.15 0.630178
0.406902 0.15 0.486546
0.460013 0.15 0.526858
0.441171 0.15 0.573881
0.638272 0.15 0.43912
0.360016 0.15 0.360355
0.519936 0.15 0.460453
0.428097 0.15 0.566758
0.448303 0.15 0.594142
0.386064 0.15 0.469535
0.648865 0.15 0.449237
0.400218 0.15 0.639224
0.551532 0.15 0.561338
0.437848 0.15 0.50211
0.443194 0.15 0.622423
0.514873 0.15 0.484532
0.472419 0.15 0.554389
0.513033 0.15 0.649075
0.578074 0.15 0.610439
0.513097 0.15 0.482279
0.564011 0.15 0.438791
0.641284 0.15 0.442975
0.591359 0.15 0.493065
0.475532 0.15 0.630792
0.41061 0.15 0.623724
0.608791 0.15 0.484138
