3060 0.012625
0.371554 0.422375 0.379117
0.459284 0.364395 0.332699
0.480495 0.269073 0.342136
0.489737 0.2719 0.35359
0.496322 0.312746 0.350441
0.528263 0.380639 0.33424
0.336063 0.384127 0.455501
0.408567 0.359699 0.402499
0.441028 0.289712 0.326381
0.499273 0.237049 0.298014
0.544389 0.309442 0.345488
0.586574 0.398821 0.405893
0.32262 0.3402 0.4754
0.326973 0.269729 0.441639
0.348613 0.466584 0.337175
0.512899 0.501308 0.309522
0.681511 0.430391 0.364144
0.661797 0.255767 0.452904
0.337743 0.302077 0.481369
0.307829 0.254301 0.502726
0.344126 0.527449 0.507986
0.525579 0.543942 0.50554
0.712706 0.453758 0.51722
0.676164 0.201236 0.499198
0.342201 0.345713 0.493762
0.365564 0.318872 0.53539
0.370783 0.370227 0.67315
0.502631 0.427424 0.724795
0.643429 0.37091 0.648033
0.650586 0.239795 0.528659
0.358794 0.400872 0.556205
0.417243 0.419362 0.585295
0.461003 0.292988 0.64337
0.494952 0.224338 0.67576
0.535746 0.248397 0.659382
0.572415 0.370199 0.563547
0.401303 0.420489 0.403475
0.360246 0.406194 0.555025
0.317689 0.221473 0.500299
0.69557 0.473404 0.500431
0.423495 0.301605 0.671166
0.500926 0.280575 0.362422
0.370507 0.404399 0.530117
0.366173 0.419372 0.573155
0.663563 0.31658 0.490566
0.480898 0.22572 0.370625
0.591459 0.400103 0.590903
0.582306 0.329142 0.563953
0.50864 0.250605 0.707677
0.515176 0.539549 0.585758
0.725236 0.422776 0.437752
0.667986 0.333046 0.483658
0.354912 0.276992 0.498573
0.408229 0.422819 0.358572
0.511815 0.233091 0.65572
0.407074 0.427604 0.574929
0.417418 0.350695 0.565758
0.359783 0.354871 0.658617
0.35447 0.317267 0.496759
0.557388 0.379233 0.723466
0.40229 0.404213 0.62131
0.63408 0.291577 0.51367
0.589086 0.505703 0.620613
0.455117 0.272216 0.649338
0.6113 0.355852 0.539251
0.427013 0.548598 0.506275
0.488237 0.240179 0.647944
0.632255 0.310867 0.523886
0.670388 0.498338 0.460663
0.627578 0.371255 0.537094
0.503196 0.225951 0.66648
0.345007 0.358464 0.458973
0.376779 0.393263 0.525754
0.337053 0.253865 0.456083
0.597417 0.305082 0.577462
0.650197 0.270773 0.451854
0.403618 0.506509 0.342144
0.501237 0.272593 0.363236
0.476893 0.228699 0.677868
0.484243 0.273623 0.648049
0.65433 0.488734 0.572822
0.547472 0.543155 0.5037
0.512013 0.327755 0.645724
0.587429 0.311818 0.384054
0.460452 0.547554 0.438594
0.686806 0.224684 0.529255
0.338509 0.345261 0.631044
0.362242 0.324921 0.536462
0.63325 0.304726 0.460319
0.414246 0.408964 0.624326
0.617535 0.29526 0.585487
0.442909 0.536174 0.379862
0.411916 0.417065 0.567343
0.526368 0.544977 0.440908
0.39126 0.311534 0.561449
0.611916 0.306524 0.396164
0.402607 0.479288 0.313154
0.345837 0.311401 0.487575
0.607762 0.304198 0.55646
0.381488 0.433419 0.585783
0.510346 0.323737 0.653972
0.658268 0.238602 0.476724
0.612547 0.369698 0.432285
0.528108 0.240485 0.697427
0.43747 0.301034 0.634926
0.354156 0.306272 0.495376
0.434573 0.285079 0.67065
0.578999 0.369629 0.55976
0.347369 0.192429 0.470869
0.338273 0.188465 0.468385
0.463043 0.306804 0.343039
0.654103 0.224272 0.463271
0.646221 0.242159 0.467958
0.502616 0.23686 0.360254
0.666702 0.221062 0.462667
0.623851 0.310749 0.534854
0.565695 0.2914 0.676538
0.314826 0.204734 0.463069
0.505268 0.217235 0.312099
0.682462 0.255861 0.538785
0.448257 0.268985 0.326805
0.599916 0.416772 0.425206
0.680195 0.485995 0.516201
0.404789 0.338028 0.555766
0.513379 0.222346 0.678542
0.333575 0.186737 0.4905
0.451022 0.468477 0.28229
0.66387 0.281695 0.48548
0.654583 0.199076 0.49195
0.56994 0.492763 0.650931
0.536603 0.534734 0.383161
0.714027 0.294376 0.444428
0.467367 0.341653 0.642849
0.378974 0.428111 0.382778
0.578461 0.298985 0.326892
0.602856 0.364851 0.299906
0.48495 0.224989 0.673322
0.455489 0.247852 0.307719
0.569045 0.541481 0.508016
0.599605 0.427616 0.392883
0.458922 0.362559 0.342048
0.650223 0.223822 0.469251
0.59008 0.431002 0.386117
0.331714 0.499497 0.392789
0.400597 0.394184 0.621549
0.335515 0.17882 0.483881
0.722834 0.403649 0.422109
0.656606 0.250822 0.474243
0.482178 0.297466 0.264053
0.501477 0.211351 0.352745
0.457179 0.373602 0.640549
0.286408 0.424775 0.583453
0.506311 0.272101 0.641219
0.638993 0.295506 0.407172
0.376042 0.483709 0.332578
0.52391 0.357961 0.639736
0.437505 0.387903 0.600884
0.345969 0.261573 0.50918
0.667949 0.33671 0.480802
0.424339 0.408312 0.592136
0.259074 0.344693 0.505788
0.399494 0.429769 0.374355
0.408374 0.416515 0.609047
0.516735 0.546498 0.450782
0.533734 0.276424 0.314978
0.528216 0.240913 0.697004
0.531401 0.387314 0.349251
0.728077 0.334643 0.546412
0.256393 0.351843 0.497783
0.341354 0.279286 0.479014
0.487181 0.375628 0.736766
0.371212 0.306114 0.539212
0.364393 0.29989 0.583991
0.532252 0.365736 0.638755
0.41869 0.338347 0.589545
0.419811 0.384294 0.274129
0.66647 0.333364 0.479215
0.528129 0.358226 0.662057
0.565223 0.442367 0.284998
0.525584 0.359751 0.640795
0.336158 0.249046 0.512812
0.330187 0.211838 0.50033
0.375706 0.30677 0.537572
0.666544 0.318106 0.480929
0.34176 0.382113 0.453853
0.496286 0.199644 0.34552
0.726247 0.291492 0.485954
0.699545 0.284212 0.444703
0.517268 0.253185 0.331789
0.44146 0.287102 0.31035
0.308848 0.283538 0.515632
0.642021 0.291226 0.449144
0.329755 0.261521 0.51632
0.422523 0.329256 0.370366
0.436782 0.296884 0.316169
0.426711 0.403592 0.632918
0.611455 0.409399 0.434188
0.349872 0.279649 0.489102
0.68391 0.2103 0.500294
0.344616 0.2673 0.481846
0.459005 0.317832 0.636766
0.506421 0.305232 0.653025
0.375965 0.315321 0.543909
0.630099 0.330735 0.634126
0.463092 0.319886 0.342348
0.367089 0.41708 0.558848
0.44657 0.274438 0.326171
0.513705 0.293744 0.34157
0.356323 0.2497 0.489257
0.414302 0.306103 0.624622
0.595436 0.428863 0.39842
0.684716 0.210022 0.511353
0.666211 0.218721 0.529199
0.646763 0.418377 0.642961
0.338241 0.294998 0.526412
0.265998 0.429453 0.509118
0.374711 0.325627 0.44067
0.340269 0.257442 0.513732
0.497994 0.251382 0.361381
0.335971 0.289725 0.47513
0.504516 0.203117 0.333293
0.488276 0.192356 0.335743
0.45745 0.367898 0.33803
0.390417 0.320395 0.402738
0.612089 0.387262 0.300775
0.612796 0.422952 0.418058
0.346765 0.357967 0.506231
0.643307 0.226732 0.51467
0.34182 0.298004 0.46941
0.421245 0.341261 0.707101
0.501672 0.300347 0.355087
0.46629 0.313366 0.339656
0.552919 0.27973 0.68078
0.631808 0.383786 0.456638
0.495403 0.196654 0.338538
0.584975 0.539213 0.513392
0.357553 0.239303 0.489226
0.536278 0.308686 0.340791
0.513617 0.5202 0.336083
0.536148 0.252912 0.656422
0.34737 0.293719 0.528085
0.347702 0.269487 0.465102
0.340761 0.304566 0.53596
0.272777 0.30544 0.510101
0.684948 0.221139 0.470608
0.693808 0.256562 0.525875
0.685067 0.40047 0.363429
0.419879 0.348594 0.57258
0.5112 0.257103 0.644196
0.505057 0.403654 0.257042
0.523796 0.289907 0.639073
0.511999 0.3337 0.350573
0.395979 0.431794 0.577061
0.452512 0.358623 0.34879
0.368743 0.329734 0.390771
0.400863 0.318757 0.388143
0.545881 0.321326 0.719891
0.486688 0.192045 0.332854
0.491673 0.233487 0.362186
0.543302 0.372737 0.257617
0.271713 0.339231 0.445743
0.334101 0.199739 0.496465
0.653745 0.320119 0.598486
0.522845 0.357283 0.350487
0.566457 0.402682 0.589871
0.628475 0.328316 0.629599
0.369161 0.357037 0.314361
0.410758 0.481652 0.311569
0.47855 0.497477 0.301049
0.387052 0.432545 0.397221
0.507113 0.283223 0.641635
0.531972 0.382671 0.355208
0.653751 0.263426 0.498041
0.54078 0.363251 0.60856
0.666834 0.491875 0.406212
0.676804 0.212295 0.474343
0.484114 0.24322 0.354141
0.411221 0.371998 0.399497
0.466208 0.240523 0.681819
0.649245 0.259084 0.497158
0.637846 0.492591 0.588477
0.27764 0.442899 0.435108
0.346911 0.272342 0.508008
0.618693 0.364705 0.534679
0.412955 0.331021 0.315008
0.517892 0.23342 0.317738
0.53289 0.267556 0.704628
0.570236 0.366697 0.715605
0.327932 0.184019 0.485797
0.412844 0.355397 0.39223
0.70824 0.350178 0.574534
0.393569 0.309963 0.368717
0.348125 0.287819 0.516296
0.476429 0.195441 0.324549
0.63803 0.243673 0.497356
0.616935 0.420338 0.42203
0.302593 0.375108 0.595042
0.733556 0.33388 0.449327
0.503689 0.22793 0.671715
0.683975 0.216425 0.478069
0.651273 0.246445 0.535131
0.616958 0.364877 0.435252
0.523633 0.298299 0.336724
0.436156 0.545373 0.424525
0.411357 0.400468 0.623642
0.647296 0.262259 0.501221
0.335234 0.523205 0.527144
0.473983 0.204722 0.343624
0.621716 0.314267 0.36836
0.573449 0.414612 0.402619
0.591484 0.429117 0.388437
0.674375 0.201367 0.51312
0.363946 0.507547 0.61483
0.318698 0.29401 0.523567
0.370668 0.330341 0.36994
0.498202 0.294669 0.653968
0.435158 0.546021 0.433253
0.586273 0.348694 0.397573
0.524107 0.339255 0.632055
0.471553 0.221415 0.346041
0.308049 0.27689 0.506562
0.466708 0.239819 0.691837
0.455187 0.370011 0.342763
0.345708 0.269012 0.463864
0.406358 0.392969 0.409313
0.316935 0.372729 0.615945
0.452259 0.285641 0.640612
0.486558 0.228169 0.359334
0.343873 0.277342 0.448635
0.474854 0.201132 0.320154
0.303319 0.427447 0.609675
0.450385 0.263058 0.317914
0.63762 0.291271 0.518628
0.561296 0.346853 0.579188
0.426749 0.353583 0.586085
0.548101 0.297015 0.61536
0.708177 0.336691 0.409958
0.374573 0.318139 0.422979
0.284899 0.390867 0.396761
0.561998 0.348957 0.720757
0.658045 0.27323 0.496412
0.341727 0.212731 0.49863
0.471077 0.527601 0.345878
0.660673 0.407712 0.631627
0.634425 0.376514 0.325941
0.38507 0.424273 0.562926
0.434354 0.408819 0.360136
0.358572 0.405301 0.438461
0.50506 0.295104 0.653572
0.251978 0.372523 0.470112
0.526331 0.543655 0.434516
0.467732 0.275808 0.338947
0.323815 0.294311 0.536865
0.467196 0.256619 0.330849
0.376876 0.312088 0.40474
0.382261 0.411001 0.426342
0.585571 0.367248 0.557443
0.520174 0.50291 0.660552
0.60507 0.400046 0.558331
0.557191 0.385512 0.587658
0.42342 0.418013 0.368241
0.689437 0.223752 0.480388
0.350201 0.283939 0.444406
0.503515 0.283628 0.652935
0.455725 0.36251 0.340188
0.457023 0.250689 0.316977
0.41266 0.431421 0.703578
0.506266 0.544425 0.503266
0.731085 0.315993 0.488832
0.518879 0.547133 0.475576
0.466977 0.547378 0.489143
0.271198 0.329073 0.454723
0.356654 0.218401 0.478
0.650666 0.273279 0.469097
0.620207 0.363527 0.536183
0.713169 0.455473 0.47595
0.398269 0.403047 0.609655
0.501433 0.212794 0.346616
0.309486 0.283543 0.440133
0.471393 0.330046 0.649906
0.397654 0.544784 0.494665
0.292508 0.279187 0.448762
0.342101 0.320339 0.464439
0.332039 0.229393 0.503164
0.379875 0.31762 0.410267
0.585733 0.331805 0.562852
0.660879 0.269291 0.49153
0.679157 0.486734 0.513149
0.670877 0.202295 0.504068
0.530957 0.475872 0.289304
0.54072 0.278451 0.308731
0.325238 0.497061 0.398886
0.361469 0.39334 0.530647
0.64102 0.264929 0.517308
0.63204 0.392494 0.448713
0.586961 0.311452 0.581768
0.351174 0.301172 0.520182
0.686893 0.219171 0.506752
0.597849 0.51247 0.597829
0.507622 0.304392 0.656536
0.514212 0.324301 0.654664
0.430079 0.312502 0.336717
0.605824 0.374817 0.41404
0.654805 0.240093 0.468548
0.662503 0.31457 0.585789
0.326913 0.205087 0.464155
0.355629 0.326545 0.593641
0.414734 0.314299 0.617261
0.613554 0.414502 0.427131
0.391269 0.409689 0.548368
0.342255 0.365022 0.643913
0.7154 0.425868 0.556221
0.685006 0.263208 0.535231
0.542013 0.51107 0.642435
0.546701 0.376985 0.612027
0.539624 0.368438 0.628963
0.372605 0.355608 0.442005
0.289724 0.374807 0.577344
0.469359 0.290795 0.652603
0.354236 0.337572 0.511541
0.397934 0.413005 0.555912
0.609712 0.377255 0.420414
0.525045 0.345499 0.636557
0.428965 0.398751 0.606923
0.650061 0.507483 0.41891
0.619272 0.411252 0.431288
0.337129 0.519065 0.453571
0.673038 0.314769 0.578224
0.55147 0.402302 0.375982
0.678009 0.296014 0.437406
0.588593 0.536731 0.438979
0.305423 0.343033 0.405599
0.346136 0.28465 0.445245
0.678954 0.225372 0.528171
0.37821 0.418774 0.583667
0.513493 0.320307 0.661161
0.439998 0.376509 0.607955
0.410818 0.30783 0.362115
0.40106 0.316999 0.596653
0.462033 0.240747 0.308571
0.549377 0.29818 0.620966
0.638044 0.324052 0.366162
0.389665 0.428603 0.587713
0.449525 0.26982 0.321269
0.591119 0.344948 0.557363
0.304159 0.355482 0.389351
0.67389 0.489699 0.523658
0.672573 0.372423 0.612868
0.468804 0.302182 0.26464
0.488053 0.260746 0.287336
0.606789 0.521276 0.561297
0.485089 0.235207 0.346706
0.561505 0.321734 0.591545
0.405276 0.30833 0.627333
0.706453 0.447339 0.549522
0.376794 0.417325 0.561268
0.352484 0.211697 0.476453
0.662128 0.219126 0.522644
0.660903 0.502139 0.433887
0.690881 0.332143 0.394981
0.448364 0.342293 0.260629
0.487719 0.238016 0.655216
0.347479 0.347646 0.507648
0.405482 0.415824 0.597271
0.717114 0.383514 0.409753
0.496185 0.279701 0.346422
0.381131 0.32487 0.545953
0.524241 0.284117 0.644042
0.405417 0.405426 0.605885
0.566579 0.415843 0.385173
0.538802 0.303868 0.332969
0.592736 0.338342 0.558581
0.265542 0.354621 0.529103
0.408926 0.309086 0.368653
0.55035 0.280259 0.682594
0.582067 0.308162 0.376531
0.479521 0.305567 0.65644
0.639968 0.273058 0.540432
0.573413 0.317836 0.585528
0.279928 0.353573 0.561325
0.704892 0.27156 0.502414
0.563716 0.501415 0.329111
0.392782 0.310386 0.597718
0.54306 0.365947 0.611059
0.412578 0.311852 0.621319
0.506488 0.224967 0.322658
0.727531 0.372425 0.427577
0.71492 0.421462 0.559423
0.52988 0.304202 0.635546
0.517585 0.540802 0.525242
0.681789 0.217999 0.518955
0.279996 0.308356 0.452284
0.41254 0.303827 0.646215
0.6562 0.24391 0.494063
0.65082 0.205634 0.505741
0.495045 0.540775 0.394285
0.290675 0.282937 0.449588
0.639988 0.327006 0.525298
0.484447 0.213686 0.352071
0.534436 0.354177 0.624015
0.416013 0.392611 0.709193
0.539361 0.279186 0.643881
0.345256 0.252469 0.493157
0.567424 0.535752 0.54824
0.321719 0.256453 0.504585
0.605065 0.403454 0.41332
0.303247 0.224257 0.483636
0.602329 0.355125 0.549993
0.695426 0.251142 0.487602
0.396298 0.324714 0.39265
0.344826 0.223847 0.471372
0.453614 0.345107 0.339791
0.449263 0.274155 0.309214
0.477931 0.535995 0.607388
0.498734 0.252019 0.346546
0.449544 0.359101 0.628145
0.581202 0.306929 0.329146
0.536007 0.282356 0.641327
0.634534 0.482822 0.609988
0.542944 0.39048 0.355998
0.667587 0.282127 0.486737
0.520997 0.490249 0.672908
0.486449 0.290344 0.652251
0.297701 0.327809 0.565636
0.504718 0.539402 0.583825
0.523135 0.411416 0.72866
0.376364 0.321617 0.416655
0.290666 0.308063 0.548344
0.297926 0.370271 0.389329
0.590988 0.398664 0.57026
0.505951 0.30982 0.342943
0.360185 0.388503 0.541201
0.333715 0.300866 0.467948
0.471853 0.541991 0.57763
0.332217 0.284671 0.442288
0.400659 0.307278 0.361878
0.436592 0.389429 0.626943
0.57274 0.540331 0.503917
0.516663 0.229406 0.683675
0.380517 0.411038 0.422843
0.398126 0.421485 0.583067
0.484972 0.240192 0.673307
0.475277 0.54135 0.581547
0.344606 0.365284 0.520619
0.356594 0.369985 0.326918
0.394096 0.325743 0.394058
0.553512 0.30881 0.621618
0.678085 0.217551 0.509747
0.380014 0.324104 0.55331
0.514942 0.486823 0.295571
0.66216 0.253563 0.493487
0.547374 0.344075 0.369839
0.323082 0.264169 0.505642
0.401938 0.524582 0.375583
0.633415 0.333221 0.454387
0.649665 0.259306 0.510901
0.442372 0.300095 0.287251
0.340119 0.261335 0.50202
0.496187 0.542906 0.408989
0.459949 0.265175 0.66374
0.486644 0.208321 0.319125
0.511503 0.251864 0.329245
0.612178 0.310981 0.615707
0.436139 0.328381 0.621719
0.547525 0.394873 0.358517
0.497762 0.236741 0.679437
0.387772 0.49557 0.65099
0.58584 0.339559 0.564065
0.66709 0.246648 0.464345
0.457533 0.321866 0.334596
0.534177 0.351954 0.637056
0.377928 0.328292 0.430846
0.589725 0.48818 0.642603
0.396613 0.408168 0.598495
0.366556 0.394909 0.547808
0.478071 0.546178 0.432171
0.308123 0.233432 0.489549
0.490192 0.275163 0.653875
0.572051 0.380024 0.576292
0.366081 0.383635 0.530986
0.611008 0.355716 0.413739
0.384051 0.336155 0.417368
0.304481 0.258683 0.454817
0.329955 0.492419 0.382828
0.42304 0.389119 0.595064
0.375248 0.32857 0.428181
0.646636 0.285047 0.552978
0.696068 0.26419 0.498365
0.334759 0.288566 0.466667
0.497939 0.242046 0.669239
0.459236 0.284118 0.328707
0.641633 0.31859 0.52693
0.387203 0.415256 0.563535
0.339894 0.371792 0.451536
0.42128 0.38588 0.614081
0.573624 0.379998 0.5742
0.400409 0.34381 0.553631
0.61439 0.358816 0.31569
0.339142 0.193732 0.47578
0.458329 0.348722 0.647801
0.678519 0.232393 0.527015
0.526847 0.421158 0.261849
0.436771 0.345774 0.35844
0.438869 0.331656 0.274325
0.589974 0.312381 0.334687
0.553184 0.288614 0.653382
0.541433 0.368693 0.256846
0.53808 0.544569 0.462407
0.482523 0.24725 0.658656
0.653959 0.23497 0.5004
0.514118 0.249615 0.321518
0.556239 0.374956 0.603225
0.303222 0.235308 0.484643
0.380132 0.349672 0.434941
0.630644 0.33782 0.429733
0.384564 0.540909 0.500576
0.380335 0.470813 0.66799
0.37823 0.33357 0.424002
0.420318 0.389513 0.592911
0.469728 0.31578 0.653823
0.658481 0.47561 0.588218
0.298891 0.459444 0.392208
0.566088 0.392061 0.383222
0.408075 0.3537 0.391825
0.390073 0.395423 0.287123
0.505703 0.54327 0.426477
0.426455 0.38387 0.602698
0.356478 0.32882 0.598229
0.423311 0.330948 0.313662
0.503946 0.246681 0.334089
0.396048 0.345874 0.29254
0.379314 0.342729 0.670279
0.325851 0.259561 0.455393
0.672156 0.261093 0.480106
0.525939 0.314813 0.642027
0.510525 0.23397 0.69222
0.673907 0.33879 0.600148
0.413629 0.359458 0.386148
0.389504 0.415013 0.56905
0.333298 0.224608 0.472914
0.4062 0.543621 0.448761
0.615333 0.409642 0.417436
0.596694 0.335828 0.306994
0.320008 0.241451 0.496995
0.487041 0.246127 0.668371
0.512229 0.237882 0.696041
0.557722 0.340317 0.59427
0.415965 0.39147 0.602608
0.401226 0.371343 0.40444
0.334303 0.301262 0.547258
0.510339 0.542923 0.498327
0.534968 0.49952 0.313344
0.398344 0.40644 0.280645
0.374358 0.332357 0.427838
0.499418 0.249096 0.667575
0.503908 0.287298 0.333035
0.356333 0.33709 0.627872
0.4465 0.275363 0.680782
0.498913 0.235443 0.325004
0.326439 0.266713 0.5027
0.437891 0.367638 0.612602
0.705587 0.274877 0.465413
0.590663 0.34405 0.39519
0.489688 0.305276 0.660359
0.39194 0.331045 0.563403
0.515426 0.286015 0.655325
0.4903 0.227952 0.31363
0.581945 0.387402 0.282228
0.328395 0.212318 0.470685
0.394226 0.347079 0.406215
0.56353 0.373468 0.595028
0.73169 0.323445 0.461287
0.597758 0.417037 0.384618
0.460374 0.29866 0.324962
0.471434 0.262547 0.318215
0.723445 0.294825 0.461249
0.330299 0.312398 0.530696
0.497503 0.288779 0.66063
0.329151 0.24887 0.49855
0.691895 0.267142 0.522324
0.368235 0.320218 0.416944
0.608922 0.426351 0.674232
0.587653 0.309678 0.661255
0.65548 0.226569 0.504382
0.389693 0.368513 0.539914
0.428511 0.325417 0.341321
0.376106 0.357758 0.532104
0.565829 0.300317 0.350293
0.465541 0.270046 0.665975
0.370841 0.33153 0.43118
0.559903 0.352304 0.594359
0.392332 0.401344 0.411194
0.597664 0.337145 0.562848
0.506962 0.370432 0.251609
0.440274 0.371647 0.629542
0.583863 0.380744 0.587622
0.337482 0.317352 0.533349
0.311599 0.203322 0.475712
0.462843 0.545383 0.438254
0.59476 0.428499 0.294906
0.324274 0.240991 0.465463
0.559037 0.319882 0.607393
0.508684 0.247968 0.673544
0.596704 0.3262 0.572516
0.674606 0.312449 0.484889
0.458783 0.290284 0.649725
0.408104 0.379481 0.603076
0.558584 0.363796 0.606695
0.262318 0.401097 0.449711
0.464775 0.275531 0.661164
0.536041 0.327532 0.260342
0.513728 0.542451 0.497863
0.627897 0.313817 0.544887
0.390635 0.405383 0.565697
0.484379 0.249056 0.682007
0.529117 0.53004 0.610236
0.687252 0.241701 0.513283
0.698694 0.464506 0.531641
0.530264 0.513844 0.641956
0.633329 0.312152 0.379295
0.308323 0.265956 0.454963
0.390207 0.32425 0.359054
0.502659 0.255427 0.320441
0.584629 0.312833 0.376791
0.59882 0.331014 0.56834
0.348155 0.334017 0.448365
0.362847 0.533024 0.48802
0.493729 0.250826 0.68098
0.569097 0.403079 0.368905
0.394779 0.358459 0.405285
0.364958 0.338238 0.44022
0.320787 0.245031 0.46603
0.322091 0.250774 0.465381
0.432477 0.364523 0.609329
0.664213 0.32471 0.384136
0.613891 0.523838 0.418
0.521449 0.292208 0.656269
0.737694 0.333067 0.467453
0.289389 0.481382 0.510399
0.468922 0.251217 0.688039
0.531559 0.321934 0.334625
0.461258 0.26244 0.30392
0.438066 0.504075 0.660173
0.605974 0.377215 0.40333
0.436442 0.3538 0.346752
0.41203 0.496476 0.32793
0.42644 0.481922 0.679704
0.394807 0.394282 0.571713
0.693127 0.413288 0.58812
0.521344 0.510819 0.6483
0.394482 0.339182 0.393732
0.590164 0.342522 0.568273
0.545241 0.284132 0.660791
0.532709 0.314486 0.264736
0.406534 0.392829 0.589682
0.390801 0.316721 0.592521
0.41356 0.373234 0.60556
0.346208 0.35536 0.348639
0.313354 0.244496 0.467285
0.602977 0.321267 0.391507
0.470284 0.289574 0.722046
0.332961 0.328272 0.456276
0.529864 0.333077 0.333067
0.648478 0.282746 0.530497
0.628472 0.372551 0.434326
0.527557 0.330354 0.329999
0.680502 0.271452 0.476207
0.351414 0.343183 0.527483
0.578838 0.405195 0.374646
0.438835 0.546205 0.487131
0.399978 0.370114 0.398128
0.630729 0.520718 0.489315
0.445937 0.538236 0.589094
0.520065 0.288808 0.664378
0.611335 0.393929 0.400715
0.594991 0.351068 0.565298
0.459112 0.299103 0.717569
0.435548 0.440213 0.277036
0.710674 0.381437 0.400274
0.65028 0.325116 0.450327
0.312209 0.300314 0.529744
0.417484 0.357326 0.708088
0.40183 0.314625 0.353467
0.557796 0.489752 0.314667
0.521174 0.542743 0.48445
0.673506 0.28205 0.490404
0.684691 0.265244 0.482183
0.440082 0.307573 0.313523
0.499178 0.276422 0.287528
0.463167 0.260149 0.692295
0.608568 0.33659 0.319854
0.72113 0.381232 0.419648
0.314995 0.303954 0.534083
0.289607 0.409756 0.381852
0.505605 0.473407 0.690372
0.618631 0.324006 0.405666
0.653997 0.286172 0.526982
0.649053 0.336433 0.457611
0.302662 0.314546 0.55466
0.457265 0.542667 0.525841
0.680003 0.282623 0.479672
0.467619 0.281267 0.663511
0.72155 0.377313 0.559572
0.415452 0.37739 0.377974
0.635259 0.306992 0.588483
0.494183 0.277339 0.31292
0.491839 0.273328 0.666256
0.648842 0.492614 0.564986
0.354865 0.330102 0.440196
0.645591 0.502017 0.544232
0.628243 0.423605 0.655943
0.493125 0.261449 0.679444
0.268494 0.309149 0.475867
0.494799 0.544145 0.464581
0.40051 0.381994 0.592477
0.687779 0.270389 0.4817
0.375945 0.359102 0.429964
0.455249 0.297463 0.279917
0.322045 0.320663 0.523682
0.36345 0.352777 0.540339
0.317544 0.471644 0.371932
0.443683 0.386043 0.265307
0.576432 0.435348 0.690641
0.724743 0.368272 0.425082
0.387952 0.533893 0.422724
0.319121 0.509933 0.49271
0.301585 0.495148 0.505678
0.414998 0.351458 0.596012
0.289718 0.29135 0.514893
0.602059 0.316356 0.378996
0.400271 0.330608 0.336572
0.621921 0.375766 0.410913
0.29663 0.268568 0.479727
0.646733 0.341287 0.446593
0.317585 0.432035 0.624096
0.498776 0.254521 0.691656
0.600886 0.316932 0.355129
0.313003 0.30505 0.501484
0.64419 0.348099 0.446322
0.620123 0.487782 0.615177
0.394346 0.337192 0.57386
0.457151 0.284499 0.311603
0.281933 0.300118 0.457666
0.714924 0.372588 0.409195
0.339898 0.325785 0.565714
0.414875 0.363023 0.375705
0.436398 0.451351 0.701652
0.37361 0.344108 0.40114
0.672285 0.280932 0.538354
0.501845 0.291274 0.31241
0.61983 0.373099 0.411621
0.597726 0.339885 0.571513
0.62021 0.524681 0.451936
0.674084 0.28067 0.498699
0.561911 0.505766 0.634529
0.508057 0.319938 0.2634
0.657969 0.326941 0.462196
0.637197 0.517407 0.483037
0.325771 0.335866 0.520412
0.324338 0.333359 0.519049
0.524088 0.533863 0.387
0.680067 0.474934 0.546721
0.348332 0.360703 0.643796
0.388144 0.362221 0.552539
0.401049 0.364072 0.573135
0.441574 0.292925 0.659674
0.565874 0.396813 0.27507
0.404534 0.389735 0.381089
0.543584 0.44459 0.279773
0.650422 0.336811 0.44449
0.62645 0.364561 0.417402
0.265669 0.380517 0.445056
0.557233 0.439985 0.698964
0.343839 0.332375 0.43835
0.348038 0.343582 0.630461
0.393551 0.368775 0.563122
0.559609 0.308165 0.291755
0.672267 0.283155 0.50694
0.479098 0.274512 0.296157
0.557425 0.337698 0.615249
0.586561 0.535643 0.457061
0.522599 0.312043 0.315701
0.492935 0.296833 0.271976
0.37956 0.537973 0.495012
0.617997 0.313013 0.388819
0.654264 0.505098 0.441147
0.551986 0.508017 0.637042
0.364176 0.373178 0.430927
0.407418 0.334331 0.333763
0.531206 0.540196 0.45381
0.366696 0.341115 0.398557
0.423431 0.348988 0.279039
0.681088 0.306345 0.459696
0.475838 0.26928 0.684307
0.666367 0.473766 0.379746
0.674298 0.285784 0.539377
0.562656 0.353813 0.373964
0.430612 0.353966 0.621704
0.673869 0.424199 0.611473
0.502655 0.285121 0.281929
0.267075 0.326148 0.485414
0.464989 0.291467 0.663003
0.299029 0.305073 0.514135
0.411159 0.365399 0.374156
0.36081 0.338755 0.425855
0.672746 0.307459 0.43383
0.429844 0.451909 0.69815
0.595907 0.390416 0.292757
0.511963 0.267998 0.691927
0.591307 0.330947 0.316501
0.402314 0.371762 0.587253
0.369428 0.340789 0.413878
0.504648 0.273641 0.697765
0.404513 0.367596 0.384105
0.577494 0.314036 0.626702
0.575011 0.339083 0.378857
0.431616 0.330334 0.324164
0.63537 0.498644 0.567571
0.35415 0.336792 0.571692
0.694432 0.288959 0.503972
0.511787 0.276305 0.698717
0.713754 0.432319 0.547804
0.671304 0.312328 0.442902
0.323308 0.320452 0.451878
0.322239 0.344864 0.59404
0.503854 0.275899 0.700899
0.336772 0.334571 0.539862
0.67898 0.268972 0.519341
0.588533 0.371229 0.291884
0.660415 0.293257 0.552236
0.479042 0.538403 0.547492
0.422287 0.323255 0.634845
0.633828 0.492181 0.370313
0.313215 0.305098 0.544243
0.450052 0.301021 0.646571
0.66458 0.274876 0.522613
0.386252 0.372046 0.396411
0.482309 0.541581 0.447811
0.573935 0.313143 0.670512
0.433736 0.302763 0.664998
0.386528 0.350868 0.571838
0.683313 0.304783 0.431602
0.659161 0.371542 0.622569
0.321685 0.3272 0.450695
0.416781 0.351583 0.347115
0.712943 0.300038 0.531928
0.584402 0.313685 0.630875
0.308406 0.312031 0.528259
0.487871 0.538011 0.517096
0.473433 0.29993 0.274616
0.45196 0.327717 0.273954
0.313092 0.306981 0.45429
0.312206 0.332597 0.565607
0.700525 0.462678 0.503114
0.371765 0.535869 0.525965
0.401348 0.372421 0.383977
0.49349 0.273402 0.695511
0.673336 0.323574 0.458935
0.313984 0.311214 0.455382
0.395687 0.339966 0.59588
0.484806 0.289011 0.286832
0.572104 0.380618 0.709167
0.40683 0.327603 0.63543
0.623701 0.449288 0.643484
0.475303 0.542211 0.415441
0.48639 0.537205 0.543748
0.581602 0.318464 0.622543
0.596856 0.36672 0.580439
0.447346 0.536943 0.587473
0.257758 0.364064 0.489411
0.383986 0.341842 0.574566
0.698085 0.317474 0.428544
0.352641 0.342487 0.573803
0.487393 0.539257 0.493351
0.388633 0.362826 0.388393
0.454331 0.281842 0.68088
0.574482 0.350188 0.70604
0.709602 0.335932 0.422472
0.328427 0.341988 0.382051
0.48117 0.323101 0.265104
0.364937 0.34447 0.362824
0.48593 0.539791 0.487634
0.525587 0.292766 0.299353
0.394047 0.369597 0.600433
0.38855 0.432373 0.295975
0.607162 0.500864 0.603374
0.547989 0.319769 0.648048
0.287081 0.293787 0.4728
0.695733 0.327896 0.418733
0.534988 0.301866 0.307282
0.631519 0.342918 0.410421
0.560001 0.304505 0.301429
0.282178 0.454885 0.539067
0.681507 0.306669 0.503664
0.466387 0.303611 0.666972
0.409024 0.354828 0.356622
0.482027 0.533456 0.601897
0.564158 0.325693 0.288949
0.314246 0.335624 0.43326
0.404923 0.339248 0.366975
0.346869 0.346333 0.361438
0.690142 0.307469 0.462341
0.516139 0.355788 0.254133
0.430818 0.378548 0.273489
0.405027 0.340153 0.616548
0.35902 0.370062 0.420839
0.57476 0.316151 0.330596
0.420665 0.31784 0.655855
0.312825 0.343632 0.572642
0.675202 0.339621 0.458163
0.683885 0.299987 0.513927
0.506472 0.304598 0.717278
0.664174 0.494284 0.508872
0.698363 0.448789 0.418697
0.348662 0.495249 0.374218
0.565372 0.535849 0.467647
0.379195 0.372154 0.592069
0.378959 0.377228 0.394611
0.658789 0.338095 0.597655
0.582252 0.533145 0.527625
0.618472 0.497385 0.366136
0.469177 0.532825 0.604718
0.479584 0.540067 0.455771
0.373207 0.354628 0.392838
0.662265 0.299236 0.548163
0.269442 0.382124 0.53188
0.615342 0.344691 0.329593
0.422668 0.540654 0.432784
0.638441 0.321118 0.573054
0.382263 0.388187 0.384526
0.381496 0.335148 0.345923
0.315612 0.499599 0.448475
0.611485 0.357197 0.578055
0.270651 0.434982 0.495285
0.555699 0.53077 0.413417
0.591831 0.531522 0.510715
0.647022 0.317268 0.394429
0.280492 0.33382 0.539553
0.615925 0.334907 0.394427
0.617666 0.525338 0.475945
0.455295 0.287739 0.693069
0.447304 0.40641 0.267623
0.66991 0.487872 0.414812
0.335119 0.341945 0.603674
0.315977 0.350342 0.400545
0.694063 0.330759 0.477434
0.460848 0.284048 0.689925
0.527019 0.310495 0.715762
0.301173 0.487571 0.453573
0.626625 0.511903 0.406295
0.568312 0.310743 0.65593
0.318993 0.338437 0.442024
0.357251 0.359693 0.413325
0.548844 0.311461 0.312749
0.530083 0.296644 0.683701
0.533747 0.298677 0.693616
0.510309 0.309603 0.287497
0.52978 0.374554 0.26037
0.712248 0.392005 0.407763
0.317623 0.350204 0.389703
0.567237 0.514446 0.364143
0.377644 0.365181 0.387925
0.463321 0.423039 0.723678
0.707448 0.301586 0.482414
0.599351 0.530895 0.466944
0.337106 0.339713 0.395546
0.533138 0.324046 0.719509
0.312937 0.498325 0.543135
0.691907 0.313915 0.497953
0.406529 0.338525 0.633254
0.467151 0.289777 0.708765
0.395384 0.355075 0.607881
0.544593 0.304539 0.304144
0.552926 0.531148 0.421051
0.598601 0.525679 0.420665
0.339918 0.333488 0.562593
0.383077 0.342002 0.361776
0.41741 0.328973 0.665174
0.414537 0.539131 0.559221
0.602415 0.498442 0.355826
0.381563 0.351279 0.604163
0.692555 0.326486 0.496772
0.670693 0.339919 0.383243
0.545654 0.31804 0.706601
0.733047 0.403653 0.45673
0.588894 0.521524 0.396573
0.264518 0.401909 0.456594
0.491457 0.333598 0.265075
0.306725 0.331038 0.447966
0.443195 0.302258 0.674378
0.484833 0.357091 0.256932
0.592518 0.437721 0.303989
0.511177 0.471635 0.68716
0.640778 0.419634 0.640539
0.375108 0.360663 0.377336
0.280998 0.386029 0.424026
0.440902 0.315786 0.651882
0.321636 0.329051 0.559601
0.292694 0.360101 0.420961
0.484448 0.537452 0.478396
0.429832 0.351967 0.279765
0.270436 0.412762 0.440761
0.705444 0.306873 0.491025
0.325617 0.411981 0.638496
0.604504 0.336373 0.370219
0.30351 0.443562 0.380054
0.32473 0.459301 0.360606
0.612781 0.516003 0.401896
0.4885 0.291034 0.695305
0.340614 0.353463 0.418789
0.452827 0.533612 0.594663
0.488034 0.303529 0.683881
0.282424 0.309928 0.47495
0.262248 0.39544 0.491572
0.596697 0.342854 0.598499
0.373227 0.347251 0.607887
0.261047 0.37909 0.488177
0.690496 0.324142 0.513262
0.415118 0.54204 0.494618
0.560498 0.320856 0.690008
0.3924 0.516771 0.377934
0.561509 0.526158 0.404741
0.514797 0.318603 0.69096
0.604873 0.355686 0.593138
0.285745 0.316065 0.496762
0.638247 0.339152 0.577009
0.379748 0.513015 0.382088
0.678502 0.459879 0.564454
0.460729 0.538078 0.46076
0.692097 0.337876 0.411378
0.489578 0.309376 0.686162
0.263337 0.414191 0.468009
0.688074 0.318012 0.522012
0.31983 0.354752 0.432661
0.594232 0.334941 0.644595
0.693684 0.325821 0.50386
0.351285 0.350655 0.599678
0.292012 0.471136 0.544939
0.381495 0.342873 0.340671
0.388616 0.344051 0.643221
0.70379 0.327897 0.554347
0.357932 0.457757 0.653582
0.3321 0.352117 0.592096
0.333559 0.417664 0.646808
0.382811 0.415673 0.687425
0.489768 0.313727 0.686135
0.37671 0.361585 0.60027
0.672879 0.333855 0.397733
0.66669 0.318989 0.56873
0.33696 0.354079 0.40927
0.495041 0.397213 0.263534
0.572761 0.529447 0.437571
0.367784 0.362108 0.361936
0.687404 0.320526 0.527969
0.617641 0.34505 0.657346
0.571666 0.328223 0.677
0.693882 0.336251 0.418387
0.537891 0.529644 0.423664
0.295108 0.324458 0.511046
0.44983 0.437694 0.712016
0.323009 0.335706 0.560636
0.56192 0.483252 0.656533
0.265346 0.384078 0.502367
0.564462 0.322666 0.661055
0.400445 0.369068 0.295126
0.344095 0.358135 0.571843
0.6363 0.346214 0.61117
0.268167 0.411809 0.516795
0.573282 0.403562 0.284358
0.647838 0.335804 0.567451
0.528696 0.531036 0.509508
0.528114 0.530377 0.519572
0.736179 0.34926 0.505408
0.385741 0.396314 0.685153
0.526917 0.390381 0.728411
0.395466 0.362238 0.333578
0.656294 0.424842 0.34228
0.388207 0.359109 0.305701
0.66298 0.326414 0.420525
0.621947 0.369315 0.329935
0.299646 0.320649 0.538071
0.652214 0.328819 0.567246
0.667584 0.397661 0.355964
0.39154 0.53556 0.459583
0.54911 0.323125 0.676805
0.639721 0.345521 0.597405
0.276525 0.32295 0.490359
0.384113 0.362256 0.620165
0.306155 0.381408 0.585913
0.677172 0.321896 0.55068
0.376052 0.367738 0.318739
0.582846 0.336697 0.669774
0.453042 0.428608 0.272808
0.515945 0.531111 0.441534
0.473202 0.362663 0.259806
0.723865 0.33238 0.520609
0.354905 0.362508 0.603233
0.270764 0.409243 0.531369
0.672039 0.323651 0.55368
0.715313 0.420533 0.426789
0.378348 0.351379 0.650834
0.287321 0.404864 0.404434
0.288695 0.435179 0.567924
0.283886 0.412196 0.567617
0.431841 0.331053 0.682076
0.694873 0.321746 0.452261
0.373833 0.350621 0.338129
0.293835 0.324199 0.518195
0.520671 0.405111 0.267468
0.440634 0.318711 0.665425
0.720318 0.318541 0.476535
0.35378 0.368698 0.350553
0.596931 0.383371 0.683186
0.379451 0.534178 0.511512
0.679809 0.366531 0.586257
0.403994 0.539317 0.517457
0.727498 0.332535 0.493605
0.476867 0.531831 0.543825
0.519004 0.531748 0.482492
0.646441 0.442347 0.622367
0.528444 0.513539 0.340175
0.688442 0.47176 0.479567
0.59478 0.409994 0.681454
0.571145 0.530598 0.510919
0.274514 0.380358 0.442508
0.320139 0.362632 0.392393
0.718879 0.323519 0.460919
0.67667 0.330312 0.562271
0.475155 0.325151 0.716633
0.512454 0.530039 0.447135
0.625684 0.361938 0.34605
0.280275 0.434747 0.545955
0.55094 0.331347 0.683738
0.429592 0.364022 0.305438
0.635096 0.472663 0.609151
0.616731 0.428044 0.656751
0.279787 0.33689 0.512542
0.497749 0.530201 0.387304
0.612487 0.348486 0.650964
0.458124 0.313613 0.681684
0.26412 0.395088 0.465475
0.668507 0.344587 0.43002
0.444478 0.319999 0.673634
0.420596 0.374068 0.287454
0.501199 0.457614 0.283041
0.514015 0.478369 0.677888
0.285411 0.336776 0.496605
0.437037 0.456028 0.694787
0.650164 0.337976 0.401057
0.4544 0.535958 0.473002
0.344887 0.369374 0.602988
0.304178 0.332564 0.54217
0.613154 0.494104 0.60142
0.707117 0.32908 0.480385
0.652251 0.353887 0.588014
0.466097 0.421698 0.722461
0.299608 0.480697 0.545461
0.718147 0.377188 0.42444
0.529202 0.52465 0.600924
0.450173 0.41235 0.271706
0.385746 0.364789 0.643542
0.296563 0.365362 0.432063
0.433481 0.501039 0.655748
0.674506 0.336781 0.561153
0.669547 0.339876 0.567015
0.490235 0.530364 0.463981
0.328455 0.488675 0.58604
0.579853 0.528529 0.461958
0.594113 0.394081 0.301028
0.615122 0.356496 0.617377
0.504405 0.325626 0.711658
0.588251 0.350793 0.316806
0.665618 0.343203 0.424155
0.548401 0.347351 0.714326
0.3067 0.41239 0.607732
0.450517 0.356446 0.279022
0.614773 0.351973 0.35068
0.647875 0.362252 0.581917
0.290254 0.345357 0.51826
0.641687 0.36349 0.366454
0.397977 0.352148 0.661666
0.510362 0.324175 0.707637
0.434253 0.389583 0.278948
0.444916 0.327254 0.689099
0.671304 0.348048 0.576037
0.465568 0.317985 0.7075
0.706723 0.335557 0.436555
0.517307 0.348229 0.2751
0.476251 0.529937 0.509877
0.45501 0.486213 0.303706
0.532277 0.34839 0.274359
0.590624 0.359093 0.657014
0.350305 0.370485 0.614048
0.554595 0.329784 0.686171
0.361191 0.367276 0.619919
0.680345 0.349464 0.573066
0.274534 0.388923 0.525262
0.276665 0.356763 0.462744
0.589749 0.352643 0.333545
0.327514 0.370487 0.579995
0.519793 0.497174 0.654996
0.463889 0.531824 0.474578
0.591853 0.429376 0.303599
0.292792 0.382581 0.421578
0.613211 0.517163 0.430191
0.504816 0.350362 0.724489
0.437241 0.36982 0.282967
0.716899 0.43759 0.474468
0.612953 0.362121 0.633913
0.710403 0.434625 0.442528
0.529673 0.526535 0.567663
0.444251 0.415135 0.275923
0.520465 0.488891 0.664275
0.706859 0.327035 0.455029
0.584178 0.367665 0.304825
0.449239 0.442188 0.28102
0.715803 0.339433 0.520842
0.518832 0.362623 0.272042
0.590626 0.402953 0.681715
0.43999 0.367587 0.288929
0.716412 0.356911 0.428235
0.458071 0.518617 0.351236
0.600987 0.395019 0.674441
0.266541 0.375304 0.483503
0.290721 0.448273 0.428638
0.610185 0.362728 0.349993
0.414182 0.532186 0.414841
0.341112 0.470843 0.35845
0.661242 0.351674 0.382564
0.547917 0.522758 0.584392
0.59006 0.40935 0.29667
0.436167 0.524401 0.374688
0.363902 0.370152 0.639946
0.320653 0.474723 0.384756
0.27948 0.364059 0.510433
0.473117 0.52939 0.464678
0.507316 0.342147 0.70916
0.454368 0.532067 0.476643
0.439828 0.508638 0.342249
0.724354 0.395883 0.443637
0.706504 0.343699 0.528932
0.659257 0.452864 0.596545
0.571851 0.353632 0.681021
0.566161 0.513699 0.377983
0.598982 0.510163 0.386352
0.459937 0.531671 0.453558
0.580258 0.354896 0.315879
0.653873 0.444054 0.610576
0.37768 0.376694 0.665865
0.302396 0.389386 0.405567
0.657047 0.369822 0.58124
0.682212 0.344846 0.426168
0.71075 0.383897 0.557997
0.713216 0.343479 0.521143
0.648915 0.379106 0.582935
0.583701 0.39194 0.298612
0.445765 0.384512 0.277314
0.5246 0.36 0.278445
0.362125 0.413604 0.320162
0.570713 0.519787 0.572228
0.687978 0.429083 0.573515
0.669657 0.36017 0.576173
0.378572 0.377249 0.648059
0.590917 0.518057 0.404589
0.411545 0.3734 0.693113
0.602308 0.504359 0.376123
0.445536 0.339633 0.686924
0.706595 0.350862 0.518968
0.344543 0.391929 0.639526
0.596703 0.369226 0.322719
0.605074 0.372042 0.654403
0.534095 0.522217 0.403584
0.546076 0.492375 0.648334
0.423392 0.535731 0.472981
0.506846 0.526583 0.397867
0.689278 0.362253 0.566367
0.715176 0.418446 0.437594
0.475359 0.532721 0.411386
0.722419 0.356653 0.530283
0.350272 0.385924 0.636111
0.272666 0.378082 0.472005
0.28509 0.440181 0.451477
0.455975 0.528253 0.536927
0.737722 0.375807 0.474876
0.407253 0.51445 0.370639
0.544146 0.458669 0.680075
0.58861 0.391932 0.680652
0.599708 0.51393 0.558652
0.505789 0.361143 0.723098
0.318315 0.402846 0.371394
0.612501 0.383584 0.340991
0.686043 0.46161 0.530755
0.703458 0.344286 0.441875
0.279543 0.423382 0.453901
0.586033 0.412589 0.296898
0.634138 0.398333 0.369011
0.481865 0.527212 0.592981
0.394152 0.382516 0.661724
0.511922 0.353283 0.716176
0.720054 0.352446 0.525295
0.476103 0.39798 0.723851
0.270636 0.385547 0.468402
0.431694 0.453826 0.295178
0.731616 0.353242 0.474175
0.282449 0.436842 0.466584
0.629943 0.406507 0.32916
0.4013 0.515096 0.379044
0.554461 0.519051 0.408258
0.282411 0.405222 0.541491
0.377443 0.526529 0.468365
0.648869 0.393101 0.609363
0.444179 0.529103 0.540776
0.71224 0.434785 0.503722
0.306963 0.394996 0.414959
0.603127 0.405064 0.665424
0.304354 0.435873 0.390135
0.633836 0.389015 0.365119
0.439533 0.355592 0.690772
0.676757 0.474079 0.44125
0.729377 0.388701 0.50701
0.650317 0.406278 0.5974
0.523573 0.520637 0.377809
0.468106 0.526839 0.472014
0.28345 0.442909 0.531155
0.338853 0.512599 0.4926
0.287409 0.41924 0.434832
0.306745 0.473875 0.562488
0.628775 0.446592 0.628893
0.622291 0.380408 0.635788
0.345 0.410887 0.649812
0.512631 0.515689 0.620743
0.527878 0.52342 0.473207
0.335442 0.507594 0.465297
0.557196 0.409264 0.70286
0.376471 0.464755 0.331941
0.430279 0.368524 0.702508
0.42806 0.400627 0.290056
0.6281 0.39949 0.355347
0.723204 0.352669 0.479413
0.464447 0.381049 0.27935
0.293518 0.445895 0.444285
0.43159 0.36802 0.686843
0.297989 0.407966 0.56742
0.628932 0.493185 0.382346
0.297179 0.452831 0.440899
0.318421 0.494939 0.466432
0.339259 0.422377 0.625352
0.500768 0.371557 0.720341
0.566584 0.509821 0.375719
0.581588 0.404463 0.681072
0.725503 0.360979 0.489356
0.565993 0.411485 0.693567
0.410199 0.437175 0.299198
0.380201 0.399021 0.656716
0.460325 0.381372 0.718842
0.698844 0.363474 0.429159
0.290437 0.415433 0.436992
0.315246 0.414977 0.587198
0.294727 0.455281 0.457571
0.612069 0.390358 0.647334
0.681556 0.374648 0.570031
0.407701 0.385551 0.683666
0.33117 0.417305 0.631676
0.666712 0.415363 0.359276
0.484693 0.47845 0.297995
0.609153 0.417749 0.314213
0.691247 0.364242 0.555626
0.647702 0.40465 0.608791
0.726555 0.359461 0.466375
0.611605 0.394664 0.333669
0.564911 0.393355 0.294235
0.539206 0.403553 0.281877
0.489342 0.390697 0.283662
0.443177 0.41921 0.283713
0.707065 0.36274 0.547192
0.405432 0.387593 0.682885
0.383466 0.40614 0.658827
0.444546 0.413446 0.288371
0.507254 0.394358 0.289066
0.67122 0.474201 0.413738
0.607665 0.509512 0.404036
0.298397 0.471035 0.480628
0.48749 0.522103 0.500998
0.690343 0.373188 0.560254
0.567143 0.523184 0.497155
0.411334 0.508227 0.632076
0.667294 0.457966 0.565916
0.584783 0.417718 0.301901
0.357285 0.427762 0.657309
0.394916 0.529661 0.50062
0.673842 0.451674 0.563058
0.720415 0.365244 0.463499
0.580542 0.385069 0.67071
0.711502 0.364017 0.450043
0.599339 0.402117 0.326657
0.459079 0.36374 0.70627
0.585235 0.521212 0.459385
0.438506 0.41967 0.288761
0.478477 0.522141 0.507897
0.690234 0.447029 0.42579
0.449873 0.45634 0.692323
0.669536 0.475824 0.515002
0.666702 0.420978 0.360974
0.508066 0.52135 0.388596
0.611577 0.501131 0.384363
0.417993 0.420288 0.695987
0.453957 0.52613 0.469286
0.715947 0.371687 0.465222
0.403715 0.52298 0.405055
0.335469 0.474654 0.61107
0.509114 0.37055 0.711235
0.643017 0.501442 0.466408
0.297102 0.455755 0.546192
0.451664 0.523367 0.52345
0.316748 0.463413 0.399163
0.665692 0.407825 0.381121
0.565432 0.385511 0.686229
0.302052 0.473956 0.487631
0.706245 0.439665 0.47739
0.421879 0.46741 0.675637
0.344718 0.512907 0.537303
0.480146 0.47058 0.296327
0.474701 0.523962 0.590099
0.5691 0.516911 0.566486
0.291242 0.436032 0.508068
0.553208 0.52173 0.52159
0.455509 0.371051 0.707717
0.303736 0.452611 0.563433
0.567314 0.522676 0.517852
0.299714 0.417935 0.433294
0.663984 0.41535 0.579255
0.590447 0.521034 0.497322
0.559998 0.521107 0.480817
0.489778 0.422321 0.712386
0.550231 0.521449 0.517287
0.654104 0.425618 0.594641
0.563102 0.416409 0.29439
0.721013 0.412575 0.47551
0.291053 0.425477 0.455046
0.335345 0.49647 0.435847
0.509157 0.52021 0.474958
0.701408 0.410692 0.549132
0.663863 0.453217 0.575731
0.621432 0.509743 0.458453
0.704211 0.369284 0.534611
0.361838 0.520861 0.530475
0.437994 0.411239 0.704642
0.517182 0.413272 0.284777
0.317012 0.460041 0.401973
0.441383 0.523527 0.56422
0.578891 0.517183 0.555961
0.672147 0.412442 0.402724
0.403562 0.420944 0.6827
0.298451 0.458055 0.506086
0.425117 0.441485 0.306854
0.671006 0.469563 0.518568
0.401877 0.468046 0.667358
0.350396 0.446961 0.371533
0.414233 0.437892 0.685402
0.543773 0.383367 0.701906
0.685566 0.392612 0.415508
0.575744 0.408102 0.311571
0.605826 0.46237 0.632372
0.336607 0.466399 0.612642
0.42408 0.471462 0.318661
0.663835 0.412749 0.566807
0.575405 0.519149 0.462062
0.322968 0.495979 0.499691
0.44406 0.471909 0.308498
0.502787 0.423243 0.296406
0.67865 0.416334 0.38729
0.650156 0.42859 0.370099
0.541141 0.49343 0.640024
0.627115 0.428296 0.629211
0.672968 0.422496 0.575298
0.621231 0.464081 0.617849
0.4031 0.522095 0.411699
0.410238 0.527898 0.502169
0.497164 0.386979 0.702935
0.306827 0.457403 0.559817
0.598096 0.418594 0.653195
0.315554 0.454697 0.400868
0.669549 0.415568 0.383089
0.300961 0.435793 0.545491
0.310044 0.480164 0.527389
0.706178 0.386775 0.440954
0.692891 0.388863 0.550873
0.37535 0.45075 0.349789
0.650796 0.471864 0.560177
0.302804 0.461741 0.510259
0.715529 0.393329 0.508124
0.486186 0.467959 0.300986
0.296497 0.440429 0.46353
0.328534 0.453492 0.597094
0.570025 0.503577 0.378601
0.33213 0.452432 0.381065
0.455494 0.519841 0.547776
0.447551 0.520625 0.544986
0.298194 0.434948 0.481575
0.368552 0.515942 0.477459
0.5661 0.398558 0.676669
0.515054 0.452981 0.684783
0.576375 0.425825 0.670595
0.434849 0.44729 0.687611
0.403899 0.520613 0.586744
0.562277 0.512761 0.428254
0.491925 0.511894 0.619249
0.298891 0.432325 0.45748
0.352544 0.508263 0.469282
0.458548 0.428316 0.706618
0.526024 0.513576 0.444355
0.544185 0.44084 0.683844
0.318678 0.483161 0.457379
0.359448 0.433295 0.637254
0.323713 0.484904 0.55925
0.685641 0.382514 0.55001
0.313003 0.484234 0.523163
0.593154 0.500181 0.590941
0.466161 0.443124 0.29388
0.483475 0.389108 0.705094
0.317317 0.484383 0.520871
0.362459 0.494837 0.605673
0.698734 0.438086 0.465672
0.580684 0.518682 0.491415
0.665267 0.473231 0.503531
0.305453 0.457046 0.515713
0.702878 0.386248 0.525725
0.511571 0.515233 0.402835
0.67598 0.395599 0.552411
0.478588 0.459166 0.301057
0.590667 0.44853 0.328756
0.707549 0.426009 0.473178
0.308361 0.463418 0.534525
0.396514 0.521136 0.54244
0.656904 0.443554 0.373315
0.661922 0.477912 0.427423
0.379235 0.514851 0.570001
0.672947 0.465733 0.499113
0.302415 0.452767 0.465749
0.328038 0.493121 0.492456
0.347776 0.477105 0.612789
0.337197 0.491106 0.567466
0.677008 0.415101 0.55745
0.51501 0.441639 0.30118
0.692408 0.389475 0.518868
0.58704 0.517743 0.490242
0.416047 0.418797 0.678141
0.596476 0.44055 0.336785
0.50248 0.427523 0.701769
0.595784 0.515756 0.504926
0.44538 0.519099 0.586088
0.352484 0.455404 0.630147
0.365276 0.514866 0.522576
0.675702 0.443841 0.400909
0.697866 0.42052 0.533401
0.617579 0.444263 0.622769
0.351558 0.470897 0.377795
0.384943 0.468162 0.650694
0.419754 0.497186 0.637946
0.599945 0.512632 0.494101
0.419789 0.521377 0.520611
0.313443 0.452908 0.518634
0.464163 0.484253 0.319629
0.665545 0.436823 0.400523
0.633492 0.444364 0.583851
0.385758 0.448088 0.625283
0.529897 0.509035 0.412882
0.665669 0.443029 0.56144
0.69005 0.399779 0.443976
0.479544 0.475187 0.312157
0.4217 0.424741 0.669499
0.674488 0.463024 0.458998
0.688714 0.404238 0.432794
0.586934 0.452193 0.333257
0.576426 0.41833 0.651698
0.596731 0.513511 0.481987
0.706803 0.415997 0.482114
0.401528 0.452213 0.666794
0.39209 0.518636 0.493166
0.5264 0.492969 0.331392
0.663976 0.439241 0.397173
0.561472 0.413062 0.673004
0.309748 0.464222 0.477971
0.443089 0.517725 0.501606
0.415493 0.507208 0.619761
0.323577 0.480907 0.452857
0.365676 0.443378 0.637087
0.500043 0.464071 0.309282
0.346997 0.451574 0.611964
0.575198 0.443074 0.655585
0.489301 0.401967 0.698648
0.441923 0.517638 0.511357
0.364091 0.466086 0.630183
0.418721 0.521562 0.43045
0.5992 0.44742 0.613659
0.700665 0.406619 0.45165
0.439786 0.484372 0.334671
0.320848 0.454793 0.519639
0.59802 0.467656 0.34848
0.430178 0.502481 0.359838
0.522095 0.461268 0.317001
0.33055 0.487577 0.490963
0.391078 0.515524 0.429926
0.655178 0.475722 0.41036
0.591554 0.439741 0.625091
0.588721 0.46214 0.342362
0.662162 0.467282 0.412755
0.678858 0.39699 0.537998
0.59375 0.463885 0.626635
0.589858 0.454713 0.347695
0.663917 0.442321 0.557378
0.635966 0.456141 0.400659
0.683732 0.447946 0.487362
0.456961 0.51546 0.579213
0.468869 0.511717 0.50731
0.59093 0.489405 0.602878
0.355438 0.504745 0.513995
0.606136 0.478174 0.605295
0.427479 0.516673 0.555047
0.318251 0.470639 0.517251
0.360116 0.452244 0.619142
0.582718 0.484433 0.355607
0.496293 0.508293 0.366558
0.407101 0.483127 0.348248
0.616235 0.469847 0.360701
0.643705 0.476894 0.544723
0.423022 0.451668 0.672649
0.383529 0.472956 0.357977
0.335445 0.487505 0.497393
0.412228 0.519371 0.476202
0.459875 0.51736 0.444447
0.701886 0.40075 0.468328
0.620985 0.461479 0.372007
0.681966 0.40255 0.51768
0.356357 0.488516 0.58911
0.553606 0.416587 0.655673
0.544931 0.496354 0.361646
0.63572 0.489915 0.437201
0.323282 0.469171 0.510724
0.679749 0.441124 0.511917
0.6202 0.492804 0.545708
0.685908 0.415757 0.529801
0.408036 0.464038 0.34752
0.659003 0.42267 0.546881
0.493609 0.509453 0.506065
0.626679 0.493517 0.51021
0.551701 0.502626 0.432098
0.491748 0.47655 0.326541
0.501687 0.497395 0.346525
0.489632 0.462663 0.673223
0.580435 0.46825 0.345419
0.566788 0.432314 0.655197
0.395364 0.465302 0.356233
0.645615 0.479953 0.409286
0.422928 0.458575 0.344433
0.538621 0.41886 0.679413
0.666844 0.449946 0.54007
0.422684 0.436421 0.647024
0.363048 0.505204 0.519302
0.570511 0.50422 0.431538
0.551017 0.504921 0.4553
0.575141 0.504633 0.425139
0.644846 0.462676 0.389275
0.557973 0.507836 0.580208
0.341333 0.487808 0.495942
0.681528 0.411809 0.517804
0.427572 0.507038 0.60249
0.416014 0.476427 0.350566
0.45364 0.508325 0.527875
0.677131 0.409491 0.51621
0.377619 0.501038 0.405643
0.633024 0.48624 0.51302
0.386421 0.455708 0.625993
0.687895 0.407529 0.500835
0.388079 0.454959 0.637652
0.385766 0.506787 0.410719
0.347718 0.472521 0.57858
0.641064 0.470968 0.397589
0.393488 0.45267 0.63258
0.405399 0.498318 0.616767
0.574466 0.465898 0.629678
0.465152 0.507486 0.512327
0.625302 0.490342 0.525906
0.6228 0.455079 0.58088
0.487518 0.495291 0.631404
0.566496 0.43408 0.648033
0.477757 0.510161 0.596061
0.655737 0.425115 0.54038
0.360431 0.483699 0.420533
0.475074 0.478225 0.33673
0.35618 0.459192 0.582861
0.434672 0.463363 0.344929
0.505584 0.417749 0.678437
0.487571 0.511222 0.440968
0.423934 0.513565 0.521901
0.368809 0.504029 0.506564
0.570366 0.503247 0.455183
0.39172 0.507781 0.573992
0.396268 0.4514 0.639517
0.677732 0.431274 0.525767
0.42821 0.470438 0.367441
0.67143 0.422729 0.526716
0.561321 0.430738 0.638732
0.429118 0.486425 0.358499
0.683891 0.414336 0.491238
0.675142 0.424789 0.516604
0.542218 0.485897 0.623337
0.385976 0.506814 0.499748
0.381059 0.486444 0.394036
0.526886 0.500049 0.439157
0.629059 0.462377 0.415889
0.395164 0.506676 0.55719
0.343528 0.459924 0.496805
0.651334 0.422592 0.523193
0.486665 0.476126 0.653051
0.424231 0.47078 0.650164
0.476779 0.504308 0.511702
0.466154 0.467263 0.342446
0.484754 0.508927 0.398926
0.495052 0.426978 0.677557
0.36359 0.498441 0.498313
0.589188 0.470771 0.362381
0.64569 0.477431 0.444811
0.611535 0.453169 0.572716
0.658989 0.423403 0.532024
0.494048 0.504351 0.501867
0.663214 0.446159 0.437273
0.645642 0.479583 0.477456
0.445373 0.459979 0.664293
0.63141 0.467133 0.403085
0.357327 0.453244 0.559811
0.538815 0.505288 0.585384
0.485375 0.498978 0.618518
0.351381 0.489362 0.455838
0.579223 0.488408 0.377039
0.44917 0.508166 0.387339
0.354988 0.481054 0.558331
0.654379 0.44136 0.53845
0.402986 0.511589 0.457982
0.443646 0.494597 0.370531
0.494916 0.502722 0.469999
0.660204 0.450702 0.514892
0.346879 0.474733 0.47629
0.564321 0.489238 0.381955
0.350242 0.480735 0.467992
0.368583 0.498176 0.452034
0.637363 0.479347 0.441171
0.454219 0.434707 0.667281
0.630051 0.46731 0.417392
0.376606 0.500056 0.430523
0.637889 0.474723 0.51982
0.442543 0.445095 0.660078
0.389439 0.491667 0.397698
0.417155 0.506824 0.554928
0.393507 0.471516 0.627469
0.417896 0.455823 0.589466
0.619844 0.469688 0.406157
0.650593 0.46739 0.442473
0.422875 0.449034 0.624617
0.610147 0.466075 0.411799
0.667156 0.437587 0.456276
0.493562 0.445899 0.668072
0.58224 0.50065 0.563717
0.445398 0.459842 0.658675
0.357647 0.472713 0.568496
0.467218 0.440955 0.675088
0.543076 0.45624 0.345571
0.407489 0.46197 0.593729
0.462925 0.421698 0.660689
0.596819 0.449579 0.568478
0.421826 0.508122 0.525696
0.631714 0.471144 0.55145
0.377813 0.49817 0.445591
0.626236 0.457889 0.557807
0.576314 0.505703 0.529235
0.459639 0.497823 0.382497
0.357978 0.461103 0.472135
0.628192 0.478692 0.519209
0.496865 0.448408 0.659971
0.421852 0.480624 0.383445
0.354247 0.470639 0.51099
0.588007 0.480125 0.382716
0.549231 0.498844 0.486975
0.44736 0.508318 0.455614
0.594919 0.475099 0.59074
0.435835 0.490724 0.617817
0.363598 0.487738 0.513423
0.464379 0.421457 0.652735
0.592538 0.492005 0.566461
0.433765 0.495207 0.38107
0.666055 0.445075 0.481663
0.498584 0.416902 0.652599
0.539155 0.485523 0.61469
0.663348 0.44477 0.49097
0.479996 0.503447 0.564225
0.637711 0.456365 0.444658
0.596956 0.467656 0.59123
0.49507 0.501695 0.435003
0.511113 0.489426 0.366371
0.640595 0.469128 0.439923
0.657608 0.439362 0.507443
0.632504 0.471859 0.536758
0.482884 0.503453 0.452089
0.476821 0.501597 0.393364
0.363746 0.489137 0.465741
0.65332 0.453161 0.511171
0.628824 0.461898 0.555896
0.43733 0.508925 0.462083
0.388465 0.498353 0.441772
0.495944 0.411956 0.641064
0.515953 0.420733 0.64763
0.531323 0.445366 0.64768
0.503547 0.490973 0.606913
0.612475 0.485784 0.522641
0.499672 0.495105 0.477847
0.373232 0.483225 0.558177
0.497767 0.487731 0.373975
0.651105 0.442997 0.470053
0.532792 0.439163 0.649054
0.540335 0.433979 0.644639
0.409398 0.470472 0.619003
0.423081 0.507617 0.44519
0.362364 0.473509 0.474823
0.502944 0.429707 0.654272
0.393517 0.481019 0.414803
0.543486 0.430465 0.604869
0.362934 0.451061 0.53447
0.611459 0.447383 0.546417
0.513351 0.494555 0.443953
0.36658 0.480092 0.543929
0.405761 0.502208 0.416954
0.440839 0.474405 0.377444
0.547385 0.436538 0.636613
0.40526 0.496741 0.406131
0.484687 0.429296 0.658911
0.478661 0.497189 0.476948
0.51601 0.478812 0.624488
0.448525 0.433643 0.616059
0.508307 0.495345 0.429824
0.639988 0.433599 0.469125
0.382849 0.497215 0.460094
0.484773 0.459879 0.651413
0.365013 0.478709 0.539528
0.505942 0.495812 0.425836
0.374984 0.480829 0.525616
0.380533 0.466365 0.559223
0.600863 0.450049 0.43492
0.568021 0.478773 0.593396
0.372172 0.443898 0.511095
0.602768 0.487417 0.525532
0.434006 0.457247 0.624994
0.601228 0.479067 0.422042
0.457713 0.490656 0.603432
0.58487 0.433779 0.436002
0.361984 0.445642 0.482573
0.418742 0.498721 0.409985
0.514898 0.483794 0.381988
0.618923 0.457416 0.543913
0.476504 0.424447 0.652776
0.554155 0.495619 0.531979
0.488885 0.445971 0.649168
0.482301 0.416753 0.648095
0.410939 0.484922 0.402312
0.411085 0.487637 0.402669
0.501134 0.457575 0.642147
0.462014 0.426303 0.636341
0.577498 0.492266 0.555571
0.430869 0.500343 0.476046
0.465853 0.496675 0.564328
0.527464 0.456926 0.360055
0.368076 0.458897 0.512852
0.438232 0.495759 0.490558
0.486365 0.452529 0.647741
0.640244 0.450273 0.487107
0.455441 0.43696 0.637642
0.628057 0.469355 0.456853
0.49458 0.42871 0.648734
0.63712 0.434599 0.469691
0.520222 0.492538 0.516673
0.629491 0.440444 0.509946
0.382788 0.478539 0.50702
0.545524 0.490306 0.524168
0.581511 0.489886 0.507024
0.615526 0.461633 0.537727
0.374668 0.464323 0.466411
0.574028 0.490582 0.541625
0.469836 0.425614 0.642764
0.628802 0.426877 0.500906
0.389732 0.484758 0.50648
0.557769 0.488239 0.557837
0.450408 0.458678 0.384775
0.5517 0.483572 0.581768
0.624465 0.445813 0.461586
0.554055 0.473559 0.601964
0.368403 0.444196 0.488447
0.574135 0.487057 0.453249
0.506491 0.488261 0.448543
0.628063 0.451783 0.493394
0.581269 0.47029 0.407408
0.602895 0.481375 0.478091
0.458427 0.456238 0.377863
0.46481 0.488591 0.529379
0.524451 0.452496 0.634213
0.463917 0.477518 0.619839
0.580239 0.442594 0.555239
0.40965 0.492795 0.496424
0.518293 0.48981 0.539641
0.549174 0.460524 0.617661
0.405323 0.476685 0.5874
0.380882 0.47245 0.546596
0.525885 0.443589 0.636781
0.379103 0.471972 0.519761
0.533797 0.444792 0.63423
0.457037 0.487937 0.475428
0.512706 0.481271 0.604336
0.619354 0.469696 0.49221
0.429806 0.471766 0.40419
0.547399 0.48363 0.557459
0.438375 0.46486 0.609248
0.607604 0.449593 0.530313
0.514712 0.482437 0.419589
0.558649 0.482727 0.555694
0.569874 0.484712 0.501164
0.46441 0.476368 0.474054
0.398759 0.48085 0.550874
0.43525 0.487185 0.525877
0.38255 0.444087 0.457404
0.532573 0.448656 0.376621
0.541441 0.435191 0.592498
0.615473 0.465287 0.467708
0.464959 0.486645 0.45082
0.570124 0.483255 0.479388
0.462243 0.43445 0.627218
0.559274 0.445946 0.40366
0.516465 0.483178 0.58137
0.447012 0.480535 0.494318
0.609778 0.440345 0.52483
0.479136 0.485467 0.588618
0.626481 0.420405 0.499429
0.474597 0.432912 0.637951
0.620006 0.454347 0.490567
0.445639 0.465713 0.613644
0.486675 0.431936 0.367866
0.436716 0.492098 0.444958
0.614139 0.443263 0.517612
0.514333 0.482214 0.492752
0.467436 0.480892 0.39388
0.501054 0.465756 0.619147
0.492227 0.47773 0.392445
0.471372 0.412658 0.623305
0.448053 0.448267 0.397453
0.479773 0.436791 0.370781
0.453421 0.437199 0.401398
0.395874 0.473156 0.493862
0.627938 0.404598 0.478616
0.395474 0.449148 0.527847
0.508052 0.408136 0.606902
0.538298 0.477014 0.567376
0.602474 0.4645 0.505505
0.515815 0.477827 0.576408
0.625804 0.378348 0.48983
0.602134 0.433824 0.453369
0.455061 0.442775 0.610984
0.412945 0.481433 0.546
0.469829 0.405122 0.603349
0.531286 0.479317 0.458181
0.399282 0.444571 0.53334
0.58391 0.46708 0.431424
0.449458 0.473294 0.475449
0.461308 0.479653 0.526241
0.450336 0.481157 0.571053
0.604385 0.397254 0.515994
0.51192 0.427505 0.617115
0.496135 0.479279 0.445802
0.602771 0.46146 0.525409
0.466489 0.467049 0.473433
0.491585 0.477362 0.587775
0.577538 0.473027 0.431746
0.566173 0.458043 0.409771
0.548037 0.474147 0.570289
0.539843 0.480203 0.544076
0.59314 0.470824 0.538998
0.550848 0.455998 0.396585
0.550994 0.449459 0.397765
0.531817 0.457346 0.386248
0.519452 0.434992 0.383853
0.400894 0.479754 0.447386
0.454824 0.442982 0.610767
0.463447 0.418065 0.588736
0.543833 0.472505 0.434631
0.565474 0.464746 0.556923
0.416364 0.476049 0.529618
0.546842 0.464694 0.573192
0.5216 0.472419 0.565333
0.608748 0.410912 0.508541
0.520523 0.418498 0.391183
0.572129 0.463091 0.426517
0.521722 0.462069 0.596699
0.476352 0.47456 0.531039
0.541044 0.469685 0.416832
0.502617 0.421932 0.390449
0.478568 0.45712 0.476134
0.540312 0.467632 0.411069
0.565338 0.410196 0.538352
0.489605 0.466252 0.593006
0.559439 0.442889 0.414882
0.406214 0.438319 0.527492
0.522508 0.421673 0.39076
0.471986 0.460754 0.391711
0.52779 0.451526 0.605338
0.542322 0.450349 0.590341
0.496851 0.463839 0.596234
0.444627 0.346955 0.562532
0.46998 0.472014 0.51934
0.462859 0.465976 0.400132
0.414239 0.451355 0.433713
0.443527 0.47477 0.517359
0.441443 0.40259 0.550625
0.461759 0.427855 0.401233
0.380728 0.43448 0.473792
0.56388 0.439229 0.421496
0.411001 0.436082 0.441209
0.397357 0.463253 0.501062
0.417725 0.453557 0.557815
0.409033 0.460952 0.518546
0.542881 0.465514 0.456239
0.466061 0.426146 0.40264
0.438006 0.47143 0.533053
0.440703 0.470352 0.550561
0.508296 0.466738 0.557319
0.475017 0.466209 0.409255
0.442804 0.439499 0.568497
0.590298 0.457402 0.469966
0.436766 0.470391 0.548849
0.444308 0.463574 0.575225
0.563094 0.465659 0.503187
0.49083 0.462599 0.576265
0.507846 0.425094 0.595246
0.438198 0.409655 0.422269
0.550106 0.333383 0.559068
0.39125 0.441768 0.485269
0.579182 0.462365 0.516055
0.552885 0.465284 0.453586
0.459768 0.440899 0.406334
0.426481 0.431096 0.543358
0.525899 0.400555 0.399719
0.397019 0.432244 0.498385
0.492602 0.416192 0.600807
0.607485 0.380087 0.499927
0.485297 0.391405 0.605844
0.410894 0.460799 0.524484
0.526916 0.46828 0.498226
0.383123 0.422225 0.481825
0.503533 0.465479 0.563038
0.612994 0.430919 0.472657
0.498924 0.46858 0.523054
0.539368 0.46539 0.458672
0.583861 0.435794 0.53152
0.548627 0.456501 0.56503
0.506756 0.461165 0.461053
0.426942 0.454822 0.43712
0.540451 0.454051 0.471241
0.537128 0.455261 0.462052
0.457395 0.464016 0.532969
0.573122 0.453668 0.510451
0.496342 0.459228 0.548349
0.569672 0.450211 0.53538
0.51878 0.46122 0.541908
0.586931 0.446353 0.49632
0.591521 0.440335 0.502777
0.44278 0.338548 0.562563
0.528326 0.422729 0.574093
0.458072 0.448567 0.49238
0.565842 0.453658 0.48245
0.488164 0.429395 0.593284
0.581458 0.376463 0.451634
0.543847 0.408513 0.417596
0.549906 0.452225 0.427418
0.489048 0.420258 0.594577
0.544098 0.437816 0.41565
0.570539 0.453381 0.490513
0.5564 0.453155 0.433521
0.485418 0.450724 0.407869
0.492423 0.412651 0.399012
0.586838 0.418599 0.455797
0.466869 0.44186 0.469947
0.580279 0.350745 0.448039
0.464441 0.401722 0.576433
0.596801 0.437817 0.465918
0.608039 0.372941 0.493923
0.52667 0.461108 0.503512
0.562782 0.425641 0.538921
0.51147 0.463125 0.528402
0.563622 0.453797 0.480598
0.478856 0.410471 0.398407
0.440029 0.38287 0.546158
0.442936 0.438222 0.55199
0.541927 0.445516 0.484685
0.43063 0.446577 0.532773
0.471817 0.453104 0.529002
0.461007 0.445836 0.504294
0.487153 0.448447 0.541441
0.432253 0.452299 0.460353
0.395085 0.362248 0.483433
0.574517 0.438447 0.523622
0.48578 0.433055 0.482963
0.582891 0.41997 0.456955
0.584808 0.43835 0.465433
0.452637 0.450498 0.43236
0.54956 0.320468 0.562862
0.558087 0.447637 0.531497
0.594572 0.366874 0.464761
0.499033 0.452173 0.530413
0.537628 0.449296 0.541637
0.408375 0.422438 0.495071
0.468202 0.441406 0.416628
0.498846 0.44417 0.420338
0.582869 0.442289 0.476516
0.535329 0.439375 0.556115
0.488048 0.448726 0.428575
0.576976 0.432476 0.524218
0.487528 0.444135 0.55668
0.585336 0.435567 0.497059
0.538641 0.44422 0.462345
0.526573 0.431041 0.411181
0.477201 0.442021 0.455903
0.477982 0.436218 0.586383
0.472594 0.419189 0.408702
0.482431 0.397764 0.595392
0.51884 0.413313 0.406722
0.608078 0.394262 0.480027
0.501666 0.436781 0.48062
0.409084 0.419084 0.482266
0.542266 0.436665 0.498442
0.504617 0.331073 0.591501
0.480157 0.437766 0.522664
0.5937 0.404156 0.49148
0.479394 0.43805 0.542054
0.517085 0.42229 0.562442
0.49003 0.429364 0.4575
0.535874 0.395992 0.55313
0.399857 0.389651 0.474112
0.544889 0.432268 0.469112
0.585577 0.408746 0.506526
0.459635 0.389707 0.562551
0.407037 0.390169 0.489763
0.420118 0.419994 0.505068
0.600466 0.344979 0.474834
0.414574 0.429884 0.470072
0.529605 0.433054 0.451241
0.550105 0.400076 0.429755
0.56763 0.41919 0.449587
0.467851 0.419096 0.572396
0.585763 0.418292 0.498369
0.400584 0.37892 0.483292
0.480105 0.42445 0.464629
0.572939 0.432871 0.468367
0.488482 0.434732 0.423494
0.509855 0.341999 0.5899
0.458133 0.439053 0.549418
0.489714 0.326703 0.598917
0.565489 0.389479 0.443343
0.424832 0.371942 0.442742
0.541019 0.432622 0.462561
0.435616 0.435385 0.446438
0.498041 0.436456 0.538738
0.499615 0.437973 0.512617
0.428803 0.313028 0.427454
0.417187 0.415197 0.473328
0.431883 0.421104 0.477792
0.473949 0.406427 0.477229
0.50165 0.422109 0.502622
0.588251 0.369526 0.467708
0.471944 0.426306 0.543589
0.525665 0.386819 0.565532
0.516442 0.430163 0.519706
0.530421 0.431303 0.513594
0.519996 0.338874 0.584409
0.558349 0.338419 0.433237
0.478858 0.422763 0.429353
0.493151 0.343534 0.590855
0.586752 0.384044 0.495161
0.535528 0.35314 0.419244
0.43877 0.332314 0.422254
0.462068 0.427891 0.537065
0.445334 0.402207 0.540042
0.50557 0.386568 0.412672
0.497166 0.410257 0.481527
0.568382 0.341009 0.441357
0.583226 0.316174 0.450245
0.592727 0.330498 0.506851
0.494774 0.418566 0.548258
0.471838 0.417182 0.498735
0.593846 0.313788 0.496534
0.449507 0.362799 0.417361
0.52629 0.421878 0.430796
0.453541 0.348683 0.563334
0.411518 0.393911 0.47119
0.488549 0.357276 0.40273
0.592955 0.333528 0.502941
0.479479 0.415177 0.420677
0.563861 0.372534 0.529876
0.494566 0.405325 0.567142
0.553152 0.344987 0.545894
0.458139 0.333615 0.570485
0.441831 0.4033 0.487055
0.562821 0.384765 0.523988
0.510605 0.413181 0.506303
0.493923 0.400783 0.425437
0.46493 0.410813 0.54308
0.436468 0.402831 0.488416
0.404385 0.334821 0.485103
0.512741 0.398871 0.555339
0.481905 0.382715 0.578831
0.545964 0.406775 0.451706
0.480776 0.39706 0.492836
0.480555 0.406196 0.51628
0.4271 0.320458 0.434142
0.451443 0.36333 0.552437
0.433656 0.367371 0.436929
0.591484 0.34001 0.480677
0.410204 0.368953 0.473132
0.457521 0.413589 0.524739
0.404103 0.3318 0.486261
0.517362 0.412475 0.535425
0.408662 0.32708 0.465816
0.459506 0.40863 0.459809
0.492012 0.338142 0.58809
0.472 0.400441 0.424142
0.418952 0.274267 0.563811
0.590756 0.311679 0.493735
0.436982 0.402305 0.508949
0.570071 0.350749 0.526593
0.507664 0.386519 0.418871
0.421903 0.40167 0.471774
0.482345 0.391817 0.573106
0.42776 0.399513 0.485878
0.558323 0.406074 0.485614
0.434072 0.378196 0.43976
0.474873 0.391913 0.479013
0.42961 0.380187 0.498094
0.447456 0.38933 0.496787
0.473464 0.346079 0.408356
0.518786 0.402681 0.510371
0.41571 0.286418 0.439803
0.457072 0.386304 0.540631
0.513591 0.307706 0.409022
0.497881 0.386201 0.457799
0.514869 0.306234 0.40876
0.581124 0.298323 0.526697
0.506989 0.376668 0.476564
0.488687 0.340841 0.583313
0.459548 0.385729 0.472396
0.440233 0.387834 0.507903
0.493406 0.396097 0.528407
0.425744 0.365744 0.454244
0.508972 0.290873 0.588308
0.42398 0.292881 0.557494
0.589311 0.326821 0.472634
0.51188 0.389954 0.491269
0.471096 0.37665 0.478982
0.407927 0.329789 0.483652
0.507919 0.318383 0.584181
0.491928 0.342549 0.411264
0.458131 0.394278 0.530483
0.404598 0.30696 0.474244
0.53674 0.30098 0.576529
0.523284 0.30941 0.410394
0.536167 0.400732 0.513899
0.41836 0.280859 0.557639
0.574939 0.366081 0.502765
0.543664 0.362059 0.432153
0.403313 0.307863 0.518297
0.51815 0.371479 0.420928
0.534274 0.3845 0.476301
0.54832 0.263918 0.581966
0.427706 0.363741 0.489544
0.555953 0.369214 0.472316
0.415947 0.335102 0.49072
0.547971 0.376857 0.49706
0.419779 0.301561 0.545734
0.444928 0.354528 0.539914
0.535163 0.334661 0.424446
0.518249 0.390239 0.518288
0.491507 0.377482 0.541898
0.525389 0.36854 0.47023
0.534735 0.348513 0.427864
0.582924 0.305022 0.491934
0.52535 0.366778 0.476279
0.58697 0.279313 0.510271
0.440799 0.371718 0.44276
0.458817 0.299167 0.576737
0.539049 0.367784 0.477219
0.501294 0.359857 0.477077
0.536367 0.375159 0.458245
0.468174 0.359183 0.559994
0.411188 0.321382 0.507599
0.454771 0.303002 0.413954
0.501132 0.351055 0.420626
0.503509 0.370307 0.488724
0.539503 0.270158 0.582822
0.508832 0.384541 0.529971
0.467951 0.295193 0.407139
0.420228 0.348893 0.485021
0.477409 0.371041 0.503249
0.461826 0.373385 0.427905
0.457212 0.372552 0.495917
0.407959 0.30701 0.475679
0.441978 0.371476 0.518373
0.414954 0.29691 0.452763
0.531763 0.38783 0.514326
0.52593 0.345692 0.565482
0.428382 0.347565 0.48769
0.481028 0.350025 0.495771
0.416184 0.276252 0.552907
0.411363 0.289836 0.466215
0.50938 0.358279 0.454658
0.439544 0.335158 0.54131
0.552884 0.360185 0.504676
0.526505 0.362701 0.447463
0.579223 0.299219 0.489367
0.560779 0.349155 0.49763
0.553105 0.354729 0.493919
0.471894 0.337618 0.418707
0.586035 0.267749 0.487448
0.580761 0.288159 0.449062
0.42635 0.272384 0.423408
0.490615 0.319522 0.577326
0.584697 0.265165 0.528857
0.430805 0.356762 0.466003
0.573289 0.326303 0.499624
0.527528 0.375259 0.520465
0.590978 0.271181 0.45579
0.49625 0.350316 0.426771
0.454782 0.361946 0.519863
0.560377 0.345568 0.476883
0.525711 0.305008 0.415844
0.446024 0.358848 0.500222
0.439226 0.340336 0.536663
0.539435 0.364828 0.500594
0.416623 0.294351 0.541942
0.504336 0.348491 0.48129
0.474874 0.349302 0.491166
0.515521 0.350097 0.479457
0.451815 0.361236 0.518641
0.518875 0.353551 0.482112
0.580003 0.296462 0.489642
0.58064 0.260462 0.544439
0.443406 0.300636 0.425719
0.481753 0.342861 0.512915
0.499021 0.34067 0.432639
0.418367 0.301551 0.467286
0.4264 0.317252 0.4549
0.425386 0.301691 0.543322
0.451654 0.339302 0.431686
0.431793 0.281157 0.426418
0.580002 0.286671 0.511831
0.482237 0.32208 0.477988
0.51434 0.354781 0.533605
0.471419 0.330311 0.484159
0.570156 0.299651 0.447768
0.41835 0.311209 0.518369
0.486825 0.303732 0.577461
0.493032 0.256368 0.591458
0.525477 0.335327 0.475235
0.43328 0.297865 0.554534
0.509381 0.324921 0.424542
0.44701 0.342318 0.525266
0.522973 0.317128 0.56737
0.499263 0.335993 0.462617
0.509348 0.339415 0.459597
0.552641 0.337119 0.495079
0.523377 0.360743 0.515882
0.462197 0.267867 0.584442
0.595059 0.257063 0.46241
0.465357 0.261878 0.587984
0.562102 0.328938 0.520617
0.408287 0.260974 0.459833
0.422212 0.302869 0.538028
0.403262 0.271062 0.520035
0.421591 0.25083 0.576691
0.495278 0.310255 0.41893
0.498982 0.349009 0.538304
0.486837 0.324184 0.473437
0.432749 0.320072 0.522323
0.481545 0.330302 0.530304
0.583181 0.25934 0.495119
0.425692 0.308894 0.46874
0.522927 0.319458 0.431095
0.413637 0.263865 0.549693
0.519937 0.341015 0.530909
0.503077 0.292323 0.573358
0.577329 0.261064 0.541775
0.410496 0.263781 0.471383
0.489715 0.278814 0.580394
0.483265 0.313312 0.563234
0.54035 0.294026 0.560677
0.45539 0.3356 0.441602
0.542481 0.326135 0.53254
0.491566 0.279248 0.413462
0.472056 0.259192 0.405055
0.413208 0.273883 0.482907
0.460549 0.32928 0.533797
0.536265 0.331191 0.532973
0.483552 0.319543 0.498383
0.505678 0.326808 0.493404
0.568872 0.229204 0.585532
0.546203 0.333343 0.519662
0.513389 0.327175 0.43756
0.450517 0.326577 0.471984
0.558073 0.314841 0.525235
0.554542 0.314914 0.47836
0.519505 0.335609 0.499966
0.489583 0.258812 0.406064
0.545816 0.281115 0.422975
0.487606 0.267463 0.585277
0.575019 0.294568 0.460605
0.476003 0.328028 0.544064
0.430847 0.249623 0.412758
0.580292 0.223981 0.583477
0.431108 0.304671 0.518176
0.525746 0.286112 0.423107
0.566655 0.292413 0.458087
0.525715 0.309613 0.549293
0.52283 0.252154 0.409259
0.407732 0.239942 0.55642
0.527566 0.317276 0.536288
0.513169 0.260318 0.412683
0.564951 0.289443 0.451372
0.47615 0.314939 0.517023
0.500633 0.314493 0.540907
0.437126 0.281633 0.431235
0.492047 0.27701 0.57509
0.433392 0.302289 0.452201
0.514274 0.308494 0.485825
0.406685 0.217953 0.584739
0.57008 0.277308 0.530913
0.466635 0.310752 0.432895
0.52265 0.312441 0.443184
0.511032 0.304641 0.470631
0.459462 0.317539 0.520564
0.430376 0.290316 0.543465
0.472408 0.258159 0.408705
0.461915 0.304873 0.470452
0.473898 0.303255 0.462879
0.498841 0.251824 0.408517
0.510057 0.311986 0.441014
0.401674 0.235789 0.509864
0.592596 0.212886 0.401776
0.414734 0.274884 0.518426
0.397875 0.213956 0.40408
0.504143 0.263161 0.413151
0.592986 0.240879 0.449995
0.507046 0.309357 0.45525
0.516062 0.327815 0.51865
0.480721 0.270506 0.579201
0.432996 0.28872 0.457847
0.52827 0.291327 0.437286
0.463444 0.293957 0.499406
0.535464 0.286591 0.552533
0.448625 0.227506 0.595213
0.59103 0.22248 0.557975
0.426482 0.277924 0.462382
0.41706 0.240585 0.56963
0.565615 0.278135 0.479165
0.589759 0.218079 0.500358
0.476712 0.241384 0.589157
0.436309 0.290401 0.489851
0.473521 0.296126 0.508841
0.466982 0.297498 0.541918
0.59107 0.235507 0.468112
0.403828 0.217117 0.405451
0.509097 0.288438 0.47093
0.458218 0.299492 0.535365
0.472223 0.285938 0.560617
0.4235 0.271094 0.481632
0.595864 0.218135 0.470818
0.438451 0.224525 0.59548
0.524345 0.303079 0.534822
0.459652 0.293079 0.495186
0.46856 0.252964 0.582469
0.505317 0.288345 0.484654
0.481103 0.298876 0.527785
0.504476 0.214354 0.595668
0.539188 0.26291 0.568246
0.504408 0.287134 0.483342
0.536044 0.293226 0.462601
0.59263 0.230538 0.469493
0.553413 0.288221 0.49347
0.484629 0.240039 0.588836
0.448062 0.251492 0.581223
0.566228 0.274639 0.489896
0.434153 0.271698 0.444365
0.444285 0.205564 0.60389
0.41575 0.204558 0.599905
0.571669 0.254046 0.531153
0.456248 0.285739 0.533931
0.57946 0.228805 0.564312
0.445826 0.279625 0.468945
0.439092 0.279098 0.450877
0.527179 0.261529 0.425262
0.526301 0.269683 0.430357
0.503928 0.289653 0.514425
0.529563 0.229737 0.405863
0.533967 0.28933 0.522319
0.423743 0.258587 0.548003
0.51641 0.281142 0.549715
0.428912 0.266928 0.546336
0.524593 0.276995 0.555361
0.545634 0.277185 0.45517
0.419184 0.244876 0.560176
0.552023 0.276457 0.531601
0.530536 0.285355 0.501561
0.461059 0.277838 0.498497
0.509404 0.25204 0.575001
0.475086 0.229231 0.591477
0.574595 0.25192 0.445208
0.425592 0.257766 0.554348
0.569825 0.256339 0.533298
0.586452 0.225078 0.487721
0.487631 0.269869 0.560614
0.545797 0.282865 0.526878
0.425757 0.262639 0.453387
0.447158 0.282371 0.510279
0.592228 0.211296 0.484456
0.557066 0.227215 0.402419
0.445036 0.271003 0.433043
0.54355 0.276125 0.469324
0.434846 0.259486 0.5551
0.442715 0.23725 0.414526
0.507403 0.262209 0.457542
0.5849 0.224542 0.536735
0.555675 0.264027 0.522248
0.569781 0.22747 0.570989
0.526911 0.234538 0.577396
0.522225 0.223237 0.407809
0.529611 0.263121 0.461527
0.456396 0.224272 0.40471
0.477358 0.258928 0.560414
0.538746 0.259628 0.476707
0.519125 0.259059 0.468835
0.451528 0.264104 0.46423
0.591261 0.205121 0.514742
0.430333 0.237737 0.575613
0.468358 0.254361 0.481784
0.532967 0.259762 0.556459
0.547122 0.259027 0.483798
0.468866 0.268127 0.542127
0.482068 0.265413 0.440156
0.469844 0.268832 0.534393
0.575537 0.234176 0.502061
0.469956 0.235311 0.412861
0.560167 0.254978 0.540275
0.424815 0.250236 0.44727
0.538362 0.262909 0.442875
0.49574 0.247951 0.570755
0.446118 0.271779 0.526916
0.44439 0.262344 0.491591
0.562593 0.254072 0.497662
0.52232 0.253648 0.566646
0.557147 0.259836 0.532786
0.52908 0.274003 0.527561
0.553217 0.257692 0.485114
0.450002 0.241319 0.579948
0.430911 0.238044 0.480795
0.440502 0.246499 0.430927
0.398254 0.202848 0.518713
0.600463 0.20078 0.545922
0.468924 0.25186 0.512786
0.560952 0.220461 0.577759
0.41824 0.224074 0.486504
0.416852 0.218569 0.575129
0.529639 0.249347 0.493182
0.583399 0.198546 0.593948
0.438136 0.189474 0.610034
0.549129 0.250435 0.540476
0.499144 0.216399 0.409142
0.482266 0.236966 0.571766
0.465407 0.243277 0.487675
0.424653 0.196895 0.60327
0.390321 0.198002 0.400275
0.527175 0.244701 0.469235
0.488176 0.198961 0.394606
0.573896 0.23056 0.544208
0.425779 0.21601 0.585673
0.476615 0.227265 0.580923
0.444566 0.25198 0.438636
0.466424 0.252593 0.444207
0.54942 0.247963 0.469751
0.425067 0.242092 0.520499
0.507397 0.259848 0.528127
0.398398 0.207771 0.448999
0.399132 0.202939 0.502152
0.534047 0.250863 0.454671
0.505771 0.249708 0.556192
0.401135 0.207317 0.408881
0.525024 0.190834 0.602218
0.507053 0.245844 0.4611
0.476159 0.253227 0.538541
0.536425 0.244955 0.485798
0.429524 0.228604 0.468086
0.550673 0.194594 0.599276
0.559856 0.212595 0.40237
0.41885 0.223598 0.534564
0.477603 0.231024 0.465365
0.550858 0.208837 0.584895
0.438855 0.234436 0.498582
0.44059 0.240599 0.442085
0.496754 0.237521 0.44336
0.509739 0.240966 0.507002
0.477635 0.240564 0.531411
0.452002 0.236289 0.460852
0.577923 0.216562 0.419311
0.441664 0.219537 0.582884
0.614466 0.182134 0.593279
0.44829 0.244522 0.539008
0.421519 0.219697 0.492296
0.427623 0.218352 0.57865
0.436972 0.200386 0.393313
0.506302 0.209234 0.408819
0.569403 0.220787 0.417197
0.503348 0.226723 0.484619
0.42171 0.219746 0.470449
0.480029 0.24052 0.529588
0.466354 0.239828 0.516217
0.54047 0.189712 0.603355
0.397477 0.199836 0.540699
0.485716 0.239923 0.537501
0.535286 0.233107 0.491291
0.584887 0.203085 0.495957
0.598697 0.196234 0.538239
0.46288 0.231786 0.46912
0.566506 0.197997 0.595818
0.592177 0.195726 0.475092
0.475486 0.20219 0.594277
0.518198 0.231717 0.460912
0.423815 0.188789 0.603542
0.552222 0.200771 0.395947
0.44843 0.220365 0.472031
0.427161 0.222985 0.539861
0.595865 0.195422 0.449466
0.54212 0.196434 0.591165
0.527444 0.19963 0.401564
0.534032 0.195523 0.394595
0.500434 0.212973 0.48084
0.43154 0.217189 0.488396
0.441207 0.211947 0.581969
0.460596 0.229777 0.531002
0.554458 0.217976 0.56732
0.474067 0.215061 0.48009
0.467227 0.228099 0.554899
0.448537 0.226921 0.567219
0.564618 0.214663 0.41542
0.414994 0.203168 0.481096
0.585041 0.198993 0.519634
0.404595 0.199302 0.410598
0.508718 0.222126 0.560157
0.509835 0.232191 0.521509
0.486331 0.185922 0.389132
0.476059 0.221733 0.566238
0.451754 0.224333 0.429077
0.542561 0.217651 0.4765
0.579992 0.212996 0.429573
0.612917 0.183826 0.406326
0.497121 0.21813 0.463341
0.473404 0.222615 0.454362
0.534843 0.182124 0.608605
0.542729 0.228506 0.516536
0.527849 0.226463 0.442247
0.568453 0.20041 0.394208
0.607632 0.18753 0.435616
0.407205 0.198102 0.581924
0.427098 0.208996 0.510174
0.553377 0.206242 0.414392
0.542242 0.215205 0.535472
0.434716 0.21769 0.546052
0.493729 0.2115 0.434016
0.533448 0.185452 0.59797
0.404258 0.192143 0.522333
0.413892 0.19663 0.580214
0.499919 0.216351 0.520173
0.563626 0.209641 0.469275
0.391535 0.186154 0.393378
0.463249 0.181506 0.385133
0.53281 0.212539 0.505343
0.502763 0.183804 0.598262
0.53763 0.215848 0.518381
0.446148 0.19319 0.591909
0.493678 0.213332 0.55096
0.388437 0.176463 0.616398
0.519109 0.211979 0.434012
0.52547 0.203866 0.418384
0.453195 0.209719 0.493081
0.519253 0.209367 0.563101
0.557518 0.212585 0.531263
0.469871 0.181783 0.60294
0.437884 0.218874 0.553563
0.547953 0.211544 0.562649
0.539759 0.216008 0.524963
0.502727 0.209254 0.4999
0.451004 0.215619 0.431959
0.577006 0.196762 0.402305
0.47325 0.212515 0.446723
0.419662 0.20015 0.578492
0.493792 0.20939 0.5018
0.533671 0.215863 0.536616
0.512018 0.209138 0.498255
0.513114 0.201987 0.481385
0.421545 0.197432 0.422388
0.555008 0.205741 0.429885
0.42084 0.175971 0.377212
0.442802 0.207526 0.552955
0.380317 0.178392 0.412689
0.523799 0.176303 0.606205
0.499544 0.196026 0.422817
0.513195 0.203246 0.536197
0.499784 0.199255 0.564531
0.478221 0.201121 0.441164
0.590964 0.189037 0.442468
0.476153 0.195199 0.469899
0.516013 0.200246 0.441473
0.536953 0.196674 0.490512
0.394349 0.179806 0.484764
0.442153 0.168474 0.618874
0.42109 0.193443 0.470427
0.382111 0.172097 0.504791
0.451342 0.203036 0.569266
0.419521 0.196279 0.421797
0.623109 0.170173 0.413329
0.531878 0.17385 0.613008
0.407272 0.189001 0.457916
0.465138 0.187456 0.405081
0.420496 0.196011 0.45877
0.557176 0.206764 0.432917
0.509872 0.187395 0.405636
0.387557 0.178199 0.601501
0.391755 0.180994 0.388373
0.452041 0.189385 0.587299
0.405499 0.185702 0.505576
0.509399 0.18722 0.405278
0.454634 0.202518 0.569244
0.5087 0.195633 0.460698
0.420684 0.199019 0.567672
0.383136 0.170534 0.621921
0.418063 0.181836 0.402175
0.44429 0.170668 0.375899
0.610495 0.168109 0.484025
0.473828 0.190205 0.536672
0.389159 0.1754 0.597033
0.512001 0.168644 0.615182
0.52638 0.190796 0.432702
0.547721 0.174603 0.379908
0.46119 0.189882 0.508283
0.392684 0.178015 0.588247
0.38838 0.17302 0.608437
0.59798 0.171661 0.610451
0.602433 0.175072 0.450207
0.49587 0.186604 0.499832
0.550338 0.177428 0.598905
0.469223 0.191819 0.553838
0.441994 0.19359 0.570149
0.49733 0.174114 0.386656
0.382519 0.177485 0.575645
0.578538 0.18192 0.491301
0.544944 0.188387 0.464076
0.563185 0.187829 0.505929
0.377238 0.16672 0.496239
0.484279 0.186582 0.505608
0.548734 0.189896 0.518144
0.457493 0.191365 0.513898
0.375528 0.171852 0.410152
0.491242 0.185749 0.465227
0.562209 0.167678 0.625
0.503577 0.180182 0.403877
0.500582 0.185466 0.491116
0.573708 0.186549 0.46706
0.493534 0.190637 0.556423
0.605048 0.170128 0.476886
0.412422 0.172116 0.376058
0.609426 0.173158 0.588993
0.418918 0.182014 0.55032
0.442888 0.174062 0.394333
0.479746 0.180529 0.562414
0.483082 0.179507 0.542234
0.526219 0.176465 0.579312
0.499994 0.162045 0.623317
0.380739 0.173103 0.570827
0.409217 0.175397 0.586123
0.458598 0.183175 0.552963
0.544923 0.181896 0.561647
0.60456 0.169734 0.401403
0.608911 0.168603 0.445353
0.584374 0.167994 0.371826
0.533407 0.167997 0.378909
0.388529 0.175015 0.563155
0.468368 0.176805 0.58098
0.607938 0.166101 0.480335
0.488583 0.178842 0.523362
0.555329 0.178509 0.473897
0.470386 0.177986 0.500101
0.476623 0.167905 0.380747
0.577338 0.178984 0.549331
0.456914 0.1783 0.412682
0.478927 0.17914 0.539176
0.541872 0.179265 0.415655
0.45326 0.162417 0.619919
0.588629 0.172851 0.525239
0.630419 0.162322 0.568277
0.508342 0.17378 0.586889
0.627419 0.163402 0.604268
0.428874 0.185694 0.558749
0.432728 0.184536 0.526573
0.448397 0.1685 0.378787
0.57842 0.17373 0.385869
0.560305 0.183077 0.449043
0.4802 0.176168 0.479272
0.414646 0.171317 0.451411
0.440601 0.172293 0.412345
0.602733 0.164428 0.384639
0.493401 0.171435 0.549426
0.409524 0.173088 0.567772
0.486839 0.156369 0.6317
0.49374 0.17019 0.45539
0.522912 0.172173 0.540225
0.454231 0.163644 0.605772
0.450597 0.173558 0.53836
0.560711 0.172938 0.451434
0.625074 0.158918 0.538471
0.556731 0.173532 0.556657
0.573263 0.170603 0.515073
0.480489 0.169711 0.523592
0.467493 0.161779 0.611052
0.527761 0.164399 0.382766
0.473855 0.169535 0.410436
0.476382 0.156147 0.630353
0.60796 0.162337 0.506774
0.405203 0.171607 0.55746
0.594564 0.165093 0.602644
0.539526 0.170786 0.577848
0.472386 0.169819 0.580044
0.526362 0.171758 0.560828
0.459832 0.170831 0.468305
0.552969 0.167604 0.385355
0.509937 0.169404 0.413714
0.455949 0.173808 0.554447
0.484247 0.17121 0.547536
0.615997 0.159811 0.365771
0.533685 0.167458 0.593145
0.403725 0.168859 0.451133
0.541631 0.17269 0.552993
0.457301 0.171889 0.521868
0.6083 0.159808 0.628551
0.407535 0.155951 0.631813
0.464013 0.163567 0.534377
0.50293 0.16318 0.448764
0.543477 0.163315 0.50439
0.40846 0.161967 0.468381
0.484231 0.153413 0.637856
0.588055 0.162071 0.455936
0.623901 0.158139 0.561206
0.632784 0.155006 0.366151
0.476296 0.160398 0.386619
0.481072 0.164415 0.435472
0.607539 0.159337 0.379878
0.531506 0.161716 0.471599
0.387005 0.159957 0.517895
0.368368 0.158953 0.594372
0.517867 0.163524 0.421693
0.488767 0.16295 0.534199
0.494712 0.159705 0.382284
0.511098 0.161636 0.588567
0.413956 0.161619 0.383537
0.385104 0.163481 0.570321
0.374536 0.159318 0.539893
0.58344 0.162573 0.590339
0.520233 0.161702 0.467086
0.602109 0.160221 0.393343
0.482093 0.164272 0.437426
0.622932 0.157731 0.428463
0.438045 0.167065 0.430069
0.390136 0.160662 0.602994
0.632064 0.154014 0.517257
0.452518 0.164546 0.454816
0.455653 0.158459 0.61067
0.588571 0.162044 0.537699
0.562528 0.164054 0.514763
0.409442 0.161889 0.48792
0.555777 0.164452 0.531124
0.405431 0.154546 0.617448
0.616793 0.154263 0.483357
0.439323 0.158084 0.571781
0.586347 0.155803 0.484579
0.415868 0.156314 0.395514
0.46838 0.15301 0.359833
0.62442 0.15399 0.471678
0.376367 0.155551 0.37537
0.582194 0.157189 0.579119
0.381276 0.156199 0.558453
0.53189 0.154551 0.624934
0.466814 0.156375 0.539807
0.63363 0.152799 0.485539
0.611721 0.153903 0.529118
0.554557 0.156683 0.443387
0.547443 0.153836 0.631311
0.516791 0.153579 0.369858
0.637794 0.151616 0.525862
0.440987 0.155931 0.59579
0.604654 0.154993 0.466598
0.581646 0.153751 0.632325
0.408545 0.156919 0.415503
0.560138 0.153483 0.356239
0.541752 0.156177 0.589577
0.482756 0.155985 0.466345
0.643328 0.151521 0.536924
0.473769 0.156877 0.441137
0.550758 0.157064 0.552774
0.581807 0.15664 0.588939
0.415006 0.157112 0.583155
0.567243 0.157033 0.433849
0.530729 0.155873 0.407685
0.356904 0.152353 0.525234
0.395137 0.156071 0.53711
0.405461 0.156929 0.551149
0.528087 0.155941 0.498636
0.401894 0.15 0.420846
0.485878 0.15 0.403066
0.530694 0.15 0.612087
0.619768 0.15 0.457422
0.563553 0.15 0.634161
0.466321 0.15 0.354935
0.532662 0.15 0.622149
0.575593 0.15 0.529852
0.532333 0.15 0.452011
0.392875 0.15 0.476676
0.637796 0.15 0.471897
0.602409 0.15 0.606777
0.472877 0.15 0.586369
0.512136 0.15 0.381321
0.648773 0.15 0.62788
0.576756 0.15 0.52998
0.645367 0.15 0.600029
0.505535 0.15 0.514718
0.457386 0.15 0.426806
0.352097 0.15 0.54809
0.576994 0.15 0.492241
0.432821 0.15 0.525411
0.434762 0.15 0.50493
0.570905 0.15 0.380186
0.370994 0.15 0.37169
0.512832 0.15 0.522115
0.359101 0.15 0.614788
0.514223 0.15 0.567078
0.553088 0.15 0.617086
0.641888 0.15 0.418584
0.480888 0.15 0.629501
0.488871 0.15 0.40985
0.455472 0.15 0.425158
0.549646 0.15 0.366077
0.525658 0.15 0.534585
0.351941 0.15 0.596156
